4047 1888
4286 4285 4286 4283 4285 4284
2593
5416 4285
1500
4285
3614
2064
3389 2859
435 604 403
4284
3598 4286
4283
2858
4285
1419 1419
3612
4999 2859 5836 2982 5836 5146 2416 3388 5455 3747 2858 5001 3756 2957 2102 2964 2896 2859 2958 5932 2957 3756 2964 2958 4284 3746 2467 2466 3388 2103 5455 2959 2858 2102 2038
4285
4046 2591
2614
4285
5180
3612
4284
4283
4284
4286 3611
3615
2615 3611 4284
3612
4285
3612
4283
3611
4286
2603
2615
4933 4795 5932 2806 2268 2417 1505 2232 2321 4794 4285 2656 5491 2484 4933
2615 4286
2591
3611
3621
3611
4284
3611
3618
4996 2737 4996 1939
3611 4284
2590
4284 4286
3176 2861 3177 2065 4036 2857
3427 2481 2029 2455 2860
2614
4803 2864 2865 2713
5853
4283
4284
4286
3621
2614
5799 5803 2028 2989 2417 5793 3459 984
5157 4284 2234
4285
3611
5070 3419 3414 3388 3390
4284 3366 5138
3611
3612
4875 3067
3611
3612
4794
4284
4286
4284
3612
4285
4284
4284
4284
5994
3612
3612
1567 4881 4795
3590
2114 4284
3611 2806
5191
3621 2591
3612
5959
1832
5157
3615
4285
4284
3613
3611
2806 2036 3395 1419 3395 5932 5932 3395 1655 4284
1639 3375
4284
3612
1465 1475 2539
1493 3611
4286 3611
3612 2615
3565
4285
2614
4284
3598
3611
2591
3612
3587 3611
5496 2510 2509
3611
4284
4284
3611
4284
4285
4285
2615
4285 4286
3972
2858 2416
4286
3612
2614
2614
3612 3612 4284
4285
4284
4283
3613
3611
4283
4286
3395 2683 2780 4660 3394 2029 6035 3009 3029 3964 2855 2802 4607
3612
4285
4284
4797
4985 2892 1568 2028
5436 4283
6032 4284 3621 6034
4284
3612
230 2276 1500 5778
4283
4283
4284 3613
4284
4097
2560
2615
3611
4283
4284
4286
2614
3611
4285
3615
3612
3615
4284
4285
2806 3182 2069 5558
4285
3612
4285
3565
3068 3388 1497
2509 3691
4285
4286 4283 4285 4284 5146 2860 1211 2859 3393
3612
2614
4284
3756
3556 3559
3612 4284
4284
3201
3613
3611
2593
2178
3612
1496
4283
4283
4284
2916 4355
4285
3614
4285
3611 2614
2615
3067
6032 3459 4284
4283 3612
3611 3611
2032 230 3435 3432
4285 4285
3565
4285
4283 4285 4286 4284
4283
3587
3598
5812 5921
3612
4283
1567
3612
4285
3121 4285
4286
2611
3611
4283
4285
3612
3611
3611
4635 5220 5066
1496
3612
230 2916 2324
3611
2593
4285
4284 4283
3611
3612
4285
4286
5037
5435 2378 4796 3101 2982
1541 3370
3612
3612
3621
5425 5826 230 4986
3621 2599
2591
3611 4284
4793 2070 1565 3612
3612
4285
4285
2417 340 1476 4882
3613
4286 4284 4283 4285
4285
4285
5065 4545
3611
1492
2590 2325 2590 2615
3612
2071 2074
3440
4621
4284
3615 4284
4873 3067 2323 1936
3615
3612 3067 2570 5431 2560
3612
4284
2982
3617
4284
2894 2865
4286 4285 4283
2028 4796 2020 4286
4286
5219
2743 2418
3067
3555
4284
2455 1551 3559
