2736
4030
3840 4334 2334
4029
3978
4814
1579
3189 3782 4180 2736 6687 4180 3327 6687 3240 4181 3782 3195
4030 2883
4029
4030
5810
1752 1936 2312 1579 5744 2623 5744 1660
3067
4029
4030
1832 451 671 1188 1193 450 1821 261
4029
1752 2089 2132 3730 2845 4030 6094 1752
5478
2883 2883
2713 5678
2883 3411 2881 3411
703 1812
4029
4030
2883
2883
3978
4029
2736
4029
5810
6687
2530 4874 2790
4029
4003 4005
660 496 1658 5084 5083 3196 2312
2883
4191 1685 3299
4029
4029
4029
3128 5810 2585 5497 5405 3079 4029
2883
4007
2736
5810
1733 5478 3190
5810
4029
4030
2883
3241
4029
4030
2736
597 1817 650 692 594 665 1817 389 611
5810
4030
5490 5501 5402
588 702 649 660
4030 2736
3799 3180 5810 3254 1642 4036 3426 3226 3785
6099
4029
2736 4030
4694
4429
4029
4029
4029
3978 3978
2736
4033
4029
1579 3283
2931
5502 2309
4029 5630 3339 5794 1742 5878
2883
3978
4003
4810
4029 5798
5161 4557 3834 2717
5798
2736
4029
386 3379 4030
4029
650 702 596 692 611 650 451 702 670
4029
3577 4029
2736
4029
2883 3978
2482 3427
1810
4030
4030
5478
4029
1752 6558 1752
3980
4030
4029
5810
4029
2736
4029
671 1658 490 450 671 490
4030
4029
1695
4031
5810
2736
4029
4033
3420
2885 3955
2736
4030
4029
4029
4030 2882
4003
4030
6632
4843 4832 4819
4029
5419 2313
1783
2575 2704 5498 3240
1579
4030
6687 3788
4029 4030 4029 4029 4029
2883
4525
3327 3806
1717 5341 6687 3788
