3788 2306 4030 3782
1812 2313
4029
3806 3189
4007 4007
1729 5794 2812 5794 3295
1778
2830
703 1579
6559 3789 5203 6189 649 6559 5218 6189 1812 2759 1695 5218
1579 1579
4029
1695 495 1579 5789 494 5789 1734 1695 1579 703 1695
4003
2904
4029
4029
1810 494 670 3978
4029 4003
2904
4030
3243 2792 2979 1733
4029
4040
2881
1764 6547 1754 1754 1764 6545
2881
4030
594
4331 3784 5879 3782
3988
3931 2756
2883
4029
4030
1812
2881
2313
2880
4030
5663 6802 2718 5842 5665
3741
2881
4029
3969 2881
2881 4526
2881 1675 3801 6559 384 1782 6558 1695 1782 384
4030
4030
4030
4030
660 6504 2261 692 1810 702 702 494 660 1810
1695 1579 2527
5404 3354 3353 1932
2663 488 3867 5164 4335
4030
5840 1733 3254
4030 2883
4029
2883
4030
4030 2883
3426 2694 2852 2130
1971 3339 4525 1972
4030
4030
6527 1661 2794
5431
4031
2578
3427 3427 2736 6506 6194
4532
3973 1838 389
596
1794 6804 6804 1794
2904
1015 1088 1021 698 1089
5388 1764 1764
3793 3219 2318
5501 2715 2790
3782 2713 6687 3220 3218
4030
4030
2589 2306 5478 3196 2596 5414 2313
3427 2792 2244
4003 4003 4003
5519
4029
658 492 1812
2904
4029
2893
5695 3937 3196
4541 1754 3381
1660 5343 6246
4030
4031
6262 5678 5622 2306 3806
2881 3978
3978
1700 5478 6179 3788 2175 1507 2880
1742
703 1579 1328 1283 1838 368 1695 389
702 1812 670 670 1572 1812
2881
4029
6209 3504 5478
4115 6803 2313
3978
1579 495 594 665 4030 495 5478 669 594 495 595 703 665 669
3980
4029
4030
2904
2883
1579 703
4030
4030
4029
2773 2774 1695 3426 2765 2774 2773 2774
4033
2156 3381
2883 4030 2850 2903 2902 3734 2852
4016
4030
4029
2904 5542 3839 1729 1579 1910 1683 1579 2722 1729 1579
2886
5542 2533 5744
3978
4030
2881 3978
3551 3871
4029
3266 3787 3220 6682 1508 3219 2577 3191 3782
4016
1794
2851 3411 2850
6802 3226 2881 1507 6801 5794 6804 3226 5794 6804 3226 1507 3226 6804 6803
3931 2985 3195 2163 1655 3600 6559 2194 3298 5709
2756 2756 5432 2756 1572 1133
2126
1667 381
4030
4033
2313 5218 2164 2699 5695 1810 2257
2228 2313
3978
4032
2794 5404
2307 3256
2536
3243 5678 5695 4117 1840 657 593 595
3978
594 1807 660
1695 1579
4040
4119 5622 3546 3247 2168 5478
4029
2575
4003 3577
1819
4029
2881
2883 4032
5844 6193
4029
4031
4030
4040 2881 3402
4032
4030
4031
1579 5836 1747 6168
4029
2696 1812
2881
2313 3190 2663
4029
4030
4030
4029
4030
4030
2575 5877 260 3758 5504
4030
4030
4005
703
4029
2595 3798 3781
1782 384
5713 4525 5810 2530 379 1661 1638
3979
3346 4322 5188
4030 2881
5176
5499 1705 3782 5478
4029
4030
5620 1699 5619 1683 5617
4525 5503
4029
6802 5714 1794
3258
4030
1695 488 660 1658
3548 6624 3934 4331 2311 2772 3334
692 594 657
4032
3226 3227
4033
4029
4030
1782 384
4029
4029
5203 2227 2746 3559 3556 5163 2227 4163 4164 5163 5162 5542
1810
4029
4029
4016
4030
4029
1697 703 1697 703
5794
5344 594
4029
590 659 703 1805 1694 6822 6817
2307
4029
4030
3427 2193 1694 1579 1694
6801 6222 5501
5696 5878 2792 3781
929 1012 1021 260 1357 930 260 1021
4016
2868 5698 3834 3798 2385
4030
3985
2888
3978
4033
4030
4030
6133
2858
4030
4030
2883
4030
6801
5501
2694 3219 2311 3219 3782 2736 2713 2311 3784 3182 2694 2311
4030
2849 2838 2881 2845
1362 6209
260 5610 3189
3298 3296
6801 3789 4029
260 3548 4785 3828 4783
2865
4029
2568 6690 260 2713 260 3182 3182 260 6558 1507 6817 260 2269
4029
3801 2736 2773 2576
5478 3784 5622
3978
2880
2313
5622 260 3258 3866 4317 6624 5634 260 2699 261 3601 6506
4005
6252 260 2794 6252 2794 260 5478 6252 260 6252 2794 260 2794 5504
660 1572 588
1579 2696 1579 3229
4191
3577
1729 1579 1579 6687 591
6528 5810 4035
2310 2736 2578
4030
4003 4029
4031
3195 2588 3195 586
3547 3796
4029
5692 5692
3973 3953
6628 1717 1625 4433
4030
4029
2313 2193 5714 5713 3788 1695
5497
1725
4030
6756 260
4030 2906
4030
4029
2881
2313 1819 5093 703 1694
3577 6545
4030 4031
4030
260 3450 3552 260 2943 2944 261 4164 3450 3553 2943 3552 260 4164 260 3450
5810 260 2313 6222 2313 260 6222 5810 2313 6222 5810 260 6222 5810 2306 261 5810 2306 260 6222
4030 2850 2851 2883
2349 2685 260 3878 3877 2334 2336 260
3960
2152 260 2147
1734
4429 2147 260
5713 260 5671 3342
2970 1716
5677 261 588
3818 3782 2310 1731 2696 3196 2306 3220 3219 2310
3130
