4802
4802
4016
3342 3427 2578 2578 3427 3342 4800 3427 3342 2578
4802
4802
6122
4801
4802
4803
4803
2881
2767 2290
4802
4801
2905 2881
5478 4030 3805
4800 4801
4802
3189
4802 4041
3978
4801 4180 2749 2748 3782 2347 6137 3300 3189 2346 2279 3195 3305 3298 4180 4181 5690 3305 3299 3305 4181 2290 3189 3190 3342 2048 3300 3305 6801 3298 6801 3305 3305 3298 6801 5798 3300 2048 3189 3190 5798 2347 3300 3300 3189 5798
4802 4803
4800
4802
4801 4801
4802
4801
4029
2904 4803
669 588 1572 2307 3552 3190 588 669 1133 671 1572 588
4802
4802
4822
4800
2905 4803
4803
4803
1819
4802
4029
4802
4800
4802
4801
4802
4803
4801 4800 4802 4802 4801
4844 4827 2994 4397
4800
2792 4803
4800
4800
4030 4029
4801
4800 3327 3196
4802
1716 1770 2089 3864 1753
4802
4801 3974
4016 4802
4801
4802
2883 2881 3411 2881 4803
4802
4802
4802 4030
4803
4801
4029
4802
4800 2904 4803
4801
4801
1716 4801 2881 1716 1716 4030
4802 4801
3864
4800
4030 4802
3965 4800 4016
4802
4803 5092
4379 4800
4801
3128 4030
4801
4803
1681 1974 2231
4801 4640
4801
3122 4180 3082
4029
3298 4800 4040 5402
4803
4800
4803 490 661 451 368 1321 1838 1268 660 451 2181 3254 1797
4030 2881
4801
4030 4800
3978
4803
4803
4800 4029
4801
4803 2881
4007 4802
3254 5789
4803
4800 4803
4800
4803
4802 2881
4803
4801
4802
4801
4029 4802
4802
4802
4802
4801 4801
4029
2881 4029
4029
5402 5794
4802
4801
4801
3991 3979
2881
4802
4801
3426 2596 3227 2792 3196
4802 2881 4040
4801 4800
4029
4802
4801
4801 4800 4803
4800 4801
5794 3782
4191
5505
4802
3298 4191 4191 3298 5717
4801 3298 3189 4431 3327
2313
4029 2881
6737
4802
4801
4031
4803
3196 3001
4040 2904 4801
4030 4802
2665 4803
4030
4802
2311 3334
4800
4800
4801
4803 4030
4803 4029
4801
2881 4800
4802 4029
4800
4801
4029
4802
4801
4040
4029
4803
4803
6702 4831 4355
4029
4802 4029
4802
4800
4800 4801
4803
2745
4800
4801
4800 2904
4802 2904 4803 4803
4800
3471 6818
1664
4803
2904 4800
4801 4803
4802 4016
4029
4802
2904
4800
4803
4801
4802
4801 4800
4030
4801
2881 4800
4803
4802
4803
4800 4030
1319 1268 389 1695 368 1227 1272
2881 4800
6558 1764 2905 5387 1770 2318 6558
4803
4800
4802
4118 5496 2193 6527 4802
4802 4040
4802
2881 4191
4802
4801
4801
4029
6526 6525
4802
4803 2904 4016
4803
670 490 451 670 490 451 3426 2881 490 3420 670 1658
4030
4803
6801 3859 4801
4029 4803
4801 4800
4801 4803
4800
4803
2905
4802
4803
4800
4802 4802
611 490 2441 702 670 4802 1658
4801
4801
4803
674 1810 1572
4802 4016
4801 3327
4801
4801 4803
2092 4029
4803
3356 3327
4800
4003
4801
4800 4802 4803
1828
4801 4800 4803
6756 6526 5798 1797 4801
4802
4803
4029
4802
4802
1788
2904 2173
2965 3441 5795
4802 4801
4801 4800
4800
2886 3974
4802
4802
2881
4802
5503 2313 379 1638
4803
4016
4802
4800 4803
368 1272 1333 1695 389
4803 4801 4800 4802
4029
4016
4801
2881
6114 6135 1579 1944 488 6154
4800
4016 4802
6803
4803
4802
4800
4800 4029
2905
4016
3978 5403 1742 5403 3789
4800 4803
2868
4803
2482 2148
5798
2736 4801 3323 6687 2885
4030
4801
4802 4800
1825 1572 596 702 1825 596
2269 5406 2261 4803 2764
4191
4803
