4803
2904
4800 4029
4800
4801
4800
4801
4029
718 3435 2572 4118
4801 6817
4801
2313
3955
4800 4016
4801
4800
4802
2219 3342
2954 2904
1698 6801 3298 5492 6801 3300 6801 2046 3305 2694 3190 2749 3189 5635 4181 2904 6801 3298 3298 6801 3305 5633 4078 3189 2228 2749 2694 3189 5404 5798 3300 3299 5663 2748 3190 3240 2694 6801 3471 1734 3190 5635 5798 3300 3305 3298 6801 4181 3300 3305 5798
2881 4800
4029
588 1572 671 671 588 1133 671 588
2904
488 671 702 594
4801
4029 4800
4800 702 586
491 450 588 671 657
4802 5403
4800
2904
2904
4030
4030
2881
4803 2881
4800
4029
4800
1752 1770 1754 1753 4030
2881
4802
4800
5782 3805
4800
4802
4801
4800
4802
1716
4801
4800
4030
4802 2881 4801
4016 4801
4801
3978 3782
4030
3341 2318
4800
4801
4801 3305 2904
4802
4800 4180 3122 2940 3298 3426 3298 3305 3427 4181
4029
4801 2904 4801
4388
4005
4800
1321 378 368
2904
5159 2403 1840 1695 1742
4801
4029
4029
2883
4802
2109 2881
2904
4801 2904
4029
2904
5477 3859
4802
3979
4802
4800
4800
4191 5260
2881 4802
702 596 657 657 1812 1572
2904
2881 5387 3020 3001 5642 5622 6822 2972 5695 6199
4800
3180 3254 4793 1810 3806 4793
4801
5798 2721
4800
4801 2904
4030
2587 5877 1572 502
4800
4800
4800
4029
4801
4800
4029
4029 4802
4802
4801
4800
4802
4802 2904
2881
2904 4800
4016
2578 4800
4029
2881
4800
2313
4803
4802
4800
4801
4800
4030
4030 4800
4800
4802
2904 4800
4029
4800
4030
4280 4802 2318
2881 4801
2904
4803 4802
4800
3980
4803 4801
4800
4800
4800
4801
4029
4800 2904
4029 4031
4016
4029
4031
2881
4800
4029
3989 5671
4029
4029 4800
4040
4802
451 671 490 490 671 1658 490 671 451 4040 490 451 594 671
2085 2311 5394
4802
4802
4029
4029
2904
4016
4033
4801
6801 490 670 611
2881
4800
4029
1133 1810 675 1133 669 1810 669 1572 1810
4801
4029
381 1667 6189
4029 4800
4036
4800
4800
4801
4800 4016
2168 3323
3300 5663 6214
2886
1729 1828
2904
4801
703 1579 1828
6820 1663
2904
4030
4800
2904 4801
4029
4040
4800
3974 3985
4030
594 5666 2715 2561 5642
4800
4029
4803 4029
4803
4802 1276 1695 368 1333 1328 1269 368 1276 1227
4802 4029
4800
4801
4803
2904 4800 6184 3532 702 1572
4030
4802
4803
4800
4800
4803
4801 1742 5809 3781
4030
2313
2881
4800
3758
4029
4800 4030
4800
6871
4029 4030
4802 4800
4801
2881
2965 2713 384 1782 2709 3227
4800
4030
3978
