5189 4584
2893
3300 4181 5798 3305 3298 4181 4180 6801 3788 3069 5635 5731 3189 3324 6797 5810 3298 3300 6801 4180 3298 4181 3300 3786 1664 3092 2571 2749 6137 2584 4016 3786 6801 2748 4582 3327
4016
2904
4029 1656 4016
2907
2895
4029
4016
3519
4016
4016
2907 2902 2850
4029
4030
4030
2310 4450 3776 5505 424 1358 1092 1089
4016
2907
3262
3427 3784
4030
5798 1733
4031
2589 3788
4029
2904
4029
2907
2850 4704 4694
4029
5635 3381
4016
4035
2883
4030
4030
2483 2965 3093 5306 5511 5177 2409 2738 3357 5185 3358 2733 2218 6801 5109 3788 5843 4118 2410 5619 1508 3801 4421 5190 2623 5497
4029
3324
4005
671 597 1815 588 657
4016
4029
2867 2907 2084
4016
4016
368 1695 1228 1330 702 389 1658 671 1228 368 389 1695 1277 1330 2907 1330 389 368 1228 389 368 1330 1695
2883
4016
4030
2143 4873 4029 3519 3038
4016
2494 1664 6147 6147
4031
4030
4029
2904
2904
2901
2904
4016
1008
596
4029
5499
4016
4903
2530
2907
6804 3215
4016
2907
2883
5810 1783
