2306
2905
830
5810
4029
1819 2168 1734 5511
2335 4180 3232 6687 3230 6687 6687 3189 6570 3189 3788 5559 6801 3782 3796 6570 5634 6564 3788 2694 1655 5709 3782 6687 1734
5689
4029
4016
5798
2880
4029 1656
4030
843 2772 1361
3968
4029
2905
5810
2905 2837 2091 2865
2861 5566
3967
2319 2311 2309
3953
3426
2450 2457 2883 2270
2269 1088 1089 6532 1021 927
4005 5810
5481 1341 1361 2527 1346
4030
2905 4030
4040
2904
4029
4033
2666
4029
4030
4029 4031
4040
4029
4030
2905
4029
4029
3776 4102 1734
4181 4191
4030
4003 4035
2905
4029 2905
5798
5810
1828 1571 1571 1571 1571 1571
1812 1812
1717 4030
5810
4029
260 2288 2774 2316
2736
2905
1690
4032
3381
5559 1704 2794
4030
4030
4029
4030
2905
5505 2313 5879 3190 5798 5505 4427 5501
702 660 594
5808
2576 2578 2572
1716 6093 2306 2306 2948 2946 5622 5161 2561 2717
3381 5622 6803 5250 4421 5843 2983 3093
5810
5810
5084 2307 3259
5810
4031
495 6687 3196
4029
2883
4029
2905
2315 5809
1694
4033
4029
3381
4191 2905
402
4029
4030
4029
4031
4030
4029
4040
5810
4040 2736 4016
5808 3427
4034 4029 5810
5810
2736
4029
2904
4030
4040
1724
6793 4180
2164
5213 1664
6609
5125 2965 1812 611
5810
4030
3553 3821 4322 1936 6744 4317
2904
6801 1733 2943
2454 2469 2475
5810
5810
2306
2905
2032 5212
6099 260 6106
6750 5712 2745 2770 1775
2905
4029
1695 1259 1272 1325 1328 368 1275 389
1571 1579 3866 5622 3229
1742 594 1812 6687 1571 1812 1742 6687
4030
2905
595 666 495 665 594 1818 1695
4030
4323 1626 1819
4031
2695
1660
