4030
4005
4030
3978
4016
4029
4005
6747 1655 1742 4030
4030
4029
4029
4029
2883
4034 4029
2886 2079
2881
4030
3965
6114 1707
4031
6767 1781 1781 6767
2886
4003 4035
4029
4030
4030
4030
4030
4030
2881 2848
4029
3978
1716 5496 3968
4029
4029
4029
4029
4040
2905
4030
4030
4030 4016
2893 4030
4029
2881 2883
4030
4029
4016
4036 4030
4036
4029
4029
4030
4016
4030
2881
4030
2904
4030
3980
4029
2852 2851 2881
4030
5814 5814
4030
4029
4030
4030
4029
4040 4030
4029
2893
4029
4030
2886
4030
4029
4040
4030
4030
4030
4029
4030
2904 2482
4030
4034 4029
5395 4041
4040
4029 4029
4040
4030
4030
4005
4029
4029
4032
2881
4029
4030
4030
4033 2632
4030
4030
4030
1664 5810
4029
2880 2119
4033
2851 2901
4029
4030
4030
4029
4029
4029
4030
2893 2136 4032
4030
3978
3977 1794 4030
4040
4030 4029
2582 2765 1717 1675
4029
4005
2904
4029
4029
4029
4016
4030
4029
4030
4029
4030
3978
