4030
2159 4030
4526 4535 2901 2902
4029 2903
5810
4036
4029
4029
4016
4029
4016
5810
5810
2736 4016
4029 1656
4030
4029
1656
5810
4040
4030
4029
4029
2736
4030
4029
2319 2311 2309
4030
4036
4005
2905 3953
3991
4030
5810
4030
4030
2904
4030
3969 2893 1656
5810
4029
2736 2904
4029
4030
2736 2904 4016
4040
5810
3978
1717 4030
4029
4029
4030 2905 2736
4040 2905
4030
4030
4029
4031
2905
4030
4030 4173 2905
1656
5810
4030
2576 2578 2572
4033
5810
2905
2905 4029
4034 4036
4029
4030
4031 4003
2902 2905 2901 3737
4029
4173
4029
4173
4029
4029 2901
4033
4030
4005 4036 4036
5409
2904 2736
4029
4030
4016 4016
4030
4030
4029
4029
2319
4031
6801
5810
4034 4029 5810
2901
4030 4029
4030
2736
4030
4029
2311 6150 5794 5478 2905 3427
2087
4029
4029
4031 4003 4016 4016 1717
4007 1656 4007
4034 4035
4030
4031
