2796 4030 6558
4526 4016
4029
4029
4016
4029 1656
4032
2906
2906
4030
4030
2893
3741 2906 1656
4031
4029
4016
2405 2159 5699 6199 5453 5695 2522 2472 6189 2410 2446 2561 2169 1656
4029
3991
4029 4003
4029
4030 4016
3978
4016
4030
4016
4031 4003
4016
4029
4030
4016 4016 4031 4016
2906
4016
4016
4016
4036
4030 4016
2905
4030
4016 3991
4030
4016
2905
4029 4003
4016
4030
4040 2906 1656 3974
6558
4029
4031
4016
2906 4030
1656
2577 2572 2577 2572
4016
4040
2906 4035
2405
4029
2906
2906
4032
4030
4016
4029
4030
4029
1656 4040
4029
4433 6211 4433 6801
4029
1656
4016
3971 2886
4036 4016
2883
4029
4030
2883
4016
4030
4030
4030
4029
4016
4016
1656
4029
4029
4030 4029
4016
2893
4030
4029
4041
4029 1656 1656 1498
4029
5678
4016
4003 4016 4031 4016
4016
4035
4032
2595
6771
4031
5394
