4032
4016
4016 4005
4016
4005
2904
2907 4030
4016
4029 4003
4030 2907
4016
2907 4030
2907 2084 4526 5740
2884
4016
3980
4016
4029
4016
2091 3737 4016 3741
4016
4029
4016
4030
2907
2906 4016
4016
4029
2907
4036
4035
4029
3989 2907
4016
5453
4029
4029
1781
4030
3978
4016
4029
4029
4030
4007
4016
3974
4016 4029
4016
4029
4016
4016
4016
4016
4016
4016
4029 4029
4016 4526 4029
4016
2084 2907
4016
4029
4030
4029 5388
4029
4016
4029
4035 4016 3978
2907
4030
4016 4030
4030
4030
2907 4029 4016
4030
4016 4030
4029
6783
2907
4016 4036 4030
4016 4029 4016
6726 4036
4029
4030
2907
2575
2403 6188
3196
2884
4029
4029
4031
4030
2319 4030
4016
4016
2884 2884 2907
5671 5405
4030
2904
4016
4029
4016
4030
4005
2886 2764
2907
4030
4030
4030 2907
2884
4029
2884 2084 5571
4016 4016
4041
4030
4040 2907 4030
4016
4030
4029
2907 2891
4016
4005
4016
4029
4016
4030
4030 2886
2907
3746 2884 2838 2850 6114
4016
3991
4016
4016
4029
3979
4029 4034
2904
4016
2893
2907
4029 4029
4016
2906 4016
2906 4030
4005
2907
1742 2587
3977 4016
2379
3978 4016
4029
4016
2494 1664 6147 6147
4016
2796
6801 6223
4029
2904
4445
4029 6113
4016
2904
2904
4016
2906
2907 4030
4029
2907 3978
4030
2884 3978
4029
4030
4016
6726 6727
3309
4016
4016
2884
4016
4029
4016
2907
4029
4016
4029
4016
3009 3240 3427
2907 2907
5490 3182 2270
4029
4030 4034
4030 4016
4016
2084 2907
4029
4016
2600
4016
5481 3600
4016 5798 4040 1717
4029
4029
4016
4029 4003
4030 2884
4029 4016
2907 4029
3978
4016
2850 2852 2907 4016
3965
4029
4030
4029
4016
4016
4030
4030 4016
2429 1689 2907
4016
3978
4029 2907
4040
2907
2766 2653
2893
4035
3978
