2883
4030
4029
1579
3189 3782 4180 6687 2736 4180 3327 6687 3240 4181 3782 3195
4511
4029
4030
4029
4558 3194 4557 2736 3191
3967
4030
4029
3666 2306 2794 3254 3262 2765 1507 3657 3797 3656 4557 2957 3549
4029 4030
1832 451 671 1188 1193 450 1821 261
3259 2178
2868
4030
4029
6095 6093
5478
2307
5798 3972
4030
4035
1358 1089
4029
3185 3810 3181 3460
4030
3980
1660 2313 3196
2767 2197
5798
4030
5478
4029
5215 3785 3194 2702 3821 1486 2354 5847 2575 5214 2694
4033
1021 924 1088 1080 1012 924
4030
4332
5810 594 1828 1828
6558 4557 2384
2589
4030
2979
4040
1733 5478 3190
4029
4029
2883
4029
5810
3381
1341 1089 843 1377
6184 6559 2539
597 1817 650 692 594 665 1817 389 611
4041
2848 4030
6189 4796 3782 2694 2792 2164 5798
4029
671 488 450
5490 5501 5402
2905
588 702 649 660
2572 2577 2578 2576
6099
4031
1089
4029
5717 1507 4323 5612 2983 5306 5610 5758 2523 5749 5754 4603 3381 1770 1794 4524 6805 3122 4322 4429 2270
4429
3420
2883
4030
5502 2309
5798
2883
2143
4030
4030
2762 3181 5786 2765
4432
5798
3038
4040
2482 3427
4035
3978
5810
1507 2592 3181 3785 5671 3784 3426 5490 2809 1716 5612
5478
4030 2881
5478
3789 1793 1703
3259 2313
2736
4029
3807 6558 3342 3189
4030
4029
2736
1695
4029
4034 4029
4030
1377 1778 1366 843
4030
2405 5844
3229 2957 3227 2410 3460 3764 3806
2306
4034 4003
5610 4231 260 6559 6559 1665 260
4191
6194 3802 594
2694 3229
6687 3788
2881
2736 3196
4525
1579 596 1571 596 596 1571 1579 1742 586 1579 6202 1812
4030
4030
