5157
2868
3565
3591
4036
3611
3617
3067
5776
3612
3611
5907 5826 6049
3612
2455
2455
3612
3611
3621
2863 1945 2140 3399 3440 4790
3611
5146
2512 3972 3971
3587
3612
3612
2455
3612
2615
3603
3612
2455
3565
2071 532 437 599 533 599
3612 3611
4629 2326 5000 1648 532 3067
4052 3615
3612
2064
2510 604 1025 532 1530 4633
3615
3621
921 802 984
3611
3614
2864 2869 4752 6049 5826
2615
3598
1497
3565
3614
5146
1586 3056 1599
3612
3612
2455
3618 3618
2455
5218 5218
5157
2065
3612
3617
3587
1530 444
3612
2611 2612
3589
3611 2613
3612 3612
2603
3612
3611
3615 3612
3621 3565
3053
2615
2064 2611 1516 2070 2314
3621 1899
3612
3618
5493 1552 5507 2983
5157
3611
4191
915 984 1023 1219
5157
3622
2611
2455
908
2071 3274 4513 3297
1498
3612
983 841 920 378
2614
3612
2313 4095
2615
5794
3611
1492 3067 1492 3615
3612
637 1530
3612
2455
3612
3612
2615
4126 4593
3618
1944 3175 3394 2141 2919 5007 3390 4858
3611
2455
3611
2614
1565
3289 3284
2884 2916
3612
3612
2615
3615
1600
5070 3391 4880 5070 4880 4880 5070 3182
3612
5146
3611
3612
3611
3612
2455
3613
4443 2558 2569 3111 3611
3621
3618 3618
5792 5985
3565
2070
4858
3598
3612
5218 2178 2651 1612
2455
3611
3612
3611 3068
2455
5157
2615
1548
3611
3552
5157
2455
5157 2614
2614
5979 5066 1355 2071 3388 1985 1962 3394
5161 5025
1945 3388 2070 1601
2455
3612
3611
3611
2436 5146
3612
5144
3565
3574
3621
3612
3615
4999 1622 5024 1568 5188
2070
3612
3621
3756 2964 3330
3611
3564
3029 2029 3009 5471 5075 3010 5187 5187 2683 3964 2850 6032 1355
5146
3611
3621
5135 2517 2090 1985 4488 2431
5157
2884 5794 5994 2859
2158 2071 3029
1355 2859 5146 2076 3437 3393 3436 2110 2857
5025 2070 3407 2860 5512
3565
5907
2863 3068 2864 4738 5466 1496 2140 4269 2868 3394 1945 3403
5067 1223 5070
1611 5825 5413 345 5994
3611
2615
3612
378 1207 1208
5157
2571
3611
3598
2024 2110
3611
2904 4618 2891 2488 4839 2071
4878
2614
2593
2550 2158 1903 4858
3613
5157
4883 4620 3399 2426
3611
5157
3612
2455
3554
637 1466
3598 3611
2591
3611
5157
3613
1413 605 549
3611
3615
3617 3617 3617 3617 3617
2603
5157
5157
5157
3618 5157
5006 4988 3067
3060
3612
2615
1529 637 1646
2510
2894 5001 1542 3435 3412 1355
2613 2615 4795 3612 2071 2064 3970 4795 2157 4795 2071
2615
3611
3612
4046
1888
3611
5146
3612
3598
5157
3612
3612
4858
637 3465 4858 2324 3886
3330 3357
3565
5065 3411 4513 1492 2028 1568
3621
1548
3607
2193 2193 2286 2266
3612
2065
3612
3621
5413
1926
3612
2615
2614
2615 3613
3613
2020 1565 6034
3029
4894 1768 1768 1769 4894 1768
5515 2313 2039 5514 2040 2864 1617
905 2513 1102
2614
3612
3611
3613
2615
2614
2155
2455 3612
5419 5416 5413
3611
2614
1610
2548 3612
3612 2241
2593
2615
5793
2455
3611
3611
3612
5155 4801
3591
1648 1648 1655 637
3618
3621
5157
3612
3611
5155
3876
3612
5141
5157
5157
3591
2615
2550 2615
1195 330 350 1143 1664 1530
3615
5907 772 2512 1219 2029 2029 1639 1989 524
311
4089
3612 1548
3172 3399 2849 3175
5220
3611
5157
3612
3612
3612
2615 3612
1901
2071
3612
2007 2656 3970 3622
5157 2455
5157
5146
3612
3611
2064 3693 5556 4095 3173 1355 2892
3618
2455
3612
1973 2328 3067
4046
4633 605 1413 1543 403
2455
2615 2612
3614
3068
2455
3612
3589
2455 2455 5826
2076 5932 3388
378 2076 3612 5907
1603
637
5157
3590
3611
5157
3611
3577
2455
3590
3611
3621
3598
1639
3612
5157
3612
3621
3612
3612
594 449
2615
3414 2071
5146 5966
5994 5794 5997 2455
5157 3068
5495 3702 4794
3620
4459 3537
2587
2455
2455
1500 3293 4858 3469 3266
3995 311 4220 5979 3995 5978
5146
3612
3611
5055 3171
610 634 1530 4708 2455 4890
3617 3617 3617 3617 3617
1872 2615
3615
2615
3612
3612
2270 2325
3612
3612
3611
4097
3617
2603
3611
4858
3612
3611
1548
3612
5157
2070 2860
3615
2064 4633 5065 2916 1413
2614
3615
3612
1901
4835
2548
3611
3611
1921
3612
3611
4858
3353
3612
3587
3556 2603 1493
3423 5005 3405 4988 3698 2892 2024 2886
2593
2418 2510 1025 532 3170 605
3611
5157
3612
3611
3611
5070 1923 4884 5071 3459 1223 5038 5071 3459 5070 4884 2892 4196
2455
1511 2865 1576 1550 3388 1570 4095 2431 2904 3412 3882 4890 2221
3612
2614
2555 2615 4796 4521 3615
3612
3612
3612
3614
3459 3068
5157
2455
3591
1355 2670 230 230 3391
3598
3611 1355 2923 4322 3175 3029 4581 3388 2806 3253 1355 2110 3029 6032 6034 2615 3029 2484 3029 4337 5966 4577 5940 1587 4386 4315
3611
3612
1496 2615 5795
4985 2859
2455 3598
2615
2593
3612 3612
2455 2614
5146
3612
3611
2455
3756
2615
3611
2455
5413 5419
3693 3690 4635 5006
1639
2865 4988 2070 2905
1992 3462 5155 4004
1494 605 1494 603 2070 1494 4858 599 1494 437 1494 599 2070
3560 2615
2455
354 2232 2324 4808
5157
2069 2923 4513 5073 4128 1355
2590
5157
3611 2455
2455
5038
4099
3612
605 636 1639 604 1637 636
3612
3621 3067
1219 916
3611
2628
3612
3612
3615
3062
3611
5146
3611
1960 2328 3394 4629 1587
5157 4794 4740
1551
2615
5066 2193 3366
361
3693 2891 2865 2892 5008
2071
5157 3612
3612 2455
3611
2455
2455
2329 2071 1994 5024 1355 6033
3612
2455
3612
2314 2591 4784 1945 2455 5880
3612
3589
3411 2891 4146
3612 2615 2615
599 442 1639 637 593 637 442 532 532 442 592
5157
3612
3611
1567
3615
2455 2614
2066 4895
3565
3613
2455
3615
3611
3613
2324 5425 5413 2865 5418
3586 3612
3029 3388 2028
3612
5883
2455
2957 3747
3611
2593
2614
4321 2591
3613
3612
5906
1543 2064
3611
3612
3612 2615
3612
2109 2076
3587
2916 2071 2931 3394 1542 3410 3394 3399 2071 4803
5157
3611
2114 2302 2114 2342 2302 2115 2114
5826 1952 2416 3391
3612
3611 3611
3612 2615
3611
2892 4620 5188 2071 2861 3692
1355 1538 5024 4793 3440 3401 3875 1729
3612
1646 1419
3621
636 592 524 636
5143 2919 1355 4669 2069 2907
4767
1185 339 330 1142
3617
5932 5826 1956 3389
6051 1774 1768
3612
2455
5157
2455
2455
4046 2560 2612
3552
4633 1944 2064 3394
5157
3612
3612
3068 2323 3928
3565
3612
2614 3621 2455
3612
1355 3386 5826 2661 230
2171 2173
2440 2007
2455
3611 3616
3618
5157
3613
3591
4718
3612 4861
3612
3612 2615
5008 2065 1551 3390 5510 2891
3183 1355 2476 1646 5070 5825 1646
2455 3411 4988 3435
3590 2593
2614
3387 2325 3390 2920 3393
2455
3615 1551
3612
549 1530 5146 1529
3598
3612
3615
2615 906
5157
1742 5143 3407 3405 2328
3601
5157
3612
1355 5519 1947 3157 4512 5066 3410
5157
3612
1884 1887
3621
3068
1488 3970 230
2615 3612
3622
2071 3067 2322
3612
5157
5157
2028 2431 2861
4046
2455
3611
5218
3968 908 1586 2270 2004 5826
3621
3611 2615
1488 1476 340
3621
3622
3616
3598
4858
3611
5157
3621 2615
3615
3612
3618
5157
4623 5552 5058 1637 2488 5028
3067 5157
4858 5793
3245 2416 3297 5157 3246
4799 5451 2615
2615
5978
2615
5157
2615
2982
3611
3613
2615
2593
1870
5146 3615
3612
2455
2591
5157
6038
2614
3611
3613
3394 2277
2455
5157
2615
2139 3885 5189 1530
3613
3612
2455
3612
3611
2603
1509 1508 4884
5457 2463 2674 3469 230
2614
2615
3411 3698 231
3615
4857 2037 4858
3612
2614 5157
3612
2615
3612
2680 3412 5569
2071
1568 1741 2116
5146
2490 5135
3612 2615
3565
1767 5825 2761 5146
3541 3615
5826 3459 230 1355
2455 5157
2438 525 3068 3183
3615
3612
2593
1550
2614
3611
2329
2426 3884
766 378
3621
3612
1023 1217 1227 230 915 230 913 1222
4792 2849 3067
3611
1860 1907 1978 1535
3611
5157 2614
3611
3613
5146 2065
230 2005 3970
3587
3615
3588
2455
3612
3612
3611
3615
2455 2614
3621
3611
3883 2858 1355 5826 3067 2494 1995 3388
5514
3611
3384
3612
3621
3611
4740 2615 5431 1769 3612 5143 2969 1769
2344 2070 2455 1607
3612
3389 4740
3611
5157
3611
3611
3611
6032 345 1611 2858
3615
2923 2670 3469
2455
3611
3612
3611
3764
3612
3612
3620
626 524 591
1606 2163 2071 5053 1623 1615 2225 2205 1623 1623 5053 2158 2205 1606 1550
3612
2272 3970
3614
3612
5157
1480 5423
5181 5792
3390 2562 2614
5568 2393 5826
1419
2393
3598
3611
524 2455
3612
3590 3620 2569 2560
2591
2614
3611
2611
3612
4935 4052 3622 2070
3068 3172
4766 5510 2316 6049
2071 2611
3613
3612
5432
2615
3565 3565 3565
983 840 906 1023
3612
3611
5146 3612
3612
4268 1742 2328
1606
3611
3613
3612 2615
3621
3621
2615 3611
3615
2593 5157
3201
3565 2068 2181 2314 2314
4794 5000
3611
3612
2163 2158 1587 3067 2578 4046 3612
5157 5569 5558 3702 5558 2437 2927 5157 5569 765 378 231
2614
1413 532 600 739 3612
3613
3611
3611 3096 1355 2848 2071 2069 5058 3469 3222 2324
3611
3598 2455
5532
3613
3587
3612
3612
2615 3612
3611 3611
2864 2318 3393
3611
5799 1939 5799 2969 5977 5980 2969 5976
3612
2455
3612
3611
3611
5946 4314 4298 4294 4333 2455 4324 5946 4316 4312 5946
3612
3611
3611
3621 2603
2865 2317
3611
5157
2591
3612
2593 3621
2615
3621
2614
3565
2612 2615 2611 3349
2615 2615
5157
2455
2455
4858
4766 3611 2982 2314 4873 3966 3968
2455
526 1530 1413 594 231 637 1648 1419
2615
3611
3598 3565
3612
5157
2615 2455
2455
3611
3395 3400 1567 3387 5143 6049
4999 2560
3611
2512
1508 1547
5505 5056 2070
3741
3611
2455
2065 2859 2491
3577
3593
5157
2455
2038
3612
3620
2320 2615 5510 1901
3612
3612
3611
3611
4983 4986 4985
3611
2590
3611
4859 3621
2591
3611
3611
2455
3611
2863 5218 1578 5071 2065
4857
584 403
5071
5065
3068
3068 3067
3611
3611
2323 2216 3412
3440 3394 5797 3468 3184 3175
230 2892
3611
2614 2455
2615
3621
3611 2611
3611
3615
230 2271 1497 2455 2455 4743
230 5501 4132 5932
3611
2514 230 2916
1529 1419
3611
2591
2560 2613
3590
3612
1208 1221 231 231 1208
3612
1901
2455
2071
2615
3612
5157
2615
2395 1956 1952 5552 3262 2662
1355 230
2614
3612
3459 230 2426
3611
3611 3587
3614
3612
2859 5218 2313
3611
2455
532 1634 594 532
2955 2455
3612
3612 5157
3613
765 231 378 378 4895
5157
230 1222 912
5157
3612
3611
3612
3621
3612
3612 2222 230 2325 2156 2193
4890 230 2997
2615
624 1082 230 1046 433 364
345 1611
2071 1915
3541
5157
5157
1355 4861 5994 5070 3068 5008 3405
3589 3618 3618
353 4807 3068
3552
3613
5157
835 983 983 378
3612
2866
2455 2611
1888
1585
2615
3612
2593
230 2978 5003 2065
2321
2615
2455
3611
2614 2455
5157
4591 2029 230 230 3158 2969 3157
3182 2892 230 2270
3612
3612 2071 5977 5526 5494
3587
5825 4128 1927 5027 2265
2024 230 5098 5510 1355
3614
5146
3621
3611
3394 4983 4986
3615
3612
3598 3598 3598
3579
2455
3611
5157
230 5482 2434 600 231 435 230 5456 4879 4883 1076 231 230 4872 4876 231 231 4883 3068 4882 2434 4879 435 231 3068 231
3612 1590 3353
534 1469 1530 592 604 1530 1413 532
2070
2323 1930 1935
524 5825
2455
3591
3616 3617
2614
3611
1518
5157
2858 5220 6048 3067
5146
5000 4740 1496 5794 2316 3276 5000 5794 5794 3068 5794 5000 3402
2455
3612
2716 2416 2489 4109
3611 3587
3612
4985 2071
2615
4837 4766 230 5143 2276 2273 5143 230 230 2418 2317 3389 230 2416 2314 2894 5071 2894 5143
2455
3612
3541
5157
2064
3611
2455
2455
3598 2614 3598
3613
1196 230 350
2591
5157
2614 5157
2455
3157 4883 3068 5778 230 5098 5778 230 5489
2321 4881
3621
2455
4635 4858
3618
3591
5157
5883
230 3970 4795 2484
3621
4858
2455
3612
2455 2614
2615 3612
2614
1548
3613
3483 3390 2437 6032 357
2455
3611
920 974 835 230 1023 5071 230 5778 5489 1355 2396 2455 2868 230 2017
2615 3565
3614
6032
1215 912 231 1222
2614
2590 2613 4532
2455
230 4577 5033 2271
2614
5157
1516 1516
5994 2304 2076 1505 5793 3618 3068
3621
2316 2615 5145 5157 2614 2510
3611
3611
1906
1612
3612
2158 5776
3067 2868 2865
2455
3611
3617
1494 636 437 636 5510 605 3172
2455
3611
3612 5157
2455
4576 2323 6032 5505 2434 1652 531 1025 1646 1962 1962 1530 1646 1529 1962 609 1025
2455
4743 5132 4857 2892
2455
3620 3616
1466 1637
3618
2611
1646 1466
4881 2455 5143 5791 2065
3618
3611
3598
3612 3611
3612
2233
3612
2455
5157
2455
3612
5157 3068 5098
3612
3611
3612
3611
3591
1655 403 438 231 437 605 599 403 1655 231 231 526 403 603 438 1655 1655 1025 599 526 3068 526 381 624 1082 430 231 1079 364 604 1655 526 626 1530
5066 5157
2316 2885 3694 1907 2071 2877 2877 5218 2885 2571 6034 6034 3694 2885 5774 6034 2866 2877 6032 6032 2071 2298 2418 2417 5161 3693 3043
2455
3394 3837 5506 3395
2455
3616 3587
5146
2316 2318
3612
3611
2455 2614
3611
526 1639 231 549 449 526 1639 594 230 1639 230 526 3278 3269 230 526 594 230 449 449
3618
230 2455 2431 5070 2314
2455
2615
1530
2841 5143 3127 3611
2614 2455
5075 3157 5065 230 3870 3972 230 2858 5559 230 2455 2894 2713 3170 1355 3972 230 5504 230 2894 5055 230 5559 2455 2858 2455 230 3972 3067 2490 5507 3402 1740 4133 230 5157 5559 6032 2858 3972 230 5559 5504 4045 1992 1992
2614 2455
3403 5141 2868 3067 2455
4791 4520 3067 4996 4876 2482 2070 4620 5569 3186 1945 3067
2713 4807 3884 5568 3884
3621
5157 3598
2614
2017 230 5068 3157 1932 4154 3157 3106 230 5507 5507 3158 230 4154
435 1495 1530 603 231 610 453 231 1530 453 610 435 6032 2155 1355 230 3389 230 1927 5510 4708 231 453 610 453 1027 435 2325 4185 1508 5075 230
2615
4046 4742 5055 2567 4046 3598 2567 4046 4521 6034 5794 4046 1543 3621 1542
230 2455 1935 2177 1355
2455
2455
3621
3587
3611
361
5157
915
1893
2611 3435 2158
2318
4921 2325 5396 3420 5219 2916
3995 5501 3854 3995 3828 2481
3611 2593
2614
1576
3571
3393 5825 1355 3171 3459 1962 3172
3615
3621
3611
3565
5146 3068
3586
2615
3391 2919
4302
2603
3612
3613
3611
3617 3617 3617
909 836
3611
3411 3435 3068 1355 1548
3612
2721
3611
608 355 1469 524 4809
3612
1585 1567 1587 5482
5157
2615
6034 2077
4794 5220
1530
911
2325
2069 5467 5143 4858 2615 3068
1939 5825 2864
3611
3612
1500
2455
3612
3611
3611
2864
5157
3612
3611 3612
908 5157
3612
4740 3402 5826 2851 2978 2512 1348 1413 526 3389 2851 2868 2851 526 1348 1469 5058 1932 230 2851 1637 1348 1413 230 2512 2978 2851 230 1932 2859
5146 1355 230 5146 230 5778 230 2036 230 5778 2065
3601
2603
3611
3612
2298
5146
3621
2418 2455 3393
5978 5994
3612
3611 3968
4785 4996
1508
2615
3590
2615 3621
3612
3621
3411 3423
2394 2070
2614
3613
1911 2615
5157
3067
2592 5403 3067
3067
5157
230 3173 3435 3068
3050
3389 5075 230 5778 1576 230 230 5778 2640 230 2640
2571
3612
1509 2071 3026 3026 2071 3026 1509 2071
591 526 549 231
230 3386 5778 3402 2036 5075 1481 230 2481
3565
4858
3612
3612 1548
3613
3611
2954 2952 5792
3622
3612
1607
2994 5075 5070 5510 5826 3157 230 230 230 5065
2455 5065 2858 230 1355 5075 230 3170 1927 230 2040 1419 5932 1419 637 2316 3097 3469 230 4988 4999 6039 2036
838 2455 906 6032
3180 5098
2314
3566 2162 2158 2163
2969 230 5143 3870 230 3068 1607 4894 230 1927 5143 1355 230
2077
2615
5033
5157
5157
3611
6048 2908
2064
3434 3390
3611
593 1666 533 435 593
3612
2614
3621
3565
2615 2316
2615
3387
2615
5976
3591 3565
3612
3626
1419 637 610 1646
3612
3611
3611
984
3612 2615
1985 5138 3621
2591 5825
3612
2271 2064
2226
3611
3590
5157
5932 2393 2007 4879
3612
3612
3611
3613 3587 3598 3598 1551
2455
5440 3067 1906 5143 5892 5143 5439 6032 1999
230 2756 2357 3962
3076
2509
4858 5559 6049 230 4858 230 5559
3612
2455
2455
1637 1419 1419
2323 230 3440
5124 5128 5129
378 2064 1216 909
4794 5220 2316 5058 2324 2316 5058
3587
3589
2615
2615
1637
3590 1493 3590
2069 1902 4621
2858 3399 3766 3467
3611 3611
3566
3388 2065 2075 3410 1355 2865 2140
3612
3612
3615
3621
3618 3618
361
524
3611
2611
3616 3617
1601 4861 5143
3881
2314
1888
3613
5431 1873
3611
3612
3612
3068
3611
3613
2158 2463 5776 2463
3615
378 720 720
1535
3612
1537
3612
3611
5803
5143 2323 3068
3875 5558 5506
3346 2188
5157 5157
1419 1646
5218 2958 3756 3756 2958 2316 2455 1551 3756 2316 2958 3756 2957 2958 4857 2957 3756 2958 2316 2316 2957 3756 2455 2958 2455 2316 2957 3756
526 1025 594 5825
3481 2481
5065 1939 2325
5071 3171 4983
3153
5825 6035 2482 5071 1222
527 1413 605 2482
4799
361
3565
3612
3611
3611
1224 378 1102
230 1512 4795 2193 2071
1927 1550
3612
1535 5219
5053 2591 5053
3611
3617 3617 3617
378 2131 3029
2615
3612
378
5880 230 3870 2979 5558 974 920 230 921 1023 5069 2978 230 2979 1355 3870
2316
5157 5156 5146 5156 5157 5146
3590
4046 3612 2615
3618
3369
3403 5143 2864 230 2524 2850 532 1413 2524 2849 3068 1962 5143 1348 532 2851 230 5143 1652 230 1413 1637 524 1962 230 2524
3611
1944 2076
2510
5157
4795 2313 2417 3388
1911 5094 5814 4052
2141
2064
2615
4983 4874 230
3622
3611
4999 3029 3067 2455
2615
2615
2591
3611
