5496
2883
3196 5502 6821 1936 3182
4005
5502 4016
4016
4040
2906
5502
5496
5502
5494
1664
3978 5496
5494
5502
4029 4003
4016
4029
5496
5496 1782 4029
4016
4016 5502
5502
5502
5502
4029
5502
4030 2105
4016
5496
5502
4029
5502 4016
4016 5494 4030 4016 4016
5496
5496
4016 5496 4016
5494
5496
5502
3967 4016
5496
5502
4030
4029 4003 5496
2883
3978
5502
5496
1664 4016
5502 2883
2883 5494
5494 4040
5502
5502 4029
5502
5494
5496 4016
5496
5502
4003 4003
2904
5502 4030
5502
5496
5502 2904
5496
2882 4016
1664
5502 4016
2403
4016
4029
1781
5502
4016
5496
5496 4016
5496
4029 5502
2883
4007
4016
4030
5496
2906 4030
4016
5494
4016 5502
1664
1664
5496
4016
4030 4016 5496
4029 5502
5496
5494
5496 2906 4016 4016
5502
4016 4016
4016 5496
5496
4016
5496
4016 1664
1664
1664
5496
5675 1664
5494
4029
5496
4016
5494
4016 4030
5502
2126
4029
5494
4016 5502
4029
5502
5496
5502
5502
4034
5494
5496 4030
5502
5502
4016 5502 4016
4030
5502
2882
5496
4016 4030 4036
5502
2906
5502
4016 5496
1782
5502
4016
1664
5494
4029
4016
5494
5502
4016 5496
4016
5496 6535
5494
1664
4016
4030
5502 4016
5496
2356
5494
3776 5494
5494
3196
5496
4016
5502
1664 4005
1664
1664
5494
5494 4016
4016
4030 4016
5502 2128
1664
1664
1664
5502 4030
5494
2906
5502
4016 5502
4016
5502
4016 5502
4029 4016
4016 5496
5502 4016
1664
3408 4016
5496 4016 4016 4005
5502 4016
4016 5502
4016
4016
4040 5502 2883
4029
1664
1664 4016 4016
4030
4016 5502
4029 5502 4016
5494
5494
5502
5496
5502
5496 4016
4023
5502
2906
4016
4030 5496
5494
4030 5502
5502
5496 4016
5502
5494
5496
5494
5496
4034 4029
4016
6549
4016 2424 5502
4040
4029
5496
4030
5496
4029 1664
1664
2904 5494
4016 5494 4030
5496 4030
5496
5496
5502
5496
5496 4016
4016
4040 5502
5675 5671
5502
5502
5494
5496
5502
5496 4029
1664
5496
4016
4032
5496
2883
4016 4030 2838
4040
5502
5496 5502
4016
6117
5496
5502
4016
2893 4016
5496
5496
5494
4030
5502
5502 4016
2904
5502 4029
5502
5496
3968
4029
5496
4016 5494
5496
4029
5494
2904 4016
4016 402
5502 4016
4029 5496
5502
4029
2906
2906
4016 4016
5494 5696 6188
4016
5494
1664 4016
5502 2128 2882
5502
5496
5494
4016
5496
5494
4030
5496
4029
5496 4016
5494 2905
4029
4016
4007 4035
4034 4030
5494
5496
5494
4016 5496
5494
5502
5496
5494
4016
5502
4029 4016 4030
5496 4016
5502
4016 4040 5502 4016 4040
4029 5496
4029 5502
1664
5496
4016
5502
4029
5502
4029
4016
5494
5494 4016 4016
4016 5502
5502
1664 3978
4029 5496
5502
4029
4016 5494
5496
5502
4030 5502
4016
5502 2850 4016
4016 4029
5502
4030
4016 2906
5671 3262 1936
5404
5571
