1579 2270
4036
1812
2883
2883 4029
5478
4040
4005
4030
4029
2901 2883 2883
2736
4039
5810
2307
2736 1810
4005
4030
2111
4030
4030
3840 4334 2334
4030
4029
1695 594 5205 2759 498 670
1812 671 1695 488 594
4029
4030
5810
2883
2497 2306
3978
4030
4030
6558
2736
4029
4029
1734 703 2277 1972 1695 495 703 1695 497 660 1695
4814
4003
4040 4526 4535 2273
4005 3991
1819
2883
4029
4030
4030
3978
4032
7147 1753
4173
2883
5810
2792 3793 3270 3549 5174 3869
4040
1656
4040
4035
4031
4202 2566
4030
3967
2736
4853 3196 6558
5621 2589
4029
586
4030
4029
2885
4030
1770 1764 3305 3299 6206 1652 1770 2736
3978
3184 5695 5496 4557 3471 3176 3195 3426
1714
3978 4003 4029
3985
4029
4030 2883
1768
5879 1793
586 586 591
4040
4029
4191
424 3426 1783 4525
5810
1345 424 1077
4030
3799 3189 3801 5478 3805 2736
3978
4029
4030
4525
1640
4030
5810
5511 6179
703 1828
6137 1705
2218 2801 3122 3471 1793 2983 3788 4115 2695 3804 4421 1507 3472 3357 1507 4602 2983 5610 4322 3788 5612 4421 2801 5717
5810
4029
3473
4029
2306
4029
4005
4526 2136
3978
4030
3254 1937 3870 6150 3781 1507
4127 3805
4030
4030
2140
1626 1579 703 2736 1626 703 1579
4029
424
4030
1752 1936 2312 1579 5744 2623 5744 1660
3067
1656
5204 3549 3627 3660 2716 5203 3665 3672
4030
6173
4036
5478
1714
1640 5405 5405 2313 2405 2313 4429 5405 5405 2405 2404 1640
4029
4030
1008 3547 1011
4030
2155 2312 1681
1694 1819 703
2588 3533 2772 5713 1579 1972
5798 4030
4030
4040
2155
2884
4030
5174 1775 5189
4030
4029
2736
2881 4526
4029
4029
1656
1781 2845 1781 6765
5798
4030
5478
4035 4003
4030
4030
2384 3829 5665 5662 5176 5174
2736
4030
1342 1217 1343 699 1365 1131 1344
1714
4029
4029
4029
4029
3801 3785 1507 5879 3218 5617 2335 3196 2176
3411
4005
4029
6150 2883 2091
2736
5798 2270 1014 4227 1014 1358 4225 2270 5798 843 2270
3262 3553 670 1695 1932 1812 2306 692
3218 2313 2709 3830
4173
4040
4029
4030
4030
2736
424 843
1714
4036
1794 6804 1807 1794 6804 2736
4029
3232 6194 3426 2790 5176
3226 5218 2592 5511 4203
3427 5477 1426 1007 4332 1012 3427 1007 2572 424 1425 3427
5493
2736
2736 1660
2306 2155 3785 3807 6199
5387 1764
3426
4030
2886 4030
2797 5215 6736 5085 3785 2694 3427 6559
2886
5798 3807 3533 5500 3191
4030
4030
2736
424
5478
1361
2269 1736
4033
2797 593 1572
5810
4030
4030
4030 4029
1752 2089 2132 3730 2845 4030 6094 1752
586
5404
4029 2883
4640
4029
5478
2883 2883
5478
4032
1734 6682 6098 5344 1733 5790 5879 5781 1655 1664 5878 1777
4036
2713 5678
4040
2905
3411
6108 3011
5786 5617
6179 3379 5306 386 5842
4031
5798
4029
4029
2140
4030
2736
5798
2736
703
4029
2736 3427 1812
2883 3411 2881 3411
2893
4030
4007
4005
5495 2705 5416 4540 5416 3381 4540
4588
703 1812
4029
4030
4173 4040
4031
4030
4030
4029
3978
5678 6822 6820
4029
2883
5843 1812 5844 2796 5642
4040
6099 2313
4029
5798
4030
1741
4030
2883
2736
2697 5478
2736
5810
4033
2883
4035 4035
4030
5622 5789 1348 1346
5798
2179 2774 5505
4030
4039
3978
2663 2736 2696 3194
1840 665 1579 597 2527 1812 664 1840 595 665 495
4029
2376
4032
1638 3299
2736
2883
4029
2883
4030
1663 4030 3196 1662 1664
3978 4003
5810
4005
6687
2530 4874 2790
6189 5504 1700 6804
2666 3776
4029
2575
3956 2905
4030
4029
4029
5514 3427 3601 1008
1699 3788
4030 2883
4029
4029
4029
6252 2130
2905
4003 4005
2883 4033
1579 440 260 1828
1361 1341
5742 2772
657 1810 1805
660 496 1658 5084 5083 3196 2312
2883
4030
4040
4040
1714
4029
4040
4319 588 1695
4031
4030
4191 1685 3299
4030 4036
4029
2736
4029
4029
5343 5878
4030
4030
692 588
5789 5810
2588 5879 3859 2219 2402
1716 4202 6752 2156
4030
2269 2130 2883
4030
4029
4036 4036 4036
4029
5207 5505 5789 2694 2159 2482 1507 5795 3227
4029
4030
5478
2901 2881 4034 4036 4036
3128 5810 2585 5497 5405 3079 4029
4029
2883
1717 3427 2522 3189 3226 5631 6801 1717 2522 3427 3226 5631 3427 5622 6801 5697 3226 1717
1716 1675 3603 4316 4319
1714
2883
4007
2736
2736
5810
4029
5810
4029
2883
2130
1579 2774 2244
703 1694
6804
4030
5635 3862 5505 5165 3241 6559 5695 1507 5405
2403
4040
1812 1572 669
2883
1011
3240 2736
4640
4030
1650 1649 2736 1650
4893
2742 2741 2747 5794 5798 2744
1656
596 2318 588
3241
4029
4033
2838
2736
4030
2838 4030
4029
2577 3196
4031
4003
2736
2736
4029
3227
3776 3776 1778
3190 1777 3189 5188 2790 3188
4030
4030
4031
4030
5500 3194 3427 3782 2713
5810
4030
4036
5478
4030
2313
1819
3342 2592 1699
4030
1014 1346 2717 3427 1366
1664 3342 3199
4450 3788 5634 5250 2667 5125 1507
5810
4030
1695 702
4029
4030 2736
2736
1579 703 5478
2736
2883
2883 4030
1367 1356 261 260 1507 4783 2313 5718
4030
3799 3180 5810 3254 1642 4036 3426 3226 3785
4032
2736
4029
1672
6559
4030
4029
2901
2953 3093 2384 5250 2587 2704 2169
4030
4029
4030
2883
4029
4030
2796 260
2736 4030
4694
4031
2736
4029
2447 2468
4040 4030
2902 6117
2736
2736
2454 2441 1794 2482 6504 1794 2529 2247 4078 1794 1796 6805
2313 1629 594 660
1812 3194 1695
2694 3213 2696 1812 2696 1812 1579
4030
3603 424 3256 3190 1936 2313 3199
4029
2759
5794 2736
6738 6527 6739
4030
5671 3782
4029
4029
4029
3978 3978
2736
1714
4033
4030
4029
4180
2845 3408
2736
3973
2979 3196
3737
1579 3283
1656
2931
4030
3215 5810 5879 3231 5879 5810
2389 3635 3636 3121 3677 4304 1507
4029 5630 3339 5794 1742 5878
2883
4040
261 1010
4040 4030 2905
4030
4030
2859 4532 2865 4040 2091 2858 1507 5595 2376 4030
2798
3978
2584 260 4525 5810 1341 424 261 260 2584 2543 1341 4525 261 424
4029
4030
4030 814 666 598 1572 2883 1572 666 594
4040
4938 4439
2883 2130 2850
4005
4030
4036 4034
4003
3789 3226 2797
4030
4003 4031 4526
4003 4036
4810
4029 5798
4029
384 1752 1782
2883
5448 2313
5161 4557 3834 2717
4030
5505
1944 1507 3191 2311 1675 2179
5418
4203 4557 4202 2943 2280 2956 6804
4003
5713
260 5789 2771 2745 5496
260 1367 1345
4036
2883 3978
5794 2709
1009 384 1782
4029
6506 5671
4030
4116
2307 2187
2736
4029
3181 3295 2800
2905
2736
2883
5478
260 2957 5161 5159
4030
4030
6624 2468 3789 5212 2482
4029
386 3379 4030
4029
596 650 702 692 611 650 451 702 670
5798
5810
4029
3577 4029
4033
2736
5636 1778 5369 1665 5478 6504 5405
4029
4030
3980 2796 5407
2883 3978
5404
4029
1366 1009 424 1341 1217
4433
2883
4029
2147 2159 2287 260 1507
6189 5696 260
4030
261 1341 1366 1367 2312 260 1708 1936 3259
4640
424 424 261
2838
261 1346 1366 261 1346 260 1346 1358 1341 1217 260
4030
1694 6683
1810 3866 671 1810
1810
4030
4030
4029
3426 6194 260 3785
1131 424
6558
2736
2193 5712 260 2759 5712 2193 260 2956 2193 2936 1507 260
260 1477 1426 1424 2717 1483 1443
4029
260 1507 2529 4299 4450
2883 5436 3980
4029
4040
2893
4029
4029
2798 5877 1817
2905
4005 4036 4036
3295
5810
4031
4173 4030
4029
1752 6558 1752
3980
261 1009 1361 424 843 261 3560 1507 260 6817 1672 6263
5478
4029
4030
4029
5810
597
4029
5878 6147 3934 6252 5878 6149
2736
5810
2589 2578
4029
3219 3859 260
4030
4030
4029
3243
4424
5407 2873
2313 5083 5082
1742
5635 4202
3978 2736 3969 3985
2319
3969 5401
384 1782
2736
4030
1661 3270 6506 260 6506 6173 6208 260 1507 260 3532 3270 6138 3427 3533 5500 6506 260 6138 3427 3532 260 6506 260 4298 6173
4030
671 1658 490 450 671 490
1507 3603 4557 5620 6822 2174 3828 2579
3298 3298
1782 384
5695 2736
6199 2313
4033
3603 3196
5671 2893 607 661
4029 3229 3546
4640
4029
2736
4029 6817 4029
4040
2883 3978
2699 4330 5511 5160 3891 5500 2163 2499 1507 2152
4031
5810
2736
4030
4029
4029 5798
2310 3191
4029
1810 494 1133 1825
4033
4173
3420
3323 6263 5712 1507 260 4317 260 3190 3270 5718 260 6263 5712 1088 1021 1131 1356 260 1079 260 1356 1021 6263 6251 260 588 490 260 674 1695 5718 260 3323 1017 1088 5344 1357 1012 6624
2885 3955
2736
2885 3989
2883 4030
4889
6179 2578 3783 5622
2736
5209 1770
4030 4029
4030
4030
4030
1341 260 1361
1782
4029
2736
5798 2696
4030
4035
4029
2313
2748 5206 5708
586 1133 260 1810 494 261 598 588 1810 588 611
2696 3234
4030 2882
5877 2901
4029
4030
3197 2173 2773 5401 5497 6141 2312 2773
2695 4323 3829 3532 260 6196 260 2772 6196 5698
1672 2588 2241 3426 260 260 599 1572 672 260 424 1013 1131 925 1088
3806 5478 3784 2587 2736 3324 2713
4003
2736
2883
4030
4330 3218
4029
3196 3219 2709 3190
5798 2736
3768 3761
1011 1082 1009 1355
3985
4030
2079 2118
4030
597 671 1840
2459
2736
2883
2883
4029
6632
1674
4843 4832 4819
5402 5493 6150
6801 1782 3226 6801 3296 3226 6804 3226 6801 3296 1666 3299 4191 3298
2850
3426
1695
4030
4030
2883 2886
3954
2764 6818 260
6137 6141 2736 5343
5501
6651
1819
6801
4640 5478 2529
1699 6149 2736 4016 5810 4040
4029
4034 4039
4032
4029
4029
4030
5878 6803
1716 5744 260 2307 260 1716 4317 5718 260 2771 3427 4330 5744 2307 2152 260 5744 260 6505 1507 260 5744 260 1716 3796 2578 260 5798 5798 5718 1507 260 3310 2932 5798 260 2578 2587 2764 4317
2736
3472 3472
2883
4029 2883
4040
4030
5798
2736
2588
3978 3978
588
6173 260 5718 5718 260 3780 6173 5718 260 3796 5718 260 260 5718 3533 3532 3829 3796 260 5718 5718 6570 260 260 5718 5502 3796 6506 5718 260 260 3532 5718 5718 260 3532
5419 2313
260 1670 487 1815 657
5718 3780 260 1778 6506 5718 260 260 5718 3780 6506 260
4031
1783
6099
4029
6252 2797
4030 4029
2694 3226 2385 3788 2173 5478 2198 3787 2736 5215
1011 261 1080
5631 5478 260 2689 3339 3323 4625 2790 260 2313 260 1705 2790 6199 260 2790 6199
4029
260 2277 4180 2689 2164 2759 260 2287 6506 1507 260 2193 6189 260 6263 5713 2759 3830 260 3220 2273 260 2587 2773 2575 2164 260
3796 2704 3789 3560
6250 6172
1008
4030
4029
4029
3034 1746 3201 2221 2935 3061
2717 3785 3781 2579 3784 5789
3426
4633 4927 4848 4637 1652 5767 1758 5634
595 1812
2575 2704 5498 3240
5810 2808
4030
1131 1021 1092 424
1579
4029 4003 4016
5798
260 5714 3258
6559 260 6252 2156
2736
2587 1507 260 2767 3357 260 2587
402
4030
4034 4030
4007 1656
384 1782
5343 5507
4029 4030 4029 4029 4029
2883
4030
5666
2883
4030
5427 3195 2313 1681 2313
4029
1782 384
3978 2136
3327 3806
4031
5404 6943
4031
4030
4325 1717 4191 3299 3298 2736 4325 4325 2736 3298 4191 3299 2736 4325 4191 3299 3298 5877 1717
4029
1812 594
1717 5341 6687 3788
260 1357 1021 1093 3323 6263 1507 260 5712 6251
