6873
4005 402
4029
1729 5794 2756 1729 5794 2384 2756 2812 5794 1729 1729 5794 2812 5794 3295
4323 1348 2306
843 1014 424
1579 703
4029 2905
3814 2318
2904
4030 2353
4030
6559 3789 5203 6189 649
4800
4016
4029
1695 494 1695 502 1695 495 1579 5789
4005
3978
2795
718 3435 2572 4118
1742 4030
4029
4030
4016
2313
4030 4526
4030
2904
4030
4016
2883
4029
4030
4041
4030 4526
6802
2219 3342
2881
1764 6547 1754
4029
2306 2270 6880
4029
4029
4029
4029
3603 3782 4123 2147 2261 5341 3259 4429 2148 3794
4029
4526 4033
3988
1077 424 1088 699
3931 2756
2883
2881
4029
4034 4029
4029
5675
4029
2881
4005
396 4784 4270 4783 4118
6255 5203 5792 6168 2746 3190
2588 3426
6558 1440 1008 1361
4029
588 1572 671 671 588 1133 671 588 1572 671 1812
1733 6209 6802 5207 5708
6803
1695 1572 594 490 702 1805 657 588 669 1825
5478 3474 2313
4029
4016
3978
3969 2881
2850 2881 2852 2131 2881 4526
1133 1812 664
4005 2881
3222 5617 5810 4783
3243 5502 2281 2313 3549 3831
702 6739 1810 660
4016
5404 3354 3353 1932
4030
4030
4030
4029
5174 3472
1971 3339 4525 1972
2527 2713 3829 1507 3227 2269
4030
2265 1088 1021 1012
2886
4003 4035
4030
2904
2904
4016 4030
4029
6527 1661 2794
3978
2881
4030
4031
4030
4783 2716 3828 5792 3805
4029
4030 4030
2881
3427
3973
4016 596
3239
4030
5542 6155 3782 6099 3190 3254 1508
4005
4029
4030
700 1825
5388 1764
4652 2979 4557
2881
670 1812 1572
4031
1714 2736 3776 1507 3946 6204 2384 3793
3258 2663 5620 1937
2229 1707
4030
1440 1015 260
3782 2713 6687 3220 3218
1716 1707 588 6093
703 588 586 1825 587 593
4029
2893
4029
4030
3218 3394 5205 3831 1508 3870 6558 3453 3459 6880 3460
4030
2881 2848
4030
4029
3426 3379 386 5497
4003
5519
658 492 1812
4030
2795
4800
4030
5481 2716 1507 3637 3638
5782 3805
2126
2893
1507 1754 3883 829 2313 4388 3276
2427 5877 2977
2881
4030
4030
2584
2881
4029
3978
4029
2881 1660 4334
1716 1716 1716
4041
702 1812 670
4030
3548 5678 2745
2904
4029
4035
4030
2881
4016
2881
4030
3782 3240
1579 495 594 665 4030
4030
3341 2318
4040
2881
4030
2881 2847
4029
4030 4016
3980
4030
2904
2904 4180
1753
4030
4029
3426
2893 4030
4029
5675
2881 2881
4005
2881 4040
4029
2850
2156 2733 2736
3552 3128 1507 2185 3254
4040
2287
4030
4029
5159 2403 1840 1695 1742
4030
4036 4030
4030
2881 3978
6817 6263
4036
4029
4030
2312 2173 3788
3266 3787 3220 6682 1508 3219 2577 3191 3782
1794
3427 2403
2851 3411 2850
6802 3226 2881 1507 6801
4030 2880
4029
2756 2589 4331 2756
1828 5218
1792 2279 2577
4030 4029
2126
2881
2904
1667 381
2904
3974 4030 1656
1812
6818
2850
5477 3859
4030
4030
4032
2904
2904
3782 2313
3979
2536
3776
3328
4030
4030
4029
4030
1656
702 596 657 657 1812 1572
4030
4030
4119 5622 3546 3247 2168 5478
4029
4030
2313 6155 2746
4030
4041
4029
2881
4029
4030 2881
2695 5500 2736 3667
5844 6193
5798 2721
2881
4029
4029
4030
3980 4040
4040 2851 2838
4032
4030
4030
2904
3190 5120 3553 2719 3820 2594 4793 3130 2202 3460 5205 2717 3821 3500
4029
1579 5836
2713 1812
4029
4029
4030
4030
4029
4029
4016
4029
1695 1626
4480 2318 2227
4029
4800
4030
2904
4035
2389 5251 4557 1507 2264 3121
1131 1008 5222 1010 1358 1087 1093 927 2709 4511 2702 396
4040
2859 4040 4526 4030 4526
4030 1642
4029
4029 4029
2572 1507 4335 396 2334 3460 2307 3258 2709 4029
2893
4034 4036
2595 3798 3781
2880 3905
4030
4016
4030
4030
4031
4029
4029 4029
4030
4040
4030
2905
2403 5622
4029
3978 4040
3979
4029
4036
1217 1440 261
5176
6525 6524 5478
4031
6801
3426
4030
4029
4016
5879 6199 2584
1579
4030
4030
4525 5503
4029
4029
4029
4029
4030
4029
1698
4029
4030
1708 1507 1936 260 3337 3453
1579
6628
261 1346
4030
4526 4040
4032
2845 6113
3980
4030
4041 5395
4036 4005
2904
4029 4029
2572 6196 3829 3784 3229
1812 1572 1825
3991
2904
4030
261 1021 424
4031
4030
1782 384
4016
4029
4029
3262 2310 6249
4030
4016
4029
3978 6114
4029
2881
4005
4029
5634 3652 2579 6527 260 2579 3357 3357 6527 5635
2313 4164 5619 5404 4163 5162 5203 2227 2746 3559 3556 5163
4029 4029
4029 1656
5671
1664
6643 5504 260 6263 2736 260 3229 3426 2500 5794 4164 3830 3783
6559
3240 6682 5810 4030 4118
4835
4029 4029
4016
1656
4040
3558 260 3807
4029
4029
4040 490 451 594 671
4191
2085 2311 5394
586 2307 6818
4030
4029
6539 2850 4029
590 659 703 1805 1694 6822 6817
1695
3427
4029
1579 1828 4346 1579 1828
1704 1703 3190
4033
4029
4033
4034 4030 4030
4016
4030
4016
4029
2851
2850 2858
3342 3837 2318
4029
4029
4800
4029
5810 1979 1507 1640 6683 2384 5810 6222 260 6251 6209 611 666 260 2168 6222 2736 1507 6683 3474 3435 5127 3182 3182 6817 260 1507 5877 2767 260 6222 2471 4298
4030
4031
3806 2696 2702
4032
4032
2868 5698 3834 3798 2385
4030
2183 5717
402
4030
6819
4030
2886
1828
4029
4030
1778 6558 5403 260 3680 6558 1733 3654 260 6558 260 1733 3655 6558 3270 1733
3426
3408 2880 2119
261 1361 1341
2904
2904
2313
5208
1358 1089 927 1014 1016 1008
4029
6801
1507 5798 260 3310 5160 260 2691
4029 1656 1656
2694 3219 2311 3219 3782 2736 2713 2311 3784
4035 2881
5496
2881 2847
4033
3229 2577 4164 260 3829 2585
260 5610 3189
260 6506 692 667 588 1629 3533 3532 260 3427 260 3532 5160 3532 260
6820 1663 1680
1507 3218 260 260 1180 3218 5222 1728 260 1728
3199 2280 2277 4184 4184 6506 2277 260 6218 6194 2277 1507
2904
4323
4016
5804 3239 3226 3298 3296
2764 6506 260 1642 260 488 2944 1694 494 6173 6194 3339 1698 6245 260 6218 3339 3323 6218 5634 6506 260 2161 260 3339 6251 2168 260 1698 6506 260 6218 3561 2718 260 5744 843 5344 6172
3780
2881
3435 1793 2595 260
4029
5481 2638 2595
1021 2384 1088 1014 4118 6558
4173
2219 3426
3024 5395 6245 3327
4029
5223
4030
5503
594 5666 2715 2561 5642
2880
4029 2140
6633 4317 261 1677 1742 1742 1655 5709 4317 260 6820 2938 261 1703 1705 3258 3866 5622 260 6624 5634 260 4317
4016 4003 4031 4016
4029
4419 3068 260 424 844 1131
4231 260 4216 260
2794 260 5478 2794 2156 6252 260 6252 260 2794 6252
3179 260 2959 2932 260 4269 2702 260 1932 3553 3830 2959 2932 260 260 2316 3427 5610 1932
2307 4068 6150
4029
6526
368 1276 1227 1328 1269 368 1328 1272 1227 1695 1269 368 1276 1333
2893
4016
4029
4030
4016
6184 3532 702 1572
4030 2881 4812 4821
1742
6804 424 5714 4323
671 500 589
5877
3977 1794
3195 2588
4030 4029
4040
6506 1758 260 3563
3546 3780 3547 3796
2904
3991
3182 5814 3601
1819
1021 1088 260 924 424
4030
4016
1346 1092 424 1358 1011 261
3427 260 5810 1972 2717
2881
3978
4029
3973
6628 1717
2313 2193 5714 5713 3788 1695
4029
594 2590 5696 3560
4029
596
4802 4800
4030
4030
5339
2756 588 2270
4030
4030 4031
4005
1945 2589 6558
3859 3831 3533 2319 3841 3196 2589 3828 2533 2269 2596 3806
4040
5207 2773 588 6173 674 488 2169 260
4164 4163 260 2193 5698 2159 261 5696
2736
927 1440 261 1010 1088 2193 260 3868 3859 1355 1010 1088 261 1346 1010 1355 1346 1088 261 260 3788 3796 3426 3805 2205 261 6558 260 6558 3796 2203 3829 3796 6559 260
4031
5414 5708 6209 1362 260 5708 2790 5810 1507 260 5414 5708 260
4030
4029
5690 2736
698 1080 1012 1355
5810 6222 2313 1507 5810 6222 2313 5810 260 2313 6222
2696 5812 260 3195 1507 2318 2529 5504 3788 260
2686 2319 3823 260 2349 2685 260 3878 3877 2334 2336 260
703
260 2313 2587 1717 6801 2980 260 2193 1640 260 1717 2579 2736 2577 260 3546 1640 2695 1640 2313 2736 260 3182 4450 260 260 2577 4450 4272 6801 5638 3796 260
3960
6150
3978
4031
3298 2736
4429 2147 260
4030
2881
260 3182 3783 5708 3426 5622 260 3783 2294 260
4029
2886 3978 2881
