5619 2792 2176 2228
2883
6096
4030
4030 2850
1579
5798 2347 3188 6570 2306 3546 3782 3189 2346 5634 2996 3256 3426 4181 3299 3305 2749 3298 6687 3190 6570 3327 5633 6570 2694 3782 5798 6137 4181 3189 5635 2346 3305 3231 3298 4191 3299 6687 3190 3298 4191 3305 3299
2904
5834
4030
4016
5495 2313
2880
4029
2905
4030 2904
2881
4030
4029
1658 671
424 1341
4029
2905
3552 3192 3553 2307 4511 3188
3821 2764 2270 2736 3191
2904
2319 2311 2311 2589 2319
5414 3195 3196 3019
4030
2904
699 424 6565 2269 2269 6565 424 6532 699 1088 1089
1656
2881
4029
4029
4029
4030
4030
4029
4030
1733 5502 5405
2905
4029
5847
4030
2049
4031
4029
2881
4029
1828 1571 1579 1828 1579 1571 3128 2277 3789 1579 3789 6687 6687 3789 1828
2717 2193
1656
2316 1661 260 2774
2904
6184 2794
4029
2905
3189 2694
660 611 702 596
2576 2578 4173
2306 1716 2948 5744 4430 2306 2091
6803 5190 3546 5843 5251 5250 393 2140 5419 2270 2983 2318 3093 4421 6804 5190 3381 5843 3093 1507 4322 4421 2983 5250
4030
1734 2269 5619 3227
6118
4029
5375
4030
4030
4029
4030
3128 3558 2311 6251
5619 1579 2183 3551 1821 3338
3978
4030
2904
5429 6558
3577
1697 1579
1793
2883
4036
2905
4030
3194 3195 3254
4029
2905
4029
4034 4029
4030
4030
3967
4029
4030
4029
4033
4030
2905 4040
5675
2795 2904
6099 260 5620 2310 2152
4030
2881
2575
2105
2695 379 1638
594 1579 5695 588 1742 5708 5125
4029
1655
4030
4029
3327
6138 5671
3051 2696
