2907 1501
2904
2907
4016
4016
3978
4029
2904
3305 3298 2694 3298 6801 3305 3298 6801 5717 3305 4191 3300 4181 5798 3305 3298 4181 4180 6801 3788 3069 5635 5731 3189 3324 6797 5810 3298 3300 6801 4180 3298 4181 3300 3786 1664 3092 2571 2749 6137 2584 4016 3786 6801 2748 4582 3327
2883
1572 597 671
1695 488 594 1572 671
3978
2907 1501
2907
3437 3437 1818 1695 1579 1818
4029
4030
4841
1753 1754 1753
3978 3577
4030
4016
702 1825 1812
4016 4016
3978
2883
4030
4016
1501 2907
1716 1716 703 1579
1528 2736
2904 4016
4016
2883
3784
4030
2576
4029
2904 4016
4016 4016
1840 671 594 1840 594 671
3186
4029 4003
3991
4016
4016
4005 4003
2904
3195 675 1572 675 1572
2904
4016 588
4030 2904 2869 2883 2871
4029
2850 4704 4694
2883
3978 2882 4030
4029
3978 3994
2904
3980 3991
4003
2883
2313
2904
2883
2904
4016
4030
2306 5713 3829 6570
3806 5810 3805
4029
4030 4016
4016
3324
2904
4029
4016
4029
4029
4032
2884
4016
2907
3194 3195
2084 2084 4016
4029
2883
4007
4016
4030
4029
671 597 1815 588 657 671 1810
2883
3978 2907 1501
4029
4016
4030
4016
4030
4016 4040
4029
1840 594
4030
4016 4016
4030 2907
3324 3323
368 1695 1228 1330 702 389 1658 671 1228 368 389 1695 1277 1330 2907 1330 389 368 1228 389 368 1330 1695
4030
2883
2736 2696 3226
2893 1752 2907 2269 1754
2883
4029
4031
2907
4016 4030
490 450 490 1572 1658 450 671 488 2883
4016
4016
2904
4031
4016
2904
2904
6801 2261
4016 4029
4016
2883 4029
2904
5166 6682 2772
1695 1697
1729 1742 1729
1819 1579
4030
4030
2904
3974 4030 3974
4030
1812 1572 671
1579
4016
4029
597 1572 657 1812 1572 656 1269 368 1227 1333 389
3797 1782
4016
4029
4016
1812 657 1840
4016
1501 2907
2904
2148
1782 384
4029
4016
4016
4030
3013
4016 5810
2907
2907
4029
4016
1754 5495 2313 2178
5810 1783 5810 6189
