4040
4800
4029 2905
6558 4030
2904 4030
4030
2904 4029
4029
4016
1656 4029
4032
4029
4016 4030
4029
4016
4029 4800
4005
4030
4016 6801
4030
5494 5502 6089 6817 6822 1660 6818 6099 5496 1733 6821 1664 3991
4030
4029
4800 4031
4029
4030
2881
4030
2905
4030
5406 4030 2905 4016
4016
1656 2905
4030
4005
4029
4029
2905
4030
2904
3955 2885
4173
4029 2405 6500 2694
3979
4029
4034 4036
4029
2840 2134 4031
4040
4016
4030
3978
4031
4029
1698
4030
4005 4036
4030
4029
4030
4029
3978 6114
4801
4030
2904
4029 1656
4029
2310 6559
2881
4801 4029
4030 4029
5706
2905
4030
4029
4040
4029 1656 1656
4173
2904 4029
4030 4040
4800 4031 4003 4016 4016
1656
4016
4030
2104
3427 6732
4031
