2615
1419 2029
3591
3611
2593
3829 4036
1622 1585 1749 3394 1355
3591
3565 3565
2414 3180 2110 3129
3201
5776 3612 3067
3617
2276 2325 2907
2455
3612
3611
1901
2611 2593 2593
3611
2455
3611
2455 1637
3589
3612
2593
1868
3575 2984
1025 599 535 3612
2612
3611
3613
3612
3612
3443 3885 2090
1916
2615
3612
3622
1861
4052 3621
3612
2455
2593
3612
2925 2076 2476 1577 2916
3598
3611
5456 5503
3611
2246 2064
3612
5825
1642 592 524
3589
2455
3611
3611
637 1530 444 594 1530
2032 4046 4055
1646
3612 3612 3612 3612
1863 2555 1910
2064
3611
3612
3615
3612
3612
3565
3611
3565
5070
2455 2426
3612
3614
6299 1586
4872 2198 2218
3611
3741
3571
3612
2482 3435 5141 4268 230 4095 4858
2847 1540 6052 1508 2514
2455
3410 2863 1492 5825 3464 5057 2509 3399 2931 3173 4591 3467
2155 2155
3621
3541 3612 1535 5055 4986
3611
3617
3611
3611
3601 3613
3587 3587
3613
3765 2307
3554
2455
3613
3612
3612
3587 3611
3612
524
3598
3612
3611
3611
2455
2964 2958 5516 1489 1601 2455
3565
1548
3611
3565 3587 3611
3611
3611
1599
2455
5220 1622 2615 1622 5220
524 529
3589
3611
3068
3612
2455 2070
2611 2615
3611
378 3067 1612 4045
2455
3611
1637 1644 604 604
1207 378 972
5986
3612
1413 604 1932 532
3618
3565 2603
3611
3565
3565
3611
3611
1582
3565
3612
3612
5157
3613
5007
2859 2068 2418 2919
3612
3621
3565 3565
3612
3615
3621
4890 5493
3288 3253 4545 5143
3964 2517 5074 3106 3009 1355 4110 3875 3394 4978 4110 2683 4976
5976 3769
3394 4522 3615
3612
2455 3598
532 2028
2431 4490 2517 5135 1985 3388
3611
4588
2455
3611
2064 5413 2076
3611
3611
3589
5439
3612
1862
3612
1355 2065 1985 2916 2858 4985
1652 524
3611
3612
2593 3612
3611
3611
1915
2593
3611
1466 637 1419
2593
378
3617 3617 3617 3617 3617
4052
3612
3693 2158 5510 4893 2007 2393
3618
2490
3611 3612
3618
4858
1548
4795 2071 2158 2071 3970 4795 4795 2158 2157 1478 4795 1478 2071 3970
5825
3426
908 3171 911
3611
2593
3616 3611
3615
3613
1926 2070 1516 1939 6032 2070 1992
2615
3612
1529 1646 637
525 591 5510 3068 4879 1413
3612
3621
5157
3612
3621
3565
3611
3614
1926
3612
2885 1993 4983
3491 4763 3385
3612
4591 1605 4606
2591 4046
3612
3005
3611
378
530 1413 1652
3565
1908 4046
3612
2455
4858
3612
3612
3617 3587
3622
3612
5070
5793
3612
2070 5056 1636 1932
3612
3552
3459 4740 3434
2139 3435 5027 5024 4593 4591
5220
3591
3612
3611 3611
3611
3611
3612
3612
3612
3556
3611
2455
3622 2593
5146 2029 914 3787 914 1219 3786 2029 5146 765 2029 765
2923 3177 604 1530 1737 1639 2064 626
3741
3612
2028 2918 2064
3589 5056
3612
4988
3611
2859
3612
2656 2865 2660 2004
3587
3616 3611
3621
2927 3405
3618
1623 6035 2455 1623 6035
3611
3612
4146
5825 2076 4795 2512
2593
1926
2749 3622 2722
3884 912 3068 907 2313 378 1281 3068
4872
3611
2455
2455 1496
3612
2593
2064 1926 3391 3413 5510
3390 4618 3733
3612
2596 3612
3587
3611 5146
3611
3612
3620
3611
2476 3302
2455
2578 3338
3612
3554
2065 4633 2868 2436 2859 5057 1355
3611
1906 3614
3613
3612
3612
3103
3615
3611
378 772
5157
3611
3612
5414 1585 4875 2578 1666
3612
5157
3612
3617 3618
361
4858
1901 3565
2593
3614
2455 3436 2071 1607 5994 2482
2615
3621
5064 5826 3388 5552
5135 4983 2482 3690
5493 3027 4708 347 5186
5825 4795
2591
3614
3611 3611
6001
5156
3611
3613
3611
3612
5070 5070 5033
2455
3613
3565
3612
4784 762 762 762 3615
3612
3611
3611
3621
3611
1481 1487
636 603
2593
3612
2591 3053
3621
3611
3589
3029 4056 5964 2110 5190 5960 3029 1355 3246 4890
5778 5033
2029 4009 4895 4795 2916
2615
3611
3587
3621
2434 2865
3613
3612
3611
2455
3612
3612
3611
4871
3565 3565
3612
5040 6053 6051
3611
3611
1872 1867 4958 4959 4532 2613
2615 3611
3612
2593
5187 1639 5188 2512 5007 1550 2512 4988 2163
3611
1500 5928 5157
2127
3029 1530
2071 2455
1575
3611
2593
3611 3611 4824 3565 3565
2593
5157
3611
3615
2603 3564 765 378
2859 2510 4880 4882 3621 2331 4858 2859
3612
5146
3068
3612
3611
2593
2178 5039
2615 2455
1639 598 1666 533 599 442 533 599 442 637
3612
3611
3556
2131
3612
3612 3612
3611
4740
3614
2615
1476 2958
2878 5927
2455 4292
3611
3611
3612
2593
5220
3612
1499 3612 2865 1498 1500
3565 3587
3612
2615
3589
5157 2957
3589
5865 3575 2615
1481
5501 4883 1535 6035
2394 3384
3612
2178
2952
5441
3611
2314
3544 2615
3067 3967
3611
3611
1534 3394
3612 2593
3201 2590
3611
3611
2615
3589 3587
2135 2134
2548 3611
3554
2114 5157 2115 2302 2114 2560 2114 2115 2114 2114 2114
3611
3612
2596 3343 4300
3401 1540 1492 1355 5001 2863 1729
1419 1646
3612
3591
5157
1496
1639 1637
591 1637 1634
3611
3612
1563 1355 2309 2802 2670
3587 3587
2593
3612
3612 1622
3611
3612 2615
3621
4740
3611
3612
1548
3611
3621
3621
2859 5157 2860
3622
3611
3618 3612
3424 3010
3611
3612
626 526
3590
2596 3621
5138 5157
3618
3611
5826 1355 2507 3973
3765 1927 1550 5990
2393 2153
3612
2615
3618 3618
3613
4622 4884 5138 2416 1930 2232 1355 5144 2892
3591
4722
3587
4858
2611 2591 3616 3618 3618
3612
3611 2455
3611
3612
3068 2265 2858 2891 4997 1551 1551 2265 3068 2891 4997 6032 4988 6032 5057 2891 1551 3068 5510 3391 5006 3068 2891 1551
3612
3611 3611
2593
3613
3615
2455
5157
3611
3615 3615
3613
3014
3601
3612 1862
5157
3611
3612
3611
3611
3565
5218 2490
1419 2491 2007
4799
3351
3613
6035
5826 4582 2193 5055 5066 2437 2858 4884 1355
2156
3621
3612
1639 1413 603
2037
911
2904 2455
2455 3621
3391
4146 3059 2593
2455 1488
2603 3622
3613
3565
1530 434 230 532 605
3614
6032 2416
3611
3612
3565
3611
2593
2905
3612
3611
3611
637 2593
3611
5146 5794
1500 1511
1639 1655
2455
3612
4778 4884 231
2455
3611
5825 2065 2076
362 984 1586 911
3613
2455
2455
5146
3612
3611
330 1110 1183 1611 350 345
636 1530 637
3966 3972 1478
3621
3611
4605 2507 2857
3612
3613
3612 3612
2615
3612
3620
3611 1915
5146 2070 5932 2416 5146
3611
1877
3611
3589
1523
3611 3611
230 4583 3469
3612 3741
3618
3089 4515 2139 4983 5825 5064
4858
2455
3612
2593
2455 4890 230
1493 1493
3612
1909
1646
3612
3565 3565 3565
5146
3612
1296 974 1023
5156
5432
3611
914 1208 2438 3068 1226
3612
1500 2997 2868
3988 3394 5000 4660 2395 4545 1355 1529 5157
3612
5188
3612
524 1637 1413 599
3612 2455
4858
2455 3611
3618
230 1355 4268 2071 5075 1227 231 912
2916 1480 3618 3067 2891 3391
3614
2070 3261 5778 2857
3591 3591
3612
3621
3617
3611
3618 3614
3612 1512
1947 4766 3067 3395 3469
1892
3612
3612
1888
3612
3459 2064 5058 1497
3051
3612
3612
3612
3615
5149
2591
6035
3611
3611
3613
4046
2593 3344 2569 2567 2555 3336 1769 3621 1769 2314
2455
2455 3895
3611
3612
2455 3612
3612
4193
2615
5157
3621
5435 5450
3612
3612
3612 2615
532 594 1666
3612
3621
2455
6036 1623 1625
1520 2593
2455
1612 3172
5414 1480 2004 1480 2393 2004
1477 1480
3611
2418 1639 2418 1639 1419 1419 4858
3612
3621
3612
3611
3618
5975 2218
5143 2455
5157
3621
5033 3388
5507 3875
3612
3611
3611
2455
3615
6049 5826 2851
3611
3611
3612
3621
3611
2555 3051
3612
3611
3615
2679 2865
1915
3613 3613
2639
2593
2896 5220 5157
2144 3252 3253 2801 3294 3859 1355
4996 2994 5143 1576 5219 2615 2560
2593
1768 2036 3988 5873 4839 1355 2509 1947 1945
3612 2615
3612
1956 3395 2395 2865 2317 3691 2329 1944
5146 3068
1419 230 1921 610 4878 2979 1530 4045 1354 4878 4045 1530 2393 231 1419 610 5066 230 2978 4045
1413 600 532
4396 3979
3589
3598
3611
3616 3618
4342
3612
3612
3612
2455
4046 3613 3587
3618
3612
5007 3766 2418
3611 3611
2512
2593
2593
4834 2071
5157
3612
3611
3612
3565
1749 1355 2860 2069 1511 1950
3612
3615
230 5138 2488 2463 4875
3612
3612
3612
230 1227 1207
3618
1901
3565
5143 2431
3615
3612
768
3618
3611
5778 5033
3612
3612
3691
1547
2065 1958
3611 3611
1575 5559
2615
5157
2455
3611
2850 2954 2516
2615
2593
3741
3611
3611
4858
4875
3612
3611
5880 2218 3395 4627 2232 2593
3565
2476
3612
3611
2858 5220 3690
1530 526 1530 607 1612 591
3029
626 549 584 403 636 604
5157
3611
3615
2455
5002 1607 4766 1501 4858 5776 4795
3592
3612
3567 2512 4797
2593 3565
4794
3611
5990
2593
4884 230 5886 5466
2615
1466 1419
3612
2615
3611
3754
3611
1920 5501 4635 2046 230
5501 5056 230 5056 5482 230 1749
3612
1741 2920
4146
3613
5141 3297 3261 5027 3246 2455
1529 5928
2615
4052 3612
605 1637
3611
3067 5505 230 3391
3612
1023 378
3611
3029
3565
3612
3565
2455
2969
3611
2661 1962 2644 1355 230
2593
1529 1655
2070
3611
3611 3587
2590
230 1355 2272 3855 3988 2270 1355 230 2276 2393
3611 3612
2065 2923 2662 3977
3611
1903
606 1025 532
231 403 1646
2982 2464
2511 4983 2854 1355 6032
2603
3611
2615
2916 3009
3618
1934 2266 3067 2864
2954 3622
3615
230 3393
3201 3611
2314 2855 3386 4857 2854
3621
3611
3612
3611
4799
1639 1413 1652
2615
3612
3611
3560 3587
2455
3617
2615
4879 1927 230
5157
1551 1355 2997 2851 5512 5513 5037 3988 5038
378 765 378 231 3184 1355 230 6048 1508 5569
3614
230 5456 5146 5056
3611 3611
2314 2316
3621
3612
3613
3611
3613
5144
230 5456 4880 4883 1497 230 1497 230 1497 230 1497 4880 5456 4882
2591
2455
5932 3420 4629 2455 3390 3465 2317 3389
3565
5146
2222
3615
3612
3612 5146 3612
2907
1498 1498
3612
4797 2583
3587 3611
5144
4513 4512 2071
1576
3170 5071 230 2894 3656 230 5143 5070 3389 1652 526 1025
3556 3571
3611
2077 2077
3556 4791
3592
3612
3611
2593
3601
2593 3565
3615
345 1611
2870
1355 3854 5071 4803
5432
1355 230 3157 2931 5456 3068 4879 5778 230 3158 5456 3068 3157 230 5778 230 3854 5489
3612
3590
1894
4994 2321 2455
2957 2957 3621
3393 1551
3621
5055 2455
3611
5510 2071
3615
3611
3611
3224 2865
2594
2603 545 595
345 1611
3611
2894 3170 3611
5073 1595 5002 2028 1355 2886
3611
3611
3611 6048 3611
1217 1222 231
620 1076 364 624
1516 1516 1516
3611
3618 5432 1614
2314
3068
4884 3565 3766 230
2164
2593
591 583 626
3611
1529 1419 1530 1419 1962 5825 1529
1551 3611
5157
3741
3062
3612
974 230 1217 921 921 230 1413 549 594 1497 5569 5558 230 526 437 230 608 1530 5075 230 230 2978 917 983 4743 1218 912 5880 594 526 1530
2595 3543
2455
3611
2593 3612
4637
4357
3615
2455
3611
2233
3612 3620 4052
3612
3612
2455
438 529 231 604 437 1655 403 605 526 1655 1025 1655 1413 549 231 604 231 526 438 637 604 1655 604 1655 231 526 526 604 1530 526 231 1655 604
3389 2416 2314 230 1203 230 1222
1595 3693 2070 2877 6032 2571 6034 3330 2071 2455 5774 3693 2877 2851 2416 4969 3694 2455 3693 5220 4858 2876 5500 3694 2876 5218 5218 2877 2885 3598 5218 1907 4969 2071 3694 2877 5038 6034
3611
3613
2611 2615 2612 3896 3573 3612 5876
2490
5146 2418
2466 4621 5065
3291 4874 4988 4577
1626 2314 4857 230 4070
3615 2593
3615
2455
5157
4278 2064 1355
3611
3394 5825
3612
5157 3611
5458 2070 2490
3611
2321 2713
4858
3435 3157 230 5507 230 2489 5507 5058
231 1562 1073 1049 526 435 1506 1652 231 1530 231 603 453 610 435 1078 230 1050
3621 4046 4742
3412 4858 3390 2323 2455 2979 2434
1749 3170 1935
3613
3621
2455
3611
3611
2865 2885 2431 2859
2076 4851
3377 3372
911 977 909 1216
3612
5156
3571
2488 3390 3067 3388
2615
1861 1895
3612
3621 5814
1216 983 911
3974
2979 4793 3388
2210
3611
2593
3611
3621
3617 3617
2593
3612
3611
2615 2596
3611
2955 1502 2958 3756 2957 2895 6032
3611
6034 1923 230
2611 5913 3611
2560
2578
3611
1530
3612
3556
3612
3565
3053
3611
3611
2481 6049 230
2615
1646 1530
6032
3883 5886 3420
4893 230 4895 5776
3612
2028 2064
3598 3598 3598 5157 3621
3611 1500
4146
3614
1505
3612
3612
3611
5219 6034
5777 5777 5098 230 1355 230 5098 3402 230 1550 2317 5146 230 5146 5075 1355 230 5146 230 2317 2323 2481 3870 2969 2640 230
5144
2615
3106
2271
5826
3621
3612
5157
2317 5501
2036 2032
3435 2314 1508 230 2868 3436 230 1355 3185 2064 2744 2265 2491 5489 230 5778 4154 1509 2868 3435
2392
3435 3402 230 5075 5075 230 5836 230 5075 4881 3402 5778 5075 230 230 3157 5075 230 3157 5075 230 3389 5778 230 3157 2978
2256
2464 4742
4808 2071
231 1403 591 526 591 1413
3618
230 5075 3386 5778 230
3611
3611
3622
3613
2416 2891 2140 3394 1944 4858 1967 3393 2455 4630
5075 5075 5510 5510 5510 230 5075 230 5070 5510 5826 1995 5075 230
3436 230 2886 2032 2323 230 2490 2314 1935 230 230 5143 2969 3387 230 3436 2315 230 5512 1935 1607 2999 1355 230 2323 3108
2071 2937 2888 6097
3612
3612
3611
2615
1646 1419 637 6032
2557
2611 4970 2004 4965 3612
533 1639
772
3565
3618
2593
1877
3591 3565
3626
3611
605 526 445
3076
3612
3612
5157
5825 5825 5825
3621
3621
2226 2157 2982
1023 921 987 378
3612 3612
3615
1419
3611
3612
4046
3598
1576 4873 2419
3962 2756 230 3962 230 2756 2357
909 1216 975
5826 230 5559 1927
2484 2323 1355 230 3009 230 2323 2323 3108 230
3067 1992
3611
2601
1493
345 1611
4742 4886
3612
3611
1637 1652 434
3611 3611
3420 3766 3394 3405 916 4070 2431
2593
3612
2593
3617 3618
3611
5932 1953 3390 3067
3579
3612
3565
2068 2615
2071
3611
1548 2036
3587
1611 345
3613
4889 1465 5559
3611
2892 3405 3765
2865
5493
3612
3586
3612
3621
3613 2020
3622
2593 3567
3612
3617
3269 3277 4858 3389 3391 4858
3283 4983 6032
2611 1906 2530 4046
3878 1551 3756 2958 2957 2455 3878 3878 2455 2957 3756 2958 2455 3878 3756 2958 2957 5218 1551 3756 1551 2958 2957 5218 3882 5218 5007
3611
4660 3411 4986 1355 1939 2065 3183
2530 1913 3620
527 605 1025
1639 532 1466
3611 3612
1328 1303 1283 1276
1551 4740 5932 3394
1992 6034
5053
3617 3617
2603
3565
230 1218 921 988 2978 5569 1355 230 5069 5558 920 1218 974 230 1023
5157 5144 5156 5157 5156 5161
3611
3612 2593
378 2651
230 4861 1962 230 2850 2524
2908 2707 2064
2603
5869 5435
