3859
4016
4029
2883 4016 2851
2883
4029
3227 2277
4425
2307 4016
1694 5794 1643
4029
2907
4029
2313 702 597 591 2883
2883
4030
3789 6189 1695 597 5203 6559
4030
703 5222 1734 1695 703
4031
1734 2427
586 5698 5697 2270 5697 6143 4016 5836 3256
2904
2484 384 1782
4030
2904 4029
4016
4007
4029
6801
5189 4584
6199
4029
4016
4029
1764 2907 1754
6558 2169 598 596 5478
1937 3196 1819
4030
586
4016
4040
586
2904
2883
2883 4040 4030
593
1501 2907 2306
2893 5207 6802 6802 2313 2718
2883
703 1626 3190 3829 5478
2883
2883
2907 3969
2883
1819 703 1579
4030
4030
4031
2883
3229 2904
4335 1828 1579
3220 1508 3815 5205 3788 3222 3830 3195 3816 5622
2907 2907
2884
4030
2884 2883
4029 2883
3298
4016
4029
2883 2085
3796 3194 3218
2895
4016
3222 6871 3788
4029
2907 2318 6194 3244
2883
4016
2771 5414 2772 2765 2771
4030
1794 6804 6804 6806
4016
2306 5619 5610 3337
2312 3190
1754 1764 5388
3978
1819 4016 703 1579
3519
2408
4016
391 5422
2125
2318 2883
4016
6559 3821
3266 3254 6559
4016
2883
6685 3226 4525 3796 1507 5493
2883
2883
4033
4029
4030
2883
1660
2883
2792 3789 2575 3806 3801 3807 3195 3783 2273 1507 2695
4003 4003
4016
4029
2907 2902 2850
4016
4041
4029
6098 6093
4040
2893
3241 6565 2653 3787 3128 1507 5676 6559 2354 3381 5842
4030
1734 2312 4016
4016
3978
4191 3298
1507 3551 2245 2175 5478 3789 1700 3788 1507 1700 2183 5478 3562
6189 5794 6558
2906
1810 1695 492 671
3978
3426 1812 702 702 1810 1812 702
4040
2716 3661 3624
4029
4030
2904
4640
3648 5620 5716 1664
2883
4005
665 1812 703 671 495
2904
1572
2883 2884
4029 2907
4029
4030
4031
4029
3427 3784
4641
5798 1733
4016
4989
4030
4029
4030
4016
3978 4029
2270 5642
4640 4030
3176 2709 3254
586 1812 5744
2884
4016 4016
6804 3219 3219 5676 6801 1507 6804 1579
5709 1655 2695 4016 2699 1507 3784 6559 2402 5695
4016
2756 2193
4016
4016
5369 4016 2578 1754
5635 3381
6735 2312 3829
6113 2907
6687 594
4029
4003
4641
1695 1694
3427
2884
4033 4035
4016
4005
2883
3978
4016
4029
3807 3788 4335 2575
2883
4029
2906
4029
4040
2883
2904
2313 2159 2273 3195 2957 2156 2771 4651 2713 2313 1507 3218 2944 3195 2156 2159 5695 2273 2313
3560 3789 5634 4016 1572
6224
4029
4016
4016
1812 5845 2312 5405
1498
4029
4029
5740 2084
4029
1650 6215 4005 6222 5810
4036
4029
4029
384 1782 6114
2904
2883
2277 5640 4688 6559 3011
2904
4030
3298
2883
4030 2907
2867 2907 2084
4029
4016
1812 1579 2312
4016
4016
4030
4029
4029
2956 3190 3427
4029
4031
4016
4030
4029
2907
4029
4016
4029
2189 1805 597
1819
2883
4016
4016
4016
2907 2907 2907
4016
2883
3196 5617 260
4016 4030
2907
2907 1501
4016
4029
2847
4029
3377 4641 388
3298 4040
4029
5494
2907
4030
1819 1694 2194 1579 3427 499 588 675 593 1681 1840 1694
4016
4298 260 1731 2534 260 5744 6252
4641 1319 389 1838 368
2895
3288
3227 4016 5798 6801 5478 4328 1661 5698
4030
4421 1695
1717
4030
4029
4035 2850
2482
5810 6143
2125
2907
4029
4030
4016 2907
2907
3978
4029
1695 1724 1681 1662
2907
6166 3191 3188 2713 2310 3219 6559
1574
4016
3978
6113
2904
4016
5495 4429
4029
260 3625 2595 5164 1650 260 260 4496 260 3176 2595 2595 260 1937
3190 3978 3243
2883
4016
4030
5794
3978
2907
3973
3519
4030 4016
4029
596
4030
5499
2904
4030
6628 2430 1758 2694 2430 2694 5403
4903
2890
2907
4016
1828
4030
5468
5692
1226 368 1329 389 1278
4029
5698 3310 260
4016
4016
4016
4029
2883
2883 3985
2893
5343 6803
2907 3735
4030
4036
4180
5414 6206 5622 2812 6099 5842
2883 4030
4030 2906
4016 2893 3973
6804 3215
1507 2306 6222 5810 5810 1507 2306 6222 2306 6222 5810 261 2306 5810 6222 260 5810 2306 6222 1507
5494 1664
2883
4029
4016
3978
2884
2745 2319 2312
2169 1819
2866
2883
4030
5713 2770 2770 5713
2883
2590 1734 2694 3781
2907 2907
2147 3775 260
3968
1695
4641
2907
2907
1650 2777 5478
4030
3978
1695 1695
3240 2306 5641
5404 6147
1733
2084
4191 3296
2883
