4031
2147
3190 6687 5634 2749 3189 6683
6558 2881
4016
1812
2880
3427 5696 5698 1015 6800
1656 4029
2905 4003
4030
4030 2883
4030 2883
424 1341
4029
2307
4030
4029
4040
4029
4029
2904
1579 703
4030
5808 3219
2773 2774 1695 3426 2765 2774 2773 2774
4029
3839 1729 1579 1910 1683 1579 2722 1729 1579
4003
4029
4030
2794 5404
4003
2904
2881
4029
594 1807 660
4040
4029 5114
4030
4030
2893
4030
1695 488 660 1658
4030
3577
4033
4029
1228 389 368 1658 702 669 1328 671 1330 1228 368 490 389 1658
4029
4034 4029 4173
4030
3978
6133
4030
2883
5620 6559 260 1665 3533 6099 3891 6559 260
4029
3577
1729 1579 1579 6687 591
4029
4030
4030
2410 2405
3195 3819
1005 6801
4029 4030
4030
2790
