911 979 1219 378
1191 1159 330 339 1160
2590
5157
2064
5932 3390 1952 5826
1492
1500 5065
753
4875
5157
3611
1646 1939 1568 4890
604 3176 532
2455
3616 3587
6032 3388 5830 3402 5836 5000 3394 1492 2416
3621
2325 3382 2070
3612
3611 3611
5146
3621
3611 1493
3612
3611 2591
3611
765 2489 1222
3555
3611
2615
3590
2547 1872
2571 4937
3612
3554
3605 5932
5157
3611
3068 5056 3611
5156
3612
3067
2201 2208 2593 2029
837 2615 984 633 2028 983 984 5799 921 838 2320 2328 2989
2064 3029 1208 4861 1203 1222 2270
5157
3612
3612
3621
1496 2455
3611
2394
3612
3611
4875 2163 3394
3611
3621
3608
3611
2615
3618
3611
3611
2626 3598 2455 2073 4857
3384 3677 1568
3612
3587 3617
2615
3611
5157
3613
364 5409 364 2436 3765 1932 582 624 2892 2396 621 1076 2808 5979 3970 4988 4858
3611 2615
5157
1412 1412 1412 1412 1412
1639
3615
5157
3611
2069 3266 3302 3260
230 2047 2491 2074
5778 3274 2394 5005 5007
2818 6037
5146
4823
2723 2090
3621
3614
3611
3029
4931 1539 2510
3612
3621
3611
3612
3560 2615
1937
3611
2615
2324 4070 2325 1576 4794
3611 2455
5146 4884 3968 4880
636 594 532
5157
2315 2317 2313
2064 2654 2652 4988 4578 2302 2438
4988 6034 4660 3964 5187 2683 2780 3029
3613
2615
1575 2455 4861
5157
2077
4514 2065 2920 3076 3078 2925 1355
2859 3390
3587 3611
3613
3611
3612
5466
5157
442 5932 2865
3611
3612
6328 2071
610
3616 3067 3618
3604
2615 2615
3616 3617
3566 2615
2073 5156
4070
5157
3611
1529
3612
3615
230 4274 1355 5826 230 1355 4986 2510 4622
3612 3612
3611
3611
3029
3611
3601 3587
3611
3613
1548 3614
3612
3611
5157
3614
2455 3598
3612
3611
2850 5155 2848 5155 3068
3616 3611 5157
5157
2455
3611
3611
2614
5157
230 3389 5932 1590 2320
2614
3621
3614
2614
1558
2591
2927 3429 2884 4270
4794
2455
378 982 1218
3611
1935
4628 1500
5866
4545 2670 1639 549
5157
3612
2614
5146
6032 1567 2650
5157
2205 2219 2225
2615
3612
5157
2064
1817 4627
5988 5069 2463 2487 1605
2615
3611
4988 2894
3620
2455
1639 5932 1412
2615
533 600 442 599 532 1645 1530
3612
1576 3029
1558
3617
6034 3590
3620 3616
3613
2417
3617
4881 4881
