5496
4016 5496
2904
3196 5502 6821 1936 3182
1664
5496 4016
4029
5502
1664
5502
2904
4005 4016
5496 4016 4016
5502
5502 4016
4016
1664
5496
2891
4040
1664
5496 4016 4016
2850 2884
4029
3266 3293 3821
5502
5494
3460 2313 3220
1664 4016
5502
1664
2907
4016
5496
4016
2126
5502
1664 3776 2918 3776
2883
5494
1664
6559 6818 3252 1664 3196
1664
1664
1664
4030
4016 5502
5494
2906 5496
5502
4029
4030
1664 4016
4526 4040
4016
4016 4016
4016
4029
5494
3549 3256 3426 3426 3256 3815 3549
5496
5496
4033
4016
2907 4030
5502
5494
5496 4016
4016
4016 5502
5494
4016
5502
5496
5494
5502
1664
5496
4016 2307 1579 6801
5494
5502
4030
1664
4029
4030
4029
4016 5496 4029
5502
4016
2883
5501 424
5496 5494
1664 4030
5496 4030
4030 2105
1704
4029
2883
4016
5494
4029
2884 1754 1764
1810 5494
4016
3784
1664
5502
4029
2883
5496
5502 4016
5502
1664
5502
1664
6802 5879
5218 3796 2175 6687 5698 2663
1664
5496
4016 5502
1664 4016
2319 5165 3789 5218 3788 2694 3553 2317 4117 6565 3199
3427 3859 5502 3789
5496
5502 4016
1664
5502
5496
5494
5502
4016
5494
5496
5494 4016
4040
5502
2883
4016 2709 6565
5496
4030
4040 2883
2883
1664
5502
5496
5496 1572 588 671 671 597 1629
2883
1507 2312 6147 6817 3227
671 488 3229 1812 1572
2313 3358 5496
3093 2943 6801 5177 2808 3789 2269 2623 5108 4421 3381 5622 1507 5496 4112 3789 5306 4421 6801 5843 4115 2623 5619 5513 3381 6255 1770 3358 2801
5494
5494
2577 2736 2152
4016
5496
5502
5494
4016
4029 4003 5496
2883
1695 6558 384 1675 3866 1782
5502
2907
2906
3989
5496
5494
5494
4016 5502
2907
5502
1828
5502
1626
5502 2883
5494 4040
5502 4029
1131 1360 424 843
1579 1818 1697 588 3437
5496
2704 4118 6804
5502
5494
4016 1664 3978
5494
6549 4016
5498
1664
4016 2883 5494 4040
5502 1640 3327
5502
4003 4003
5496
4016 4030
3978
5496
4030
3189 4335 2183 5181 488 1626 3553 2589 1828
5496
5496 1741
5502
5496 2765 6559 3784 4016 2883
5496
5502 2904
4016 4016
4016 5502
5496
5502
2882 4016
2884
5502 4016
1664
5496
4029
5494
2403
4016
4029
6089 6147
4016
5502
1781
4016
1664
5494
4016
1664
4016
4016
4029
843 424
5502 4016
5494
4030
1754 5496
4016
5502
4029
4016
1664 4016 4029
2883
4007
4016 5395 2736
2125
2883
5404 6194
5676 3781 5504
2906 3994
4030
5502
4031
5496
4030
6534 2850 2883
4003 4029
5502
5496
5496
843 424
2126
3978
4016 5496
5496
5496 4016 3991 2907
1794 6804 6809 6804 6809 6804
4016
829 5494
2906 4030
6559 5794
3793 2306
4016
1664 4005
5316
4030
1664 4016
5502
4016 5496
1664 4030
3226 5713 2307
5494
5494
2850 2851 2906
1770
4029
4032
5496
4016 5502
5496
4016 5478 6801 3239
5496
4003 4030
1664
4016 5502
2904
1507 3460 3662 2578 1664 5696 5622
4030
5496
5496 4029
4016
5502
5496
5496
5496
1664 4005
5496
4029 5502
1753 1754
4029
1664 2883
5496
5496
2883
5496
4016 4016
4016 5502
4016
1664
588 665 5708 488 6186
4033
5494
4016
2894
3414 5502
4016 5502
4003 4003 4003
4040
4016
4016 5494
3218 4319
4016
4030
5502 4016
5496
2884 3744 2630 3779
1819 2307
5496
1664
5494
5502
4007
3601 3781 2894 3226 1507 5695 3381 6806 3381 3049 1649 3744 2767 3244 5809 3381 3227 1717 6565 5794 6804 6801 1507 5164 1810 3049 4557 6801 6226 3381 5809 3240 6801 4285 3381
1664
5496
4016 4016
4016
5494 3324
4016 4030
5502
5494
5502
5496
5496 4016 4031
3978
5494
1664
4029
2883
3980 2883 4016
703 1716 1579 1716 1716
1664
1705
3519
596 492 1695 657
1664
5496
5502 670 4016 1812 1810 1572 670
5502
4030
2883 2883
4016
4016
5494
2084 2884
5494
4016 4030
3783
5502
4016
2126
5836 3298
3190 2794 5503
5496
4029
424 934 1089 260 1736 1696
4016 5698 2667 6558 3196
4029
5494
4016 1664
5494
5494 4016
1656 5494
3978
593 671 488
4016
5494
1664
2173 2312 5697 3426
4016 5502
3240
597 3426 703 495 665
4029
5496
4040 5499
5494 2904
4033
1664 4030
5502
4016 3426 5494
1664
1664
5502
3213 3292 3241 2311 3548
4029
4016
1341 4323
1734
4016 3416
5502
4030
5502
2883
4030
4016 3381 5514 667 4016 672 593
4034
3305 5502 3298
5496
1664
4016 5496
4016
1664
1664
5502 4016
4331 3227 1972 5879
5494
671 702
2312 5496 3782
5496
4029
1664
4029
5502
5494
5496
2886 4016
4033
3978
2883
5496
5502
5502
5502
5494
6570 260
5502
5879 5844 3194 2721 3834 1655 1507
4016 5502 4016
5494
4989
5494
1664
5496
5496
4030
5496
5496
2882
3560 5494 5798 2175 3190 4016
5496
4030
5494
4016
5494
4016 2883
4030 4036
3195
1664
6801 1664 3781
5494 2904
5502
4016 5496
4030
2906
5494
5502
1782
4029
5502
4016
5496 4030
4031
1664
4030
1664
4016
4029
4016
4016
2248 1819 5494 4525 2883 3342 6558 1507 2759 1819 2249
5494
5496
5496
5496
2893
5496
5496
5496
4029
1664
4016
4016
5494
3978 2884
5502
5494
2882 4030
5494
1664
4016
2193 2756 2193 2756
2883
5496
2883
5502
4030
3180
4040 5502
4016
5496 4016
2924
4016
4040 1656 1656
5496
5494 4016
5496
2471 3241 4525 5496 5502 3227 3254 3241
649 672 692
1664
5496 4016
1664
4517 1572 586 671
5502
2312 1734
1697 2771
4016
3229 5494
1664
4030
5494
2906 5494
5502 4016
6149 2883
6093 5496 4016
4016 1664
5494
4031
5494
2904
2306 2306
1932 260 1935 1937
1664 4016
3980
4016
2893
1664 4030
4016
1664
3776 5494
4016 1664 1579 1695
5494
3196
2906
4016
5502
5496
4016
3734 4016 424
2884
1664
2589 5180 1664
5502
4033 4035
5496
4016 1664 1656
5502
5502
5502
3280 4016
5494
4016
5496
703 2575
5494 4016
6570 3829 2306
4016
5494
4029
3821 260 2772 260 1345 1367 1012
5502
1507 3805 5810 3180 5496 3805 3806 1507 3426
5496 4016
5494
5502 2128
4016
5496
5496
5502
5496
1664
1664
2883
5496
5502 4016
5502 4016
4016
5502 4030
3978
5496
5494
5494
4016 5494
2904 5494
5494 4016
5494
2906
5502
4030
2883 5496 4016
4031
4016 5496
5502
2850
4030
2886
2904
4016 5502
5496
4016
5494
5502
5496
2904
5496
4016 5502
5494
4029 5494
5496
5494
4029
3859 6805
5497 2858
4040
3191 2306 3548 3190 2173 2663
4016 2883 4016
5496
4016 5496
2884 2084 5571
1694 703
5494
4016
5494
4029
5496
4016 4005
4029
4016 5502
5496
4016
1694 5502 6189
1656 4016 2084
5496
4016
3980
5502
4016 1782 384 5502
5879 5502 2587 3195
260 1972
4029
4040 5502 2883
1664
4040 4526 2860 2405 1752 2403 4040
4030
1642
4284 5798 4285
4029
3784 5496
5494
5502
4030
4040
5496
1664 4016 4016
4030
4030
5494
4036
1664
5502
5499
5502
5496
4029 5496
5502 4016
5496
2307 4040
2277 5640 4688 6559 3011
4029
1664
5496
5502
5496
5494 4016
5494 4016
1664
5496 4016
3899 5496
5496
4030 1664 5176
1664 4016
1377 1346 1345 1366 5789 2742 260 261
4016
5502
5494
5494
2906
5502
5502 4016
4016
5494
5494
3189 4016
5502
1664
5494
5496
5502
4016
5494
2884
5496
4016
4029 4016 5496
2584 6149 6199 5502 2584 2125
4030
5502
4029
5496
5499 4016
2906
1664
5502
4029
2904 1664
1664
5494
5502
4016
5494
5494
4029 5494
4029
4029
4016
5494
2907
4016
2906 1664 2850
1733
4016 5496
4029
5496
3840 2319
5494
5494
5214 260 3453 1936 1708
5496
5496
4030
2883
5502
5494
4029
1345 1361 4016
6547
2883
4034 4029
4016 4016
5499 5839 3196 2736 2209
4016
4029
4016
6549
4016 4030 5502
5494
4016 2424 5502
5494
4040
260 5511 2530
1664
6800
5496
1664
5494
5502 4016
4030 4016
1579 1664 1695
5494 4016 4005 4016
1341 1089 424 1356 1016
1707
1819 5369 1677 5496
3196 5617 260
6817 3356 6822
5494 4030
4029
4030
6559 3218 5214 3219
5502
1752 2410 2269 1752 1752 2269 6558 1752 2273 2269
4030 5496
1664
4016 4030
2205 2206 6209 6817 1507 260
4016 5494 4030
4030
5496
5496
5496
2907
5496
5496
4016
4016
4029
5496
1187 260 417 425 1728 2768 260
5502 1664
5494 597 5635 2529 4319
4029
4016
5502
5496
1812 3426 1658
4036
4016
5494
5496 4016
4016 5496
1664 4016
3426 6527 3357 5695 3652
4016
5494 4029
5502
1810
5494
5502
4016
5496
5675 5671
5502
5502
1367 844
3978
1664 4029 4003 4029
1664
5502
5494
6559 2318
4016 5496 843
1341 424 1173 490 4016 5494 596 1695 672 5678
1579
4029
5502 4016
5496
4016 4016 1656
5502
4016 1664
4029
6643 260 6199 6209 2764 260 6199 2790 2790 260 2764 2161 2168 2773 2522 260
4016
671 490 450 1664 490 450
4016 5496
4191
5494
4016
4016
4032
5496
5502
5496
4016
4016 1664
4016
4030
5496
2883
1664
2884
5502
5494
4030 2907
5502 4016
6687 2584 2571 3782
5502
5496
1664
5494
4040
5502
5496
3969
4016
5496
4030
5496
5494
2883 2885 5494
4016 5496
2194
5494
2893 4016
4016 5494
5494
4337 1346
5496
5496
5494
4030
5502
5496
5496
4030
5496
5496
6215
5496
5502 4016
6558 2663 3876 4180 1507 260
2883
5496
5502 4016
2904
4016 5496
5496
5502
5496
1664
5502
5496 2890
5502 4016
4030
3968
5494
4029
5502
260 4298 3182 260 3182 6827 260 4317 3229 260 3199 2663 6683 1507 5810 6683 2471 2579 1507 3552 260 5744 3199 260 2579 2410 2219 1683 2471
2883
4016 5494
5494 4016
3561 3460 5665
4625 3603 260 3532 260 1093 1440 1013 1367 1005 1093
6801 260 2790 2156 5500 6249 3548 6801 260 2219 6246 6173 260 6250
424 5502
4016 5494
5502 4016
5494
2904
5502
2904 4016
4016 402
3229 5672
2850 2902 4016 2906 1664
5502 4016
3189
4031
6558 2883 3782 1752
4035
2405 5698 6262
4016
4512 4462 4266 4270
4016
3519
4029
4035 1656
1695 1729
4029
6113 1642
2906
2906
4016
4016
4029
5494 5696 6188
5496 703
1675 5701 2164
6726
3978
6166 3191 3188 2713 2310 3219 6559
4029
4035
1572 5496
4016
2904 5494
5502 2883
2906
3552 2773 260 260 5414 6173 5496 2587 260 2938 260 3427 2774 260 3533 3532 3532 260 2773 3270 3323 260 2774 260 5414 260 2773 2168 4432 2774 260 6173
1664 5494
3218 260 1188 260 1183 1728 1728 260 1182 3218 3218 1184 1728 260 1728 260 3218 1187 1507 1728 260 1189 3218 260 1186 3218 1507 1728
5494
4030
3969
597
1664
4016
3298 3296
6506 2161 260 5698 6506 2768 5698 260 2623 4337 1507 260 3546 260 5794 5711
5502
4030
4016
5502
4029
4029
1648 3252 3549 3546 2766 2992 4278 3007
5502 2128 2882
3182 1937 260
4029
692 492 3783
1664
5502
2883
4040 4016 1664
5502
5494 4016
5494
5494
1716 6189 1675
2354 1664 2709 3664 2547
3978 3974
4016 5845 2312 1507 2759 2219 5496
5663 5218 4119 3813
1664
4030
4030
3978 5496
5504 1507 3229 3205 5798 3218
5494
4118 3199 5494 2306
4030
5496
1664
4016 2906 4016
4003 4029
5496
4016
5478 260 3192 1707
2883
5496
5496
2907
2905
2932 1507 3019 3357 260 2699 260 2709 3062 3323 3324 3339 260 1507 260 3357 4879 5677 3339 2932 3019 260
6150 2884 4068
5496
4029
4016
1664
6775 2694 594
5494
3519
4034 4030
1656
5494
2265 5218
5494
5494
4016 4030
2313
5496
3978
5494
4029
5619
5494
4029
5502
5494
4029 1664
4016
4031
4030
4040
1501 2907
6806 4793 4127 5612
1664
1664
5502 4029
5502 2906
4016
5494 1015
5093 2280
2882
4029 4016 4030
1664
2148 1716 3227
5502
5502
2891
4040 5502 4016 4040
5494
3199
4032
5496
260 3227 5617
3788 2736 6682
4029 4030
5502
5494
5692 5692
4029 5502
1664
5494
1579 1819
5496
5496
4016
2244
1697 1782 384
4016
4029
5496
5502
4033
5502 4016
2904 5496
5496
4016
4030
5494
2907
5496
5502
4016
2696 2695 3973
4016 5496
5494
5502
4016
2883
4029
4033
5494 4016
4030
5494
2219
4016
5494
2577 2790
4030
2893
5343 6804 5494 6217 6804
5494 4016 4016
1664
5496
5494 597 1815 657
1664
2907 3735
4180
1664
5494 2904
4016
1664
5414 6206 5622 2812 6099 5842
5222 260 2565 260 4317
4016 5502
4030
260 3859 6245 6559 3453 3792 261 2193
5496 4029
5502
5494 4016 4029
260 2771 2168 1507 2219 2218 6245 260 5710 5708 6245 6173 6017 260 3894 1507
4030 1664
5502
4029
2125
4030 5502
5496
1507 2306 6222 5810
5494
4016 1664
5502
5494 4016
260 6820 1932 1507 1640 260 2568 2384 2694 260 3803 6801 396 5612 260 6818 6801 6822 3293 5205 260 3258 260 5610 2313 3293 2578 2684 2306 260 2590 2193 2578
4016
1664
5502 2850 4016
4016 4029
5502
4029
588 261 4322
2169 1819
5496
4016 4029
2883
2906
4040
6172 5478
6194 260 2773 6189 3601 2771 260 6201
2313 2577 260 2764 2313 260 2768 2736 6251 1012 1131 1440 260 1089
4041
4029
5798
4030
5640 6245 6624 260 6173 4525 6624 260 6263 6208 3827 260 5714 5618 260 5500 5503 1661
3781 495 2587 2402 1742
2147 3775 260
6548 2845
5671 3262 1936
6263 2218 260 2219 1507 2717 4651 6624 260 2717 260 5519 5618 260 5713 3892 5222 6624 260 3601 3229 260 3892
3305 4191
4030
4036
4030
1079 1016 3426 1355
1754 5495 2313 2178
5176
3782 2578 3797
2709 3241 5676 3219
6123
5478 2447
5500 1012 1016 6138 4337 1008
2906
5404 2766
844
5571
1008 698 1089
4640
2084
1665 6822 1662 6506
