5174 2736
6873
4800
1810 588
4005 402
4030
6737 6739
3784 3189 3199 3798 4800
1729 5794 2756 1729 5794 2384 2756 2812 5794 1729
4803 5513
4803
4803
2881 4041
4029 2905
2904
4030 2353
4016
3782 3191
2307 5840 5709 4311 3241
4800 4029
4800
4801
4029
6558 4030
4800
4800
692 1695 6739 703 1695 1734 1229 1322 1734 497 611 661 1695 494 1695 502
4801
4029
4005
3978
4030
2795
718 3435 2572 4118
4801 6817
1742 1742 4030
607 1734 2427 3866 495 2307 665
4030
4016
4801
2313
4030
3955
4800 4016
2883
2904 4030
4041
4801
4030
4800
4802
586 588 1133
4031
4030 4526
6587 6743 2261 1361 6802 1367 2593 844
2219 3342
2954 2904
4800
3907 3901
506 588 6739 3052 593 3426 5878 657 5505
2904 4029
2881 4800
4029
2881
2883 2851 2901 2852
2811 2764
1077 424 1088 699
4030
4803 2881
4029
4029
4029 2904
4005
396 4784 4270 4783 4118
6255 5203 5792 6168 2746 3190
2588 3426
6558 1440 1008 1361
4029
588 1572 671 671 588 1133 671 588
4802
2904
6802 2307 1733 6209 6802 5207 5708
488 671 702 594
5478 3474 2313
4016
2850 2881 2852 2131
5477 3563 2736 3788 1507 3829 3196 3194 3254
3978
4029
2881
2851
4800
2881
4801
588 1695 671 488
6558 3549 2696 3805
1133 1812 664
4005 2881
3222 5617 5810 4783
3819 2983
2838
2175 346 3179 3789 4784 2202 4783 5877 2264 6559 2205 2957
4029
3192 1792 6559 2269 3780 5847 3199
702 6739 1810 660
4514 4272 4369 2482
4800
4016
4800 4029
2883
2904
5812 4514 5805
3964 4030
3093 4180 3082 2568
4030
4030
4029
4030 4030
4800 702 586
5174 3472
4029
4030
4030
2265 1088 1021 1012
4802 5403
2886
4016
4003 4035
4030
4036
2904
2904
4016 4030
4030
3978
2880
2881
2261 5083 4783
490 1805 1695 2313 424 1345
4030
4800 4029
4800
2881
2500
843 424
4803 2881
2904 3426 3821
4016
3239
4030
4800
4802
4029 4016
4005
4029
4030
700 1825
4029
6209
4801
3830 5619 3805 1744 3182 4784 3807 2809 3186 3789 3819
2881
4800
4031
424 1345
1714 2736 3776 1507 3946 6204 2384 3793
4803
1006 924 424
4030
4800
5713 2699 2484 2718
3258 2663 5620 1937
4800
2590
1440 1015 260
4030
1752 1770 1754 1753 4030
4029
4016 6801
3782
703 588 586 1825 587 593
4029
2893
4803
4029
2880
2850
2881
6822 1660 6818 6099 5496 1733 6821 1664 5494 5502 6089 6817 3991
4800
2136 4029
4030
5222 4720
5665 587 1807 3426 491 1812 2722
4030
4003 4003 4003 4003
5519
4802
4003 4029
4030
2795
4800
6789
4030
4030
5481 2716 1507 3637 3638
2881
4800
5782 3805
4029
4800
2126
4029
2402 5696 2589 6199 2577 5478
4802
4800
4801
4540 2917 4117 1507 1754 3883 829 2313 4388 3276
2427 5877 2977
4029
2881
4800
4030
2584
4800 4031
4030
4029 2893
2269 5341 1747
4029
2881 1660 4334
1716
4029
1011
4041
4801
4030
2904
4800
4030
5678 2745 3548
4802 2881 4801
1642
6803 3472
4030
4029
4035
4030
4016 4801
2881
4029
4016
2881
2881
4030
4801
3978 3782
594 495 703 665 594 665 703 495
4030
3341 2318
4040
2881
4801
2881 2847
2905
4800
4029
3980
4030
4800
4801 3305 2904
4802
1753
4030
1714 2313 3813 3788 4122
4029
5406 4030 2905 4016
4801 2904 4801
4586 2316 3339 6246 2269 2317 2174 3426
4030
4800
4016
5675
4388
4040
2881
4030
4005
4005
2881
2881 4040
2766 2161 260 4625
4029
4800
4030
4029
2850
2156 2733 2736
1321 378 368
2287
2904
4030 4030
2280
5159 2403 1840 1695 1742
5786 3229 3226 3240 3243 3219
4036 4030
4801
3038
4029 4034
6817 6263
2904 1810
4029
4029
4029
4029
611 5643 2193 1810 2736 2307
4030
2883
4802
3244
4800
3427 2403
4802
2109 2881
261 843 424
4803 4029
2756 2589 4331
4032
4016 2905
1828 5218
1792 2279 2577
4030 4029
3191
2881
2881
4801 2904
381 1667 379 1724 1667 381
4030
4029
843 1341 1217
2904
2905
3547 3195
6818
4029
4029
5877 5618 5617 6252 6808 5713
2850
3195 5218 6189 2764 2168 2164
5477 3859
4802
4030
4030
6682 260 5495
2904
4031
1714 5503 6738
3782 2313
3979
4802
4800
4802
4800
2313
4191 5260
3776
3328
2881 4802
4030
4030
4030
4803
2881
702 596 657 657 1812 1572
4030
5676 3179
2881 5387 3020 3001 5642 5622 6822 2972 5695 6199
4030
4802
4800
4800
4030
261 4783 3558 1010 260 1356
1744 6525
3180 3254 4793 1810 3806 4793
5716 3459 3814 3559 2663 5612 3834 5622 1507 3460 5617
4016
3955 2885
5478
4029
4801
4800
4030 2881
5798 2721
4030
4800
4801 2904
2881
4030
4800
4800
4800
3980
4029
2838 4040 2851
4801
1695
2904
4029
5709 5836 2281
4800
3298 2696 2713 1812
4800
2577 2736 5814
4029
4029
4029
2886
4803
4030
4173
4029 4802
4016
4029
4480 2318 2227
4801
4030
4800
4030
4802
3979
2310 3830 1935 1655
4802 2904
4035
2389 5251 4557 1507 2264 3121
2881
1131 1008 5222 1010 1358 1087 1093 927 2709 4511 2702 396
4040
4040
4526 2842 2857 1507 4040 4801 2859 4040 2815 4030
4029
4029
1642 4030 1642
4029
4029
2709 2572 1507 4335 396 2334 3460 2307 3258
4034 4036
2880 3905
4029
2904 4800
4016
4030
4029
2840 2134 4031
2578 4800
4029
4029
2881
4040
4802
2905
4040
2881
4365 2547 2403 5622
4800
4029
4016
4803
4803
4802
2790 2587
4029
3978
3979
4029
1131 6252 424
4036
1341 261 1361 843 1366 1341 261 1361 843
4800
2386 6751 3788 3254 2385 3562 3825 3259
3247 1731
5478 6525 6524
4031
5789 2881
4800
3426
4030
3981
4030
4016
1579
4030
4030 4800
4800
2588 260 2589 2311
2880
4030
4802
2904 4800
4030
4029
4030
4800
6263 3819 2590 6804 5222
4030
4029
424 5045 1009 1345 1217 7173 1341
1698
4280 4802 2318
588 1825 594
4029
1131 1013 1354 260 1011 934
4030
1579
4803 6628
2572 2695
4030
2881 4801
4800
4800
4029
2904
2845 6113
4803 4802
4800
6525
4639
3980
4803 4801
3093 2384 3427
4030
4800
4800
4800
4800
4005 4036
2904
4030
2904
4828 2896 2883
4029 4029
4029
4800
2904
4030
1367 261 843 1021 424 261
2849 2845 2861
4029 4031
4803
2736 5610 2704 3258 3243 2148
2881
2881
4016
4029
3262 2310 6249
4030
4030
4029
3978 6114
2904
4801
6562 2312
4029
4029
4031
2881
2585 5676 1716
6113
4800
4030
2579 5634 3652
4802
2313 4164 5619 5404 4163 5162
4029
4029 1656
3989 5671
1664
4029
6643 5504 260 6263 2736 260 3229 3426 2500 5794 4164 3830 3783
2310 6559
3240 6682 5810 4030 4118
4835
4029 4029
4029 4800
4803
4040
3558 260 3807
4029
4800
4802
4029
4029
451 671 490 490 671 1658 490 671 451 4040 490 451 594 671
4191
2085 2311 5394
4802
4800
586 2307 6818
6801 5622 3243 3192
4029
4802
4029
4029
3427
4800
5794 3533 2979
4800
4029
1695 703
2904
6558 6527
1626 1828 703 1828 1579 1828 4346 1579 1828
2904
4033
4801
4029
6801 490 670 611
3427 1810 1819 1579 2307 1694 2736 1579 1819 1810 1825 1133 1694 702
4034 4030
2881
491 658 1812
4800
4029
1133 1810 675 1133 669 1810 669 1572 1810
4030 4029
2851
5706
4802
3788
4030
3342 3837 2318
4801
5478 2410
4029
381 1667 6189
4800
4030
6801
4029 4800
2600
588 495 260 1810 1840 1572 1498 588 260 660 498 660 495 588 1498 1840 260 495 1825 588
4036
4800
4800
4029
2983 3199 2441 260 2471 2704 3603 6683 1932 260 1507 666 260 4317 1640 1507 492 588 2218 3474 1935 260 2663 1970 3603 260 4612 1749 666 1805 5744 6222 260 1640 5810 1979 1507 2384 6683 6222 5810 260 6251 611 666 260 2168 6209 6222 2736 6683 3474 1507
5502 1700 3426
1807
4030
4800 4016
2168 3323
5714 260 3532 260 2161
1184 1728 260
4031
260
2904
402 402
4032
4029
4803
4029
2905
1717
4030
402
4030
6819
4030
4029
2886
1729 1828
4030
4029
4032
3789 6559 3655 1778 6558 5403 260 3680 6558 1733 3654 260 6558 260 1733 3655
3426 3426
4016 3360 5714
2881
4030
5643 4202 4837 2163 5794
4029
3408
5395
5222
3981
261 1361 1341
4029
5519 6803 7003
1818
2904
4040
4030
1358 1089 927 1014 1016 1008
4029
5744 2578 260 1507 260 5511 5744 5478 5160
3426 1660
4802
4029 1656 1656
4035 2881
5496
2881 2847
2694 5834 1625 3069
4803
4033
2600 1507 260 5810 2584 3426 5801 2585 6508 260 5634 3556 1507 260 3258 6251 260 3182 3450 3229 260 3229 2577 4164 260 3829 2585
260 3532 1507 260 3829 2932 260 5481 2932 260 3532 3532 260 3178 260 3822 3179 260 260 5477 5797 3829 3783 2231 260 1937 260 6506 692 667 588 1629
1579 703 1828
6820 1663
260 1626 3218 5612 3218 6817 5810 5619 260 1821 3218 260 5306 3427 260 3218 1507 260 1180 3218 5222 260 1728
2280 6506 260 3199 2530 260 3182 4184 3182 260 3199 2280 260 6506 2280 1662 260 6506 3199 2280 2277 4184 4184 6506 2277
2904
588 594 596
4323
2313 6199 6138 260 2257 6199 260 6189 260 2746 2745 5696
5804 3239 3226
4030
3546 260 5698 5698 260 3546 5698 3556
2764 6506 260 1642 260 488 2944 1694 494 6173 6194 3339 1698 6245 260 6218 3339 3323
2792 1660 2313
4800
2587 2694 3182 3785
4016
3780
3190 3834 3782
2904 4029
4029
2904 4801
4348 6726
2881
4933
260 2270 3182 2759 3822 260 6558 3182 260 2270 3435 1793 2595 260
4029
2310 2736 2261 3784
4040
3859 3841 5814 4319 6802 5414
5481 2638 2595
4800
6805 3427 3549 3256
3974 3985
2219 3426
4800 2379 3024 5395 6245 3327
4030
594 5666 2715 2561 5642
2881
4030 4040
4029 2140
596
5360 3199 1677 5499 260 3258 5499 260 1677 6633 4317 261 1677 1742 1742 1655 5709 4317 260 6820 2938 261 1703 1705
4800 4031 4003 4016 4016
1695
4419 3068 260 424 844 1131
1361 261 260 4472 4231 260
2794 6252 260 2794 2794 2156 3472 260 2794 260 5478 2794 2156 6252 260
4803 4029
2402 4118 3817
502 3834 588 672 2316 5612 488 490 2161 6262 2719 260 1507 2193 5207 6218 260 1932 3552 3190 260 1193 3178 1159 260 3179 2959 2932 260 2702 4269 260 1932 3553 3830 2959 2932 260
6856 2307 2307 4068 6150
4029
4803
4030 6526
4933
1656
4802 1276 1695 368 1333 368 1276 1227 1328 1269
4802
4802 4029
4016
4029
4800
1970 3254 4793 6559 5306
3218 6527
4800
4801
2880
4800
4030
4801
4802
5497
4800
4803
4016
3978
2904 4800 6184 3532 702 1572
2881 2589
4030
3426
4802
4030
2581 1798
4803
4800
6804 424 5714 4323
4802 671 500 589
5190 4928 6251
1812 1579
4030 4029
4800
4040
4803
4029
4029
6506 1758 260 3563
3547 3780 3547 3199 3546 3780
2904
4029
4801 1742 5809 3781
4030
260 4784 6801 1793 260 4513 4118 3806
5810 6624 2270
2079 4029 3991
3182 5814 3601
4005
1819
4802 2881
6827 6251 260 5712 5712 260 4317 6251 3324 6827 5511 5466 260 5511 260 6817 5497
4030 4030
4030
4016
260 3426 3199 5810 3553 2219 3190 3427 260 5810 1972 2717
2881
586 1810 1812
4800
3758
260 2193 3199 2161 594 1812 1825 1572 260 1825 260 1812 1572
4029
3254 2694 3196
6628
4029
4800 4030
3085 2756
4030
6753
4034 4036
4029
2881
2881
594 2590 5696 3560
5554 2790 3969 5207
6687 2694 2694 6687
4029
3190 5343 3426
4029
4802 4800
4801
2104
4029
4029
5339 4865 3305 5339
2756 588 2270
6135 2881
4030
3188 2588 260 5086
2378
4005
1945 2589
3859 3831 3533 2319 3841 3196 2589 3828 2533 2269 2596 3806
4040
2168 506 260 498 2307 495 2774 5207 2773 588 6173 674 488 2169 260
2881
3450 4164 4163 3553 4164 3453 4164 260 5696 261 2943 5698 4164 4163 260 2193 5698 2159 261 5696
2736
4030
3427 6732
261 1088 1355 1010 1358 1440 261 1088 1010 3831 3189 3191 260 3831 3830 1440 1010 261 1088 1088 261 1355 1010 1507 3868 3805 260 2161 261 1010 927 1440 1088 260 3868 2193 3859 1010 1088 1355 261 1346 1010 1355 1346 1088 261 3788 3796 260 3426
850 2270
4031
3806 2155 3426
4029
5690 2736
2881
2313 5810 6222 261 6228 260 2313 5810 5810 6222 2313 1507 5810 6222 2313
2696 5812 260 3195 1507 2318
4800
3561 3877 260 3258 2792 3822 2336 260 2686 2319 3823 260
6726
703
3342 3796 2983 2313 6801 260 3796 5477 260 6801 3182 260 2577 3783 5306 6801 2587 260 3052 1640 6801 2979 260 2313 2587 1717 6801 2980 260 2193 1640 260 1717 2579 2736
4029
6150
1579 260 588 703 611 1498 703 1498
3978
5355 5810 5810 2471 3298 2736
2881
260 3182 3783 5708 3426 5622 260
