1664
1664
5496 4016 4016
1664
5496 4016 4016
5494
1664 4016
5502
4016
5494
2893
4030
2906 5496
1664
4040 1664 4526 4040
4016
5496
5494
4016 5496 4016
4016
5496
5494
5496 3978 4029
1664
5502
1664
4016 5502
5494
4016
5494 4016
4016 5502
3978 5494 4016
4030
4016 1664 3978
4030 5494
1664
5502
5496 6720
5494 4016
4016 4016
4029
4036 4433
4029
1664
1664 4029
5502 4016
4029 5496
4030
4016 5496
4029
2906 3994
5502
5494 4016 4031 4003
1664 4016 3978
1664 4005
1664 4030
2906 5502 3969
5502
4030
5496 4029
5502
1664 4005
4003 5494 4031
5494 4040
5502 4029
5494
5496
5496 4016 4031
5502 4035
5502
2906
5494 4016
1656 5494
3978
4016 5494 4016 4016
1664 4030
4032 6089 2906
5502
5502 4016
1664 4005 3978 3978
2883
5494
5494
5502
5496
5494
1664
5502 2332 4521 4029
1656 5496 4003
4031
5494 4016 2883 4016
5494
4016 5496 2906
5496
5496
5496
4035
5494 2906 4040 1656 1656
5496
1664
3426
6149 2883
5502
4031
5494
5496
1664 4016 4016
4016 1664
1664 4016
5502
5494
4029
4032
1664
1664
2904 5494
5494
4030
5494
4030
5502
5494
5496 1656 4016 2084
1664
1664
5502
2307 4040
5496
1664
4030 5502
5496 4016
1664
1664
5502
5494
2906 1664 2850
4030 5494
4030
5494
5496 4030 4016
4036 5494 4016 4005
5502 4030
4016 5494 4030
4016 5502
4030
4029 5496
5496
5494
4016 5494
5494
4016 1664 4016 4029
5502
1664 4029
4040 1664 6559 2318
1664 4016
5496 1656 4016 4016
5502
5496
5494
1664 4016 4016
4030
1664
5496 4029
2883 2885 5494
4016 5494
5494 4016
5496 1700
4030 5496
5496
5494
4030
2850 2902 4016 2906 1664
4029
4016 3519
4030
4035 1656
4016
4029
1664
1664 1656 3978
2904 5494
3969
4030
4029
4029
5502
5494
1664
5496 4016
4003 4029 5494 4016 4003 4029
5496
1656
4031
5502
5494
5494 4031
5496
4016
1664
5494 1656
4031 5494 4016
5502
4029
