1664
1664
3426 5502 3807 3552 3195
5496
597 1664
1664
5496 4016
4029
5502
5502
1664
2904
5496
1775 1819
2891
1664
5496
2850 2884
4029
1664 4016
1810 1664 5794 1729
4003
2126
2883
5218
1664
2893
5496 597
5502
4016
4029
4029
4016 4016
5494
4029
5502
5496
4029
4030
4033
5494
5502
5494
5496
1667 381
1664
5496
4029 1664
4016 2307 1579
5502
4030
4016 5496 4029
4016
1664
5496 4030
2883 5494 3991
5494
5502
4029
1764 6547 1754 6558 2884 1754 1764
5502
1810 5494
1664
5502
1793 2883 5879 6802 5879
1664 4016
2319 5165 3789 5218 3788 2694 3553 2317 4117 6565 3199
3427 3859 5502 3789
5502 4016
6879
5502
6797
4040
2883
5502
4030
4040 2883
2883
5496
1507 2312 6147 6817 3227
2307 1972 5744 4016
5502 2904
2313 3358 5496
5494
5502
5496 3788 2716 3243 4117
4030
6558 1695 1675 3866 1782 384
5494
5494
4016 5502
5502
1828
1626
4016 1664
5494
5494
1664
4317 1695 1579
5494 2883 3978
2168 2312 4016 3784
3189 4335 2183 5181 488 1626 3553 2589 1828
5494
5494
5494 2883
4016 5502
5496
1664
4016 5496
5496
4035
5494
1713 1650 3241
2904 1664
4016
5496 2883
5494
1664
1664
4016
5496
4030
5496
1664 4016 4029
2883
5496
5494
5676 3781 5504
4030
4031
5496
2883 3190 5710
3799 5496
5494
2126
6804 6806 1664 1794 6804 6809 6804 6809 6804
3793 2306
4030
5502
3979 1754 1764
5494
1664 4030
3226 5713 2307
2850 2851 2906
1664
4032
5496
5496
5496
1664 2904
1664
1507 3460 3662 2578 1664 5696 5622
5496 6548
5496
2125
5496
5496
5502
1664 2883
5494
2883
5496
5494
4030
588 2318 2980 5878 1815
1664 4016
5496 1714
5496
588 665 5708 488 6186
5494
2894
3414 5502
4016 5502
4003 4003 4003 4003
4029
4016 5494
3218 4319
5494
1695
5502 4016
1664
4029
1819 2307
1664
4007
3601 3781 2894 3226 1507 5695 3381 6806 3381 3049 1649 3744 2767 3244 5809 3381 3227 1717 6801 1810 6565 5794 6804 1507 5164 3049 4557 6801 6226 3381 5809 3240 6801 4285 3381
5494
1664
5496
4016
4016 4030
5494
1664
1664
5494
1705
2185 5496 2183 2313 3229
1664
4029 5502
702 670 586 5502 670 4016 1812 1810 1572 670
4029
4016
5494
5502
5836 3298
5494
3190 2794 5503
5496
5494
5502
593 671 488
2883
3381 5494 4016
597 3426 703 495 665
5496
1664
5502
3213 3292 3241 2311 3548
4029
4016 3416
5496
2883
4030
4016
4029 1664
1664
5494
4029
1664
4031 5675 1731
2886 4016
5496
5496
5496
5494
5502
2883 4040
5494
1783 5496
5496
5496
4030
5496
2883
1664
6801 1664 3781
4030
5494
4029
4029
1664
1664
1664
1664
4029
2736 3427 5642 3226 3783 6218
2248 1819 5494 4525 2883 3342 6558 1507 2759 1819 2249
2883
4029
1664
5496
5496
5494
6804 3226 2883 3190
4034 5494
1664
4016
2193 2756
2883
5502
4030
3180
4016
3381
2924
5496
1664
5502
2312 1734
5494 5387 5709 3176 2772 1697 2771
3229 5494
1664
5174 5422
5496
5494
2281 2536
1664
2883
5496
2904
2306 3219 2306 2306
2893
1664
4016 1664 1579 1695
5494
5502
1579
4030
2883 4030
2589 5180 1664
5496
5496
4016 5496 4016
4029
5496
5502
5496 703 1579 703 2575
4016 5496
5494
5502
2883
5496
5502 4016
5502
5496
5496
5494 4016
4031
4016 1664 6122 2850
5502
5496
1664
5496
4029
5502 2904
5496
4029
5497 2858
1664
4164 5405 2175 2667 1507 3553
1694 703
3196 2312 5405 5844
5496
5496
3980
4016 1782 384 5502
5494
5879 5502 2587 3195
4030
1642
5798 5502 2717 4284 5798 4285
2883
5502
5502
5496
5502
3226 3240
4029
5496
5478 3195
5502
5494
5494 4016
1664
3899 5496
4030 1664 5176
1664 4016
1664
4016
4016
5494
5494
5494
4029
4029
5494
4029 4016 5496
5496 2904
5502
1664
4029 4029
4029
5494
4029 5494
5496
4036
1794 5494
1733
4016 5496
4029
5496
5496
2883
5502
5494
6547
2883
1664
5499 5839 3196 2736 2209
1664
4016 4030 5502
5494
2531 1819 1664 1819 1579
5494
4030
5502
1664
1579 1664 1695
2261 1579
1707
1819 5369 1677 5496
5494 2904
384 1664 1782 4016
6559 3218 5214 3219
5494
4029 1664
5502
5496
4029
5494
4030
4029
4029
5494 597 5635 2529 4319
1812 3426 1658
4036
1664 4016
1664
1579 1695
1810
2883
3978
5502
5502
4029
5502 4016
3342
4016 1664
1664
4016 5496
4191
5494
4016 1664
4029
5502
2884
5494
4030
4029
4030
5496
4016 5494
1579 1694 2194
5494
2904 2883 6549
5494
4030
5496
5496
5502 4016
2883
5494
5502
5502
5494
5502
5496 5339
5496
3561 3460 5665
1093 1357 260 260 1086 4625 3603 260 3532 260 1093 1440 1013 1367 1005 1093
2883 5502
5502 4016
2904
5502
3229 5672
1664 2796 3785 5798 1792 5782 2623 3189
4030
4031
4031
2709
4035
2405 5698 6262
4016
5494
4029
2796
6113 1642
5496 703
1675 5701 2164
2883
6728 6721
5494
4029
2883
1572 5496
5496
1664 2748
5502 2883
5496
2906
4030
597
3298 3296
4029
5502
6817 2544 260 1937 3182 1937 260
3781 6194
5502
2269 2736
1664
5494 4016
5494
4030
4016 5845 2312 1507 2759 2219 5496
2882
5494
4029
5494 2904
1664
5496
1664
5496
1708
4016
5496 1828 1579
5478 260 3192 1707
2883
5496
6150 2884 4068
6775 2694 594
5502
1667
5494
5494
4016 657 1812 4016 1572 4016
5496
3978
1664 596 1579 1657 3195 6687 596 1579 590 1729 596 1657 596
5619
2883
1661 6804 1664
4029
2313
4030
4040
5496
5502 4029
4029
2882
3973 2893 2891
3199
5496
4029
5502
5692 5692
1579 1819
2640
5496
1742
5496
4029
2904 5496
3213
5502
4030
5496
4029
5496
3548 1753 588 702 665
2883
4029
5494
4033
5422
5494 4016
4030
2219
2890
4029
6251 3559 1650 3558 6173 1643 3556 5207
2577 2790
4030
5343 6804 5494 6217 6804
1664
5496
2851
2884 6116
4016 5494
4180
260 2159 5622 5635 260 6245 2159
4029
5496 4029
1664
5481
4029
5494
588 261 4322
2218
5798 3000 3082
2883
5713 3196
4029
6172 5478
4041
1733
4030
3781 495 2587 2402 1742
6548 2845
2893
4030
4030
4036
4030
3295 2965
5176
3519
3782 2578 3797
5478 2447
2906
