1579 2270
1812
2883
2883 4029
5478
4030
4029
2901 2883 2883
4039
5810
2307
2736 1810
4005
2111
2883
1695 594 5205 2759 498 670
2736
4029
1734 703 2277 1972 1695 495 703 1695 497 660 1695
4003
1819
4029
4030
4030
2883
5810
2792 3793 3270 3549 5174 3869
4202 2566
2736
586
4030
1770 1764 3305 3299 6206 1652 1770 2736
1714
4029
5879 1793
586 586 591
4191
4029
4030
3978
4525
703 1828
5810
4029
3473
2306
2140
1626 1579 703 2736 1626 703 1579
4030
4029
4030
5478
1714
4030
2155 2312 1681
2588 3533 2772 5713 1579 1972
4030
4029
2736
2881 4526
3259 2178
5798
5478
2868
4030
2736
1714
3801 3785 1507 5879 3218 5617 2335 3196 2176
3411
6150 2883 2091
2736
3218 2313 2709 3830
4030
2736
1714
1794 6804 1807 1794 6804 2736
4029
5798 3972
3232 6194 3426 2790 5176
3226 5218 2592 5511 4203
4030
2306 2155 3785 3807 6199
5387 1764
4030
5798 3807 3533 5500 3191
5478
4033
2797 593 1572
4030
586
5478
4032
6108 3011
5798
4029
4029
2140
2736
2736
703
2736 3427 1812
4007
5495 2705 5416 4540 5416 3381 4540
4029
4030
4030
3978
3980
4040
6099 2313
4030
2767 2197
5478 2697
2736
4033
5798
2179 2774 5505
4039
2663 2736 2696 3194
1840 665 1579 597 2527 1812 664 1840 595 665 495
5478
1638 3299
2883
2883
4030
4029
4030 2883
6252 2130
2883 4033
657 1810 1805
1714
4029
5810 594 1828 1828
4319 588 1695
2736
4029
4030
4030
1716 4202 6752 2156
4029
5207 5505 5789 2694 2159 2482 1507 5795 3227
5478
4029
1717 3427 2522 3189 3226 5631 6801 1717 2522 3427 3226 5631 3427 5622 6801 5697 3226 1717
2979
1714
2736
2130
1579 2774 2244
6804
5635 3862 5505 5165 3241 6559 5695 1507 5405
4040
1812 1572 669
3240 2736
5810
1650 1649 2736 1650
2742 2741 2747 5794 5798 2744
3381
4033
2736
2838 4030
6184 6559 2539
2736
4029
3227
4031
2848 4030
6189 4796 3782 2694 2792 2164 5798
4030
671 488 450
1819
3342 2592 1699
4450 3788 5634 5250 2667 5125 1507
5810
4030
4029
2736
1579 703 5478
2883
2883 4030
2736
4030
4029
4030
2883
4029
4031
2736
2447 2468
2902 6117
2736
2736
2454 2441 1794 2482 6504 1794 2529 2247 4078 1794 1796 6805
2313 1629 594 660
2694 3213 2696 1812 2696 1812 1579
4030
5794 2736
6738 6527 6739
2883
1714
4180
2736
3215 5810 5879 3231 5879 5810
4040
4030
4030
4029
5798
4030
4030 814 666 598 1572 2883 1572 666 594
2883
2883 2130 2850
4005
384 1752 1782
2883
5505
1944 1507 3191 2311 1675 2179
5418
5713
4030
4029
3181 5786 2765 2762
2736
5478
3038
4030
6624 2468 3789 5212 2482
5798
5810
4033
4030
5404
4029
3978
4640
2838
1694 6683
1810 3866 671 1810
6558
2736
4029
3295
5810
3789 1793 1703
3259 2313
5478
4029
2736
597
3219 3859 260
4030
3243
2313 5083 5082
5635 4202
3978 2736 3969 3985
384 1782
3807 6558 3342 3189
3298 3298
4029 3229 3546
4640
2883 3978
4029
4030
4029
1810 494 1133 1825
2736
2885 3989
5209 1770
1341 260 1361
1782
2736
4030
4035
494 586 1133 260 1810 598 261 588 611 1810 588
2696 3234
4029
2695 4323 3829 3532 260 6196 260 2772 6196 5698
3806 5478 3784 2587 2736 3324 2713
2736
2883
4030
4029
3196 3219 2709 3190
5798 2736
3985
4030
597 671 1840
2736
2883
6801 1782 3226 6801 3296 3226 6804 3226 6801 3296 1666 3299 4191 3298
2850
1695
4030
6137 6141 2736 5343
5501
6651
1819
4034 4039
4032
4029
2736
3472 3472
5798
2736
2588
3978 3978
588
6099
6252 2797
3796 2704 3789 3560
4030
4029
4029
4191
2717 3785 3781 2579 3784 5789
4633 4927 4848 4637 1652 5767 1758 5634
595 1812
6194 3802 594
5798
2156 6559 260 6252
2736
2694 3229
384 1782
5343 5507
2736 3196
4030
4030
1579 596 1571 596 596 1571 1579 1742 586 1579 6202 1812
5427 3195 2313 1681 2313
1782 384
4030
4030
4325 1717 4191 3299 3298 2736 4325 4325 2736 3298 4191 3299 2736 4325 4191 3299 3298 5877 1717
1812 594
