1016 424 1357
3989
3266 4640 3821 1714 3817 5478 3821 2575 3293 3266
4016
4016
3194 3195 3552 2736 5478 3323
4030 4016
2904 2318
3427
2907
5501 424
2893
4030
1345 1361
424
1783
2904
6682
2904
2402 5798
930 1358 1088 1012 424
4029
4112 3789 5306 4421 6801 5843 4115 2623 5619 5513 3381 6255 1770 3358 2801
2883
2907
2907
4640
5797 2527 3219
4016
1793
424 1345
1345 424
4016 4030
3796 3793 6099 5505
2155
2313 2883 3868
3427 3357
5092
2313
4016 4040
2736 3805 3828
4016
4030
2080
3991 2907
4029
6094
4033
2907
1770 2907
2893
1015 1131
4029 4016
4640
4016
2883
4029
4016
3426 6133 4090 1754 3775 6117 3426 4704 3774
3978
3195 4016
4029
2847
2709 5617 3782 6687 3426
3551 3560
4016
4029
4030
3519
4016
2125
1501 1724 2312 2907 1695 2280 5404 5501 3333 1695 5642 2715
5635
2719 3978 3241 2169
4016
1341 2756
2310 4450 3776 5505 424 1358 1092 1089
667 4016 672 593
3262
5511 4016 3859 3806
4016
4031
3994
4029
4030
4016
4016
4117 5797 6803 5477
1507 2173 6263 2174 3532 2265 5203 5617
2883
658 672 1629 1825 586 594 1695 660 1810 1807
4641
4016 2469 6804 2312 1183 424 688 408 434
843 5794 1355 3194 1358
4016
1015 261
1807
4029
2883
5710 4127 2736 5207 2531 1646
4016
2907 2313 2313
1361 261 1345 1015 261 1361 1345 2691 3182 2801 260 2384 1507
1714
4016
3978
5306 2738 2733 2218 6801 5109 2483 5177 3788 5843 4118 2410 5619 1508 3801 4421 5190 3093 2623 5497 2965 5511 2409 3357 5185 3358
1819 1572
2884
4016
3191 2306 3548 3190 2173 2663
4030
2893
2883 2887
6617 2527 4040 5593 2240 4526 3335
4030
4016
2175 2385 2181 1355 1011 3194
3093 699 5619
3450 2801 4180 3552 3426
2711 3602 2907
4029
1011 1358
3815 5635 2811 3347 4626 3817 3816 2273 5622
4030
2904
2618 5879 2584
3426
4016
4016
1640 2588 1748 260 2311
3453 260 2313 1507 1936 1708 1655
3789
4016
2904
2907
2979 3194
2270 4641
1089 1356 1012 424
4016 3989
2893
3807 3801 5610 1508 3560 3549 5403 3859 2715
3789 2774 1677 6817 4323 260 260 2745 1507 3788 1683 6817
3358 4016 3357 6500
4016 4016
4016
2886
2143 4873 4029 3519 3038
5504 3218 1508 1758 3558 3546
6199 6263 2159 260 6263 6199 260 2159
4030
3181 3182 2307 3180
4016 3180
2307 3787 5634 2158 3821 2168 2702 3788
4016
4030
4337 1346
2152 1643 2585 1677
5676
2907
2901
6683 2471 2579 1507 3552 260 5744 3199 260 2579 2410 2219 1683 2471 1507 2579 2983 3199 260 3453 2579 1093 1360 2812 844 1093 1360 3552 6189 1345 2579 2161 4331 2702 2696 2471 2696 1970 6189 2702 260 2764 2159 4429 2471 6559 3426 260 6817 6222
6804 2410 2441 2546
2483
1343 1361 424
4029
1801 6099 1708 1707 6107
4030
2907 6535
6683 6166 2313
4030
4033
4016
2774 260 6173 2773 260 2774 260 6173 260 3796 2587 260 1979 1936 260 3258 3533 3532 260 260 2587 3796 3533 260 3270 3427 260 2587 2994 260 2587 2594 260
260 1728 1186 3218 1507 1728 260 2584 1507 5810 2585 3218 1186 3218 260 1728 1189 3218 1728 260 1187 3218 260 1188 1507
260 6218 6189 6199
2883
2904
2666 260 4270 6189 2764 6183 260 2313 260 4317 1665
2759 6199 260 5698 1507 2773 260 2765 1665
3427
6559 6099 5620 6106 260
1648 3252 3549 3546 2766 2992 4278 3007 3007 3251 4629 4278 2745 6818 1648
2217 2217
2907 2907
3577
1695 1972 1629 3532 5218 1131 424
1008
3549 5663 4016 5665 6172
4016
2405 1794
2907
406
3019 260 2932 260 2161 6173 2288 5638 5643 260 260 3229 4316 3829
2313
4199 5251 3297
4029
4016
1799
4016
4029
1501 2907
4016
4040
671 588 499
4030
4016
260 3227 5617
2883 698 1012
597 3788 2307
1507 1637 4016 4122 3782 2269 2715
2530
260 6262 2161
2907 2882
4016
2171 5341
2311 2175 5214
1501 2907
5810
1793
1006 261 1010 926 1088 3453 260 5715 3787 260 3453 5715 3787 3787 260 2205 2193 3859 260 2772 2207 2193 260 3859
5708 6245 6173 6017 260 3894 1507 6245 260 5710 2219 1507 2777 6245 260 1507 6245 260 2219 2168 2219 260 260 5710 2168 6245 5708 1507 260 6245 2168 6570 2228 260 2168 6196 5708
3323 4317 1507 6570 260 5093
3293 2578 2684 2306 260 2590 2193 2578 5087 260 5203 396 2702 4330 2736 1640 2696 260 1507 260 3293 2579 3552 5500 5502 6149 260 1758 1778 1640 260 6801 3876 3533 5640 1640 260 5638 260 4180 3182
2736 2715 260 6212 3603 3258 1507
260 5642 6194 4525
1819
260 5500 5503 1661 5713 5714 260 5612 260 2219 2218 3892 4317 260 2161 260 5714 3323 2530 4272 260 6189 2159 260 1507 3601 5612 2173 260 3339 4317
4317 3323 3556
1361 843
5222 6624 260 3601 3229 260 3892 4429 2547 1507 6624 260 260 2741 2469 5713 260 5713 3323 2944 5612 2159 260 5713 2741 5633 2159 2277 3601 260 260 4317 5633 3532 260 5500 5612 5612 5633 260 4317 260 5633 4479 4480 260 396 5612 5612 4525 4272 260 260 1507 5414 2764 2717
4040
3218 2577 6687
4029
2883
2709 6218 4337
3787 6817 3548 3427 3819 2772
4030
2169 2168 260 1507 2161 4625 260
4640
260 6624 1507 2943 6199 6624 260 5635 3123 6251 6218 260 2738 2219 5682 260
1015 843
1665 6822 1662 6506 5477 1742 6506 6801 260 2446 3789 1507 260 2589 1742 1677 3796 5477 260 6801 6801 5640 260 2307 1662 2577 5477 6506
260 1507 5212 1936 2773 4625 260 2767 2713 2265 703 1579 1819 2522 6827 4479 260
4640 4203 3222
2774 260 2164 2158 6624 260 5504 2774 5714 260 4497
6558 1752
