4005 2736
2736
4029
4030
3978
5810
4003
4005
2893
3411
5810 1742 1758
4036
4029
4030
5810
4029
4030
4029
4029
4029
1714
4029
2905
4030
4029
4016
2904
4016 4029
5810
4036
4030
4031
1781
4029
4029
2904 4030 5810
2904
4029 2736
4003
2905
5810
2877
5798
4005 5810
4029
4029
4040
4031
4029
4030
4033
4029
2905 4029
4040 3426
4029
4029 4031
4040
4030 2736
4030
4029
4029
2736
4030
4029
4030
4030
2904 5810
4030
5810
2736
2736
4036 4030
4007
5478
4036 4036
4029
5810
2905
4029
4030
3426 5810
4030
3978
5477 5478 2278
4029
4029
4034 4005
4029
2736 2893
2901
5810 4030
2313 2901
4030
4031
4030 2905
4031
4029
2736
4029 4040 2893
5810
4030
4029
4029
4016 3978
2905
5810
2880
4029
2881
5810
4029
4030
2905
4029
2312
402
5810
4029
2736
2736
2736
2736
4029
4030 2905
4029
4040
4030
5810
4030
402
4029
3411
2136 2905
5810
5810
5810
2306
2905
2905
4040
4029
4030
4029
4029
3437
4029 4003
4030
1770 5481 5794
4030
2905
4029
2883 3980
4034 4030
4029
1700 5878
4029
4005
4007
4036 4036
4029
