531 3391 2314 2482 3882 3067 1469 1551 2860 2434 911 979 1219 378
1191 1159 330 339 1160
2590
3958
5157
2064
2615
5932 3390 1952 5826
1492
1500 5065
753
4875
3611
2615 4675
5157
3611
1646 1939 1568 4890
604 3176 532
2455
5157
3616 3587
2091 3746 2897 5932 5932 2895 5932 2858 5836 3394 2858 4931 6032 3388 5830 3402 5836 5000 3394 2416 1492 5066 3388 5932 1568
2558 2559
3621
5050
2325 3382 2070
3612
3611 3611
3598
5146
3621
2590
3611
3612
3611 1493
3612
3611 2591
4858
3611
765 2489 1222
3555
2455 3604
3611
3611
4097
3613
3611
2615
5157
2455
3590 3590
2615 2547 1872 2575
2571 4937
2745 2656
3612
3554
3605 5932
5157
5157
3611
3068 5056 3611
5156
3612
2077 2069 2067
3541
3067
2201 2208 2593 2029
3624
837 2615 984 633 2028 983 984 5799 921 838 2320 2328 2989
3589 5157
2064 3029 1208 4861 1203 1222 2270
5157
3612
3612
2615 3612
3621
5157
1496 2455
2614
3611
3615
2614 2455
2394
3611
2455
3612
3612
3612
2455
3611
4875 2163 3394
3611 3613
3611
3621
3612 3612
3608
3611
3612
3612
2615
3618
3611
3611
4884 2626 3598 2455 2073 4857
3384 3677 1568
3747 3756
3612
3587 3617
2615
3611
3611
1498
5157
3613
364 5409 364 2436 3765 1932 582 624 2892 2396 621 1076 2808 5979 3970 4988 4858
3611 2615
5146
5157
1655 1412 1412 1412 1412 1412
1639 1639
3615
1551 3612
5157
3611
3611
2069 3266 3302 3260
230 2047 2491 2074
5778 3274 2394 5005 5007
5146
2455
2818 6037
5146
2615
4823
2723 2090
3621
1525
3614
2136 1771 3068
3611
3029
4931 1539 2510
3612
3612
3621
3611
3612
3611
3612
3560 2615
1937
3611
5157
5157
2615
2324 4070 2325 1576 4794
3611 2455
4884 2071 5220 2859 5146 4884 3968 4880
3612
636 594 532
5157
5155
2315 2317 2313
1550 5413 2064 2064 2654 2652 4988 4578 2302 2438
3612
2455
4988 6034 4660 3964 5187 3029 2683 2780
3613
2615
1575 2455 4861
5157
6032 3612 2077 2077
5157
4514 2065 2920 3076 3078 2925 1355
2859 3390
5157
3587 3611
3613
3611
3611
3612
5466
3612 5157
3467 3391 2076
442 5932 2865
3611
3612
2593
6328 2071
610
3611
3611
3616 3067 3618
3604
2615 2615
3616 3617
3566 2615
2073 5156
4070
3612
5146
5157
3611
1529
3612
3615
230 4274 1355 5826 230 1355 4986 2510 4622
3612 3612 3612
3611
3611
3611
3029
3756 2615
4859
361
3611
3612
3611
3611
3601 3587
3611
3613
3612
3611
1548 3614
3612
3611
3621
3613
5157
3614
3621 2455 3598
3612
3612
2982
5855
3611
2850 5155 2848 5155 3068
3616 3611 5157
1590
5157
5157
2455
3611
3611
2614
5157
1551
230 3389 5932 1590 2320
2614
3621
3614
3612
3621
2614
1558
2591
3612
2927 3429 2884 4270
4794
2455
3621
6025 3746
378 982 1218
3611
3611
1935
4628 1500
1532
5866
4545 2670 1639 549
5157
5157 2614
3612
3177 3427 3875 1741 5983 3870
3612
2614
5146
6032 1567 2650
5157
2205 2219 2225
2615
5157
3612
5157
1782
2064
3613
4399
2615
1817 4627
230 5425 5419
5988 5069 2463 2487 1605
2615
3611
4619 5506
4793
3613
3611
1530 1530 1137 1147 1187 1190 1137 330 1150 350
1419 1419 1412 3464 4988 2894
3620
2455
532 1576 1639 5932 1412 5932 1639 1576
3612
2615
533 600 442 599 532 1645 1530
3612
1576 3029
1558
3617
6034 3590
3614
3620 3616
3876 1466 1646
3613
2417
1496
3617
4881 4881
