4030
2589
4029
588 2736
4030
2588 2893
4030
2905
658 1572 594
2850 6203 2883
4030
2193 5794 2812
4003 4035
2870 6693 4528 4449 4533 3737
4029
4033
2883
4030
3215 4319 3298
5478 6624
4029
2286 588 670 1840
4030
3978
4030 2850
4029
2905 2905
4030
4029
4029
4030
4030
5635 3831 3840
6559 5387 5407 1773 1764
2905
2185 2270 3788
2904
5834
4029
5879 1793
586 1810
4030
4029
1006 1088
4031
4040
2904
3266 2261
2905
3785 3788
4029 2881 4030
2880
6802 2169
586
3305 4191
4030
6559 2592
2313
4030
4030
4032
3226 5708 2306 1572
4030
3825 6504 5663 4115 5789 2306
6504 2312 1707
2904
5617 5712 5218 1655 3427
1579 1626 2589
4029
4003
1972 5515 1972 5515
3563
2847 3215
4029
4030
4030
4036
4030
2905
2893
4029
4031
4032
2578
5810 3241
2905
2312 2593
1794 6804 6804 1794 1794 6804
611
4005
5414 3195 3196 3019
4030
2194 1794 3191 2771 3793 3240 3188
6199 3426 2575 6194 3215
4030
4030
1805 586 661
4030
5708 1733 1779
1572 671 594
4016
4016
4029
2078 1972
4030
4016
2306 5708 3012 3298 3239
3801 3785 2270 1507 2721 3199
4344
4040
4016
4003 4003 4003 4003 4003
4029
4016
3978
4344 4030
4032
4016 2796 1507 2578 2307 5174
6760 2905
4029
4030
2354 5842 5511 3381 5622 3782 1507 2905 1754 2092
4029
4030
4016
4030
2120
3871 2965 2306
3978
4586 1579
5478 1507 3788 2190 5203 1700
2881
4029
4033
5478 2881
4029
4030
1936 3560
1812 702 671
5794 2765 3829 3817
4029
2904 6817 3229
595 2905 2332
703 1840 665 595 1840 665 1812 703
4429
3295
2905
4029
4036
2883
4016
4030
670 594 488
3804 4621
3226 2312
2715 3191
2881 2883
4030
4029
4029
1828 1571 1579 1828 1579 1571 3128 2277 3789 1579 3789 6687 6687 3789 1828
4029
4030
4030
703 1579
4029
2316 1661 260 2774
3427 3226
4029
1675 2979 6760
1579 6804
5418 392 6228 392 5418 392 2376 5418 1649
2306 671 1133 594
5798 5496
3978
649 669 490
4030
4344
6184 2794
4029
2306 5513 5404 2306
4032
6525 588 657 1629
3560 5789 1828
703 3381 5493
4031
3953
5127 1507 2745 260 3427
3189 2694
4035 4030
1695 1695
2905 4030
4029
4030
3978
1626 384 586 1782 5418 392
3577
6683 1579 5478
2313
2905
4029
3427
2881 6121
2904
4030
2475 5692 2472 1794 2307 1794 6808 5692
6525 2589 4016
4376 3231 2696
4030
4030
4029
4029
4030 4029
4030 3612 6801
2905 4029
2904
4344
4029
2905
4005
588 594 4870 5717 1714 6559 607
2588
4030
5478 5713 595 4030
4029
2886
4016
2905 4040
4029
2904
4029
2736 2736
4029
3128 3558 2311 6251
1828 4016 703
4029
5619 1579 2183 3551 1821 3338
3978
4029
4029
6526
3829 3871 4317 5718 2957 260 5718 1932 3871 260
2168 3266 5630 6558
2904
1695 1819
3295
4030
1697 1579
1793
2745 4929
2883
4029
6089 2595 260
4030
2313 6802
4029
2306 3558 3191 3788
2881
4030
4031
4029
1579 703 2905 5212
4191
4016
1717
4029
4030 2881 2307 1579 2307
4030
2891 2883
1695
3813 5619
6172
1626 1828 1828 3310
4030
2736 3195 1819 2193 1579 1694 1579 1694
4030
4030 4029
3969
588 1828
1658 502 261 660 1840 260 1810 1812
2904 4029
6196 6624 260 3532 3532 3270 2161 260 3427 260 2161 3323 2306 6624 260 1012 1440 1094 2746 6251 2161 260
2850 2091 2840
4031
2893 4016 2893
2904 5504 1758
5798 3784 3817 2709
4030
4030
2905
2905
2472
3381
2736
4029
2881
2883
4029
4032
4029
4029
4029
3298
4029
4029
588 1572 1810 1498 260 1572 1810 1498 588 1572 1825 1658 692 260 692 1572 588 1810 260
2311 2696 3219 1655
703 1792 3243
5675
2736 4799 3256 1725
4030
3978
1819 1579 3558 1694
4030
2881
2881
4030
2881
4029
671 498 588
3298 4191
5708 5456 5708 2528 2269 5708 1733 5708 1733 2312 2528 5708 6251
4030
3978
588 260 261 5218 260 2158 5695 2193 6245 2160 1662 5798 260 5494 588 6682 5218 3426 3780 6682 5797 260 611 3258 260 5709 6682 3560 3258
4030
4029
1708
260 5478 2794 2794 5478 260 2794 260 5478 2794 260 5478 260 2794 5478 2310 2794 260 2794 260 2794 260 260 2794
2246
3978
5633
3782 2313
4033
4016 4016
594 1579 5695 588 1742 5708 5125
4029
2905 3015
2766
4030
4191
6818 5709 3298
6978 6977
5877 703 1579
4030
4029
4030
2577 3298 4191
5617 3547 5714
1812 3199 3196
4031
4030
3298 4325 2893
4029
2736 3195
4947
5692 5692 5692 5692 5692
3978
5692 5770
1579 1695
3973 2891
6628
4033
2883
3298
3327
3866 2590 3229 2759
676 260 1694 703
3978
5672 2158
3051 2982 3019
6138 5671
5494
4283 2273
2905
4030
4029
3229 3229
2905
4036
3427
3051 2696
3553 260 3450 2159 260 5695
