2736 1579 1819
4030
5478
4029 2736
4040
4003
4030
2905
4030 4029
5214 2590 5634 1821 594 3426 6817 2590 5214 3427 1697 588
594 1695 5218 2794 670 1133
1714
4016
2736
2307
4030
4029
1695 497
2589 3427
2306 2901 1681 2312 2575
4030
2736
4041
2901
4029
4029
2812 1579 5716 2307
4029
1819 2168 1734 5511
4030
4030
2736
4030
1769
5689
4029
2736
6747
4029
2893
5810 2904
5798
2736
6739 5709 1507 2313 3782 2219 2193 3788
4030
4029
4030
2880
2736
3988
1655 6802 1734 2169
4191 3305 3717
5810
2405 2313 3381
6655
6093 2318 1782 6558 6093 384 6756
2736
4029
5810
6121 5810
4029
1825 586
4029
3967
4029
703 1626
4029
5810
4029 4030 2736
1694 703 1819
5798
4016
4030 5478
2588 703 3867 5478 4335
2905
4040
6093
2904
2905 4031
4031
5515 1972 5515 1972
6205 2572 2280 6203 2281 3195 1788
2736 4030
4030 2492
2883
2905 2837 2091 2865
4030
4029
4030
5792
3969
4029
2840 2905
346
5810
4030
4030
3953
4003
1794 6804
2736
4030
5810
1773
5810
2736
4016
1812
5810
4039
2736
402
2905 2091
4030
1714
2306 5218 5708 3254 1572 588 1770 692 671 5218 5708
4033
5449
2905 4030
2148
5478
3741
4003
2696 2794 1133 594 3546 671
5810
4030
4029
4029
5798
4029 6803 2905 3381 2767 3381 4865 6726 5160 6696 1754 4927 4839
2905 1660 2905 6528
5619 3190
2736 4016
4030
2736
3978 3978
4029
3196 5622 2312 3241
2883
3973 2905
3381 1695 393 2482 2588 5419 3381
2880
2736
671 702 1812 670 1810 702
4030
5810
4030
4033
2189 2592 3788 5214 1754
2595 5478 3190
5798
4118 3226 3196 3227 5643
5810
4029
4005
595 665 495 703 665 495 1812 703 659 703 495 594 594 495 658
4030
5810
3969
4031
4030
2905
6608 3989
4029
4030
4003 4035
703 1694
4030 2905
2905
3955
702 658 586
4030 2905
6687 6559 2185 3783
4030 2905
4029
1828 1571 1571 1571 1571 1571
3190 5810 3191
5218 2173 2306 3788
4030
5810
4029 4034
260 2288 2774 2316
6199 3785 5641 3427 3226 1717 6199 3226 5643 2307 1717 3784
3559 1507 2759 1819 5713 6558 1819
4029
3781 2589 3784 3259 3787
5810
2736
4016 2736
5798
1937 5794 3801 3799 2592
4040
1699 3552 3781 3867
6804 3781 5794 3782
6559 5165 2441 5695 5709 2716 3189 5505 1507
2736
4030
2313 3426 2586
1650 1638 379
1695 487 260 594 671
3381
4033
5208 6245 5698 1810 2771 5666 5414 5666 6202 2765 2764 3189
5478 6526 6527 5798
1717
1812 1828
4029
5559 1704 2794
4030
2736
5792
4031
4344 3427
2384 4334 5845 1695
4031
2893
260 5166 3871 6139 2745 2972 3871 260 3871 260 2790 2745
3452 5085 2384 5617 6558 5707
4030
5798
2980 3806 6263
2883
1694 5810
5808
5810 2904
4029
2736
3783 5341
3262 2965 3871
2736
6132
4030 2905 4030
5692 1786 2475 1794 2454 1777 2410 2313 2454 1777 1716 1794 5692 2405 2313 1786 2798 6808 1777 1731 5692 1794
5478
1783 3548
4030
6525 5836
5478 1579
2881
2904
5084 2307 3259
4030
4030
4029 4029
4029
4030
2736
4432
2904
1572 594 666 814 4030
4870
4030
5642 4203 2696
495 6687 3196
2883
4029
4030
4030
4030
4030
5617 5620 5619
4029
4029
2883
4029
4029
5477
5714
4030
6752
2667 2185 2181
4032
594 1805 660 594
3310 3296 2736
5500
4030
1694
4033
3805 2572 3829
2881
3327 2746
2795 5617 3185 1507 6801
4030
4029
2736 2901
2109
4032
5174 2270 260 260 3533 3310 3532
6558 4621 2156 5665 2522
4031
2736
596 1629 1695 658 670 1695 1572 594
586 6558
4034 4035
4029
2904
1683
5619 2313
2736
4031
2736 4016
4040
5478
2736
5810
4029
3426 3199 3196
703 1695 1579 1695 1694 676 1626 1579
4029
4029
5808 3427
1694 1579 1695 2193 6558 1694 1825 593 1133 1819 2193 2193 1695 1819 1694 2193
2736
1626 1810
1819 1626
4030
4030
2736
5709 5810
2881
5798
4029
588 1812 261 611 502 588 1812 660 260 1812 260 588 588 660 260 502
1695
2904 2736
3019 3019 4332 6262 5418 4332
2257 260 5711 3532 2161 4651 3532 3472 260 6196 6196 3533 260 4651
2905 5642 6526
1724
2736
5810
5471 2318 3829 2405 2901
4030
3985
3787 6558 1507 3547 3859 2193 3548
2905
4029
2905
3785 3258
4030
3230 6801
1695
4030
4029
4029
5125 2965 1812 611
1695 1695
4030
4029
4030
1498 1572 588 588 1498 1629 1810 1498 1572 260 2796 3323 3182 260 2161
2696 2736 3787
6738 6756
2528
4007
595 2736
4040
3805 3817 703
2904
6801 1733 2943
2454 2469 2475
5478
4030 4029
3979 2409 2405 2410
4035
2881
4029
6750 5712 2745 2770 1775
3828 3784
2905
1819 1579 703
1579 703 676 1819
671 588 498
2528 2306 6506 5708
260 5478 6252 6818 6252 5478 260 260 2794
2736
2905
1810
1571 1579 3866 5622 3229
4033
4030
2736
1742 594 1812 6687 1571 1812 1742 6687
2790 1971
2109
3196
6179
4030
4030
1700
5794 2587 3427
4322 6251 6195
3734 2435
4030
1579 1819
4191 1717 3299 3298 5877 4330 5877 5642 5877 3299 4191 4191 3299 2577 2736 1717 4191 2577 3299 4191 3298 3299 5477 3298 4191 3299 2577 2577 3298 4191 2736 3299 2736 2577 3298 4191
5250 3805 5620 1507 2168 2307 3559 5714 3547 5617
1626 5125 2965
5692 5692 2881 5692
4030
2577
594 1572 1498 594 1825 260 1572 1810 586 1812 260 1825 1572
3244 3011 2306
4323 1626 1819
2695
4041
2905
