5494
1664
1775 1819
4003
5502
5502
5496
5502
2749 3189 5798 5798 3190 3092 5798 2694 5798 3298 6801 3305 3327 2749 6801 6235 3189 2571 3305 3298 2694 3298 6801 3305 3298 6801 5717 3305 4191
4016
5502 4016
5496
1664 597
4016
5502
6682 1006
5496
1664
5496
4029
5496 4016
5496 4029
5502
5502
2883 3190 5710
4016
699
424 843 881 424 1438 1377 1217 5744
5494
3180 3864 3185
5494
5502 4029
4016
5502
1664
5502
5502
3381 5494 4016
1664
699 1664 1092 924 3776 2425 1734 6149 1092 346 5341 5497 699
5496 4016
3254
5496
2332 4521 4029
5496 4003 1656
5496
2883
5494
4029
5494
1664
3381
1664
5502
2884 4040
5496
4029
4031 2904 5494
2883 4030
1664 4016 4016
594 1815 660 596
2578 2577
5496
3187 5847 4118 3427 6222 6506
4016 5494
5496
5502
5496
6174 2883 5502
1664
5502
4164 5405 2175 2667 1507 3553
5502
1664
4016
5496
2886
4016 5502
1664
5496
5502
5494
1664
5502 4016
4030
5496
5494
4016
5502 1742 2312 5404
4030
4029
1819 1579
4029
389 1695 1330 1268 1321 368 1838
1664
5496
1579 1695
5496
5494
1664
4016 4030 2838
4029
5502
2904 2883 6549
5494 4016
5494
5502
5502 4029
5494
1801 6099 1708 1707 6107
5502
2883
6728 6721
2883 4040 4016
424 843
4016
3781 6194
4029
5494 4016
5502
5502
4016 5496
596 1579 590 1729 596 1657 596
1729
2907 2084
4030
5494
5494
4031
1664 4016
3434 2528
6251 3559 1650 3558 6173 1643 3556 5207
3883
5502
2918 1664
1664
5502
5494
1733
2883
4030
3295 2965
