1419 2029
3618
2203 1921
3565
3591
3612
2455 3611
1639
2593
2593 3611
3591
3612
4858
3565
2414 3180 2110 3129
3621
2593
4858
3589
3612
3201
3612 5776
3617
4371
2455
3612
3612
3611
4013 3789 3998 1355
3613
2593 2611 2593 2593
3612
2455
3620
5157
2065
2455 1637
3589
3612
3587
2593
1890
1868
3575 2984
3612 1025 599 535 3612
2612
3612
3611
3613
3612
3612
3443 3885 2090
1916
3615
2593
3612
3621 3622
1532 1530
2593
3611
3621 4052
1530 532 4620 1530 2476 445 604
3612
2455
2593
1639 605 1530 435 1530 532
3611
3612
5157
2593
402 1530 435 605
3616 2593 3611
5456 5503
3611
2246 2064
3612 3612
3565
3612
3612
3601
5825
1642 592 524
3589
2455
3611
3611
1568 637 2036 1768 1530 442 637 1530 444 594 1530
4294
3587
3621 4046 4055 2032
3589 3577
1646
3612 3612 3612 3612 3612 3612
3611
2593
3621
2064
3611
3612
3201 3615
3612
3612
1868
3611 3587
3612
2455 5559 4740
3565
2455 2426
3614
6299 1586
4872 2198 2218
3741
2593
3621
5157 3571
3612
2482 3435 5141 4268 230 4095 4858
3612
3410 2863 1492 5825 3464 5057 2509 3399 2931 3173 4591 3467
2205 2155
3587 3611
3621
3611
3615
3541 3612
1493
3621
3612
2455
3617
3617
2070 3388 2859
2392 1587 1608 4778
3613
3587
3612
3613
3765 2307
3612
3621
3554
2455
3613
4327 2865 5825
4987 2325
3612
3611
3611
3587 3611
524
4988 2065 2091 6032 4793
3612
3613
3611
2595
369 378
3612
2455
1601 1595 2964 2958 5516 1489 1601 2455
3621
2455
3591
3565
3612
2853 5055 4875 4070 3105 2845 2864 3067
1548
3621
3611
3565 3587 3611
3571
3611
3612 2593
1599
2455
2593 3612 5220 1622
3551
524 524 529
3621
3589 3589
3611
3611
3612
4146
2455
3756
2455
378 3067 1612 4045
5157
3388 2527
1637 1644 604 604
3068 1548 2222
3612
1207 378 972
3612
3612
3612
3611
3611
3617 3618
5157
3067
3405 2858 3407 4858 3411 2455
3565
3565
3611
3611
3611
3612
1582
3612
4045
5157
3613
1478
5826 4997 5007
2859 2068 2418 2919
2555 1565
3621
3621
3565
3611
3612
5157
3615
4890 5493
637 1655
3612 5455 1540
3611
2802 3105 1622 2683 3410 3964 1355 1984 2517 3394 3690 2417 2683 4976 3964 2517 5074 3106 3009 1355 4110 3875 3394 4978 4110
5157
5976 3769
3394 4522 3615
3612 3611 3612
3612
532 2028
3611
3107
2455
3611
2064
2555
3611
667 725 638 649
4756 4784 2070 3467
3611
3589
3611
4046 1911
3565
3612
2455
1862
3611
3612
2916 1742 3468 5467 3387 1355 1355 2065 1985 2916 2858 4985
3702 3411
3612
3611
3611
3612
2719
2593 3612
3611
4752 2939
3612
1915
1926 1530
3612 2593
1466 1419 637 2455 1466 637 1419
3611
2593
3613
3611
378
3617 3617 3617 3617
3612
3618
1585 1741 2070 1419 5098 2357 5098 1496
2755
4052
3612
1493 1493
3618
4619 3173 3245 3277 2437 4618 3282 3289
2490
3612
3895 5489
3618
4858
1548
1478 4795 2158 3970 2071 4795 2071 2158 2071 3970 4795 4795 2158 2157 1478
3611
4793
3612
5825
908 3171 911
3565
2593
3612
3615
5932 3616 3611
3615
3613
1926 2070 1516 1939 6032 2070 1992
3612
3612
3612
1529 1646 637
2324 3158 2489 5070 1419 1768
3140
2593 2567
3335 3612
5146 3612
3612
3615
3621
5157
3612
3621
3612
5157
2455
3614
1926 3559 2071 1926
2594
3612
3611
2885 1993 4983
3612
3613
5515
4591 1605 4606
3612
1901
3611
2455
2591 4046
3612
4055
3611
3611
530 1413 1652
3565
3586 1493
3611
1610 2555 1610 6001
2612 1908 4046
5146
3612
2455
3615
4858
3611 3612
3612
3617 3587
3622
3612
3612
2455
5070
3565
5793
3612
2070 5056 1636 1932
3459 4740 3434
2552
2139 3435 5027 5024 4593 4591
2455
5220
3591 3591
3612
3068 1211
1204 1102 1205 633 1225 1023 1206 1204
3612
5157
1548
3565
3611
3611
3611
3611
3612
3614
3612
3407 3391 1355 5220 2884 4983 2091 2865 1947
3053
3612
3589
3611
3611
3612
5467 2593 1872
2590 5430 3615
3622 2593
2455
5146 2029 914 914 1219 3786 2029 5146 3787 2029 765 765
2593 2923 3177 604 1530 1737 1639 2064 626
2884 2071 2431 3436
3741
3621
3612
3589 5056
4988
5220 3656 3657
3611
3612
3612
2455
378 765
1606 3976 1607 2656 2865
3621
1548
3611 3616
3621
3618
3612
3565
1623 6035 1635 1623 6035 2455
4824
3611
2455
4146
3067 2507 4593 2897 5505
2593
4307
1926
2891 4633 2328 4890 3766
3068 4857 1282 907 3884 912 3068 907 2313 378 1281 3068
4872
3611
2455
2455 1496
3612
3621
2064 1926 3391 3413 5510
3612
3390 4618 3733
4778 1595
3067
3612
3612
2596 3612
5976 4515 3391 2416 3068 5826 2513 4630
2596
5146 3413 3158 4879 2860 2141 1947 3283 3394 3302 3068
3611 5146
3612
3612
3612
3611
3612
3620
2476 3302
2455
3612
3554
2455
3611
3611
3613 1906 3614
3615 3613
3612
378
4858
3621
3612
3103
1222
2028 1570 2920 2979 2916 1530 5071 1413
3615
2513 531 1413
3622
3589
3615
3611
3612
5157
3611
3612
3621
3612
3612 3611
1585 1870 1908 3343 2555 3612 5414 1585
524 2868 4125 2325
2455
3587
3612 3201
4794
3612
3611 2593
3611
3612
3617 3617 3618
4146
3611
3612
4858
5156 3612
2593 2593
4858
3614
3615
2455 3436 2071 1607 5994 2482
1568 5927 5418 4743 1567 5139 5220 5131 1492 1500 5219 1606
3618
2434 5040
3621
3617
3565
2615
3611
3388 5826 4619
3053
5427 2707
2150
5064 5826 3388 5552
3612
2234 2483 2983 3571
5135 4983
2455
2323 1940 4876 1939
1207 1222 2865 5826 5493 3027 4708 347 5186
3612
3611
3621
3614
3613
3611 3611 3611
5146
6001
5156
3611
3611
3615
3611
3611
1915
3613
3612
3611
5070 3157 5070
3612 2593
2455
3614
3615
3565
3612
5146
2455
637
762 4784 762 762
3611
5574
3612
4799 3335 3621
3612
3068 1639 2455
1481 1487
3612
2593
5510
3612 3612
3053 2593 2591 3053
2603
3612
5432
3561
3590
1608 4766 5220 2070 1608
3621
3611
2065
3589
4874 2427 4805 1611 6032 345 2068 1587 4056 4805 3029 4056 5964 2110 5190 5960 3029 1355 3246 4890
4097
637 637 1639
3546
3611
3611
3612
2455
3741 3621
2434 2865
3612 3612
3613
3612
1502 1530 341
3611
3612
3612
1530 535 604 626
3611
4871
3565
5040 6053 6051
2325 1868
3611
3621
1872 1867 4958 4959 4532 2613
3612
3140
1294 1334 1280 1282
2593
5187 1639 5188 2512 5007
3621
3612
5419 2071
3611
1500 5928 5157
2127
5146
3612
2071
2593
3621
1575
3612
2593
3611 3611 4824
2455
4858 2419
3611
3622
2455
5157
3615
2603 3564
2593
1865
3598
3617 3617
2859 2510 4880 4882 3621
3068
3612
4988 5138 1210 1208
5157
3611
3443 3442 2436 2858 2892 2424 3412
2593
3611
3612
5146
1950 2491 4884
3612
2178 5039
2615 2455
3620
3565
4858
3611
2418
2391 2455 2418 2863
1666 599 1419 535 2270 1639 598 1666 533 599 442
1992 3464 5070
1915
3611
3612
2593
2131
3612
2455
3612
1905 4960 3615
3611
5156 4740
537 594 602 1413
3966 1567
3612
2593 3612
3621
3501 3497 3687 3269 3394 3693
3614
4858
1476 2958
2878 5927
2455
2593
3611
3612
3587
3611
5146
3612
2593
2593
5220
3612
3586
1499 3612 2865 1498 1500
3565 3587
3612
3589
5157
3589
5932
3612
2273 4346 2507
5501 4883 1535 6035
2394 3384
3612
3621
3612
2178
2952
5441
3611
2314
3544 2615
3612
3612
2455
3611
3611
3611
4893 3068 3222 908
3615
3565 3552
1534 3394
3612 2593
3611
3618
3611
3611
5559 1906
2615
2455 3611
2037
3587 3589
3612
2135 2134
2593 3615
3554
2115 2115 2114 2114 2302 2114 5157 2115 2302 2114 2560 2114 2115 2114
3611 3611
5029 5030 230 394 230 1419 1655 1419
4754 230
2593
3618
3611
1222 1203 1222
5096 2489
637 1419 637 1419 1646 1419
3591
3611
5070 2507 3565 1939
4742 1496
3589
1535 1558
591 1637 1634
3612
594 443 1494 4514 4513 2865 2070
3587 3587
2593
3612
2550 3612 1622
3621
765 230 1227
3621
4740
3611
1548
3611
3621
3621
3872 526 1530
3613
3612
3622
3611
3756 1520 2958
2920 5135 2859
3612 3618
3612
3611
1500
3612
2455
3611
3611
3615
4742 5219
3612
3612
626 526
2596 3621
3612
5138 5157
3618
2324 5220 3459 1985 2155
5826 1355 2507 3973
3765 1927 1550 5990
2195 2393 2393
3612
2028 1906 2593
3612
3621
3612 3612
3611
3618 3618 3618
3967 230 4861 2156
3611
4622 4884 5138 2416 1930 2232 1355 5144 2892
3591
3611
4722
5157
3612
4858
2611 2591 3616 3618 3618
3612
2806 5157 2321 4876 4795 2767 3611
3611
2593
3612
3612
1551 3068 2265 2858 2891 4997 6032 1551 2265 3068 2891 4997 3068 4988 6032 5057 2891 1551
5219 1500 3067 2455 4875
1529 1466 739 3612
1550 1511 3224 3869 3872
1548
2593
3590
3615
2455
2455
3565
5157
3612
3611
3615 3615 3615
2489
3601
3612
3612 1862
5157
3611
2593
3612
3611
1906
5218 2490
1419 2491 2007
4816
230 2416 2455 2892 4874 4793 2270 230 637 1529
6035
1872 4946 2555
3612
2455
4795 5001 3460 4884 4582 2905 5826 5055 1355
2156
3621
4794 5157 4881 4857
1639 1413 603
3612
2037
2593
4635 2325 4743 911
2904 2455
2455 3621
3391
4146 5071
3612
4146
3612
1488 1487 2455 1488
4360
2603 3622
3613
3565
2460 2459 2465 5143 5146 2462
3614
3612
1493
2593
534 2076 526
2905
2590
3612
3615
3613 3201 3611
3611
3895 1474 637 2593
3615 5146 5794
3611
2548
3612
2455
1576
3612
2548 3612
5146
3611
2455
3611
2393
4861 5825 2065
2316 2865
3613
3587
2455
2455
3612
3615
3611
5157
330 1110 1183 1611 350 345
3611
636 1530 637
3966 3972 1478
1868 3614
3621
3611
2892
3384 3384 1607
2858 1606 2859 4605 2507 2857
3613 3613
3612
3612
3612
3613
3622 2611
3612
4879 2863 3068 3388 2434
3620
3611 1915
5146 1597 1602 5146
1877
3611
5157
3589
1915
1509 1516 3622 1523
3611
3612
3612
3618
4858
3612
2071
2863 2865 4858 1587
2593
3612
1909
1646
1548 3693
5157
3612
2997 2328 1534
3612
2868 1622 2510 4882
3565 3565
5146
3612
5156
5432
3611
3754 2955 5074
914 1208 2438 3068 1226
1500 2997 2868
3611
3988 3394 5000 4660 2395 4545 1355
5157
5188
3612
1530 636
524 1637 1413 599
3611
3612 2455
3612
2455
6032 4795
1419 637 4858
2455
2455
3618
2593
2593 3612
4872 4742 230
1227 1217 231 230 1355 4268 2071 5075
3612
2528
3405 2849 5157 2916 1480 3618 3067 2891 3391
3614
5157
3612
2070 3261 5778 2857
3591
3613
3621
3617
2455
3611
3618
3612
1508
1947 4766 3067 3395 3469
1892
5157
3612
5826
3612
3611
3614 5825 5826 1907
2611 1888
2659 2780 2139 4660 2323 2426 1940
3612
3459 2064 5058 1497
3051
3612
3172
3611
4858
3612
3612
2593
3612
3615
2593
2455
6035
3611
3611
3613
4046
3612
4967 2569 2555 2569 3336 2593 3344 2567
2512 230
2507
2943 2455 2863 2455 2860
3613
2455 3895
3621
3611
3612
2455 3612
4193
3613
2455
5157
2455
3611
2199 2218
3621 3612
2612 5435
5416 3393 2071 2137
3612
2455
2455
2205 2193 1623 2232 5776 1623 2272 2009 3657 1623 1625 6036
3611
3612 3618
2071 1469 532 594
1868
1520 2593
1481 2004 5414 1480 2004
3611
1639 2863 1530 1477 1480
3611
2416 2879 2418 1639 2418 1639 1419 1419
3612
3621
3224 378 2918 2859 1741 2071 2868
3612
3611
3612
3618
2476
5143 2455
3611
5157
5978 5794 5979
3612
5033 3388
3611
5507 3875
3611
3611
3612
3611
3565 3565
2455
1548
3611
3615
3611
6049 5826 2851
3612
3611
3612
3621
3746
3611
2555 3051
5418
3611
3615
2455
3560
3611
2679 2865
1915
3349
3621
1419 2943
3613
2964 1927 6048
1493
2639
3612
3614
2593
2863 3404 5826 2859 2434 1570 2316 5218 1565 1535
2881 5157 5220 2896 5220 5157
2144 3252 3253 2801 3294 3859 1355
3611 4996 2994 5143 1576 5219
2455 5157
2593
1768 2036 3988 5873 4839 1355 2509 1947 1945
3621
1607 345 4766 1926 230 1611 1567
231 910
3618
3621 3612 2615
3612
3612
2569 4052 2575 3621 1872 2568 1355 4963 2131 4052 3612
2514
3565
5146 3068
2320 230 4045 5157 1203 378 231 2285 1203 4045 231 378 230 2320 1419 230 1921 610 4878 2979 1530 4045 1354 4878 4045 1530 2393 231 1419 610 5066 230 2978 4045
3611
3612
3612 739 600 536 1413 2593 1413 600 532
3611
3621
4396 3979
2593 1906 2560
3589
3611
3612
3565
3618 3616
3587
3615
3612
3611
3395 2891 2513
2855 3464 911 5075 773
2455
3612
5826 2028
3587 3613 4046
3587 3618
3612
4292
3611
3611 5146
3611
345 1585 1611 2512
2593
2593
3611
4834 2071
5157
4578 4070 3440 2438
2455
3612
3621
4884
3611
3565
1749 1355 2860 2069 1511 1950
3611
4807
3268 4622 2071
3612
2039 2661 4070 6035 3766 3765 2650
3587
5070
230 5138 2488 2463 4875
3612
3612
3612
230 1227 1207
4823
3618
1901
3389 4632 2416 2455 2513 4629 5932 3390
2593 3565
3612
2593
5143 2431
909 345 1611
3612
768
3622
3618
3611
3611
5778 5033
2593
3612
3576
3612
3691
2418 2417 2426
3611
2065 1958
3611
1575 5559
5157
2455
3611
2850 2954 2516
2593
3601 3615
2615
2455
2593
3611
3611
4858
3621
3611
3612
1939 230 2979 2978 230 2662 4578 4576
3612
3612
3612
5880 2218 3395 4627 2232
3611
1915
3565
347 3027 3612
3611
4146
1530 526 1530 607 1612 591
3622 1092 2530
3611
584 636 534 626 549 584 403 636 604
5146
5157
3611
3201 3611
3615
2455
3611
3611
5002 1607 4766 1501 4858 5776 4795
3611
3612
3567 2512 4797
3612
2593 3565
4794
5146
3612
5033 2868
3611
2593
1226 909 378 1203 1203 1102
3974
4884 230 5886 5466
3565
2593
1862
3611
3754
1920 1930 2046 230 1355 230 5501 2679 1930
230 5056 5501
3612
231 1203 1226 1227 2070 230 1543 1741 2920
4146
3118
378 378 231
3612
2593
2548
231 1208 1226 231 1208 230 1208 1219 1203 1102 230
3612
5141 3297 3261 5027 3246 2455
1529 5928
2593
4052 3612
1637 3464 605 1637
1637
3612
3565
3565
3612
3611
3067 5505 230 3391
3612
1023 378
5825
5146 3611
3565
3612
3565
2455
3611
1962 5069 230 2476 5069 1962 230 2661 1962 2644 1355 230
230 1329 1282 1280 2438 1334 1299
5157
2070
5157
3611
3611 3587
3612 2590
230 1355 2272 3855 3988
3611 3612
3612 2065 2923 2662 3977
2593 4824 3567
3611
1903
606 1025 532
3621
2603
3611
3612
3612
3611
3611
2514 5218 1644
2615
1930 5143 2434 5794 2917 1962
3589 3618 3618
1025 526 595
3614
3611
5038 3430
3612 2593
2954 3622
3615
5157
4858
230 3393
3386 4857 2854 2314 2855
3613
3741 3612
3565
3611
3612
3617
1585 2593 5825 1585 5825
4879 1927 230
5157
3616
2851 5512 5513 5037 3988 5038 1551 1355 2997
3567
231 909 1222 378 765 378 231 3184 1355 230 6048 1508 5569
3611
230 5456 5146 5056
3587
3622
3611
2314 2316
4858
5157
3612
3587
3611
3611
3612
3068 4879 1355 230 1497 5456 603 526 1646 537 1642 526 231 1642 526 605 5482 230 1497 1497 230 2434 5482 230 5456 4880 4883 1497 230 1497 230
3611
6010
5157
535
3591
3611
3615
5219 5464 3524 5559 5219 5466
2455
5157
2325 2317
3611
2885 3459 230
3611
2222
3615
3611
3612
3612 3612
5075 5073 4579 3183 2317
3611
2907
1498 1498
3612
3966
4797 2583
3587 3611
4513 4512 2071
1576
2894 230 5143 3068 3402 5143 3068 230 3656 5143 5501 230 3068 3185 5143 5071 230 2894 3170 3656 3389 230 5143 5070
5001 3765
3565 2455 3556 3571
2077
3611
3556 4791
2455
3612
3611
3617
3601
2593 3565
4278 3394 5146 2860 5028
6032
345 1611
2870
2455
3614
5432
3612
1497 2931 5778 230 5778 5489 5518 230 1355 230 3157 2931 5456 3068 3158 5778 230 4879 5456 3068 3157 230 5489 5778 230 3854
3612
3590
3612
437 605 1494 605 437 402
1355 3224 4070 4986 6053 1945 3434 2318
2957 2957
3393 1551
3621
1611 345
5055 2455
5510 2071
5493
3615
3612
3224 2865
2594
5033 2603 545 595
3587
3611
3611 2894 3170
619
3611
1652 601 637 1466 231 1419 1655 1652 1530 1469 601 231 1403 634 1413 5071 2455 230 2314 4857 2455 230 2868 4857 3068 3435 2679 2314 230 2455 231 1403 1530 549 610 1495
4146
3611
3611
2455
3611 6048 3611
3621
3621
2593 3565
2421 3882 4890 4577 3487 4879 1934 2248 1355 1923
2593
1516 1516
3611
6052 6052 2222 6052 6053
3612
5157 3620 3618 5432 1614
2325 2325 2314
3613
5157
2455
3612
4884 3565 3766 230
2164
2611 2593
591 583 626
3615 3615
3612
3611
3611 5146
2068 2860
3771
3611
1637 441 1025 1652 2434 3402 2071 4857
3615
2071 1550 4070 4268 3172
5157
3741
3062
3612
2455
3613
2978 5569 5069 1355 230 3870 230 2859 2931 5075 230 5569 5069 983 921 1023 1217 921 230 230 626 594 549 549 974 230 1217 921 921 230 1413 549 594 1497 5569 5558 230 526 437 230 608 1530 5075 230 230 2978 917 983 4743 1218 912 5880
3618
2595 3543
2455
2595 3575
2593 3612
4357
3615
3615
5493 2317 3389 4988
2455
4624 1601
3612 3611
3612
2222 2233
3612 3612
3612
3612
3612
2455
4099
3612
438 529 231 604 437 1655 403 1025 605 526 1655 1655 1413 549 231 604 231 604 1655 526 438 637 604 1655 231 526
3389 2416 2314 230 1203 230 1222
1611
2865 2866 5146 5038 2866 2865 2070 3693 6034 2071 2071 2071 3693 2877 6032 2070 1595 3693 2416 2455 5774 3693 2877 2851 6034 2571 3330 2071 4969 3693 3694 2455 3694 5220 4858 2876 5500 5218 2876
3611
2455
2490
3612
3565
5146 2418
3613
3612
3617
3611
2071
2466 4621 5065
1025 230 1637 441 524 3277 3269 230 3245 3690 536 526 231 2927 2864 3441 230 3416 1637 526 549 3291 4874 4988 4577
1626 2314 4857 230 4070
2418 2899
3615
3612 2592
5218 2611
3612
5157
4278 2064 1355
3611
5825 3394
3611
3612
3612
3614
5157 3611
2866 1944 2490 5466 2070 4792 3067 4791 4876 5458 2070 2490
3611
2321
3621
5071 5778 230 5507 2417 3876 3435 3157 230 5507 230 2489 5507 5058
1508 2324 2005 3067 230 230 537 1413 606 537 230 378 913 1023 836 983 231 1562 1060 2325 1518 6032 230 1497 1562 1049 1073 231 1562 1530 526 435 1506 1652 231
4046 4742 5559 3621
3412 4858 3390 2323 2455 2979 2434
1749 3170 1935
3621
2455
3587
2455
2593
3612
3611
3882 2884
3611
2865 2885 2431 2859
5146 2455
378 906
3377 3372
911 977 909 1216
3571
2488 3390 3067 3388
3612
1861 1895
3067 2731
3612
535 605 1666
3587
3621 5814
4793 3388 2979
2210
3613
3611
3611
2455
2593
3617
1226 916
3621
3612
2064
3617 3617 3617 3617
3612
2593
3611
5886
3611
3611
3404 3068 5006 2858
1510
4318 4310 4298
3611
4792 4872 5467
6032 1611 2891 6032 2955 2891 6035 2891 6032 2955 1502 2958 3756 2957
6034 2070 230
3618 2611 5913 3611
2560
3067 4983 3067 2920
2578
3611
1530
3612
3612
2593 2596
3542
3612
2481 6049 230
5455 5458 2455 4742
2859 4618 5218
4880
2615
5904
1646
6032
2272 4146 4858
3612
2028 2064
1534 5466 2455 3598 3598 3598 5157 3621
5795 1667 3611
1551 1500
3394 5928
3611
4146
3616 3620
3586
3613
3614
3611
3611
3612
3612
3395 1590 5507 5004 3694 4857 4995 2314 4890 2064
3612
3612
3611
1930 2593 1949
3612
5219 6034
1550 5098 230 2065 230 1550 3870 5075 230 2488 3068 3882 5098 2065 1923 230 5777 1355 5098 230 5777 230 5098 2317 230 1550 3402 230 5146 5146 230 5075 1355 2969 2640 5146 230 3870 2481 230 2317 2323
2615
2455
3106 3106
2567 3616 2562 3589 1860
2593
3611 2593
1548 5826
3621
3612
5157
5978
2317 5501
5146
2455
2324
3565 3565
1520 3436 230 5489 6048 6048 1520 2894 230 2894 230 4763 2417 3402 6048 3435 2314 1508 230 2868
526
2392
5489 230 5075 5075 230 3386 5489 5075 230 3402 5075 230 3157 230 5075 3158 3435 3402 230 5075 5075 5836 230 230 5075 4881 3402 230 5778 5075 230 3157 5075 3157 5075 230
2256 2256
2464 4742
3612
4808 2071
526 1506 591 231 1642 1506 1635 591 231 526 1642 230 1506 434 1642 591 231 1403 591 526 591 1413
3618
5075 3386 230 5075 230 1607 5778 230 5075 3386 5778 230
3613
1612
5419
3611
3611
5559 2513
3612 3611
3613
3612
4858 1967 3393 2140 3394 2455 4630 2416 2891 1944
911 231 975
4997 4858 230 2412 2994 2978 2507 230 2507 2071 1355 230 5070 1540 4132 230 1540 2507 5510 230 2507 5510 1939 5568 230 5066 5826 5507 5510 230 5066 2507 5070 230 5510 5510 5075 5075 5510 5075 230
3611
230 2036 3746 2412 2046 1935 2476 230 1962 5501 5778 1355 230 5070 2476 230 5569 2032 3436 230 2886 2323 230 230 2490 2314 1935
5066 5773
2071 2937 2888 6097
3618 2593
3611
3402 2426 3395 3184 1548 6051 3612
5557 5488
908
3612
3611
3611
2728 1580 2870 1987 2643 2750
2438 3391 3387 2318 3390 5138
230 3393 2489
3067
4140 4386 4323 4143 1489 5119 1590 5000
4097
2611 4970 2004 4965 3612
533 1639
3565 3565
2593
2314 2426 4877 2904
3611
3612
3591
5157 2524
3621
3611
1219
3076
3612
3615
3612
5941 2864
2593 3612
5157
5825 5825
4743 3185
3621
1023 921 987 378
3617 3612 3612
3612
3615
1419
3611
3618
3611 3587 3598
5146
2314 1626 3067 2314 3957 3544 1590 2319 2319 1999 1576 4873 2419
230 5071 2919
5157
909 1216 975
5826 230 5559 1927
2455
2323 1355 230 2484 3009 230 2323
361
3067 1992
3612
3201
4052
3621 2593
2601
3616 3612
3590 1493
345 1611
4742 4886
3612
3611
1637 1652 434
2071 3394 2855 3464
3611 3612 3611 3611 3611
3420 3766 3394 3405 916 4070 2431
2593
2071 2745 3611
3612
5028
2593
3617 3618 3617 3618
975 835
3577
3612
4816 2864 2071 1516 2071
3611
3587
1611 345
3612
3611
3565 1911
2982 3412
2852 3440 5494 2036 6032 1928 5488 1773 2986 2265 5794 2064 1773 2325 6032
3611
2892 3405 3765
3613
4794 6148
3611
3586
3613
2552 2158 3612 1995 5776
3612 3613 2020
3622
3612
3616 3617 3617
1500
3269 3277 4858 3389 3391 4858
3283 4983 6032
3614
2593
3878 1551 3756 2958 2957 2455 3878 3878 2455 2957 3756 2958 2455 3878 3756 2958 2957 5218 1551
3611
2530
1639 532
1551 4740 5932 3394
1992 6034
230 1218 921 988 2978 5569 1355 230 5069 5558
3611
3612 2593
