3807 3427 2957 3801
1673 5174 3785 1793 5622 6802 3788 3789 5503
2313 6099 1707 4016 3782
2704 2756 2307
2354 3810 3829
4029
4030
3266 3821
4016
2904
1508
1677
3298
2883
5676 6808 1005 2579
3978
4029
2796 4030
3293 3427
4029
4029
1579 1695 674 594 1818 1695 703 1695 1734
4036 3991
3052 3426 6248
4030
4029
2883
4030
3784 3243
3427 2883
4016
4005
3196 3426
4016
5672 3837
4029
4029 4016
4031
4029
4016
3788 3782 5622 5478 2385
4030
4029
2313
4029
2906 1652 1764
4029
4033
4030
4029
1673 2155
586
3426
1783
3789 3427 4331 3782 6166 3259
4029
3427 1708 1673 2883
4030
5148 5151
4029
3978 2893
4029
4016
4040
1008
2904
4793 3227
2883
2883
671 597
6802 1734 2718 6802 2575 2307 5642 5697 6199 5207
3093 5843 3358 2623 1507 6803 5108 3788 4117 5619 2722 2801 3357 5177 4421 2270
1507 6753 2667 2709 1346 2311
3577
4016
2883
4030
2801 5786 2334 5666 2717 2156 3192
4016
4029 4016
6559
1579 1819
4040
4016
2906
5511 1016 1354 1080 1012 424 5639 924 1013
1764
594 1825 1133
4030
4030
4030
3859
4029
4557 2704 1717
3741 2906 1656
2883
2736
4947 1695 5496 1664
3978 4030
1579 676 1828
4513 3194 2717 2528
4029
1733 3262 1675
5708 2313 1357 1080 1011
4029
4030
588 661 1133
2840
2310
2883
4031
4029
6249 2883
3784 5643 2736 5511 6559 6801
2403 1707 4016
4005
2736
4031
4031
4023
4029
1781 6767 1781
4040
6173
4016
2904
2405 2159 5699 6199 5453 5695 2522 2472 6189 2410 2446 2561 2169 1656
3298 2883
5484 5504 5500 5503
4030
3991
4016 2850
3978
4029
5404 2240
2704 3556 3859
4029
1794 6804 6804 3833
4029
2306 3633 3648
4029
6199 2313 2164 4118 3787 2695 1486
4029
2904 4016
3991
2840
4029
4030
3549 2979 4557 4652 6249 2546 3333
4202 5878 3817 3195
4016 4016
1131 1012 1015
3324 2446
5250
4030
1637 4618 2794
3553 3195 3426 3830
4016
3969
1480 424 1361 843 850 3427 424
3296
4030
6106 2868 1753 1754 2306
586
2883 4016
4029 2883
1672 1673
4030
4033
4033
2125
3978
4030
4036
4029
2790 2736
2904
2883
4031 4003
4029 4016
4030
6099 384 1655 1782
4003 4003
4016
4029 4003
4030
4029
2306 2759 3229 2185 3196
4030
2906
4036
4029
2579
4030 2883
2736 2881 4016 2311
2884 2883
2883
2354 4558 1754 2745 3196 3381 1508 3883 1810 2354 5642 2155 5794 1764 4696 1754 5622 4688 3381 1717 4191 4359 5583 3363
5622 3789 1972 4117
4029
5341 4030
4029
4030
4016
2883
3978 2893
4029
4029
4029
1700 2189 5478 1507 3788
4030
703 1579 1716 1579 703
5356 6504
4016
3864
4029
4030
5740
3978 4016
4030
424 1358 1089
5496 5494
3978
2906
5203 2745
4016
4036
2893
4016 4532
4029 4029
3394 3818
4030
3394
4036
495 3426 665 594 703
2312 1819 3337 2312 2587 1695
4030
2126
4016
1358 1012 1346 1088
4016
4030
4016
4030
2904
4029
2905
4040
4030
6525 5810 2193
2904
4031
4029
4007
4030
4030
4029
4029
4003
2906
2851
2883
2904 5404 2721 5214 6817 3817 5844 2312 6506 5753
4030
1783 1652 702 1572 661 596
4030
2905
4030
4030
4030 4016
4030
4030
4016
843 424
702 597 670 1805
4016
2884
4036
4016
4033
4698
2533 2159 5181 2270
4030 3978
4030
2883 3416
2893 4029 3978
4036
4029
4029
4029 4029
4035
4029
3427 3785 2736 3226 2719 3199 4525
2906
4030
4007
4016
5814
4029
4016
4429
2883
6804 3227 6802 3190
2882 4030
3577
1572 1133 1572
3992
2893 4016
3785
4016
424
450
6224 1650
2883
4040 2906 1656
4029
2883
6558
4029
2541
2906
4033
2771 2772
4029
2906
6179
1626 1695
3789 3194
4029
4031
3979
3978
4040 4016
3776 2424
2155 1812
4029
3797
4030
2906
2161 3427 5697
5478 5696
2906
1656
657 1572 4016 1812
2666 5125 4118 2528 3548
1579 814
4030 4016
3427
2904
828 5478
4029
703 2575 1579 703
2883 2403 2838 3953 4030
1367 1012 261 1361 1341 1345 261
6727 5406 1642 5409 5402 3859 3806 1642 2883 5810
4030
4040
4029
1810 672 492 1695
5176
4029
4016
4016
4029
4030
482 1191 425 407 1812
6189 3788 2736
2883
4029
4526 2851
2883
4016
4030
2904
4016
6017 3577
2873 1812
4030
5416 1704 3427 4030
2883
4512 4511
6548 2849
2313 6199
4016
4029
4029
4029
2883
2883
3218 1699 2587
2883 2886 2906
5341
3741
3978
4016
4030
2860 3978 3883 3974 4040 4031 4526 4040
3971
6624 260 2584 5499 6195
4029
2906
4029
3226 6801 3254 830 2809 3556 345 3072 3394 6189 3426 4938 7181 5698 3796
4032
4030
2883
4029
4030
4016
4354 586 4376
3989
4029
2906 2119
2883
4029
5877 5608
1782 6258 6172 384
4031
4029
1341 843 261 1361
2092
4036
4029
1695 670 1812
594 3181 2313
4030
4029
2155 1639 5481 3130
4005
4016
3019
1656 4040
4029
2402 6138 2592 2883
4029
4030
4030 3799
4029
2906
702
4031
4029
2906
4029
4030
4029
4433 6211 4433 6801
4029
2704 3805 6559
260 1748 1770
4030
4030
2313
843 1345
260 6099 1753
3840 3829 3828 3548
4032
4029
3971 2886
4029
2126
3978 5467 4016
5456 2774 3784
2713 3259 3243 3806
1782
1700 1361 2265
2906
261 1089 424 1012 698
4030
4030
4029
4030
4036 4016
2883
4029
4029
4030
2883
1812 1572 2736 1825
4030
2883
2575 3226 2696
1752
408 433 1191 424 688 3532 6803 1742 2153
4450 260 1672 5223
4016
3971
3953
4030
4016
260 2529 3891 2240
4893
4016
4030
6225
2906
596
4029
4032
4029
5634 3652 6527 3652 2579 3780 6687 6527 1507 6527 2579 3652
3196 3427
2883 4030
4030
4040
4029
3977 4016 2906
2883 3408 5401
4029
4030
1656
4029
260 6195 2164 6506 5714 6199 260 2164 260 5744 2219
671 490 1658 4040 488 450 671
4118 6801
3602 3188
4030 2883
4029
6559 3227
6156
4231 260 4477
4181 2906
4016
4016
6801 596 2709 1810 2713 4330
4030 6132 3978 2850
2265 5618 2468
2868 3427
4029
4016
1664 3627 3427
4436
4003
2129
4016
4029
4030
1694 1579 675 1810 505 1694 1579 1579 1694
4029
5804
4030 4029
5542 3199 2719 3333 4202
2873
5877 260 5712 2349 2384 5405 2161 5497 2410 260 260 2349 2231 5710 260 4317 6222 5810 1979 1507 6209 2349 6817 2471 260 6818 6248 3199 2471 6222 260 2764 1979 5877 260 6222
4030
1131 260 1358 1011 424 1080 698
4030
1012 1021 1506 927 6196 3533 260 3603 260 6263 6173
5519 260 5503
2840 2883 2845 2091
4016
4029
2405 3189 4016 2405 3785 5478
4030
6250
4029
5403
4030
2868 2209 6824
4030
4029
4029
6687 1770
2893
6801 3229 3240 5810
4030
3978 2883 4030
3985 2882
5794 5810
2425
4016
4029
6186 2313
5798
4041
4030
4030
4029
4029
6803
260 1507 5798 5797 1507 1717 2596 260
698 1016 1089
4029 1656 1656
4035
2883
2790 6189 2312 2159 6263 6559 260
2185 4323 1819 3784 1819
4029
2125 3978
3829 1935 3780 260 3533 260 260 3532 260 2721
4029
2313 1663 2313 1663 6817
1181 3218 260 3427 1728 5222 260 4317 3218 1728 1181 3218 260 1194 1728 6096 1188 260 1507 3218 5222 1672 1728 1179 3218 5369 1189 1728 260
1694 2527 2794 5511 2794
4030
2718 2699 260 6201 260 6212 2403 2469 5698 6218 2164 260 6508 260 5744 1777 260 1778 1642 1736 6249 260 2764 2161 2164 588 1815 675 260 6506 260 1777 6194 2482 1507 260 1661 4879 3310 260 2932 6624 3472 260 2240 2531 2665 260 2527 1736 6199
5810
4041
4029
2883
4029
4029
4029
1011
3327
1507 2384 2713 260 5125 5803 260 1507 2270 2384 1937 260 2529 3186
3227 3226 2716 2482
3427 5671
4030
5678
3991
4040
4478 3254 2588
4030 3978
3978
3561 6558 3188 1652
2405 5503 3799
2886
3978
2893
2882
4030
1572 596 657
2883
424 2312
4029
2883
4003 4016 4031 4016
1377 424
4419 3068 260
1708
4030
260 6252 2156 2794 2794 260 6252 260 6818 2794 260 5478 2794
4029 2796 3176
4003
5696 5502 4029
6150 2309
4029
6114
4030
2904
1812 657 1572 657 586 490
4016
4030
2313
2906 4016
4029 4003
6547
5436 1815
5814 3229
3426 6559
4029
1572 1694
4029
4040 4030
4029
4029
4030
4030 4029
2572
2773 2306 3227 1976
1699 6801 2307
2770 1717
4030 4029
5468
687 4659 690 1188 2405 695
5692
6251
4029
4029
3783 5810 260 6208
2244 2148
4029
5770 5692
2577
2595
4115 5696 3037
1700
4030
2883
5878
2883 2694
4031
4029
4029
2850
6252 6137 6500
4036
6558 6558
2881
3450 260 5695 260 6195 4164 3450 260 3472 3474 3453 1507 261 3450
4033
6771
3831 260 6559 3796 5810 260 3796 3829 260 2203 3859 6558 6262 3859 260 261 1355 1010 1088 260 2203 3859 3453 2736 3859 260 260 3796 2207 2193 1088 261 1355 424 1010 1011 1361 1355 261 1088
4031
5714 1507 260 5710 6098 260 5710 6098 5713 260 5710 2771 6093 3533 2499 260 2471 591 1579 260 671 6643 260 6506 5710 5708
2886
4033
4029
4039
424
4029
2472
4029
2306 5810 260 6222
2869
6628
4029
3182 2577 4450 4180 2696 6822 1640 260 5087 2576 260 4271 2240 1341 843 260 4180 5789 2579 1345 260 6822 4271 1507 3551 3560 1640 260 1784
3323
3978
5810 5810
4030
3427
2639
1088 930 424
4041
5810
2906
3787 6559 5478 3196 2713 6166
1742 2887 3577 2313
2893
3603 261 260 1367
260 6172 3546 5501 260 2522 1507 5698 6218 6508 5503 5500 260 2715 1932 6500 1507 260 1507 260 2932 5794 1935 2790 3270 260 1507 6827 5807 2585 1507 260 4879 260 2161 3220
1700 2595
5394
3427 6682 260 2577 1507 2164 4164 3556 2577 5713 1507 260 260 2159 1507 4164 2704 3339 3556 260 2771 5618
260 5713 3323 260 3270 5713 6262 3323 5713 260 2159 260 3270 5714
4029
6801 2158 3806
2883
4029
3806 2588
3270 260 6248 5714 5713 2522 260 4525 6248 2718 260 5414 2522 260 3270 2765 5633 260 5414 4525 2718
5511 3546 260 1742 260 3176 6559 2156
