5494
1664
4016 5496
2904
5502
1664
1664
5496
5502
5494
5494
5496
1664
4812 5494
5496
1664
5494 2893
5502
5496 2883 4016
4030 5496
5494
5494
1664 4016 4016
4016 5494
5496 5494
1664
1704
5494
4016
5798 5634 3199 3782 3189 4286 1664 2749 3189 2694 5798 6801 3298 4191 3298 6801 3299 6801 2749 3189 5798 5798 3190 3092 5798 2694 5798 3298 6801 3305 3327 2749 6801 6235 3189 2571
5502
5496
5494
5502
5496
5496
5496
5502
1664 597
5502
5496
1637
5494
5496 1572 588 671 671 597 1629
1664
5496
671 488 3229 1812 1572
5496
5494
5496
5502
5496
1664
5496
1579 1818 1697 588
5496
4016 2883 5494 4040
4029 1664
4016 4030
5496
5496 1741
5494 4029
5502
5496
4016
1664
5496
5496
5494
5499
5502
5502
5502
5496
5496
5494
2893 5494
4016 5478 6801 3239
4030 5496 4003 4030
1664
5496
5502
5494
5496
2883
4016
5494
5494
1664 4033
5502 4016
1664
1664 1660
2884 3744 2630 3779
5502
1664
5494 4016
5494
5494
5496
4030 5502 4016
5494 3324
5502
5502
5494
5496
2883
3980 2883 4016
4016
1579 703 703 1716 1579 1716
1664
5496
5502
5494
1664
5496
5499
5502
4030
5496 2883 2883
5502 4016
4016 1664
5214 6687 3783 2736
5494
1664
2173 2312 5697 3426
3805 3240
1664
5496
5496
5494 2904
1664
1733
5496
4016
1664
1664
5496
1664 4029 4016 4016
5496 4030
5496
3298 3305 5502 3298
5496
1664
4016 5496
5494
6099 1754
5502
4029 5494
4036 1664
4016 5494 671 702
1664 4016
5502
5502
5502
4016 1664
5502
5502
5496
1664
5496
5502 3254
5502 1572
4016 5502
4016
5494
5494
1664
5676 3195
5494
5494
5496 4030
4030
4016 5496 4016
4016
5499 4016 2173 3782
5496
5496
1664
5496
1664
5496
5502 4016
5502
2882 4030
5496
1664
5496
5494
5502 1664
5494
5502
5494
5494
5502 4029
5496
5496 4016
2883
1664
5496
5494 4016
5496
2471 3241 4525 5496 5502 3227 3254 3241
5494 3796 6559 3190
5496 4016
2906 5494
1664
5494
5496
5496 4016
1664 4030
4016 5494 2884 4040
1664
4016
2906
5499
5496
5502
5502
5502
5502 4029
594 1815 660 596
3280 4016
5494
4030 5496
6570 3829 2306
3426 1642 3806 5810 3180 5496 1507 3805 3805 3806 1507 3426
5494
5496
5496
4016 5496
5496
4016 5494
5496
4016 5502 4016
4016
5494
5494
2883 5496 4016
4016 5496
5502
5502
5494
4029
5496
6174 2883 5502
1664
5496
5494 4030
4029 5494
5494
5496
4040
4016 5494 4016 2883
5494
5494
5496
5494
5494
5494
4029
5496
4162 3830 3832
5502 4016
5496
1694 5502 6189
5502 4016
5502
2883
5496
5496
1664
5496
1664
4030
5496
596 1664
4030
4036
1664
1664
5496
4029 5496
4016 5496
5494
5494 2883
5496
5496
5494 4016
1819
5496
5496
5502
5502
2906
5494 4016
1664 4016
1664 2904
1664
5502 4016
4029 2884
5496
4016
4016 5496
4030
4031
4030 4016
4029
5499 4016
1664
2904 1664
1664
4016 5499
1664
5502
4016 5499 4031
4016 5502 4016
5494
5496 4029
5494
5496
5494
5496 4016 4016
1664 4029
4016
4030
1664
5494 4016
5502
1664 2883
368 1330 5494 1228 389 1277 1695 389 1695 1330 1268 1321 368 1838
5496
2904 5502 4016
1664
1325 368 389 5494 1272 1695
5496
1752 2410 2269 1752 1752 2269 6558 1752 2273 2269
4030 5496
1664
5496
2884
5496
5496
5494 4016
5502
5502
4029
5494
4016 5496
5494 4029
5502
5494
4016 5494
1664
1579
5496
5496 4016
5496
4016
450 671 1664 4016 490 671 4016 1664 2883 597 671 1805 1810 488 674 450 671 490 671 490 450 1664
5502
5496
4016
1664 4016
5496
1664
1664
4029 5502
5502
5502
1664
5502
5496 6687 2584 2571 3782
4016
5496
5494
5496
1664
1664
4016 5496
2904 5496
5502
1664
5502
5496
1664
4016 5502
6215
5496
5496
5502
5496
5496
5496
1664
5496 2890
5502 4016
4029
5502
5494
5494
5494
5494 4016
3195 5494 3194
5494
5494
4030
4029
1695
5502
5496
4016
1664
2883 4040 4016
5494
4016
1664 6147 5878 3196 2717 6199
5494
5502
1664 5494
1663 2313
4030 1664
5502
4016
2883
4040 4016 1664
5494
2906 4016 5502 3985 3978
1664
4030
3978 5496
5494
4030
4118 3199 5494 2306
5496
5494 4016
4016 5496 4016 2906 4016
5496
3379 386 831 833 5502
1664
5496
5494
5494
4016 5496
1664
658 1572 1664 1812
5494
4016 5502
1664 4016
5494
5496
1729
1664
4029 1664
4030
5494
5496
5494
1664
1664
5502 2906
1664
1664
5502
5494
5494
5494
3788 5696 1717 1664 3788 2736 6682
1664
1664
5494
5496
4016
5496
2148 5494 4016 2244
1697
1664 4016 4016
5496
5502 4033
5496
5502
5494
5502
5502
4016 5502
5502 4016
4016 5496
2883
3434 2528
5494
5496
5494 597 1815 657
1664
5502
1664
1664
4030 1664
2918 1664
5494
4016 1664
5502
2883 5494 4016
1664
2450
4016 4029
4029
3305 4191
