2905
2736
2905 4535 4526
1656
4005
4029 4029
4029
4033
4016
4029
2905
4030
2905
4029
4030
2905
4029
1656
4029
4029
3991 2136
4003 4029
2319 2311 2311 2589 2319
4030 2904
2904
4029
4005
3969
4029
1656
4030
4030
4029
4005
4029
3969
4016
4032
4029
4016 4040
4173 4032
4030
4005
4030
2893
4040
1656
3741 5706
4030
4003
2904
2905 1656
2905
4173
4030
4029
1642
4030
1656
2576 2578 4173
4003
4173
2905
4030
3978
1656
2904
4030
4030
4029
4030 4088 1664 5477
4030
4029
4029
1656
4029
4433 6801
2905
4030 1656
5429 6558
4036 4036 4005 4036
2905
4030
4031
4016
5588 4799
4030
4030
1656 5794 4029
4029
4029
1656
4040
2905
4029
4034 4029
4029
4030
2905 4005
4030 2904 4029
2312 4005 4030 4016 1673 4016 2307 2796 2168
3971
2904
6125
4030
4016 4031 4003 4016
4036
4029
