4031
2147
3190 6687 5634 2749 3189 6683
6558 2881
4016
1812
2880
3427 5696 5698 1015 6800
1656 4029
2905 4003
4030
4030 2883
4030 2883
424 1341
2842
4029
1640
2307
4030
4029
4029
4040
4030
4029
4029
1092 1021 699 924
4029
2904
4030
1579 703
4030
5808 3219
2773 2774 1695 3426 2765 2774 2773 2774
4029
2904 5542 3839 1729 1579 1910 1683 1579 2722 1729 1579
4029 4003
2881
4029
4030
2794 5404
4003
2904
2881
4029
594 1807 660
4040
4833 2306 4074 2923 4807
4029
4029 5114
2270 5843 5251 3381 1508 5250 5190 5176 5177 3093 2384 2169 6801 5174 4421 2623 3788
4030
2313 3190 2663
4030
4030
4029
2893
4030
1695 488 660 1658
3548 6624 3934 4331 2311 2772 3334
4030
1445 260 1477
3577
4033
4029
1228 389 368 1658 702 669 1328 368 490 389 1658 671 1330 1228
4030
4030
4029
4030
4029
4030
4034 4029 4173
4030
5160
3978
6133
4030
2883
4033
5620 260 6559 1665 6099 5620 6559 260 1665 3533 6099 3891 6559 260
4029
1579 2696 1579 3229
3577
1729 1579 1579 6687 591
4029
4030
4030
2410 2405
3195 3819
1005 6801
4191
4933
4029 4030
1725
4016
4030
4029
2790
3805 2579 6173
6801
