4792 3067 5977 4494 2416 5218 531 3882 1469 1639 3391 1025 2455 2317
2590 3621
5157
2593
2455
1492
4675 2065 3964 5501
3611
3612
3611
2511 2064
3612
524 604 534 626 591 403 604 435
3613
1419
2858 3388 2455 3746 5932 3746 2982 5932 2904 3747 3388 2864
3612
4036
3611
1639 603
5144
3612
3612
3611
3617
3611 3612
3611
4071 2863 4070 2455 2860
2394
5500 2071
3554
3612
3611
3283 2064 2510 2916 2923 2482 1355 3274 3403 3273 4070 2662 3173
2603 1868
3612
2490 2064 1498 1944 2864
3590
3611 3612
1659 403 605 1077 1082 402 1648 231
2920 1949
2578
3612
5157
2737 4996 1606 4996 2317 4996 2265
3611
5415 5413
5157
5055 1962
3612
4858
3612
3611
3611
1558 3140
2065
5146 3559
3612
3617
4632
3611
606 605 4146 604 1219 984
1944 1947 3404 2426
3612
3612
3611
2854 3416 2850 3097
3612
3567
1496 2071 2865
5157
2484 1966
3611
1867
2455
3612
5146
3611
3615
3612
3612
4858
3617
3611 527 1025 531 526
5157
3611
3388 2314 4629 2416 4630 3391 2863 2424 3427 1337 2110 5191
3615
921 835 983 1568 1509 1356 975 912 835
3612
3884
3612
5157
3615
1862
1498
5157 532 1655 1655
5825 4070 2139
2325
2324 4882
3614
5146 3611
3612
3053
2455
2679
3621
5146
1567 4858 2859
1915
3611 3601 3587
3617
3611
3611
3611
2593
3611
5157
2528 3009
5146 1465
3029 3029
3611
3612
1203 984 765 1237
1501
5496 5826 2282
3612
3611
535 1644 584 626 532 599 1644 350 549
3612
3612
3611
3622
3612
3612 2558
3612
5501 4281 3388 2416 2509 1935 5146
3565 2455
3611
605 435 402
3465 1945 3395 3394 2455 2198 2218 5457 1944 3407 2437
3611
4869 4880 4792
2615
3612
3171 4985 230
526 636 583 594 594
3611
1570
1864 3067 4829
2313 2316 2317 2315
5419
3613
3611
984
3611
4010 1963 3487
3611
5074 1355 3876 4978 5107 4111 3029 1601 1623 4044 6036 2802 3875 3970 2029 2683 4708 4976 5111 2266 5103
1551
3970
3062
4444
3266 2141 2865 2417
2069 6032 5423 6032 5426 3612 6032 2860 5423 5421
3612 4052
1500
2593
3612
1548
4881 2067
2455
3611
4512 230 3412 3170
5146
2593
2474 3248
3612
3612
1605 4311 2064 5873 2927
1918
3612
3612
2583 1493 3611 3612
2850 5135 2482 2479
3973
5146
3611
3611
2731
3621
1876
3571
3612
2232 3068
3617
1529 1413 1466 1530
3565
5157
5157
361
5157
1913 2568 3587
1355 2328 2850 3391 5033 3390 3067 4869 2525 1550 4978
4858
3612
3612 2591
4858
3395 1622 1538
3615
3612
3611
2920 2071
2982
2455
3612
5157
2982
2593
3611
5825 2997 2858 3413
3612
3611
3612 3612
2455
3598
1530
3611
3611
2455 3565
3611
983 915 987 1217 907
3616 3611
3612
3612
1237 1607 1226 765
3612
3612
1906 1911 4796
1862
4046 2550 3612
3611
3614
1466 1530
3612
2158 5188
3611
2226
3612
2894 2662 2892 2163 3097 3375 3412
4512 2997 3395 5027 4513 2091
3612
3612
5146 2416 5146 4629 3067 3391 2865 3404 5218 3388 5932 3176 2314
3612
3612 5432 1913
2064
3616 3587
3656
3611
4976 3790 230 5826 5826 1501 230
3756
1222 1217 1227
378 1219 5504
3611
5505 3408 532
4793
3611
2626
2416 2894
5932 3394
2591
2455 2865
4045
1419 534 1412 534 534 1412 1419 1576 524 1419 5513 1639
3612
2199
3612
3612
