3199
6655 6559 6818
3978
830
4029
2736 3978
5810
2905
4040 2122
4029 5810
3178 1705 6821 1672 2798
2905
6527
2905
2335 4180 3232 6687 3230 6687 6687 3189 6570 3189 3788 5559 6801 3782 3796 6570 5634 6564 3788 2694 1655 5709 3782 6687 1734
4031
2904
5478
2736
2905
2736
2736
2736
2893
4029
5810
3978
4030
4030 1714
4029
703 4029
5496 2868 1840
2905
4040 2736
4030
4030
2904
2736
2904
2905
4029
4191
2666
5798
4030
2736
4029
4030 2736
4016 2736
3420
5810
3805 3226 4640
2905
4029
4029
2904 2736
4810
4029
3298 3298 4181
4181 4191
4846 2881
4031
4003 4003
2736
1812 1810
1729 1507 2568 3122 2965 1321 378 368 1267
4029 2905
5798
5810
2736
2736
4007 2883
2905 4030
1690
4032
2736
5810
4029
5810
5709
2736
5810
4030
5810 2883
2736
2905 3821
2736 2904
2905
2736
2904 5810
5505 2313 5879 3190 5798 5505 4427 5501
702 660 594
2306 6525 2746
5402 3180 3426
1716 6093 2306 2306 2948 2946 5622 5161 2561 2717
2736
5810
4334
4029
4029
4030
5810
4030
4029
5810
4031
4029
3978 3978 3978
5810
4040 5478
2905 2850 3577
4003
4431
4030
2736 6703 4849 4838 4819 4814 4860 4835 6703 4840
4029
4029 4029
5810
2736
5478
5810
4030
2736
2881
3194 5877 1744 5714 2307
3381
650 451
4029 2736
4029
2904 2736
2905
4030
2905
3254
4030 5810
2883
5810
5810
4029
1812 1572 1825
3973 4003
2736
2905 1752 1753 1752
3381
4030
2736
2905
5795
5810
4191 2905
2904
4029
5810
5810
451 671
4029
2881
5810
4030
4029
384 1782
4029
2904
2736
4040 2736 4016
1658 702 490 6199 671 3548 702
2736
2736
2736
4016
4029
3788 4281 6195 3789
4036
5810
5810
2904 2736
5810 4016
2736
4031
4029
4003
5810
6793 4180
2164
6609
5810
3978 2905
2736
5810
4030
4029
1673 2313 3378 2313 3378 3378 1673 2313 2376 1691 3379
2905
5178
2847
2905 2577
3781
4040
2792
4029 4029 4029 4029
6113 2092 4029
4029
5708 2168 2589
2156 1716
4030
3758 2244
3227 5344 1717
