2904
3807 3427 2957 3801
2663 2265
2838
2695 5810 2522
1673 5174 3785 1793 5622 6802 3788 3789 5503
2313 6099 1707 4016 3782
2704 2756 2307
2354 3810 3829
4005 4016
4029
4029
4030
3266 3821
4016
2904
4016
1508
1677
3298
3219 5709
2883
3967
5676 6808 1005 2579
3978
4016
3978 3978
4029
2796 4030 6558
3293 3427
4029
4016
4029
1579 1695 674 594 1818 1695 703 1695 1734 1828 1695 1734 1734
4526 4016
2883
4036 3991
3052 3426 6248 2227 6245 3426
4030
4029
2883
4016
4030 4029 4030
4030
3784 3243
6559 3801 4789
3427 2883
4016
4005
3196 3426
2893
4016
5672 3837
4029
4029 4016
2880
4031
4029
4016 4016
4030
4031
3788 3782 5622 5478 2385
4030
4030 2624
4029
2313
4029
2906 1652 1764 1764 1772
1626 1579 676 1694
2126
4029
4033
4030
4029
1673 2155
4016
586
1753 3859
3426 3426
1783 1016 1358 424
1819 5716 703 2812 1828 1579
3789 3427 4331 3782 6166 3259
4029
3427 1708 1673 2883
4030
5148 5151
4029
3978 2893
2906 3967
4029
4016
4040
1008
2904
4793 3227
2883
2883
5478 5214 6687 6245 6168 5877 3784 4203 2736
671 597
6802 1734 2718 6802 2575 2307 5642 5697 6199 5207 5710 5207 1793
4191 3305
3093 5843 3358 2623 1507 6803 5108 3788 4117 5619 2722 2801 3357 5177 4421 2270
1507 6753 2667 2709 1346 2311
3577 4030
4016
2883 2886 2883
4030
2801 5786 2334 5666 2717 2156 3192
4016 4016
4016 6570 1936 3258
4031
4029 4016
6559 2306 1675
4016
1579 1819
4040
4016 4030
4016 2906
2906
5511 1016 1354 1080 1012 424 5639 924 1013
1764
594 1825 1133
2906
4030
2261 2269 2759
2578 3240
4030
2893
4030
3965
4016
4029
3859
4029
4557 2704 1717
3741 2906 1656
4030
2883 4040 4016 2883
2883 3327
703 1819 2665
2736
4947 1695 5496 1664
2883
3978 4030
2155 1665
1579 676 1828
2159
4513 3194 2717 2528
4029
1733 3262 1675
5708 2313 1357 1080 1011
4030
4016
4029
4030
4033
588 661 1133
2840
2310
3978
2883
4031
4029
6249 2883
3784 5643 2736 5511 6559 6801
2403 1707 4016
4005
2736
4031
4031
4023
5744 1793
4029
1781 6767 1781 2694 1660
4016
4040
4033
6173
4016
2904
2405 2159 5699 6199 5453 5695 2522 2472 6189 2410 2446 2561 2169 1656
3298 2883
5484 5504 5500 5503
4030
1008 1089 1361 1088
3991
4030
4016 2850
4016
3978
1825 488 594 659
4029 4003
4030
5404 2240
4016
2704 3556 3859
4029
2771
1794 6804 6804 3833
4029
6727
2306 3633 3648
4029
2906
6199 2313 2164 4118 3787 2695 1486
4029
6166 3194 5542 3345 3240
2904 4016
3991
2840
4029
4030 4016
2906
4030
3549 2979 4557 4652 6249 2546 3333
4202 5878 3817 3195
4016 4016
1131 1012 1015
3324 2446
2883
5250
4030
1637 4618 2794
4016
2125
3553 3195 3426 3830
4016
3969
1480 424 1361 843 850 3427 424
3978
3296
4030
6106 2868 1753 1754 2306 1753
586
4016
2883 4016
4029 2883
1672 1673
4030
6179
4033
4033
2125
3978
4030
4016
3974
4036
4180
4029 2136
2790 2736
2904
2883
4030
4031 4003
4029 4016
4030
6099 384 1655 1782
4003 4003 4003 4003
4016 4016
4029 4003
3196 5218 2812 1507 5844 5214 1736 2471 4118 3784 2306 2547 3426 3788 2230 2756 5847
4030
4030
4029
4016
2306 2759 3229 2185 3196
4030
2906
4036
4029
2579
4030 2883
2736 2881 4016 2311
2884 2883
2883
4016
2354 4558 1754 2745 3196 3381 1508 2354 3883 1810 5642 2155 5794 1764 4696 1754 5622 4688 3381 1717 4191 4359 5583 3363 4005 1764 1754 2868 5583
5622 3789 1972 4117
4029
5341 4030
4029
4030
4016 4016 4031 4016
2906
2883
4016
3978 2893
4029 4016
4029
4029
4016
1700 2189 5478 1507 3788
4030
703 1579 1716 1579 703 703 1828 2847 1716 4030 2089
5356 6504 3098 5372 3789
4016
3864
4029
4030
5740 2883 4016
3978 4016
2906
4030
424 1358 1089
5496 5494
4016
3978 4016 4035
4414 5504
4033
2906
5203 2745
3974
4016
4036
2893
4016 4532
4029 4029
3394 3818
4030 4016
6723
3394 3240
4036
495 3426 665 594 703 495 703 664 671 4030
3337 2312 1819 2587 1695 2312
4030
2126
4029
4016
1358 1012 1346 1088
4016
4030
4016
4030
2904
6559 2709 6801 1507 5369 3551 3818
2886
4029
2905
4030
4040
4016
4030
6525 5810 2193
2904
4031
4016
4029
4007
4016 3991
4030
4030
4029
4029
4029
4003 4005
2906
4016
2851
2883
2904 5404 2721 5214 6817 3817 5844 2312 6506 5753
4030
4016
4005
1783 1652 702 1572 661 596 1783 2153
4030
2905
4030
4030
4030 4016
4030
4030
4016
843 424 424 4331 3182
702 597 670 1805
4016 4016
2884
4036
4016
4033
4029
4698
2533 2159 5181 2270
4030 3978
4016
4030
2883 3416
4016
2893 4029 3978
4036
4029
4029
4016
4029 4029
4035
4029
4016
2719 3199 4525 3427 3785 2736 3226 598 3427 2522 5642 593 2736
2906 4016 2883
4030
4007
4016
4016
4016
5814
4029
4016
4429
2883
5511 3472 260
6804 3227 6802 3190
2882 4030
3577
2883
2904
1572 1133 1572 1572 1572 1812 671 4799 1572
3992 2883 4030
2893 4016
3785
4016
424
450
6224 1650
2883
4040 2906 1656 3974
4029
2883
4029 4016
6558
4029
2541
2906
4033
2771 2772
4029
2906
6179
1626 1695
4016
3789 3194
4029
4031
2953
4016
3979
3978
4040 4016
4016
4016
1742 384 5847 2376 1782
3776 2424
2155 1812
4016 4016
4029
3797
4030
2906 4030
2161 3427 5697
5478 5696
2906
1656
657 1572 4016 1812
4029 2906
2666 5125 4118 2528 3548
1579 814
4030 4016
3547 5622 3219 2522 1507 3833 5478
3427
2904
3190 3806
828 5478
4029
703 2575 1579 703
2883 2403 2838 3953 4030
1367 1012 261 1361 1341 1345 261
5406 1642 5409 6727 5402 3859 3806 2883 5810 1642
4016
4030
3980
4040
4016 4029
2883 6547
4029
1810 672 492 1695
5176
4029
2883
4016
4016
4029
4016
4030
2883 4030 4016
482 1191 425 407 1812
6189 3788 2736 2736 4606 3240
2883
4029
4030
2851 4526 4040
5511 3189 2261 2306 4525 1507 2694
934 1358 1088 1016
2883
4016
4030
4040
2904
4016
4016
6017 3577
2873 1812
4030
4016
5416 1704 3427 4030
4029
2883
4512 4511
4016
4030
6548 2849
2313 6199
4016
2906 4035
4030
4029
4029
4029 4029
2883
2883
3218 1699 2587
2883 2886 2906
4016
4029
5341
3741
4016
4016
3978
4016 2904
4016
4030
4040
2860 3978 3883 3974 4040 4031 4526 4040
3971
6624 260 2584 5499 6195
4328 2719
4029
4029
2906
4029
2906
588 594
3226 6801 3254 830 2809 3556 345 3072 3394 6189 3426 4938 7181 5698 3796
4032
4030
4030
2883
4029
3869 6558 5250 4192 3186 1698
4030
4016
4016
4029
4354 586 4376
3989 4029 4016
4029
4016
2906 2119
3737 4030
4016
3323 1498
4016
2883
4029
5877 5608
1782 6258 6172 384
4029
4031
4016
4029
261 1361 1341 843
2883
2883
2092
4036
1016 1358
4029
1695 670 1812
594 3181 2313
4030
2883
4029
2155 1639 5481 3130
4005
4016
3019
6149 2584
4030
1656 4040
4029
2575
4033
2402 6138 2592 2883
4029
4030
4030 3799 4016
4029
2906
3829 5797 3789
702
4031
4041
4029
4016
4030
4582 6559 5511 3226
2906
4029
4030
4029
1341 1361 1009 1364 2756 1217
4433 6211 4433 6801
4029
4016
1733
4029
4016
4016
2704 3805 6559
2148 2736 260
260 1748 1770
4030
4016
4030
2313
1341 261 424
4030
843 1345
1656
6099 1753 260 424 261
4016
3840 3829 3828 3548
4032
4029
3971 2886
4029
2126
3978 5467 4016
5456 2774 3784
4016
2904
2713 3259 3243 3806
4016
1782
1700 1361 2265
2851 6803
2906
4029
261 1089 424 1012 698
2883
4030
4030
4030
4031
4029
4016 4030
4030
4036 4016
2883
4016
1354 1440 1088 1008 1015 1079 1131
4029
4029
4030
2883
1812 1572 2736 1825
4016 2883
4030
2883
2575 3226 2696
1752
408 433 1191 424 688 3532 6803 1742 2153
260 1672 5223 4450
3229 5879
4016
3971
3953
4030
4016
260 2529 3891 2240
4893
4016 2883
4030
6225
4016
2906
596
4029
4030
4032
4016
4029
5634 3652 6527 3652 6687 2579 6527 1507 3780 2579 3652 6527
3196 3427
2883 4030
4030
4040
3254 2313 5405
4040
3978
4029
260 3660 2389 260 2389 3660
2530 3546 260 2531
4016
3977 4016 2906
2883 3408 5401
4029
4030
1782 1695 384
1656
4029
657 495 590 588 4016
4029
260 6195 2164 6506 5714 6199 260 2164 260 5744 2219 260 2169 3052 6199 2773 6194 260 2790
671 490 1658 4040 488 450 671 1664
4118 6801
4030 4191
4016
3602 3188
4030 2883
4016
4029
6559 3227
6156
4231 260 4477
4181 2906
4016
4016
6801 596 2709 1810 2713 4330 6539 6536 6541
4030 6132 3978 2850
2265 5618 2468
2868 3427
4016
4029
4016 4016
1664 3627 3427
4436
4003
2129
3953
4016
4029
4030
1694 1579 675 1810 505 1694 1579 1579 1694 1579 1694 1819 1579 2194 1694 1819
4029
5810 3219
5804
4016
4030 4029
5542 3199 2719 3333 4202
408 1174 1184 260 688 434 1193
4029
4016
2873
4016
5877 260 5712 2349 2384 2410 260 5405 2161 5497 2231 2349 5710 260 4317 260 6222 1507 5810 6209 1979 2349 6817 2471 260 6818 6222 260 6248 3199 2471 1979 5877 260 6222 2764 260 2663 2983 3199 3552 1341 1979 844 6690 1093 424 5877 1346 2983 2410 5456 2983 2471
4030
1131 260 1358 1011 424 1080 698
4030
1012 1021 1506 927 6196 3533 260 3603 260 6263 6173 260 1088 1013 260 1086
5519 260 5503
2840 2883 2845 2091
4016
4029
3785 3189 6508 2405 3189 4016 2405 3785 5478
4030
6250
4030
4035
4029
5403
4030
2868 2209 6824
4030
4016
1695 1729
4029
4029
6687 1770
2888 2883
2893
6801 3229 3240 5810
4030
3978 2883 4030
3985 2882
5794 5810
4016 4016
2425
4016
4029
2584 6801 260 1507 6683
6186 2313 5516 4016
5798 4034 4039 5798
4041
4030
2883
4030
4029
4029
4016
6803
260 1507 5798 5797 1507 1717 2596 260
698 1016 1089
4029 1656 1656 1498
2310 3787 1655 2696
4035
2883
2790 6189 2312 2159 6263 6559 260
2185 4323 1819 3784 1819
4029
4016
2125 3978
3829 1935 3780 260 3533 260 260 3532 260 2721 260 1507 3532 260 3533
4029
4029
2313 1663 2313 1663 6817 2313 1663
260 3218 3427 1728 1181 5222 260 1728 1181 4317 3218 3218 260 1194 1728 6096 1188 260 3218 1507 5222 1672 1728 1179 260 3218 5369 1189 1728 5369 3218 260 1193 424 1728
4016
1694 2527 2794 5511 2794
2745 6199 260
4030
2164 260 3339 5698 1507 2718 2699 260 6201 2469 260 6212 2403 5698 6218 2164 260 5744 1777 6508 260 260 1778 1642 1736 6249 260 2164 2764 2161 588 1815 675 260 260 6506 1777 6194 2482 1507 260 1661 4879 3310 260 2932 6624 3472 260 2240 2531 2665 260 2527 1736 6199 6803 260 3796 260 3556 2307 3229 1507 260 2764 5698 2159
5810
4041
4029
2883
4029
4029
703
4029
4029
3546 2384
1011
3327
6559 3244
4040
4016
2713 260 5125 5803 1507 2384 1507 2270 2384 1937 260 260 2529 3186 1937 3186 260
4016
3227 3226 2716 2482
3427 5671
4030
5678
3991
4040
4478 3254 2588
4030 3978
3866 2265 1695 3256
3978 2125
3561 6558 3188 1652
2405 5503 3799
2886
3978
2893
2883 4030 2881 3978
2882
4016
4030
1572 596 657
2883
424 2312
4029
2883
4035
4003 4016 4031 4016
3450 4480 5697 3182 1972
1377 424
4419 3068 260
1708
4030
260 6252 2156 2794 2794 260 6252 260 6818 2794 260 5478 2794 6818 2794 260
4029
4029 2796 3176
4003
3339 260 3532 3324 2932 260 3357 3324 5714 260 3344 260 2932 3019 3052 6506 260
5696 5502 4029
6150 2309
4029
6114
4030 4034
2904
1812 657 1572 657 586 490
4016
4030
2313
2906 4016 4016
4030
4029 4003
6547
5436 1815
5814 3229
3426 6559
4029
1572 1694
4029
4206 2185 2715 3785 2666 3547
4032
4040 4030
4029
4029
4030
4030 4029
4016
4035
2572
2773 2306 3227 1976
2882 4033
1699 6801 2307
2770 1717
260 1673 3830 1507 3426
4030 4029
5468
687 4659 690 1188 2405 695 5709 2405 1184 4266 688 408 6801 434 2158
5692 5692
4029
6251
4005
4016
1681 5671
4029
4029
3783 5810 260 6208
2244 2148 2244
4029
5770 5692
4007
2577
2595
2882 4030
4115 5696 3037
4016
1700
4030
2883
5878
2696 2883 2694 2694 6687 2694 6687
4031
4029
4029
2850
2886
6252 6137 6500
2845 2883
4036
6558 6558
2881
3450 260 5695 260 6195 4164 3450 260 3472 3474 3453 1507 261 3450 1507 260 5695 2159
657 3277 1817
2893
4033
6771
2883
260 6559 3831 3796 260 5810 3796 3829 6558 260 2203 3859 6262 3859 260 261 1355 1010 1088 260 2203 3859 2736 3859 3453 260 260 3796 2207 2193 1088 261 1355 424 1010 1361 1355 1011 261 1088 3796 260 3830 5810 1361 261 1088 1355 1010
4031
2319
5714 1507 260 5710 6098 260 5710 6098 5713 260 5710 2771 6093 3533 2499 260 2471 591 1579 260 671 6643 260 6506 5710 5708 2771 260 5710 1507 6245 4267 260 3532 260 2771 1507 5710 6245 6829 260 3532
2886 3978
4033
4029
4039
424
4029
2472
4029
6222 5810 1507 2306 2306 5810 260 6222
2869
3978
1828
6628
4029 4016
2193 2694 260 6820 1640 6822 3887 3182 2577 4450 4180 2696 6822 1640 260 5087 2576 260 4271 2240 1341 843 260 4180 5789 2579 1345 260 6822 4271 1507 3551 3560 1640 260 1784 260 5696 5797 2575 5500 2576 6822 6817 1507 1642 2579 1087 1345 843 2577 1089 5877 1348 6818 1717 1640 6822 260 2174 2181 2175 260 1640 260 6822 6818 6801
2126
4030
3323
3978
5810 5810
4030
2883 3973
4030
3427
5497
2639
1088 930 424
1626 596 671
4041
6208 2959 5622 260
5810
4526
2906
3787 6559 5478 3196 2713 6166 5478 3196 5877 3787 2575 3859 6166 3218
1742 2887 3577 2313
2893
3603 261 260 1367
260 6194 5511 260 6172 3546 5501 260 2522 1507 5698 6218 6508 5503 5500 260 2715 1932 6500 1507 260 1507 260 2932 5794 1935 2790 3270 260 1507 6827 5807 2585 1507 260 4879 260 2161 3220 260 1736 6172 260 2156 6508
1700 2595
5394
5789 260 2164 1507 2577 4164 3427 6682 260 2577 1507 2164 4164 3556 2577 5713 1507 260 260 2159 1507 4164 2704 3339 3556 260 2771 5618
260 3323 1507 3324 5714 260 5713 3323 260 3270 5713 6262 3323 5713 260 2159 260 3270 5714
4029
6801 2158 3806
2883
588 1572 1825 675
4029
4029
3806 2588
1648 1783
3270 260 6248 5714 5713 2522 260 4525 6248 2718 260 5414 2522 260 3270 2765 5633 260 5414 4525 2718 5713 260 2718 5640 260 4525 4298 2288 2699 260 5714 3796 2773 5456 260 2774 2773 2771
5511 3546 260 1742 260 3176 6559 2156 260 2156 5501 6817
260 3270 3323 1507 4525 2718 6506 260 1507
