4040
4005
4030
4029
4030
2883
4030
4029
4005 3991
2883
4040
4035
3967
3978
3978 4003 4029
4040
4030
4030
4029
4029
4005
4526 2136
3978
4030
4029
4036
4040
4029 4030
1781 2845 1781 6765
4035 4003
4030
4030
4029
4029
4029
4005
4035
2886 4030
2886
4030
4029 2883
4036
4040
2905
3411
4031
4030
4029
4030
5678 6822 6820
4029
5810
4035 4035
4030
4029
3956 2905
4029
2905
4030
4040
4030
4030 4036
5343 5878
4030
4036 4036 4036
2901 2881 4034 4036 4036
4040
4029
4029
2883
4029
2403
2883
4029
4030
4029
4003
3776 3776 1778
4030
4030
4036
5478
2905
4030
4030
4029
4030
4030
3420
4030
4029
4030
4030
2845 3408
3737
4040 4030 2905
4030
4029
4003
4036
2883 3978
2905
4030
4029
4040
3980 2796 5407
4035
4030
4040
2905
4031
5878 6147 3934 6252 5878 6149
4029
4030
4030
5695 2736
4033
4029
4029 6817 4029
4030
4030
4030
4030
2079 2118
4029
4030
3954
4030
4029
2306
4029
402
4034 4030
2881
3978 2136
4030
4029
