4040
1741 1009 1707
1714 2764 1008
4029
5492 1698 6801 3298 6801 3305 3300 6801 2046 2694 3190 2749 5635 3189 4181 3298 2904 6801 6801 3305 3298 5633 4078 3189 2228 3189 5404 5798 2749 2694 3299 3300 2748 3190 5663 2694 3240 5635 5798 6801 3471 1734 3190 6801 3300 3305 3298 5798 4181 3300 3305
4030
5504 1507 6741 3784 3199 4118 3194
1656 4029
2316 3190 2736 3243
4032
491 450 588 671 657
2736
4800
4029
4270 3262
4036
4016
4029
4030
2745 3323 2756 5711 2530 1507 5713 5716 6194 4298 5495 6271 5714 5701 2168 1784 1758
2386 3601 3793 2280 5212 6255 2608
4029
4029
4802
2904 4800
4800
4029
4030
4800 4180 3122 2940 3298 3426 3298 3305 3427 4181
1656 2905
1579 2078 1828 1729 3180 1729 1828 1657 4429 1579 1700 1579 1729 1579 1729
1812
495 663 1695 588
4029
2904
4029 424
4036
4029
4016 4040
261 424 1341
2881
2904
2904
4030
6570
4029 2313 4622 3266 3785 2741
1752 4599 3381 2424 2405 5843 1507
2587 5877 1572 502
2663 3263 1716
4029 2405 6500 2694
4802
4029
2313
4030
4801
4030
2402
4800
424
4802
2904
4801
5513 3194 3552 3426
4800 2904
4030
2904
4029
4029
2881
4801 4029
4016
3295 6559 4112 2204 2704 3830 3318 4784
5222
2883
4030
4801
6801 2152 2596 3243 2307
3300 5663 6214
611
3829 3938 3218 3828
4801
2312 3190
3817 3841
4173
4802 4801
2795
3533 5620 6559 6099 260 260 5610 3532 6196
4029
4800
4029
4029
4800
1758 1579 1579 594 703 1579 1812 2721 594 1657 1579 703
594
3195 2385
4040
2313
4800
1742 6195
6871
4933
4029 4030
2694 2209 6807 2736 2385 2695 2386 2795 1742 2313 2577 6801
4030
3195 3227 2187 3788 2385 5496 3426 4888
2965 2713 384 1782 2709 3227
5092
2471 3403
4030
