3859
1016 424 1357
4030
4032
2907 1501
4016
4016
4029
3989
4016
2883 4016 2851
4016 4005
2883
4016
4029
3227 2277
4016
4005
4425
3266 4640 3821 1714 3817 5478 3821 2575 3293 3266
2904
2307 4016
1694 5794 1643
4029
2907
4029
2313 702 597 591 2883
4016
2883
2904
2907
4030
4016
3194 3195 3552 2736 5478 3323
4030 4016
3789 6189 1695 597 5203 6559
2904 2318
2907 4030
4016
4029
4016
5794 2907 4030 2736 4016
4016
4030
4029 4003
703 5222 1734 1695 703
3978
4031
1717
4030 2907
3427
2907
1734 2427
4016
2907 4030
586 5698 5697 2270 5697 6143 4016 5836 3256
2907
2907 2084 4526 5740
1131 1358 1089 1015
2904
2484 384 1782
2884
4030
2904 4029
4016
4007
4029
4016
6801
4029
4030
2904
6199
4029
5501 424
4016
4030
4016
3980
4016
4029
1764 2907 1754
6558 2169 598 596 5478
1937 3196 1819
4029
2907 2893
4030
1345 1361
424
2904
4016 4016 2907 4016
586
2091 3737 4016 3741
4016
4016
1783
4016
6682
4040
2904
586
2402 5798
4016
4029
4016
2904
930 1358 1088 1012 424
4029
2883
4030
2883
6559
2883 4040 4030
593
1501 2907 2306
1572 597 671
2893 5207 6802 6802 2313 2718
2883
1695 488 594 1572 671
703 1626 3190 3829 5478
2883
4112 3789 5306 4421 6801 5843 4115 2623 5619 5513 3381 6255 1770 3358 2801
4016 3978
2907
2883
3978
2907 3969
2883
2883
1819 703 1579
2907 1501
2907
2906 4016
4016
2883
4030
2907
4029
4030
4029
4640
5797 2527 3219
2907
4016
3191 2338 4016 4621 4641 1717 3194
3437 3437 1818 1695 1579 1818
1793
4031
4036
4029
424 1345
2883
4035
3229 2904
4030
4029
4335 1828 1579
1345 424
4016 4030
3989 2907
2847 4016
3796 3793 6099 5505
4029
3220 1508 3815 5205 3788 3222 3830 3195 3816 5622
4016
2155
2313 2883 3868
2907 2907
2884
4030
2884 2883
4029 2883
3298
4029
3427 3357
4016
4029
5092
5453
2883 2085
3796 3194 3218
4029
4029
1781
4030
4030
3978
4016
4841
4016
4029
4029
3222 6871 3788
2313
4030
4007
2907 2318 6194 3244
4016 4040
2883
2883
4016
2736 3805 3828
1764 5316
4029 4016
4016
4030
2080
4030
4016
3974
2771 5414 2772 2765 2771
4030
3991 2907
1794 6804 6804 6806
4016
4029
2306 5619 5610 3337
6094
2312 3190
4016 4029
4005
4030
4033
2907
1754 1764 5388
3978
4029
1770 2907
4016
4016
1819 4016 703 1579
2408
5570 2851
1507 5695 4557 4652 2174 2759
2893
4016
1015 1131
4016
391 5422
1734
2125
4029 4016
4016
2318 2883
4640
4016
4016
6559 3821
3266 3254 6559
1753 1754 1753
4016
4016 3969 4016
2173 2721 3782 5798
2883
4029 4029
6685 3226 4525 3796 1507 5493
2883
2883
4033
3978 3577
4029
4016
4030
5341 5494 6818 5496 5502 1664 6822 4016 5343
3748 2907
2883
4016 4526 4029
4640
4029
4016
2084 2907
2883
1660
2883
4016
3426 6133 4090 1754 3775 6117 3426 4704 3774
4016
2792 3789 2575 3806 3801 3807 3195 3783 2273 1507 2695
4003 4003
3978
3195 4016
4016
4029
4016
4029
4030
4029
4030
4030
4041
4029
6098 6093
2847
2709 5617 3782 6687 3426
4040
2893
3241 6565 2653 3787 3128 1507 5676 6559 2354 3381 5842
4030
702 1825 1812
1734 2312 4016
4016 4016
3978
3551 3560
2907 4030 2883 4016
4016
2883
4016
4035
3978
4191 3298
4016
4029 5388
4029
4016
1501 2907
1507 3551 2245 2175 5478 3789 1700 3788 1507 1700 2183 5478 3562
4029
4030
6189 5794 6558
1716 1716 703 1579
2906
3519
4016
1810 1695 492 671
4016
3978
1528 2736
3426 1812 702 702 1810 1812 702
2904 4016
4040
4016
3661 3624 2716
4029
4040
4030
2904
2853
4029
2883
4035 4016 3978
4640
2907
260 1736 1696
2313 6206 3797 3324
3648 5620 5716 1664
2125
4030
2883
4016 4016 4016
4016 4030
4005
3784
665 1812 703 671 495
1501 1724 2312 2907 1695 2280 1695 5642 2715 5404 5501 3333
5635
4030
2576
2904
1572
2719 3978 3241 2169
4030
2883 2884
4029
4016
4029 2907
1341 2756
1734 3991 6721
4029
4030
4031
2904 4016
667 4016 672 593
4030
1840 671 594 1840 594 671
4029
4029 4003
6149
3991
2695 1507 2218 3788 2287 2307 5622 2164
4641
4029
5511 4016 3859 3806
4016
4016
4005 4003
4016
2907 4029 4016
4016
2904
4030
4989
4016
4016 4030
3994
4029
3195 675 1572 675 1572
6783
3978 2907
4030
4030
4030
4016 588
4016 4036 4030
4016
2906
1656
3978 4029
4030 2904 2869 2883 2871
4029
2270 5642
4016 2907 2883
4640 4030
3176 2709 3254
4016
4016 4029 4016
4117 5797 6803 5477
6726 4036
586 1812 5744
4029
4030
4029
2907
1507 2173 6263 2174 3532 2265 5203 5617
2575
2403 6188
2884
3196
4016 4016
2883
6804 3219 3219 5676 6801 1507 6804 1579
3978 2882 4030
5709 1655 2695 4016 2699 1507 3784 6559 2402 5695
4016
4030
2756 2193
4016
2884
2883
658 672 1629 1825 586 594 1695 660 1810 1807
4016
4641
4016 2469 6804 2312 1183 424 688 408 434
843 5794 1355 3194 1358
4029
4030
5369 4016 2578 1754
3978 3994
4029
2906 2907
2907 4016
4031
6735 2312 3829
4016
6113 2907
6687 594
4030
4029
2319 4030
4016
4023
1015 261
4016
4029 4016
4641
2904
4030
4035
3980 3991
4016
1807
4003
4016
1695 1694
3427
2313
4016
2884
2904
2883
4029
2883
2904
2884 2884 2907
5671 5405
4033 4035
1656
4016
4005
2883
3978
5710 4127 2736 5207 2531 1646
4016
2904
4016
4029
4016
4016
4030
2907 2313 2313
2306 5713 3829 6570
4029
1361 261 1345 1015 261 1361 1345 2691 3182 2801 260 2384 1507
1714
3806 5810 3805
4032
3807 3788 4335 2575
2883
4029
4016
4029
4016
4029
4030
2906
4029
2907
4040
3978
4030
1819 1572
4030 4016
4016
2884
2886 2764
2883
2904
2907
2273 3195 2957 2156 2313 2159 2771 4651 2713 2313 1507 3218 2944 2273 2313 3195 2156 2159 5695
3560 3789 5634 4016 1572
4030
2904
4030
4016
6224
4029
4029
4030
3191 2306 3548 3190 2173 2663
4016
4029
4016
4030 2907
2884
4029
4016
2907
4029
2884 2084 5571
4029
4032
4016 4016
2884
1812 5845 2312 5405
4016
2893
1498
4041
2883 2887
4029
4029
2907
4030
3194 3195
4016
2084 2084 4016
4029
5740 2084
4040 2907 4030
6617 2240 2527 4040 5593 3335 4526
2883
4029
1650 6215 4005 6222 5810
4007
4036
4029
4030
4016
4016
4003
4016
4030
4030
4030
4029
2175 2385 2181 1355 1011 3194
3093 699 5619
384 1782 6114
2904
4029
4029
2883
2907 2891
2277 5640 4688 6559 3011
2883
2904
2711 3602 2907
4029 3969
4030
3298
4016
2883
4030 2907
4005
4016
4029
1011 1358
3815 5635 2811 3347 4626 3817 3816 2273 5622
4031
4029
4118 3817
4016
4016
4030
2883
1812 1579 2312
4030
4030 2886
2907
3978 2907 1501
4016
4029
2618 5879 2584
4016
3746 2884 2838 2850 6114
4030
4016
4029
3426
4029
4030
2956 3190 3427
4016
4029
3991
4031
4030
4016
4016
4016 4040
4029
4030
4029
1840 594
4016
4029
4016
2907
4029
4029
4016
4029
1640 2588 1748 260 2311
3453 260 2313 1507 1936 1708 1655
2189 1805 597
3789
4030
4016
2907 4016
1656
2904
1819
2883
4016
2907
3979
4029 4034
4016 4016
2904
4030 2907
4016
4016
4016
2907 2907 2907
3324 3323
4016
2979 3194
2893
2270 4641
4030
2907
4016 4005
1089 1356 1012 424
3196 5617 260
6822 843 3840 1131
4016 3989
4029 4029
4016 4030
2883
2883
2736 2696 3226
4016
2893 1752 2907 2269 1754
4016 4030
2893
3807 3801 5610 1508 3560 3549 5403 3859 2715
1677 6817 4323 260 3789 2774 1507 3788 1683 6817 260 2745
2883
2907
2907 1501
3358 4016 3357 6500
4016 4016
4016
2883
2906 4016
2886
4016
2906 4030
4029
4031
4005
2907
3652 2158
4016
4029
4029
5504 3218 1508 1758 3558 3546
1742 2587
4003 4029
3977 4016
4016 6559
2379
3978 4016
2847
4029
3377 4641 388
1656
2907
4029
6199 6263 2159 260 6263 6199 260 2159
4016
4016 4030
490 450 490 1572 1658 450 671 488 2883
3298 4040
4016
4016
2883
4029
4016
4016
2796
6801 6223
4029
5494
3181 3182 2307 3180
4016 3180
2907
2307 3787 5634 2158 3821 2168 2702 3788
4016
4445
4030
4029 6113
4016
2904
4016
6801 2261
4016 4029
1819 1694 2194 1579 3427 499 588 675 593 1681 1840 1694
4029
4016
4030
4337 1346
4030
2907
2152 1643 2585 1677
2231 260
5676
2907
4030 4029
2907
2904
4016
4016
2883 4029
2906
2907 4030
4298 260 1731 2534 260 5744 6252
4641 1319 389 1838 368
2471 2579 1507 3552 260 6683 3199 260 2579 5744 2471 2410 2219 1683 3199 260 3453 1507 2579 2983 2812 844 1093 2579 1360 1345 1093 2579 1360 3552 6189 2471 2161 4331 2702 2696 2696 1970 6189 2702 260 4429 2764 2159 6817 6222 2471 6559 3426 260
2883 5401 2403
2895
5166 6682 2772
1695 1697
6804 2410 2441 2546
3288
3227 4016 5798 6801 5478 4328 1661 5698
4029
4030
4421 1695
2483
2907 3978
1343 1361 424
4029
1717
4030
4029
4030
4035 2850
4030
2884 3978
2482
5810 6143
4030
2125
2907
1729 1742 1729
4030
4029
4029
4029
2907 6535
4030
4016 2907
1819 1579
2907
3978
4030
4030
4029
4016
1695 1724 1681 1662
6726 6727
6166 6683 2313
2907
4030
5478
4029 3953 6803 1656 3978
4033
6166 3191 3188 2713 2310 3219 6559
4035 6106 5395 4035
1574
4016
4016
3309
3978
6113
2774 260 6173 2774 2773 260 260 6173 260 3796 2587 260 1979 1936 260 3258 3533 3532 260 260 2587 3796 3533 260 3270 3427 260 2587 2994 260 260 2587 2594
1186 3218 260 1507 1728 5810 2585 3218 1186 1728 260 2584 1507 3218 1728 1189 260 260 1187 3218 1728 3218 1507 260 1188
2907
260 6218 6189 6199
2883
2904
4016
2904
2666 260 4270 6189 2764 6183 260 2313 260 4317 1665
1507 2759 6199 260 5698 2773 260 2765 1665
4016
4030
3427
5495 4429
4029
4029
1648 3252 3549 3546 2766 2992 4278 3007 3007 3251 4629 4278 2745 6818 1648
2217 2217
5164 260 3625 2595 1650 260 260 4496 260 3176 2595 2595 260 1937
3978 3243 3190
2907
4036
2883
2907 2907
4029
4016
2904
3974 4030 3974
3577
5218 1131 424 1695 1972 1629 3532
2883
4030
3549 5663 4016 5665 6172
4030
1812 1572 671
2884
4016
4029
4016
1579
2904 4016
4016
2405 1794
2907
4016
4016
4029
4016 4029 4016 4003 4016 4016 4016
4016
4016
5794
3978
3009 3240 3427
2907
4029
2907
2907 2907
5490 3182 2270
406
3019 260 2932 260 2161 6173 2288 5638 5643 260 260 3229 4316 3829
3973
4029
2313
3519
4030 4034
4007 1656
1572 657 597 1812 1572 656 1227 1333 389 1269 368
4029
3797 1782
4030 4016
4016
4030 4016
4029
5409 2883 2838
4029
4016
1799
4030
4016
4029
4016
4029
4029
4016
2904
4030
1812 657 1840
4030
1501 2907
4016
4016
1501 2907
6628 2430 1758 2694 2430 2694 5403
4040
5486 4034 4003
2906
671 588 499
2600
4030
4016
5481 3600
4016
4016 5798 4040 1717
4016
1828
260 3227 5617
4030
5468
2883 698 1012
5692
4029
597 3788 2307
4029
1226 368 1329 389 1278
1501 2907
4016
2904
4029
2148
5698 3310 260
4029 4003
4016
1782 384
4030 2884
4016
1507 1637 4016 4122 3782 2269 2715
4029 4016
2313
260 6262 2161
4016
2907 2882
4029
4016
2694 6687
2171 5341
2907 4029
2883
2311 2175 5214
1501 2907
2883 3985
3978
4016
2893
5343 6803
2907 3735
4030
4016
4036
4180
5810
4016
5414 6206 5622 2812 6099 5842
2883 4030
2850 2852 2907 4016
1793
4030
2907
4030 2906
4016 2893 3973
1006 261 1010 926 1088 3453 260 5715 3787 260 5715 3787 3453 3787 260 2205 2193 3859 260 2772 2207 2193 260 3859
4029 4029
5708 6245 6173 6017 260 3894 1507 6245 260 5710 2219 1507 2777 6245 260 2219 1507 6245 260 2168 2219 260 260 5710 2168 6245 5708 1507 260 6245 2168 6570 5708 2228 260 2168 6196
3965
3323 4317 1507 6570 260 5093
4029
4030
4029
1507 2306 6222 5810 5810 1507 2306 6222 2306 6222 5810 261 2306 5810 6222 260 5810 2306 6222 1507
5494 1664
2883
3013
4029
3293 2578 2684 2306 260 2590 2193 2578 5087 260 5203 396 2702 4330 2736 1640 2696 260 1507 260 3293 2579 3552 5500 5502 6149 260 1758 1778 1640 260 6801 3876 3533 5640 1640 260 5638 260 4180 3182
4016
4016
3978
4016
2884
4030
2745 2319 2312
2169 1819
4016
4030 4016
4041
4016 5810
2429 1689 2907
2866
2736 2715 260 6212 3603 3258 1507
260 5642 6194 4525
2907
2907
2907
4016
1697 1579
3978
2907 4030 3971
4029 2907
2883
4030
1819
5713 2770 2770 5713
4029
4040
2584 6801
260 5500 5503 1661 5713 5714 260 5612 260 2219 2218 3892 4317 260 2161 260 5714 3323 2530 4272 260 6189 2159 260 1507 3601 5612 2173 260 3339 4317
4317 3323 3556
2590 1734 2694 3781
1361 843
2907 2907
2147 3775 260
5222 6624 260 3601 3229 260 3892 4429 2547 1507 6624 260 260 2741 2469 5713 260 5713 3323 2944 5612 2159 260 5713 2741 5633 2159 2277 3601 260 260 4317 5633 3532 260 5500 5612 5612 5633 260 4317 260 5633 4479 4480 260 396 5612 5612 4525 4272 260 260 1507 5414 2764 2717
3968
1695
4040
3218 2577 6687
4029
4641
2907
1754 5495 2313 2178
2907
1650 2777 5478
4030
2709 6218 4337
2766 2653
3787 6817 3548 3427 3819 2772
3978
1695 1695
4030
2893
3240 2306 5641
4035
2169 2168 260 1507 2161 4625 260
1733
3978
4640
2084
260 6624 1507 2943 6199 6624 260 5635 3123 6251 6218 260 2738 2219 5682 260
1015 843
1665 6822 1662 6506 5477 1742 6506 6801 260 2446 3789 1507 260 2589 1742 1677 3796 5477 260 6801 6801 5640 260 2307 1662 2577 5477 6506
260 1507 5212 1936 2773 4625 260 2767 2713 2265 703 1579 1819 2522 6827 4479 260
4191 3296
4203 3222 4640
2774 260 2164 2158 6624 260 5504 2774 5714 260 4497
6558 1752
2883
