3859
1016 424 1357
4030
4032
4016
4029
3989
4016
2883 4016 2851
4005
4029
3227 2277
4016
4005
4425
3266 4640 3821 1714 3817 5478 3821 2575 3293 3266
2904
2307 4016
1694 5794 1643
4029
4029
2313 702 597 591 2883
4016
2883
2904
2907
4030
4016
4030 4016
3789 6189 1695 597 5203 6559
2904 2318
2907 4030
4016
4029
4016
5794 2907 4030 2736
4029 4003
703 5222 1734 1695 703
3978
4031
1717
4030 2907
2907
1734 2427
586 5698 5697 2270 5697 6143 4016 5836 3256
2907
2907 2084 4526 5740
1131 1358 1089 1015
2884
4030
2904 4029
4029
4016
4029
2904
6199
4016
4016
3980
4029
1764 2907 1754
6558 2169 598 596 5478
1937 3196 1819
4029
2907
424
2904
4016 4016 2907
586
2091 3737 4016 3741
4016
1783
4016
6682
4040
2904
586
4029
4016
2904
4029
2883
4030
2883
6559
2883 4040
593
1501 2907 2306
1572 597 671
2893 5207 6802
2883
1695 488 594 1572 671
703 1626 3190 3829 5478
2883
4016 3978
2907
2883
3978
2907 3969
2883
1819 703 1579
2907 1501
4016
4030
4029
4030
4029
4640
2907
4016
3191 2338 4016 4621 4641 1717 3194
3437 1818 1695 1579 1818
1793
4031
4036
4029
424 1345
2883
4035
3229 2904
4030
4029
4335
1345 424
4016 4030
3989 2907
2847 4016
3796 3793 6099 5505
4029
4016
2313 2883 3868
2907
2884
4030
2883
4029 2883
3298
3427 3357
4016
5092
5453
2883 2085
3796 3194 3218
4029
4029
1781
4030
3978
4016
4841
4029
3222 6871 3788
2313
4007
2907 2318 6194 3244
2883
2736 3805 3828
1764
4016
4030
2080
4030
4016
3974
2771 5414 2772 2765 2771
4030
1794 6804 6804 6806
4029
6094
4016 4029
4005
4030
4033
2907
1754 1764 5388
3978
4029
2907
4016
4016
1819 4016 703 1579
5570 2851
1507 5695 4557 4652 2174 2759
2893
4016
4016
1734
2125
4029 4016
4016
2318 2883
4640
4016
3266 3254 6559
4016
4016 3969 4016
2883
4029
6685 3226 4525 3796 1507 5493
2883
2883
4033
3978 3577
4029
4016
4030
4016 5502 5494 5343 6822 5496 5341 6818 1664
3748 2907
2883
4526 4029
4640
4029
4016
2084 2907
2883
1660
2883
3426
4016
2792 3789 2575 3806 3801 3807 3195 3783 2273 1507 2695
4003
3978
4029
4016
4029
4030
4029
4030
4041
4029
6098 6093
2847
2709 5617 3782 6687 3426
4040
2893
3241 6565 2653 3787 3128 1507 5676 6559 2354 3381 5842
4030
702 1825 1812
1734 2312 4016
4016
3978
3551 3560
2907 4030 2883 4016
4016
2883
4016
4035
4191 3298
4016
4029 5388
4029
4016
1501 2907
1507 3551 2245 2175 5478 3789 1700 3788 1507 1700 2183 5478 3562
4029
4030
1716 703 1579
2906
4016
4016
3978
1528 2736
3426 1812 702 702 1810 1812 702
4040
4016
2716 3661 3624
4029
4030
2904
2853
4029
4035 4016 3978
4640
2907
2313 6206 3797 3324
3648 5620 5716 1664
2883
4016
4016 4030
4005
3784
665 1812 703 671 495
1501 1724 2312 2907 1695 2280 5404 5501 3333 1695 5642 2715
5635
4030
2576
2904
1572
2719 3978 3241 2169
4030
2883 2884
4029
4016
4029 2907
1341 2756
3991
4029
4030
4031
4030
1840 671 594 1840 594 671
4029
4029 4003
6149
3991
2695 1507 2218 3788 2287 2307 5622 2164
4641
5511 4016 3859 3806
4016
4016
4005
4016
4016
4030
4016 4030
3994
4029
3195 675 1572 675 1572
6783
3978 2907
4030
4030
4030
4016 588
4016 4036 4030
1656
3978 4029
4030 2904 2869 2883 2871
4029
2270 5642
4016 2907
4640 4030
4016 4029
4117 5797 6803 5477
586 1812 5744
4030
4029
2907
1507 2173 6263 2174 3532 2265 5203 5617
2575
2403 6188
2884
4016 4016
2883
6804 3219 3219 5676 6801 1507 6804 1579
3978 2882 4030
5709 1655 2695 4016 2699 1507 3784 6559 2402 5695
4016
4030
4016
2884
2883
4641
843 5794 1355 3194 1358
4030
5369 4016 2578 1754
3978
4029
2906 2907
2907 4016
6735 2312 3829
4016
6113 2907
6687 594
4030
4029
2319 4030
4016
1015 261
4029
4641
2904
4030
4035
3991
4016
1807
4003
1695 1694
3427
4016
2884
2904
2883
4029
2883
2904
2884 2907
5671 5405
4016
4005
2883
3978
4016
4029
4016
4016
4030
2907 2313 2313
2306 5713 3829 6570
4029
1361 261 1345 1015 261 1361 1345
3805 3806 5810
4032
2883
4029
4029
4016
4029
2906
4029
2907
4040
4030
1819 1572
4016
4016
2884
2764
2883
2907
2313 2159 2273 3195 2957 2156 2771 4651 2713 2313 1507 3218 2944 3195 2156 2159 5695 2273 2313
3560 3789 5634 4016 1572
4030
2904
4030
4016
6224
4029
4029
4030
4016
4029
4016
4030 2907
2884
4029
2907
4029
4029
4032
4016
2884
1812 5845 2312 5405
4016
1498
4029
2907
4030
3194 3195
2084 2084 4016
5740 2084
4040 2907 4030
6617 2240 2527 4040 5593 3335 4526
2883
4029
1650 6215 4005 6222 5810
4007
4036
4029
4030
4016
4016
4003
4016
4030
4030
4030
4029
2175 2385 2181 1355 1011 3194
3093 699 5619
384 1782
2904
4029
4029
2883
2907 2891
2883
2711 3602 2907
4029 3969
3298
4016
2883
4030 2907
4005
4016
4029
1011 1358
3815 5635 2811 3347 4626 3817 3816 2273 5622
4031
4029
4016
4030
2883
1812 1579 2312
4030
4030 2886
2907
3978 2907 1501
4029
2618 5879 2584
4016
3746 2884 2838 2850 6114
4029
4029
4030
2956 3190 3427
4016
4029
3991
4031
4030
4016
4016
4016 4040
4029
4030
1840 594
4029
4016
4029
4029
4016
4029
1640 2588 1748 260 2311
3453 260 2313 1507 1936 1708 1655
2189 1805 597
3789
4030
4016
2907 4016
1656
2904
1819
2883
4016
2907
3979
4016
2904
4030 2907
4016
4016
2907 2907 2907
4016
2979 3194
2893
2270 4641
4030
2907
4005
1089 1356 1012 424
6822 843 3840 1131
4016 3989
4029
4016 4030
2883
2883
2736 2696 3226
4016
2893 1752 2907
2893
3789 2774 1677 6817 4323 260 260 2745 1507 3788 1683 6817
2883
2907 1501
3358 4016 3357 6500
4016
2883
2906 4016
4016
2906 4030
4029
4031
2907
3652 2158
4029
4029
1742 2587
3977 4016
4016 6559
3978 4016
2847
4029
3377 4641 388
2907
6199 6263 2159 260 6263 6199 260 2159
4016
4016 4030
490 1572 1658 450 671 488 2883
3298
4029
4016
4016
6801 6223
4029
5494
4016 3180
4016
4029 6113
4016
2904
6801 2261
4016 4029
1819 1694 2194 1579 3427 499 588 675 593 1681 1840 1694
4029
4016
4030
4030
2907
2152 1643 2585 1677
2231 260
5676
2907
4030 4029
2907
2904
4016
4016
2883 4029
2906
4298 260 1731 2534
4641 1319 389 1838 368
1507 2579 2983 3199 260 3453 2579 1093 1360 2812 844 1093 1360 3552 6189 1345 2579 2161 4331 2702 2696 2471 2696 1970 6189 2702 260
5401 2403
2895
5166 6682 2772
1695 1697
6804 2410 2441 2546
3288
3227 4016 5798 6801 5478 4328 1661 5698
4029
4030
4421 1695
2483
2907 3978
4029
1717
4030
4029
4030
4035
4030
2884 3978
2482
5810 6143
4030
2125
2907
4030
4029
4029
4029
2907 6535
4030
4016 2907
1819 1579
2907
3978
4030
4016
1695 1724 1681 1662
6726 6727
6683 6166 2313
2907
4030
4029 3953 6803 1656 3978
4033
6106 5395 4035
1574
4016
4016
3309
3978
6113
2774 2773 260 260 6173 260 3796 2587 260 1979 1936 260 3258 3533 3532 260 260 2587 3796 3533 260
1728 5810 2585 3218 1186 260 2584 1507 3218 1728 1189 260 3218 260 1187 1728 3218 1507 260 1188
2907
2883
2904
2904
2666 260 4270 6189 2764 6183 260 2313 260 4317 1665
1507 2759 6199 260 5698 2773 260 2765 1665
4030
5495 4429
4029
3007 3251 4629 4278 2745 6818 1648
2217 2217
260 3625 2595 5164 1650 260 260 4496
3978 3243 3190
2907
4036
2883
2907 2907
4016
4030 3974
3577
1695 1972 1629 3532 1131 424 5218
4030
1812 1572 671
4016
4029
4016
1579
2904
4016
2405 1794
2907
4016
4029
4016 4029 4016
4016
5794
3978
3009 3240 3427
2907
2907
2907
5490 3182 2270
406
260 2161 6173 2288 5638 5643 260 260 3229 4316 3829
3973
2313
4030
4007
1572 657 597 1812 1572 656
4029
3797 1782
4030 4016
4016
4029
4030
4016
4029
4016
4029
4029
2904
1812 657 1840
4030
4016
4016
1501 2907
6628 2430 1758 2694 2430 2694 5403
4040
5486 4034 4003
2906
671 588 499
2600
4030
4016
4016
4016 5798 4040 1717
4016
1828
5468
2883 698 1012
4029
597 3788 2307
1226 368 1329 389 1278
1501 2907
4016
2904
4029
2148
5698 3310 260
4016
4030 2884
4029 4016
2313
260 6262 2161
2882
4029
4016
2694 6687
2171 5341
2907 4029
2883
2311 2175 5214
1501 2907
2883 3985
3978
4016
4030
4016
4036
4180
5810
2883 4030
1793
2907
4030 2906
4016 2893 3973
1010 926 1088 1006 261 5715 3787 3453 260 5715 3787 260 3453 2205 2193 3787 260 260 2772 3859
4029
6245 260 5710 2219 1507 2777 6245 260 2219 1507 6245 260 2168 2219 260 260 5710 2168 6245 5708 1507 260 6245 2168 6570 5708 2228 260 2168 6196
3965
3323 4317 1507 6570 260 5093
4029
4030
4029
5810 1507 2306 6222 2306 6222 5810 261 2306 5810 6222
5494 1664
2883
3013
5087 260 5203 396 2702 4330 2736 1640 2696 260 1507 260 3293 2579 3552 5500 5502 6149 260 1758 1778 1640 260 6801 3876 3533 5640 1640 260 5638
4016
3978
2884
2745 2319 2312
4016
4030 4016
4041
2429 1689 2907
2866
2736 2715 260 6212 3603 3258 1507
260 5642 6194 4525
2907
2907
2907
4016
1697 1579
3978
2907
4029 2907
2883
4030
1819
5713 2770
4040
5713 5714 260 5612 260 2219 2218 3892 4317 260 2161 260 5714 3323 2530 4272 260 6189 2159 260 1507 3601 5612 2173 260 3339 4317
4317 3323 3556
2590 1734 2694 3781
1361 843
2907 2907
4429 2547 1507 6624 260 260 2741 2469 5713 260 5713 3323 2944 5612 2159 260 5713 2741 5633 2159 2277 3601 260 260 4317 5633 3532 260 5500 5612 5612 5633 260 4317 260 5633 4479 4480 260 396 5612
3968
1695
4040
3218 2577 6687
4029
4641
2907
1650 2777 5478
2709 6218 4337
2653
3787 6817 3548 3427 3819 2772
3978
1695 1695
4030
2893
3240 2306 5641
4035
2169 2168 260 1507
3978
260 6624 1507 2943 6199
5477 1742 6506 6801 260 2446 3789 1507 260 2589 1742 1677 3796 5477 260 6801 6801 5640 260 2307 1662 2577 5477 6506
260 1507 5212 1936 2773 4625 260 2767 2713 2265 703 1579 1819 2522 6827 4479 260
4191 3296
4640 4203 3222
6558 1752
2883
