5125 2176 2176 2228
4029
2148
4003
4031
4030
2228 5635 3327 5304 4181 3122 3782 3327 3394 6687 3190 2694 6565 2384 4181 3259 4622 3190 2228 4620 3189 4180 2228 2384 3189 4620 3196 4180 3176 3782 4180 1793 3299
4030 4029
2883 2883
4029
4032
4029
2884 2883
2861 5603
5620 2746
3256 2274
4813 4430 3254 3218 1507 3546 6099 2902 3829
699 1088 424 1477 881 1483 1424 1420 1426 1355
4029
4030
2527 1937 2306 1666 3196 380 1507 2530 5083 2696 2484 5478 2244 3194
4029
4030
4029
4040
4030
4034
2883
4031
1572 586 671
1700 1733 1828
4118 1507 3039 2384 6558 5843
1812
4030
1656
4030
1664 1700
4030
3381 1683 3381 1683
4029
4980
5619 5620 260
660 702 692 494 660 596
5744
4029
4031 4030
4173 3971
4030
2903
4030 1812
3978
4030
2765 6559 2797 1661 2178 5341 3227 3229 5635 2181 1507
5754 2589 3227 5879 3806 5631
4030
4029
3784 5356 2178 3551 4478 6687 396 5478
4029
4029
4825 2798
4030
4035
1695 4586 1778 1777
4029
1758
4029
4030
4030
4029
4030
1662
4030
1838 1275 368 389 1328 1268
2883
6682 6141
260 6559 5713 6192 260 6096 3866 5713 1665 6559
6655
4030
3817 2575 1579
