2904
2838
4005 4016
4016
1677
3978
4029
4036 3991
4030 4029 4030
4016
2880
4029
4030 2624
4029
2126
4033
4029
2906 3967
2904
2883 2886 2883
4029 4016
4040
4016 4030
4030
3965
4016
4029
4029
2883
3978 4030
4016
2403 1707 4016
4031
4023
4029
1781 6767 1781 2694 1660
4016
2745
4030
4016
4029
4029
4029
2904 4016
4030
4016
4030
4029 2883
4036
4029 2136
4030
4029 4016
4030
4016 4016
4029 4003
4029
2906
2736 2881 4016 2311
4029 4016
4029
4029
3978 4016 4035
4016
2906
3974
4016 4532
4029
4040
2904
4029
4029
4030 4016
4030
4016
4036
4036
4035
4016
4029
3992 2883 4030
2883
3776 2424
4029
4030
5478 5696
2906
4029
4030
3980
4016 4029
4016
4526 2851 4040
4016
4030
4016
4030
4029
2883
2883 2886 2906
3741
4016
4016
4040
4030
3989 4029 4016
2906 2119
3737 4030
4016
4016
4029
4031
4029
2092
4036
4016
4005
4016
4033
4029
4016
4016
4016
2313
4029
4030
4030
4029
2883
4016
2906
4016
2904
3977 4016 2906
4029
2494
4016
2868 3427
4016
4016 4016
4436
4016
4030
5804
4030
4016 4029
4016
4016
4029
3985 2882
4016 4016
4016
4029
4040
3978
2883 4030 2881 3978
4030
4029
4029
4030
4029 2796 3176
4030 4034
4030
4016
4030
4029
4029
4029
4030
4030 4029
4016
2770 1717
4029
4005
4016
4029
4030 4016 4040
4030
2881
4033
2886 3978
4033
4029
4029
4029
4030
4030
4041
4526
4029
4029
