4985 2509 1947 1992
3611
2615
3611
1492
3611
3612
2615 4675 2615
3612 2560
3611
2134
3598 2614
5157
3611
5066 3388 5932 1568 5146 2103 5836 2857 3170 3388 2064 2102 2858 5000 2693 2918 3067 3747 2958 2964 2957 5932 2467
2076 5776 4766 4046
3587
3598
3577
4874 2071
4189
2590 2590
3611
3611
3612 2614
4858
3611
2455 3604
3612
361
5157
1494 605
378 1203 378
3590 3590
3620
2575
2745 2656
3611
2615
3527
4097
2077 2069 2067 2077 2069 2069 2325 2077
3541
3612
633 378 5831 2028 2028 5831 339 2988 330 453 3612 5799 5978 595 5794 605 594 445 378 5799 633 983 984
3589 5157
1493
2591
2615 3612
3611
1543 1537
3611
3612
4349 5794 2070
5157
3612
2614
3611
3615
3621
3612
2614 2455
3611
2455
3621
3611
2455
3613
3618
2615
5157 3613 2560 4878 4878
5191
3612
3613
1498
3611
2591
5146
1655 1412 1419 1655 1419 1412
2438 1962
1551 3612
3611
2074 1497 230 2491
5146
2455
4869 2416 5218 1956 3390
4630 2020 5932 6039 3393
3589
3612
2596 2591
2614
3612
5496 2510
3612
3621
3611
3612
3068
2591
3611
5157
3598
594 549 636 534 636
3611
5155
2243 2243
5826 1867 2070
2315 2317 3741
2064 1550 2064 2654 5098 3971 2064 1872
3612
3170 5187 4661 4607 4660 354 1915 4808 2029 2683 2076 2780 3964 6034 3029 5187 4607 2780 1355 3875 3964 2683 4660 6035 4607
3067
3613
1568 1962
2986
3611
3611
5157 4769
5100
3612
3611
3612
2614
2615
3612
3467 3391 2076
3612
3611
3068
3613
3612
3624
3611
1921 1921 3976
3621
3612
4985 1419 1954 3175 1648 2993
4818 5825
3612
1532 1419
1622
3611
3618
3612
3756 2615 2615
4859
3611
1867 2611 3611 1906 5803 1914
2614
2863 2863 2864
3611
3614
1915
3615
3611
3613
3614
3612 3565
3611
5855
3621
3616 3611
3612
5157
3612
2139 230 1355 3067 2100 2952
2627 3554
3612
3615
230 1935 3273 5066
5146 1944 3517 5489
983 1217
5157 2614
3177 3427 3875 1741 5983 3870
2615 3621
3612
2614
5037
3612 5451
5157
2511 2614
3590
2615
5419 230 4986 2068 1923
361
4793 2455
3612
3611
3611
4619 5506
2314
3565
1884
3613
2455 5826
5932 1639 1576 532 1419 5055 526 1576
3611
5415
3614
3617
3876 1466 1646
3612
3613
1496
4881
5456 5033
3067
