2578 6188 3427
4029
4029
4016
4029
2313
2881
4030
2881
3190 6687 5634 2749 3189 6683
4029
2888
1572 671 1812 1572 669 588
1695 1572 594 490 702 1805 657 588 669 1825
5789 3426 2790 6149 4651
3978
1729
4040
4029
4030
4029
2881
2881
4040
670 1812 1572 4029
1716 1707 588 6093 1753
2881
2904 4040
2883
2996 2972 5878
3788 1944 1782
4029
1716 1716 1716 4030 1716 1716
4030
4016
2904
3240 3784 3240
4029
2904
4180
594 1840 669
4029
1729 2384
2881
4029
3552 3128 1507 2185 3254 674 1629 588 451 674 1629 2184 1572 660 3783 3553 661 3254 660 611 2185 2184 3128 3254 5801
4030
1703 5879 4040
702 588 1805 670
2881
1695
3980 3864 4016
2312 2173 3788
4030 2880
4029
4016
4030
2904
4859
2904
2881
1695 670 1658 1629
5627 6793 6822 5478 2668 5622 6199 2384 2972 3186 5642
2313 6155 2746 6525 2306 2746
586 3806 1507 3426 1642 5714
4833 2306 4074 2923 4807
4030
4030
4029
4030
4003 4031
4029
4029
4029
1626 1695
3195
4029
4003 4034
4030
4032
5664 5809 6822 5809 2427 2408 6822
4030
4029
4029
4029
4030
4030
4029
4030
3577
4032
4030
1228 389 368 1658 702 669 1328 671 1330 1228 368 490 389 1658
4005
1812 1572 1825 1695 368 1272 389 1325
3991
4030
1752 6558 1753 6558
2883
4029
5496 6527 3300
4029
4031
4029
1579 1658 490 670
5503
6539 2850 4029
1695
4033
6800 2529 702 5414 490 2523
4033
4016
4040
4029
2918
4030
4031
1828
4030
2881
2904
1680 2313 1677 1680 1680
2904
2764 2226
3974
2193 4793 1753 4040 3806 5161 1754 1507 6559
4029
4029
4016
1272 368 1328 1695 1269 368 1276 1333 1227 1695 1333 368 1272 368 1272 1695 1318 1227 656 1812 1840
4003
2904
4030 2881 4812 4821
2410 2405
4029
5877
3985
3978
2148
4030 4030
4191
4029 4030
4016
596
2575
4029 2880
3859
4016
4030 4016
4030
3805 2579 6173
4030
800
