3587
908 2321
3565
3591 3591
3559
3612
2071
3391
3551
1622 3394 5161 4606 5008 3389 1355
3612
3612
2325
3611
3616 2552
1211 2028 2004 2455 526
3612
5886 4402 3494
2324 2603
3589 361 361
3612
3612 3389 5907
3068 5500 2317 2317 3068 2997
2614
2614
2615
592 1413 532
2615
3613
2560 5514 2593 2316 3883
3611
3612
2591
2591
3615
3612
3611
1962 5143 2528
3587 3617
3612
2580 4048 3987 4053 3349 5938
3611
599 626 532 1469 532 1652 599 1639 626
3615
3565
3612
636 2046 3176 2865 1970 3067 2023 3394
3615
3611
3612
3611
2881 3872 2957
3068
3613
3612
3617
3611
2872 5066 5826 2870 2317
3612
3612 1219 984 908 2064
1586 5498
3611
2982
2593
3615
4858 5880
2615
2455
3618
2591
5790 3824
3611
3611
3611 2614
2591 2591
3613 3561
2615 4055 4046
2591
3589 3067 2865
2045 526 604 1666 526
5979 5977
3612 3612 3621 3621 3621 3621 3612
3611
2863 4071 3766 5825 6037 1940
3621 3621 3621 3621 3621
3615
3613
2076 310 5489 1846
378 754
3068 2919 4545
3612 2434 2464 4578
5094
3611 3587
5074 5068
3612
3612
2614
3611
3611
3611
3565
3612
2069 3096 3464 2489 2463 2509 4803 3423 2509 4591 1211
3612
2603
2614
3612
1493
3589
1222 1219
3612
3612
3611
3587
3615
3611
2316 2982
2591 2596
2615
2615 2615
3612
5793
3611
3613 3601
3614
3611
3612
3612
3556 3556 3565
3613
3612
3611
2590
3612
3612
3598
3611
3611
5001 3437 3443
3611 3611
3618
3612
3598 2614
1548
2331 5562
3565
5826 4778 4797 1603 1595
1513
2615
3591 3591
1956 2029 3394
3611
3611
2532 2316 2561 2807 5158
3611
3611
3611
2615 5220 1622
524 1637
3589
3612
3611
3611
3612
3611
3612
3618
2590 3611
3598
4807 353 378 916 988
5510
906 983
3613
3612
3621
3622
2550
2614
3618
378 4522 1207
2614 2591 3612
3621
1210 5132 1995
3615
2417 2181
5220 3411 5070 2512
2615
4988 2905 915 983 1216
2927 2020
4818
2313 2857
3617
3068
5219 1565
2615
3621
2614
3612
3391 3394
3611 2591 3612
983 921
3615
3612
3613
3612
3579
5007 5146 2614
3284 4009 5568 2512
1466 739 1529
3565
3565 3565 3565 3565
3611
526 605 1413 2070
3622
3614
6033 1940
524
2964 3756
3611
2593 2603
2855 2177 2007
6035 1355 4976 4708 3875 2683 3029 2780 3964 1601
5976
3546
3565
2591
3611
3612
5135 2139 3556 2431 2591 1939 3068 2517 1985
3613
2726 3747 2651
2614
3611
3612
3612
3611
5826 2328
3565 3565
2591
3604
350 304 330 1192
2591
2071 1568 2903
3565
2865 5071 2863 2028 2858
3612
1902
5855
3611
3566
2615 5907 2561
3611
2615
3611
3615
2071
3614
3612
1585 1543
3613
3612
3612 3621
3611 3587
3612 2593
3611
3612
3611
3614
2615
1577 2509 2591
2615
3611
3611
2920 5826 5024 1581 2070 1530 2603
3613
2891 5065 2064 1413
3617 3617 3617 3617
2956 2920 4268
2140 4988
3431 5776 5025 3690 5138 2064
3622
1606 2076
3612
3612
3612
2591 3612
4146 2591
1540 2488 1540
3882 1612 2131 2863 2591 2865
3611
2615 3621
4795 2071 2071
3611
2591
2615
1888
5157
1888
3587
3612
3612 2615
3611
2615
378
1466 634
5776 2070 1542
2775
3612
2614
3068 2979 2614 3611
4983 5069 4633 1492 3068
2614
1419 1466 2325
2312
3621 4397
3611
3201
1466 637 1419 1646 1646 2952
3574
5826 2859 1590 1355 4803 5000
2161
3612
1939
3612
3612
3614
3613
3611
599 1529 394
3612
3577
3611
2070 4879 2455 3393
6189
3611
3587
3613
3612
1768 4894 1768 4894
3612
3611
5432 5453
3187
3612 2591
3611
3974
3587
2316 4795
2615 4046 2571
1493
3598
2857 1985
2614
3615
3612
2557 2881
3611
6003 1610 6001
1908
3612
2615
3579
3612
3587 3617
3611
3612
3618
2076 5793
3611
3611
2603
3589
3612
3612
5927 4875
5135 5065
3591
2927 2071 4070 2916 1355
3612
3577 1911
3611
1637
2510 2516 2139 311 2071 1497 5826
3612
2615 3612
2603
3621
3612
2591
3612
3611
3590
1542
3612
5927
3565
1929 1935 2488 230
914 5979 5146 2029
3612
4097
3886
3613
3611
2324 2076 2806 2324
3612
5826
5038
2614
3587 3611
2455 2490 2455
2591
3614
2317
5157 2905
2615 2615
2615
3612
3565
4857 3262 2424 2952
3612
3067 6089
3616 3565 3611
3067 5001 2394 2916 3250
5825 1203 2509
2614
3611
3612
2070 2329
1355 3390 3690
2591
3612
1623 6035 6035 1623 1623 6035
549
2614
3612
3589
3612
1963 1623 2860 2488 3399 2904 2857
5505 2881 5510 3067 2314
1903
1926
4857 3068
3611
3612 2614
4624
5181 5568
2591
3612
3612
2325 1740
3591
3612
3612
3612
3613 2591
2591
1634 524 595
3611
1567 5065
2109 3068 3131
3612
3612
5065 1567 1608
3621
3614
2591
3611
1413 605 532
3611
3598
3611
3598 3598
3621
3618
3614
2065 4967 2575
2024
2614
5776 3182
1222 1222
3611
5790
3611
3589
3587
3611
3612
3067
5413 3356 1585
3587
3556
4873 2863 2114 4873 2866 4881 2107
3612
3611
3611
3611
374 745 751
5070 3466 5826 2859
4274 4858 5932 2590 5219
3068 2763
3617 3617 3617 3617 3617
3622
3404 3068 4803
3565
3611
3612
3611
2548 3612 1911 3565
3612
3611
2865 3067 6032 3221
3611
4097
3617
3615
3565
3611
3611
3611
3612
3612
1860 1768
3612
3612
3598
2064 5065 2708 2957 2903
2593
1530
2455 4881 3404 3765
3611
3282 3289 3277 2070 3276 2314 4858 1355 3391 3407 3391 2029 1355 2442 2868
3611 3611
3895
3621
3612
3598
4031 4702 3693
2614
3587 3587 3587 3587 3587
3615
3617
4785 2065 3437 3421 2455 2455 1355
3611
3622 3622
3598
3611
3612
3565
3611
3346 1911 2551 3612 3612
3565
3612
2102 2590
4766 5776
3437 5143 3692 2854 340 1476
3612
3895 3612
2591
4784 3614 2590 762 762
3615
3612
3614
2591
2324 2325 1962
2591 4799 2615
3612
3550 2591
3598 2512 1355 2317 2065 4591 3612
3586
2455
3611
3621
3613
5997 2615
2591
3053 2591
1222 231 1203
3621
5967 4822 3621 6018
3391
3589
1587 2806 5186 3029 2110 5186 4890 3029 4988 3388 1355 2615 1587 1873
3612
3587
3611
3612
3598
3611
3612
1897
3469 2670 2064
3556
765
3612 3612
3598 3598 3598 3598 3598 3598
3611
2615
2614
3565
4095 1419
3611 2611 2329 5440 5454
3614
3612
2615
3611
2989 2155 3330
3611
4858 1355 3394 1961 4618 1535
3612
4622 5181 2234 2273
2591
528 604 529 600
3611
2591
1873 1550 1550 1550
3611
3883 378 2070 2040 605 1494 2509 3883 437 3883 1494 599
3598
3615
2982
3598
4858 2591
3612 3560
4305
3611
2948
1741 1741 3184
5825
1639 636 605
5143 2482 3435 3423
2070 2036
2560 3621
3612
3598
2595 2985 1862 3073
3611
3611
2614
2614 6048 2894
5098 2090 5932
2550 2591 2548
2615
3617
5825 533 5792 365 385 1082 433 379 1562 1082 364
915 981 1508
2884 4858 5067 2859 2510 4890
2615
3614
1331 378 1321
2071 908 2323 1222
3622 2591
3611
378 1222
3611
3612
3612
3611
2591 3613
533 2615 2089
3612
3598 3621
3612
3395 2509
637 1666 599 533 1666 599 1639 637
3598
4884 5058 2323 610 5007 3067
3970
3617
2954
2615
1419 1529 1529
3612
2614
3612
3612 3611
3621 532 608 626
3611
534 1413 596
3170 2905 2431
3611
3618
1862
2593
3598
3552
2593
3611
3621 2805 3880
3611
3611
3741 3614
3598
2591
2615
5432
3612
3459
3586
4820
3222 2417 2029
3613
3618
604 532 435
3589
3410 4128
3615
1768 2864 1582
2614
3611
2591
3967 3067 3590 3967 3067
3615
2603
2593
3611
3621
3612
2614 3598
605 1413
3611
2891 2070
2614
3612
3611
3589
3611
2864 1945 2806
4605 5792 5977
3068 2071
4785 4872 1585
230 2024 2076 2661 2644 1355
3611 1863
3565
2571 3565
2436 2860
2590 3621
3611
3611
2591 2593
3612
637 637 637 1646 1646
2982 5795 5795 5795
3612
3565
549 1413 594 403 594 626 4429 1469 1639 594
5219 5157 3973
4046 2550 3612 2555 2571 3615 3614
4618 3388 5146 4878
2603
3612
3612
6321 2131
3611
637
3611
1862
3611
3611
2615
3587
2591
3621
2614
3611
3611
3612
2426 2028 2891 5146
2326
3612
3618
637 1529
2481 5825 3183 1355
637 1419
2189 2190
2020 2028 1888
3611
2550
3611
3615
3618
3611 3618
3612
3591
2455 3391
2153 361
3611
2603
3068 2891
2321 3067 2455
4620 2331 2860 2863 2591 3589 3577
3612
2591
3353 5063
3615
3611
3068
3618
3612
2582
3612 2615 3611
2591
3612
1511 2679 5997
3589
3615 3615 3615
3622 2614
3587
2614
3613
2806 3618
2591
3618
3615
3612
3611
3612
2593
1419 6035
3612 1915
2591 3612
3612
4191 4432
5161
2591
2603
2110 2858 3427 2859 1355 2517
3618
355 4809
3612
3611 3587
3393 1590
914 916 1216
3617
3621
4807 353 5537 353 4807 353 2131 4807 1487
4432 2077
2614
3622
2601
1768
5161
3612
3611
3612
3612
2603
2615 1493
3201
3611
3598 3598
3612
2916
3614
2615
3611
2591
3618
350 5157 3068 637 5188 6007 6008
3611
2071 4793 3886 4917
2064 605 1025 532
3611
3611
5146 4875
5524
3565
3612
583 603 437
3612
3612
1639
3611
3895
4861 4861 2037
3741
3621
2615
2064 5469 2064 4892 4794 2064 2316 2064
3611
3598
984 909 1216
3614
3611
5792 526 591 1469
3612
3611
3612
2509 2916 3067
906 1221
3184 5138 1655
3611
3612
3611
4883 2272 2277 5456 2071 3394 4882
637 3029 4872
3611
3613
3611
3598 3598
5146 1605 340 1575 1476
3613
3388 2864 2069 2071
3612
2917 3388 3068 1585
3620
2493
4858
3541
3612
3611
4859
3612
3612
2591 3611
3612
4784 4784 2591 3553
3589
1509 3068 2065 1516 1907 2612 2611 4799
4547 1355 2463 230 3068 2463
4829 1945
3598
3598
3612
3693 3469 3390
3612
5883 3565
3612
3617 3612
3611
3611
1530 1530
3612
3612 2591
3612
3565
3612
2615 3612
1480
3611
3611
3611
3612
3612
3612
2673
3611
2957 3756 6050 6048 3756 2957
2614
3611
3568 3565 1906 2591
3615
3687 2701 6053 3693 3695 2139 2421 5502
3611
3611
1466 345 524 1611 4807 353
2067 2561
3068 2064
3611
3612
3201
231 1222 1217 802
3612
3972 1533
1493
5825
4278 3067
5928 1419 4858
3067 2314 3394 1542 3281
3591
4784 3614 2612 2036
3618 3598
2614
3587
2071
3613
3615
3612
3565
3617 3616
2615
3617 3588
2614 3612
3612
3611
3587
3741
4879 5181 2864 909
3611
2614
3613
3598
2615
2615 3612
2615
3612
2455 5932 5456 1355 2455 2868
2614
3612 2593
2507 3411 1551
1769 3620 2614 1769 2569 4740 3343 3353
3612
2455 2455
3613
2455
3068
2614
3611
3611
3611
6034 3403
2314 2232 3386
3612
2065 3399 5040
1883
3565
3611
2614
2591 5439
2614
3612
3612
3612
1906 2615
2614
2225 5053 2222 1623 2065 1623 6039 5053
3565
3611
3605
2591 3612 3338 5826
2028 3407 1211 3427
1480 2004 2001
3611 3612
5792 2325 3598
2593 5532 2233
4766
2614
3927 2896 2418
3612
3612
3611
2865 3611
2071 4874
3611
765 1227 231
3611
3611
1419 1530
5440 1867
4622 3435 5146 5792 2509
3611
2590
3611
3612
2614 3611
3611
3565 3565 3565
3612 3611
2614
765 766
2614
1537
3611
3612 3232 6032
3612
4097
2615 3611
3612
2591 1869 4046 2603 3612 3612
2885 2491 3260 2040 1578 2069 1955 3394 1954 2328 3394 2476
3051
3612
2513 5826 1595 2513
2614
3612
3612
3621
721
3612
3613
3541
1493
3611
2614
5854
2513 1207 1102 1203 2513 1102 1203 1207
3616 3587
2614
3612
3233
3611
4661 1355 3479 2801 1872
1870 1873
2455 3565
2615 3611
2069
1203 378
3621 3611 3612
3611
3895
2314 230 3276 1985
2158 5419 2569 3621 2162 2568 3612 4046 4046 3621
2489 4045 1355 2969
3611
2615
3611
3589
2614
3611
3615 2568
3612
526 532 4342 526 5074 1548 5826 4342 545
3611
3611
3611
2849 1622 5484 2070
3611
3598
3598 3598
2544 3622 3621
3612
3612 1500 4857 3664
3612
3611
3611 3611
3612
2614
3611 4052
3611
3552 2603
2596 2593
3621
4967 3612
1867 5218
3612
3611
3621
2324
5855
3612
1203 765 765
2614
3612
1872 2530
2916
3612
4071 2039 4880 3412
2591
2481 5138 230 5219 5826
1529 637
4858 5070 533 3612
3612
3612 2611 2570
3612
6032
3611
3611
3611
2193
526 453 599
3612
2591 2989 3621 4858 2591 2455
2614
2596
1547 3068 1508
3612
3598 3598
3611
3615 2615
3611
2615 3621
3611
3611
2614
3612
2591 2591
3612
2591 2603 3565
3370 4793
3612
3611
3612 2591
3615
3182
916 1216 984
3611
3105
5220 2320 1901
3611
5432 2611
3612
1493
3611
2614
3612
3621
2615
4784
3612
3612
2583
3614
3611 2615
3612
3611
5430 3612
3611
3611 3612
2071
3009
3611
3615
230 4985 1622 1567
3612
1900
2455 2455
3611
3611
1203 1222
5065 5033
2455 3068
3611
3611
2614
3611
4189
3613
3766 4070
2591
3613
3611
3618
1655 3598 637
3621
2595
3974 6032
3611
3612
2434 230 2859 230 3467 3268 230 2434 3402 3268 230 2418 3268
3621
5218 2416 230 1956 3391
3612
3611
3445 230 4985 1741
974 231 1227 972 1210 4013 4070
230 603 527 2071 1525 1646 1469 1530 1525 231 1208 378
5883
3611
3613
1637 2916 592
3611
4890 5825
2615
3613
3612 1493
3612
2071
3618 3618 2398
3565
3615 3755 2064
3371 3369
3565
5793
230 5056 5778 3656 2455
3435 3469 3870 5075 2662 230 5075 1737 3469 230 230 3469 3873 1355 3435
3612
3565 3612
230 2270
1939 2927 4996 5825
3616 3611
2615
3611
3565
1222 4784 2065 5418 4875
2611
3611
3611
3598
3611
3611 3068 2464 2464
1530 1646
3612
3618
3565
3612
3612
3611
3006 2919 2916 1741
3612
5496 2221 230 3855 4839 230 2286 2272
3611
2603
4708 2071 5794 2997
3598
2954
3611
3612
2326 4095
230 3073 2004 2271
3615
1952 4858 230 3391 2416
3612
3611
3544
5157
6032
2615
5569 2070 2431
2317 2434 3183 2916 3176
3618 3618 3589 3618
3612
2615
3552 3615 3615
3612 2615
3338 2591
3615
3589
2590 2615
3612
2463 4388
3621
3612 3612
1147 330 1530 350 1664 1191
591 1413 1639 605
3612
3612
3571
3067 2591
3612
3612
3613
1530 1413 532 604
3076
1586
2316
2615
4799 3621
3381 3620 3616 2761 2077 3620
3617
3615
6039 1355 5038 2860 5001 1623 6037 5181
1466 1646 1648 3067
3621
2328 1538
5218 1947 3395 230 6048 4268
3426 2859 230 2891 2065 2416 5532
3611
3611
3611
1331 1295
5409 2331 230
3612
3565
2591
3598
3587 3587
3612
3172 2859 230 3172 5056 765 1222 230
3598 3598
2071 6033
3611 3611
3598
2614
2615 3587
526 526 453 231 5825 5518 1613 230 231 435 600 526 1637 231 438 1495 1635 1666 549 231 1635 1495 1403 442 231 600 231 3068 1495 231 231 1495 1403 1655 2808 435 231 1495 453 1403 1655 231 1506 626 231 605 526 634 1495 1403 231 526
4956 4282
3590
6032
3591
2316 1921 3395 5464 3394
3611
3612
3554
3459 2907 5880
5157 2273 2069
3611 2615
3182 2860 3394 2064
2591
5000 5794 2318 4740 1575 1935 5001 2614 1525
1862
2614
3615
1890
3612
5146 4881 5146 5220 5146 1548 2596
1493 5143 3611
5910 2927 3464 2064
230 230 2912 2912
3587 3611
3612
3611
3611 3611
3402 5071 230 1583 2455 2274 345 1583 5071 1611 230 2894 2925 230 5143 5071 3068 3170 230 5143 5775 5071 4766 230 2894 441 1652 526 231
2614
1215 840 1203 838 1222 1208
3611
3612
3611
230 2857 1767
3598 2806 2356
3613
3601
3565
1493
3395 2032 2964
3611
2593
5436
3612
3621
2860 3067 5927
2591
3611
230 1615 4013 2644 230 3158 230 2017 5880 230 5501 1935 2017 230 5069 3158 4803 5456 230 1497 4882 5489 230 5510 3854
1590 1535 2546 1576 1576 1496
1646 3621 1666 1027 437 532 605 437 604 402 1494 1500 604 402 605 1639 604 437 636
4045 1626 3068
3614
3621 2615
1419 637 2615 4627
2711 3756
3621 3055 1550 3621
4816 2593
3612
3612
3614
2071
3618
3616 3613
3621
3598
3621
1634 532 636 2591
1551
2593
3611
2593
3611
2036 1530
3880 2892
361
1480
3613
230 5505 2232 230 5069 2317 2859 1355 5069 5143 2868 230 5505 230 1920 4837 3170 1623 230 4635 1652 526 231 403 1355 2180 2317 230 1623 4708 5505 230 2222 2232 2286 2272 1623 230 1920 5496
3611
3614
2591
3612 2591 2065 1419 2065
230 3413 3395 3068 5055 2024 2507
3611
2614
3612
361
3598 3598
3612
2615
2601 2593
1505
2615
6053 6052
3611
1530
3419 4985 4985 3394
2892 5994 2323
3611 2591
5488
3612
4858 2222 2158
2591
3010 3010
2024 5830
3068
1466 1655 1655 2969
2344 3068 3386 230 2426
604 534
3621
3565
2593
3612
3615
1219 5792
3611
3577
5466 2070
604 437 526 2024 437 437 5826 5776 526 604
3612
2455 2864 1646 1962 1419 1529 1419 1529 1419
2614
3611
3390 4857 2265 4740 2892
3612
3612
3611
3612
2575 2548 2547
5038
2615 3589
3611
2316 1237 1203 2265 5804 2591 5432 4269 2306 5781 357
3622 2591 3612
3403 3459
3612 2614 3611
2233
3612
2591 3612
3612 3612
3607
2885 2323 3692 2886 2193
3612 3611
3612
3612
3613
3611
3565 2615
2859 5974 2443 2029 2443 1956
1973 3469 5068 5826 230 1974 5880 1971 3435 2868 230 2090 2894 5826 2851 5484 230 1742 3435 3464
6032 2071 2366 2366 6034 2071 6034 5218 2865 2877 2877 3694 2885 2571 2299 1911 2571 2070 2071 2885 2316 2071 2071 2877 2071 6032 5774
2865 6032
2615
3556
526 1655
3565
3612
2614
3611
2455
3612
3278 3437 230 4890 3427 449 231 594 1666 1494 1637 1639 230
3618
2614
2614
3612
3613
3612
3612
2070
3611
3612
5825 6034 3394
3612 2590
230 5504 5826 3402 2476 2894 4985 2485 3870 3176 230 2851 5507 3972 230 3873 3972 5507 3177 5930 5507 5928 230 5928 3854 5218 230 4876 2452 1952 2683 3854 5519 3224 230 5929 5929 2894 3972 230 5780 5928 4795 230 1954 2858 1954 230 2858 1766 2106 3409 2105 1355 230 2221 5930 1921 3972 2393 230 5519 5537
3614
3611 2614
3067 2490 2070 4890 4878 6120 4633
3599
3612 5125
2614 3611
3621
2614 3565
3612
5507 5880 230 3157 3157 2931 1932 230 3068 230 1932 2978 2064 5880 230 912 1296 989 2464 5558 1932 230
453 231 605 1530 435 634 2325 4708 2155 230 231 3067 453 2155 4708 2325 230 435 1530 231 603 526 435 1506 603 231 1073 1562 230 435 606 231 603 1082 1081 1060 1078 1562 230 4708 2325 1927
3613
2560 1872 2550
4046 5793 3621 2070 4046 6032 3621
3613
2614
2177 5157 1607 5510 230 2314 230 2416 4268 4513
3598 5126 5126
3904 3938
3612
2603 3598 2603
5979 3138
3618
3886
2733
2614 1590 4883
3068
3611
5146 3390 3423 2431
3612
3611
3612
2644 2661
3612
3612
2615
2615
2222
3029
2228 2159 5432 2675 6057 2037 2784 5454
3611 3611
3611
2455
3611
2591
1901
2593
2418 3268
3617 3617 3617 3617 3617 3617 3617
2905
3612
5501 2510 2024
2819 1510 2397 1519
2591 4055 2591
3611
3614
4883 5181
3611
4809 637 355 1419
3611
3612
3611
3440 2920 4984 1355
2155 2507
3611
1203 231 1227 1102
3621
3612
3053
2903 2322
3612
2603
3611
2957
230 4491
3598 3598 3598
2615 3612
2919 3886 2436 2455 3885 4874 1355 1740
3620
3598 2070 3589 3612 1509 3598 1939 2065 2512
3613
1655 231 5928 1419 3565
3611
1500
3621
2591
3611
4099
5056 2859 230 1932 526 1413 1637 1348 230 2859 230 1413 1637 1348 526 1932 5056 230 2851 3402 230 2848 1413 1652 1494 626 230 2848 1576 2978 626 1413 526 1637 230 2978 2919 230
2488 3612 6034
5778 230 3966 3409 4633 5518 5146 230 5146 230
5039 5432 2211
4303 3395 2455 3693 4522 350
2069 2418 2885 1492
2591
1649 2894
2591
2593
2591
1500 2455 5220
2614
637 1621 2907
2324 2865 5001
3621
2861 3394 2509 2892 5460 2434 1858
311 6034 230
2314 230 2036 3173 5057 5219 3067 2313 3886 2036 230 2336 3067 1355 230 2320 5219 230 3067 2320 1576 2313 2894 230
3611
2455 4282 2918 1559
3612
3565
2047 3875 5489 5932 1509 230 1508 5932 3435 230 3068 2868 2417 2017 4154 1509 5507 230 2868 230 2997 3182 2417 4154 1590 2868
2323 2640 230 3157 230 1419 1466 2640 230 2640 3402 2640 230 2691
2603 3615
2071 4808 3026
3405
434 1655 636 231 230 764 230 453 1466 596 435 403 434 230 591 526 231 434 441 231 231 609 549 1635 434 1403 526 231 975 230 1296 1217 764 912 1207 609 1403 230 230 1060 1078
1551 2040 5778 2481 2036 230 1932 2039 2040 5778 5778 230 5075 2039 1551 230 2481 230 2040 5881 5778 230 1355 5778 5886 6032
2614
3612
5432
1885
3558
3393 2070 5559
1622 1622 2591 3611
3613
2615 1909 3611
3613
3587
3611
3598
2614
534 453 596
3618
230 1992 1605 1605 230 3870 4621 3870 230 2463 5537 2464 2071 230 1995 230 2464 5526 5507 2463 4132 5510 230 2463 5836 230 2464 5070 230 5507 2491 2490 2464 5559 5880 2464 5495 2482 2489 230 230 1496 2489 2482 5569 2464 2463 230 1924
1577 3535 3534 3765 2393
3565
1646 1419 1419 1419 3182 1529
2614
2017 3402 2321 230 2047 230 5512 3157 3402 230 2318 3436 4574 230 4577 3402 1740 1740 230 1496 5780 230 230 5098 5780 1355 230 5780 4883 1927 230 5456 5098 230 5569 5880 4132
2026 2077 2070
230 2071 2916
3612
3598
3612
3612
2591
3029
3434 2527 2525
3621
2591
3611
3565
3618
3611
5443
1646
2615 2615
2416 2455 6081 230 3390 4631
3565 3591 3591
3611
3612
3612
3611
605 445 526
983
3598 2611
1985 5138
2957 3756
3611
3598
3611
2309 3694 5825 5825 378
4875
1639 3883 1637
2615 3561
5065 4839 5065 2271 2028 5065 1567 5065 1567 2070 2271 5065 5558
3157 5073 1530 2455 4633 4154 1237 1206 1237 1219
2920 2859 2033 1741 4931
4046
2325 2561 2560
3617 3616
5825
4002 3677
3565
4883 3469 2886 5191 4620
2603
3612
3615
3612
3883 2510
3611
3612 2591
230 2891 5070
3565
3273 3272 230
526 230 231 4633 230 1929 5055 1962 5552 1931 1498 5146 230 4873 526 5927 4633 3067 3386 5927 5145 230 549 2919 230 5066 5927 3184 2919
2591
2591 3611
3611
4875 2864 5932 3067 2865
2615
3598 3613 3598 3587 3598
3612
3611
3612
2591 5443 2187
3618
1962 230 5069 1963 1962 230
2916 230 5071
1543
3612
5146 2879
230 4858 2510 4858 230 2510 2510 230 4858 4858 2510 230 4858 230 2510 2510 230 2068 2510 230 2510 230 230 2510 2510
3612
3611
1530 637 3068
2040 230 4622
584 549
2008
230 3134 453 5826 437 604 230 447 604 1974 5826 1494 3436 1355 230 453 1082 379 1049 3429 3435 1742 230 230 1561 1061 1562 2416 4620 1082 1737 230 2510 604 1506 403 230 1082 4978 230 1535 230 529
1911 3621 1909
5127
3565
3614
3611
3612
2455 2071 4191
3587
3621
3616
5883
3611 2592
4999
2071
3611 3611 3611
3618
1931 3882
3388 2071
3612
3615
3598 3598
3612
2071
3577
2593
3611
3615
3590
5436
2591
3571
3590
3616 5441 3617
1419
2302
3618
2615
3611
2709 2615
2483
3598
3612
1911
6034 3388 2426 2865
3612
1477 2591
5040 2857 2177 1355 5568 2071 3172
5507
3611
3565
2512 5501
3756
3598
2957 6049 5066
3611
6173 6172
5218 637 1419
3611
5146 6096 2029 5794
3621
6036 6037 5037
3612 2560 1603 4822
3612 2067
3615
3611
3612
3612
3612
2024 3096 5058 2071
3611
3611
4620 2916 2068
2591
837 632 906
6031 1107 1107 1108 545 5143
2316 2957 3756
3611
3611
3612
4983 3171 5071
3611
5071 6035
3565
5501 2020
3612 3621
6032
2560 4046 1860
2615
1639 3429 2324 3176 2868 2865
3613
3611
2989
3612 3611
3611
3616 3620 3613
3611
4879
3612
3611
3611
762
3612
2957 3878 2603
3565
3611
3611 1334 1303 1328 1303 1328 378 378 1203
1576 2806 1355 230 2849
1551 2416 3395 2957 1496 1551 3387
5932 230 2455 1954 3390 5932 3390 2455 230 230 3390 1954
6034
3611
2615
2455 2864
4402
3590
3614
1623
752 6189 2158 6157 2071
5053 5053 5053 5053 5053
3611 3611
3565
3394 4326 4858 3734
3613
3617
3601
2615
3620
3390
3615
2323
230 921 988 1023 921 1217 5558 5069 1930 1355 230 3870 230 5558 2979 5075 230 1355 5558 5569 5069 3870 230 5569 2978
2612 2560 3612 5804 2615
4993
1907 3612
231 1203 1102 765 1222 911 231 1227 1219
3612
3611 5439
3611
2845 1990
2325
230 5143 1962 1962 5143 1932 230 2969 1962 1932
5053 5122
1419 1530
3560 2601
2455
2770 2309 2591 2954
5883
5157
2590
2615 4798
2320 2323
3611
3611
3068 1355 4986 1741 230 1741
3611
3624
3615
3612
2593
2957
2510 3067
3611
3614
1888
3612
2591 2591
3464 2326 2894 2476
610 230 1529 637
3618
2421 2455 1551 230 2418 2418 2424 230 2416 5932 5932 230 2416 5932 2416 230 4988 5932 1963 1962 230 2416 230 5932 4988 5000 5932 230 5001 4999 230 5932 4988 2416 5055 4988 5932 230 2416
3058
4988 3390 5776 5781 4766
3611
4858
3571
3565
3611
5034 1929 2892 5038 5005 1929
3612
2743 2682 2713
3611
2270 1542 2193
5883
4873
3612
2923 5040 1355 3414
3612
3839 2032
2615
3612
2163
5058 3756
3612
2199
2591
2957
1914
2584 2585
6003
3611
2894 2894
3611
2615
3618
3067 596 549 1530
3565
3068
4577 2325 230 230 3483 2919 4976
3621 3605
3177 230 3087 1930 230 5055
