1469 1551 2860 2434 531 3391 2314 2482 3882 3067
3958
3964 5501
3611
3612
534 626 591 403 604 435
3613
2455 3746 5932 3746 2982 5932 2904 3747 3388 2864 3746 2091 2897 5932 2895 5932 5836 5932 2858 2858 4931 3394
3612 2558 2559
5050
3611
5144
3598
3611
3617
3612
2394
5500 2071
3554
3612
3611
3283 2064 2510 2916 2923 2482 1355 3274 3403 3273 4070 2662 3173
4097
3613
3612
2490 2064 1498 1944 2864
3611
2455
2578 2615
3612
4996 2265
5415 5413
5157
3612
4858
3611
3624
1219 984
1944 1947 3404 2426
3612
3567
3612
5157
3611
3612
3612 3611
3612 3612
3612
3612
3617
4884
975 912 835
3884
3747 3756
3612
3611
1498
532 1655 1655 1655
1639
2324 4882
5146 3611
3612
3611
2679
5146
1567 4858 2859
3611 2615
1525
2136 1771 3068
3009
3029 3029
3611
1501
3612
599 1644 350 549
3612
3612
3611 3611
3612
5501 4281 3388 2416 2509 1935 5146
5157
605 435 402
3465 1945 3395 3394 2455 2198 2218 5457 1944 3407 2437
3611
4884 2071 5220 2859
3612 3612
3171 4985 230
3611
1570
3067 4829
2317 2315
1550 5413 2064
3612
3611
984
3611
4010 1963 3487
3611
2455
2683 4708 4976 5111 1355 2266 5103 5107 4111 3029 1601 1623 4044 6036 2802 3875 3970 2029 5074 3876 4978
1551
3266 2141 2865 2417
2069 6032 5423 6032 5426 3612 6032 2860 5423 5421 6032 3612 2077
5157
1500
2593
3612
1548
4881 2067
2455
3611
2593
2474 3248
3612
1605 4311 2064 5873 2927
2593
1918
2583 1493 3611 3612
2731 3611
1529 1413 1466 1530
3565
3612
5157
5157
5146
361
1913 2568 3587
4858
3612
3612 2591
3395 1622 1538 3611
3611
2982
361
3612
3611 3611
3612
3611
3612
3598
3621
3621
2455 3565 3612
2982
983 915 987 1217 907
1590
3612
1551
3612
3612
3621
4046 2550 3612
3612
1466 1530
2158 5188
3621
6025 3746
3611
1532
5146 2416 5146 4629 3067 3391 2865 3404 5218 3388 5932 3176 2314
1782
3616 3587
3613
3656
4399
3611
5419 230 5425
1222 1217 1227
3611
5505 3408 532
4793 4793
3611 3613
1530 1530 1137 1147 1187 1190 1137 330 1150 350
1419 1419 1412 3464
5932 3394
2591
534 1412 1576 1419 1419 524 5513 1639 532 1576
3612
3612
