2736 1579 1819
3199
4272 4511
1793 1752 1944 3788 1507
4030
5478
4029
6504
4005 2736
2533 2589 3243
6655 6559 6818
2736
4029 2736
4040
4029
5798
4003
4030
4030
3978
665 2313 594 490 595 665
4030 4029
5214 2590 5634 1821 594 3426 6817 2590 5214 3427 1697 588
4030
594 1695 5218 2794 670 1133
1021 881 1089
1714
4029
3195 3200 5354 6818 6559
4016
3264 2318 2759 1743 3254
3978
2736 3978
2736
2159 4030
5810
2307
4030
4029
4035
4003
1695 497
5810
4526 4535 2901 2902
4005
2589 3427
4029 2903
2893
3411
5810 1742 1758
2905
2306 2901 1681 2312 2575
4040 2122
4030
4036
4029 5810
3178 1705 6821 1672 2798
1015 1089 1131 1358
5810
2736
4041
2901
1008
2313 3657 5083 3680
4029
2572 4586
2905
6527
4029
2812 1579 5716 2307
1655 1655 4033
4030
703 1695
4030
4030
4030
4619 5176
2904
4036
4029
2736
4029
2904
4030
5810
3218 3254
4029
4030
2905
1769
5713 3785 5501
4030
4029
4029
4029
4031
2904
6525 6746
2736 2312 2312
5478
4016
4029
2736
4029
4029
2736
2905
6747
1714
4029
5810
2893
4029
5810 2904
2905
4029
4030
2736
5810
6739 5709 1507 2313 3782 2219 2193 3788
4030
4030
2736
4029
4030
5795
2736
3988
4030
1655 6802 1734 2169
2312
4191 3305 3717
6154 5843 2983 4421 3181 6801 1507 3381 5718 3358 2270 3357
5810
2736 4016
3218 6527 6756 3190
2405 2313 3381
6655
6093 2318 1782 6558 6093 384 6756
2736
4029
4029
5810
6121 5810
4016
4029
3240 5203 3226 2771 5456 2313
1825 586
2904
4029
4029
3967
4030
4029
703 1626
4016 4029
5810
2736
4033
2736
5810
2893
5810
1656
5810
5810
4118 2405 6199 5514 2244 2665
4030
4029 4030 2736
1694 703 1819
4036
5405 1640 2313 4429 2903 2905 5405 4030 2313 2306 4429 5405 2404 5405 2313
4029
5798
4016
5810
4030 5478
2588 703 3867 5478 4335
3978
5708 3805 5083 1655 2269 1734
4040
2441 2544 2523
4030
4040
6093
2155
4030
2904
2905 4031
4031
2261 1731 6803
5515 1972 5515 1972
6205 2572 2280 6203 2281 3195 1788
4029
4031
2736 4030
6099 6096 6093
1781
4030 2492
2883
2736
4029
4030
3965
4029
4030
1821 1828 703
4029
4029
5810
4030
2736
5792
3969
4029
2904 4030 5810
2840 2905
6655 850 2796 1358 2270
346
4030 1714
5810
4030
4029
4029
4030
4030
2313
2904
4003
4030
4036
1794 6804
2204 2592 3426
2736
4030
3427 5810
4029 2736
4005
2736 6559
5810
1773
703 4029
4003
5810
2905 3953
4210 2182 2759
3991
2736
4040
4016
1812
4030
5810
4030
4040
2905
4030
660 502
2905
5798 6726
5810
5810
4039
2877
5496 2868 1840
2736
4458 346 4728 6739 6738
5798
5810
5306 2736 5511
402
2905 2091
2905
4030
4030
4030
2893
4029
4040 2736
1714
2306 5218 5708 3254 1572 588 1770 692 671 5218 5708
2904
4033
2765 4115
5449
2148
4030
5478
3741
4030
4003
3969 2893 1656
4029
3817 5640 3799 5622 4123 3227 2265 3220
2736 4033
2696 2794 1133 594 3546 671
5810
4030
4029
4030
5713 5671 3227 4697
1675 3196 1742 1716 3782 1736 4586 2709 3240 3806 4330 5511 2471
4031
2904
4029
4030
4029
5798
5810
2736
1507 2965 260 260 3785
4029 6803 2905 3381 2767 3381 4865 6726 5160 6696 1754 4927 4839
2270 4478 5516 5405 3254
2905 1660 2905 6528
5619 3190
2736 4016
2905
2736 2904
5798
4030
4029
2736
4191
3978 3978
4029
4029
4118 4115 5222 5641
3196 5622 2312 3241
2905 4029
1716 2796 5622 2410
2883
4029
5798
3973 2905
3381 1695 393 2482 2588 5419 3381
2880
5810
2736
5676
4030
2736
671 702 1812 670 1810 702
4029
4030 2736
4016 2736
4040 3426
1358 1016
4030
5810
4029
4033
6506 1976 2736
843 424
3420
2189 2592 3788 5214 1754
2595 5478 3190
2905
5798
5709 2441 3754
5810 1012
4118 3226 3196 3227 5643
4030 2736
5810
2593 2313 2230 5662 1507 6802
5810
4030
4005
3805 3226 4640
595 665 495 703 665 495 1812 703 659 703 495 594 594 495 658
4030
4029
5810
5622 3334 5084
3969
424 1089 1015 2736
4041
1733
2905
2904 2736
4810
4029
4029
4031
4030
2905
2736
3298 3298 4181
6608 3989
4029
2736 2904 4016
4846 2881
4031
1708 2306
703 1694
4030 2905
4030
4029
4003 4003
2905
4029
2736
4030
3955
4117 3227 5205 5844 2313 3192
3194 1922 3795 1705 1655 1507 5635 5403 3834 3795 4322 1922 1507 1703 5662
4030
4040
702 658 586
1812 1810
4030 2905
1729 1507 2568 3122 2965 1321 378 368 1267
6687 6559 2185 3783
4030 2905
4040 4030
2904 5810
4030
2736
4029
5810
3190 5810 3191
2736
3965
4036 4030
5218 2173 2306 3788
3818 3358
3427 2587 4377
3978
4030
4007
4029
1507 3780 6559 2956 260
2905
5478
4029 4034
4036 4036
5810
2736
5481
2736
4030 2905 2736
6199 3785 5641 3427 3226 1717 6199 3226 5643 2307 1717 3784
3559 1507 2759 1819 5713 6558 1819
4029
4007 2883
3781 2589 3784 3259 3787
5810
4016 2736
5798
4029
2905 1006
5810
5810
1937 5794 3801 3799 2592
4040
1699 3552 3781 3867
3427
1650 4429 260
6804 3781 5794 3782
2905 4030
6559 5165 2441 5695 5709 2716 3189 5505 1507
2736
4030
2313 3426 2586
3417 2883
2736
5810
4427 1008 1753 2527 2240 6559
1650 1638 379
4029
1695 487 260 594 671
5810
4040 2905
4029
4030
4033
4030
5208 6245 5698 1810 2771 5666 5414 5666 6202 2765 2764 3189
3426 5810
5709
5478 6526 6527 5798
1717
1812 1828
4029
4030
2736
6738
2905
5810
1089 1753 1011 403
4029
4031
2905
5798
2736
5810 2883
5792
2736
2905 3821
4031
3788 2534
2736 2904
4344 3427
2905
2384 4334 5845 1695
4031
2736
4030
4029
2893
3978
4029
5166 3871 260 6139 2745 2972 3871 260 3871 260 2790 2745
4030 4173 2905
3452 5085 2384 5617 6558 5707
5477 2278 5478
2904 5810
4030
2736 5511 260
1656
5798
2980 3806 6263
5798
5810
2717 587 3427 3559
2883
1694 5810
2593
2704 4332
2306 6525 2746
4030
1367 261 1012 1131 1356 1367 260 1015 260 1013 1361
5402 3180 3426
5810 2904
4029
5798 2307
4033
4029
2736
4034 4005
4029
2736
2881
4029
2881
5810
3783 5341
4334
4029
5810
4029
4029
6801 384 1782 3189
3262 2965 3871
2736
4030
4029
4040 4030
6132
4030 2905 4030
692 586 657
5692 1786 2475 1794 2454 1777 2410 2313 2454 1777 1716 1794 5692 2405 2313 1786 2798 6808 1777 1731 5692 1794
5478
2736 2893
1783 3548
4030
5810
5810
6525 5836
3784
5478 1579
4030
4029
2881
2904
2901
4030
4030 5810
2313 2901
4031
4030
4029
2905
3978 3978 3978
4270
1088 929 1006 1131
4030
4029 4029
4029
4030 2905
670 594
4040 5478
2905 4029
2905 2850 3577
5404 5634
4030
2410 2405 1754 3426 2868 4526 4030 2736
261 843 424
2736
4432
2904
1572 594 666 814 4030
4031
4029 3459 1507 3179 2313 2311 5698 3871 3601 2588
4016 6223
4029
4034 4036
4003
4870
4029
4431
4030
4030
2736
4030
4031 4003
6703 4838 4819 4814 4860 2736 4849 4840 4835 6703
4029
5642 4203 2696
4029 4040 2893
4029 4029
5810
4030
2905
4029
2902 2905 2901 3737
4029
5810
2736
2736
5478
2736
2905
4029
4016 3978
4030
5810
4029
4030
2796
4173
2307 3190 2774
2905
5810
4029
4030
2736
2584 2905 6199 2125
4030
4030
4173
5617 5620 5619
4029
2880
2883
2881
4029
4029
4029
3194 5877 1744 5714 2307
3189 5879 4115
5477
3381
451 650
5714
4029 2736
3834 3788 6530 3870 3560 3551
4030
260 3227
4029
2904 2736
2905
4030
4029
6752
4029 2901
2905
4033
2904
2147 6189 5222 2287 260 260 6189 4625 6687
5696 6166 260 1944
4029
2798 260 3254
1694 1579
2881
1346 1360 261 261 1346
4030
3254
2905 2736
2667 2185 2181
3859 260 2704
4032
3190 5877 2572
594 1805 660 594
3310 3296 2736
5500
4030
4030 5810
843 261 424 5516
2883
5810
2527 1507 260 2533 2665 2472 260 2589 2403 2441
2572 3829 3805
2905
2881
690 1193 260 1155 486 407
3327 2746
2795 5617 3185 1507 6801
5810
5810
3254 3357
4030
4005 4036 4036
4029
5810
4029
5409
4030
1812 1572 1825
4030
2736 2901
3973 4003
2736
2109
2905 1752 1753 1752
424 260 1341
4032
260 3323 5637 2307
4030
2736
2905
5810
2905
2904 2736
5174 2270 260 260 3533 3310 3532
3227 260 2527 3558
4029
4031
6558 4621 2156 5665 2522
2265 260 5744 6199 1507
4031
4030
4016 4016
3994
5795
2736
4029
5810
1661 260
4030
596 1629 1695 658 670 1695 1572 594
2312
2587 2159 2164
586 6558
4034 4035
2904
2904
4029
1683
5634 5341 1660 6527 2577 3659 5634 6527 6527 5634 3796 3427 6527
5810
2736
4030
5619 2313
5453 5369 260 5794 2533 2530 5794 260 260 2696 2578 3783 260 2694 2575 3229
5810
4029
2319
2306
4029
2736
2736
4031
2736 4016
5810
1507 4298 5714 5414
2736
3427 6506 260 3532 5504 260 6173 5744 6506 6506 260 3533 3427
451 671
2736
5628 2585 2736 2585 5502
4040
2736
5222 5478
4029
2881
5810
5478
2736
2905 4030
5810
1714
4029
3887 3784 2716 6801 396
384 1782
2736
4029
4029
1020 1079 924 260 1131
6801
1356 1361 261 1354 1012 261 1361
686 1187 407 690
2904
5810
4030 2905
4029
2130
4030
3426 3199 3196
703 1695 1579 1695 1694 676 1626 1579
2736
4040 2091 2085 2851
2736
4029
4029
1658 702 490 6199 671 3548 702
2736
1694 1579 1695 2193 6558 1694 1825 593 1133 1819 2193 2193 1695 1819 1694 2193
2736
5782 5344
2736
1626 1810
2901
1819 1626
5794 6524 2307
4016
4030 4029
4030
4030
2736
4030
5810 3427 5744
4030
5709 5810
2736
4029
3788 4281 6195 3789
2881
5798
4029
1699 2578 2665 5369 260
261 611 588 1812 588 1812 660 260 502 588 1812 260 502 588 660 260
4036
5810
5810
2905
2736
1695
2904 2736
260 5718 3532 5708 260 3189 4317 4431 3229 6252 260 2736 4431 260 3019 3546 1507 6193 260 3229 5695 3189 260 6252 2736 5810 6252 3796 1935 4626 260 4525 2228 260 6252 6193 3189 260 260 396 4317 4431 5708
2904 2736
5401 5091 3426 5630 5497 3426
3019 3019 4332 6262 5418 4332
5810 4016
2257 260 5711 3532 2161 4651 3532 3472 260 6196 6196 3533 260 4651
1189 260 1160 6801 2402 1507 260 3783 260 2156 6199 5306
2905 5642 6526
2736
2736
4031
4029
4003
402
5810
5810
1015
5471 2318 3829 2405 2901
4458 6189 4298 4271 2764
4030
2306 1793 2772 3188
1742
3985
3787 6558 1507 3547 3859 2193 3548
2905
1355 1088 1011
5798 3427
4029
2905
3785 3258
4030
1009 925
4029
3805 3829 3427 1507 1714
4030
2905 2886
3230 6801
4029
1695
4030
5810
3978 2905
5404 5879
3411
4029
4029
1695 1695
1011
5514 260 5516 6504 424 261 1341
2736
2589
2311 6150 5794 5478 2905 3427
2168 6558 3195
4030
4029
1669
4029
4030
1008 5810
1498 1572 588 588 1498 1629 1810 1498 1572 260 2796 3323 3182 260 2161
5798 1507 260 5798 260 6506 260 2307 2277 260 6506 6506 260
4838 927 1079
4029
5798
2696 2736 3787
6738 6756
5395 5630 1752
2528
2905
4007
595 2736
4040
3805 3817 703
2666 2312
2904
2136 2905
5810
2736
2087
3830 260 1507 3561 2306 3052 2522 2774 6173 260
260 3783 6506 260 3532 3323 3783 5718 260 1742 260 6506 260 6506 2932 2932 260 2587 260
1673 2313 3378 2313 3378 3378 1673 2313 2376 1691 3379
260 3780 6506 3796 260 2764 260 4317 5207
5478
4030 4029
3295 3293 6525 2736
260 5713 6199 6559 260 2231 5718 6199 6559 3532 260 5708 260
2736 5708 3189 260 1507 5718 260 3546 2156 260 260 5622 5633 6808 2277 5713 260 3182
5744 3556
2575
3979 2409 2405 2410
5794 260 3310 3781 260 3830 2576 6201 2164 1778 3344 1507 260 260 2587 3474 3310 5794 260 3427 260 4317 1778 5515 260 2156 5794 1507 260 260 5635 5712 2767 5713
2905
4035
2881
4029
4029
3828 3784
2905
5178
1819 1579 703
2847
4040
850
2905 2577
3781
2905
1579 703 676 1819
4029
671 588 498
3994
2528 2306 6506 5708
4040
4029
6687 2665 2244 5500
4030
4029
4031 4003 4016 4016 1717
4651 260 1507 3342 2193 6817 6818 6822 260
4419 3068 260 4419 260 3068 2623 260 3068 2623 4419
3437
2792
6252 6818 260 5478 260 6252 5478 2794 260
2736
260 2587 3474 2587 260 3834
424 2306 1355 1009 1341 1361 843
4029 4003
2905
2905
1810
3259 2280
4007 1656 4007
4029 4029 4029 4029
3979
4030
4033
4030
2736
4029
2310 2905
2901
4034 4035
1770 5481 5794
2790 1971
2109
4031
3196
6113 2092 4029
6179
4030
4030
4029
4030
1700
2883 3980
4029
5794 2587 3427
2901 2130 2815 4526
4322 6251 6195
3734 2435
1579 1819
4191 1717 3299 3298 5877 4330 5877 5642 5877 3299 4191 4191 3299 2577 2736 1717 4191 2577 3299 4191 3298 3299 5477 3298 4191 3299 2577 2577 3298 4191 2736 3299 2736 2577 3298 4191
5708 2168 2589
5250 3805 5620 1507 2168 2307 3559 5714 3547 5617
6558 6804 2765 5714 1361
589 671 1133 589 1572 671 2765
1626 5125 2965
4034 4030
4029
4029
260 1677 5405 2441 2313
2156 1716
4030
1700 5878
5692 5692 2881 5692
4029
424 2376 3381
2905
4005
4030
424
4030
1020 1357 1079 260 1131 6624 260 4317 3324 6251 1079 1020 260 1021 1131 5712 3323 260 3324 1507 4317
2577
4007
424 2944
4036 4036
3758 2244
594 1572 1498 594 1825 260 1572 1810 586 1812 260 1825 1572
4029
3244 3011 2306
3227 5344 1717
424 261 1341
2306
2905
4041
2905
2699 1717 2736 260
