1673 5174 3785 1793 5622 6802 3788 3789 5503
2704 2756 2307
3266 3821
4016
1508
3219 5709
3967
5676 6808 1005 2579
4016
3293 3427
4016
3784 3243
6559 3801 4789
4016
4031
2313
1673 2155
4016
1358 1355
1783 1016 1358 424
3427 1708 1673 2883
4029
5478 5214 6687 6245 6168 5877 3784 4203 2736
3093 5843 3358 2623 1507 6803 5108 3788 4117 5619 2722 2801 3357 5177 4421 2270
1507 6753 2667 2709 1346 2311
3577 4030
2801 5786 2334 5666 2717 2156 3192
4016 6570 1936 3258
5511 1016 1354 1080 1012 424 5639 924 1013
2261 2269 2759
3859
4557 2704 1717
4030
2883 3327
2159
4513 3194 2717 2528
5708 2313 1357 1080 1011
2840
2310
4031
6249 2883
3784 5643 2736 5511 6559 6801
5744 1793
4016
4033
6173
2904
5484 5504 5500 5503
1008 1089 1361 1088
6226
4016 2850
3978
1825 488 594 659
4016
4030
5404 2240
2307 6504
6727
6199 2313 2164 4118 3787 2695 1486
6166 3194 5542 3345 3240
4202 5878 3817 3195
1131 1012 1015
2883
1637 4618 2794
3553 3195 3426 3830
4016
1480 424 1361 843 850 3427 424
2883 4016
6179
2790 2736
3196 5218 2812 1507 5844 5214 1736 2471 4118 3784 2306 2547 3426 3788 2230 2756 5847
3763
4016
2883
4030
424 1358 1089
5496 5494
4414 5504
5203 2745
2893
2312 1819 3337 2312 2587 1695
1358 1012 1346 1088
4030
4016
4030
4016
6525 5810 2193
4031
4016
2851
2883
2904 5404 2721 5214 6817 3817 5844 2312 6506 5753
590
843 424 424 4331 3182
4016 4016
4033
4016
5511 3472 260
3577
2883
2893 4016
3785
424
6682 346 5404
1341 1361
4029
6179
3789 3194
4029
3797
2161 3427 5697
2666 5125 4118 2528 3548
2883 2403 2838 3953 4030
1367 1012 261 1361 1341 1345 261
4016
1810 672 492 1695
4016
482 1191 425 407 1812
1088 1016 934 1358
2883
4016
4030
6017 3577
4512 4511
4016
6548 2849
2883
4030
3218 1699 2587
2883 4030
2860 3978 3974 4040 3883 4031 4526 4040
6624 260 2584 5499 6195
4029
3869 6558 5250 4192 3186 1698
4029
3323 1498
2883
1341 843 261 1361
1016 1358
6149 2584
2575
4016
2148 2578 2696 2471 3785 6118 4114
1341 1361 1009 1364 2756 1217
4016
2704 3805 6559
2148 2736 260
260 1748 1770
1341 261 424
4030
843 1345
6099 1753 260 424 261
2126
3978 5467 4016
5456 2774 3784
2713 3259 3243 3806
1700 1361 2265
261 1089 424 1012 698
3787 5877 3788 6687 2694 2264 2185 5083 6559 5214 4783 3226
4016
1354 1440 1088 1008 1015 1079 1131
4030
408 433 1191 424 688 3532 6803 1742 2153
4450 260 1672 5223
4030
4016 4029
4016
6225
2883 4030
3254 2313 5405
3978
2530 3546 260 2531
4720
657 495 590 588 4016
260 6195 2164 6506 5714 6199 260 2164 260 5744 2219 260 2169 3052 6199 2773 6194 260 2790
4118 6801
4030
4231 260 4477
4016
4016
408 1174 1184 260 688 434 1193
5877 260 5712 2349 2384 5405 2161 5497 2410 260 260 2349 2231 5710 260 4317 6222 5810 1979 1507 6209 2349 6817 2471 260 6818 6248 3199 2471 6222 260 2764 1979 5877 260 6222 2983 3199 3552 260 2663 1093 424 5877 1346 2983 1341 1979 844 6690 2471 2410 5456 2983
1131 260 1358 1011 424 1080 698
5519 260 5503
6250
2868 2209 6824
6687 1770
2425
2584 6801 260 1507 6683
4016
1936 6818 5619 3782
260 1507 5798 5797 1507 1717 2596 260
698 1016 1089
2883
2790 6189 2312 2159 6263 6559 260
4029
4016
1935 3780 260 3829 3533 260 260 3532 260 2721 260 1507 3532 260 3533
1181 3218 260 5222 3427 1728 260 4317 3218 1728 1181 1728 6096 3218 260 1194 1188 260 1507 5222 3218 1672 1728 1179 3218 5369 1189 1728 260 3218 424 1728 260 5369 1193
1694 2527 2794 5511 2794
2745 6199 260
2164 260 3339 5698 1507 2718 2699 260 6201 2469 260 6212 2403 5698 6218 2164 260 5744 1777 6508 260 1778 1642 1736 6249 260 260 2164 2764 2161 588 1815 675 260 260 6506 1777 6194 2482 1507 260 1661 4879 3310 260 2932 6624 3472 260 2240 2531 2665 260 2527 1736 6199 6803 260 3796 260 3556 2307 3229 1507 260 2764 5698 2159
5810
4029
2883
3891 260 5620 2288 260 2287 5620 6559
3546 2384
1011
3327
3991
4478 3254 2588
3561 6558 3188 1652
2405 5503 3799
2886
2883
424 2312
3450 4480 5697 3182 1972
1377 424
3339 260 3532 3324 2932 260 3357 3324 5714 260 3344 2932 3019 260 3052 6506 260
1695 703 1818
4206 2185 2715 3785 2666 3547
4040 4030
2773 2306 3227 1976
2882 4033
1699 6801 2307
260 1673 3830 1507 3426
687 4659 690 1188 2405 695 5709 2405 1184 4266 688 408 6801 434 2158
3783 5810 260 6208
2577
4115 5696 3037
4016
4030
6558 6558
657 3277 1817
260 6559 3796 3831 260 3796 3829 5810 6558 260 2203 3859 6262 3859 260 1010 1088 261 1355 260 2203 3859 2736 3859 260 3453 260 3796 2207 2193 424 1010 1088 261 1355 1361 1355 261 1088 1011 3796 3830 5810 260 1361 1355 1010 261 1088
2319
5714 1507 260 5710 6098 260 5710 6098 5713 260 5710 2771 6093 3533 2499 260 2471 591 1579 260 671 6643 6506 5710 5708 260 2771 260 5710 1507 6245 4267 260 3532 260 2771 1507 5710 6245 3532 6829 260
2193 2694 260 6820 1640 6822 3887 3182 2577 4450 4180 2696 6822 1640 260 5087 2576 260 4271 2240 1341 843 260 4180 5789 2579 1345 260 6822 4271 1507 3551 3560 1640 260 1784 5797 2575 5500 260 5696 2576 6822 6817 1507 1642 2579 1087 1345 843 2577 1089 5877 1348 6818 1717 1640 6822 260 2174 2181 2175 260 1640 260 6822 6818 6801
3427
5497
6208 2959 5622 260
1742 2887 3577 2313
3603 261 260 1367
260 6194 5511 260 6172 3546 5501 5698 6218 260 2522 1507 6508 5503 5500 260 1932 6500 1507 260 2715 1507 260 2932 5794 1935 2790 3270 260 1507 6827 5807 2585 1507 260 4879 260 2161 3220 1736 260 6172 260 2156 6508
5789 260 2164 1507 2577 4164 3427 6682 260 2577 1507 2164 4164 3556 2577 5713 1507 260 260 2159 1507 4164 2704 3339 3556 260 2771 5618
260 3323 1507 3324 5714 260 5713 3323 260 3270 5713 6262 3323 5713 260 2159 260 3270 5714
588 1572 1825 675
1648 1783
3270 260 6248 5714 5713 2522 260 4525 6248 2718 260 5414 2522 260 3270 2765 5633 260 5414 4525 2718 5713 260 2718 5640 260 4525 4298 2288 2699 260 5714 3796 2773 5456 260 2774 2773 2771
5511 3546 260 1742 260 3176 6559 2156 260 2156 5501 6817
260 3270 3323 1507 4525 2718 6506 260 1507
