4036
4030
4030
4030
4040 4526 4535 2273
3978
4040
1656
4030
4029
4029
4030
4030
1656
4030
4030
4030
4029
1656
4029
4030
4173
4040
5478
4029
4036
2736
4030
2736
1734 6682 6098 5344 1733 5790 5879 5781 1655 1664 5878 1777
4005
4029
4173 4040
4031
4030
4029
4030
4032
4030
4005
2575
4030
4040
4031
4029
4030
4030
4030
2883
1656
4031
4032
2572 2577 2578 2576
2901
4029
1656
4030
2798
4036 4034
4003 4031 4526
4003 4036
4030
4030
4029
4433
4030
4029
4029
5478
4029
4005 4036 4036
4173 4030
5407 2873
4029
2319
2736
4030
2736
2736
4034 4029
2883 4030
4030 4029
4030
2883
1699 6149 2736 4016 5810 4040
4029 2883
4040
4030
4029 4003 4016
4007 1656
4031
