5174 2736
1810 588
3784 3189 3199 3798 4800
1729 5794 2756 1729 5794 2384 2756 2812 5794 1729
4803 5513
4803
2881 4041
4029
692 1695 6739 703 1695 1734 1229 1322 1734 497 611 661 494 1695 502 1695
2795
607 1734 2427 3866 495 2307 665
4030
4030
2883
4041
4800
4029
2881
4030
4029
6802 2307 1733 6209 6802 5207 5708
5478 3474 2313
2850 2881 2852 2131
4800
1133 1812 664
702 6739 1810 660
4800
4016
2883
5812 4514 5805
4030
4030 4030
5174 3472
2736
4029
4030
4036
3978
2881
2500
4016
4029
4030
6209
4800
3258 2663 5620 1937
4800
1440 1015 260
2893
4803
2880
2850
4800
5222 4720
4030
4003 4003 4003 4003
5519
4030
6789
2881
4800
2126
4029
4540 2917 4117 1507 1754 3883 829 2313 4388 3276
2427 5877 2977
4029
2881
4030
4029 2893
2881 1660 4334
4041
4030
2904
5678 2745 3548
4030
2904 4800
4016
2881
594 495 703 665 594 665 703 495
4040
2881
3980
4030
4586 2316 3339 6246 2269 2317 2174 3426
4030
5675
2881
2850
2156 2733 2736
4030 4030
1579 2078 1828 1729 3180 1729 1828 1657 4429 1579 1700 1579 1729 1729 1579
2280
4029 4034
6817 6263
2904 1810
4029
1810 2736 2307 611 5643 2193
3244
2756 2589 4331
4032
1828 5218
1792 2279 2577
381 1667 379 1724 1667 381
4030
4029
4029
5877 5618 5617 6252 6808 5713
2850
3195 5218 6189 2764 2168 2164
4030
3782 2313
4802
4030
2881
4030
5676 3179
4030
4802
5478
4029
4030 2881
3980
1695
4029
5709 5836 2281
4800
3298 2696 2713 1812
4029
4029
4803
4029
4035
4040
4029
1642 4030 1642
4029
4365 2547 2403 5622
2790 2587
4029
3979
2386 6751 3788 3254 2385 3562 3825 3259
3247 1731
4030
2402
3426
1579
4030
4030
6263 3819 2590 6804 5222
4029
1579
4800
4800
4029
2845 6113
4639
4828 2896 2883
5513 3194 3552 3426
4800
4030
2849 2845 2861
2881
2881
4030
4029
4030
2313 4164 5619 5404 4163 5162
4029 4029
4803
4029
4029
4191
4800
586 2307 6818
4029
3427
1695 703
1626 1828 703 1828 1579 1828 4346 1579 1828
2904
4029
2736 1810 3427 1819 1579 2307 1694 1810 1133 1694 1579 1825 702 1819
2883
4802
3788
4800
4030
6801
588 495 260 1810 1840 1572 1498 588 260 660 498 660 495 588 1498 1840 260 495 1825 588
4029
5714 260 3532 260 2161
4803
4029
1717
4030
4030
4030
4029
4029
2881
5395
611
1818
4802
2312 3190
5496
2694 5834 1625 3069
3817 3841
5804 3239 3226
4016
3190 3834 3782
4029
2881
4933
260 2270 3182 2759 3822 260 6558 3182 260 2270 3435 1793 2595 260
6805 3427 3549 3256
2219 3426
2881
4029 2140
596
5360 3199 1677 5499 260 260 1677 3258 5499 4317 261 1677 1742 6633 5709 4317 260 1742 1655 2938 261 1703 1705 6820
1695
2794 6252 2794 260 2156 3472 260 2794 5478 2794 260 2794 2156 6252 260
6856 2307 2307 4068 6150
4933
4800
4029
4800
1970 3254 4793 6559 5306
1758 1579 1579 594 703 1579 1812 2721 594 1657 1579 703
4800
3426
4030
1812 1579
3547 3780 3547 3199 3546 3780
4040
5810 6624 2270
3182 5814 3601
1819
4030 4030
4030
260 2193 3199 2161 594 1812 1825 1572 260 1825 260 1812 1572
3254 2694 3196
6628
3085 2756
1742 6195
4034 4036
4029
2881
594 2590 5696 3560
5554 2790 3969 5207
4029
4029
5339 4865 3305 5339
2756 588 2270
6135 2881
4030
2694 2209 6807 2736 2385 2695 2386 2795 1742 2313 2577 6801
4040
3450 4164 4163 3553 4164 3453 4164 260 5696 261 2943 5698 4164 4163 260 2193 5698 2159 261 5696
2736
3806 2155 3426
2881
2313 5810 6222 261 6228 260 2313 5810 5810 6222 2313 1507 5810 6222 2313
3561 3877 260 3258 2792 3822 2336 260 2686 2319 3823 260
6726
703
4029
1579 260 588 703 611 1498 703 1498
5355 5810 5810 2471 3298 2736
