4029
5633 4078 3189 2228 3189 5404 5798 2749 2694 3299 3300 2748 3190 5663 2694 3240 5635 5798 6801 3471 1734 3190 6801 3300 3305 3298 5798 4181 3300 3305
1656 4029
2736
2842
4029
1640
4016
4029
4030
4029
4030
4029
1092 1021 699 924
4029
4030
4180 3122 2940 3298 3426 3298 3305 3427 4181
1656 2905
1579 1700 1579 1729 1579 1729 2904 5542
495 663 1695 588
4029
2881
4036
4029
261 424 1341
2904
4030
4833 2306 4074 2923 4807
6570
4029
3381 5190 2169 6801 5843 5174 4421 2623 3788 2270 5251 1508 5250 5176 5177 3093 2384
2313 3190 2663
2405 6500 2694
4030
4029
2313
4029
4030
2402
3548 6624 3934 4331 2311 2772 3334
1445 260 1477
4030
4030
2904
4029
2881
4030
4029
4030
5160
5663 6214
2312 3190
4033
5620 260 6559 1665 6099
4029
1579 2696 1579 3229
4040
2313
4800
4191
4933
4030
1725
4016
2313 2577 6801
4030
4888
4029
3805 2579 6173
5092
4030
6801
