4803
1812
4803
2905
2893
4803
1714 3226 5698 3227
4801
4803 1626
4029
2310 5622 5695 2706 3327
4803
4003
5696 6558 1695 595 5203
1810
4802
4029
4029
703 1695 1936 3262 6793 703 1695 1734 1695 4803 1734 4331 1695 494 4802
4003
4029
4803
5716 3789 3258 3199
4029
4803
3229 3196 3806
4803
4801
5710 5714 5505 6558
4803
4029
5511
4803
3130 6685 594 3784 4118 5405 2307 4123
4802
1764 2881 1754 1769 2850 6547 2130
4801
2881 1793 5879
698 1089
4331 3259
2904 4864
4803
4525
4802
4029
4800
4801
2893
4802
4040
2881 2881 4040
2905
4031
6802 5214 5708 5207 6802 6802
4800
4040
4802
4801
4801
4802
2709 5412
4526 4040
4803 4802
6107 5716 2593 2885
2313 5214 1770 1708 3190 5663
4030
4030
703 1579 1626
4802
4802
4030
2665 5792 3196 4117 5369 1507 2715 4802
4801
488 5158 4117 5803 6564 4117 1937 2595 5805 2588 5698 5158 4164 3866
2905
2881
4030
4031
4802
2893
4029 2893
4041
4800
4801
3327 3262
4802
4036
4802
4030
2881 4040
4030
4031
2709 5665 3799 2185
2881 2850
5481 4789 4802 3788 2801 6558
4041
4800
3427
3427
6804 1794 1794 6804 1794 6804 6804 1794 2904 611
4802
4803
4030
4802
4793 2596 3189
4802
4800 4800 5387 1764 4801 3991 4802 1754
4802
4030
4802
4801
4030
4801
5432 1716
4802 4800
4800
3829 4123 3196 5792 4525 3427
4803
4802
4802
4803
4030
4801 5494 2904
3577 2092
3978
4800
4802
3011 4039
4802
5511
5708 1572 5218 1770 671 588
4802
4803
4031
4802
4003 4003 4003 4003 4003
5845 5798
4040
4029
4801
2881
4033
4036
4803
1754 4803 4285 4801 5794 4278 1764 4540
2845 2893
4800
4801 4802 4800
2881
2904
4800
4800
4802
6738 3191 2756 3427 2716 3196
4029
4030
4800
670 702 586 4803 4800 670 1812 1805
4802
4029
2850 6122
2736
4030
4800
4033
4801 4801 4803
2270
4007
4029
4800
4029
4031
4036
4030 495 665 1579 595
4803
1675 6807
4800
4802
4800
4803
4801
3980
4800
4030
4801
594 1695 665 670
2893
4800
4031 5675
4030
4802
6804 3859
702 588 3381 4586 2696
4800
4039
2881
4016 4800 4030
4030
4029
4801 1571 3789 3780
4030
1683 2595 260 3342
4803
4801
4800 4802
4802
4029
3979
2905
4801
2736 2307 6801 611 4801 3226 5643
4800 1579
4016 4801
2736
4030 2905
6527 6737
3427
3196 6559 3867 1507 1819 1699 3552 3195 3781 3553 3866 1699 1507 3781 3867 3552 1699
4029
2307 2572 4421 3931 2756 2568 5174 3556
4802
4803 5418 4821 4822 2164 5418 392 392 5418 2376
2881
4030
4029
4030
3785
6541
2881
1812 3558 594
2306 5708
4800
4800
2891
6184 2794 2792 2794 5511
4801
2883 4801
4800
2306
4803
4803
2269 4122 3798 5696 5695 5678 3785 4118
3973 4041
4029
260 3822 3561 2161 260 2745 2747 260 3822 3877 3427 1507
4800
4030 4035
1695
2881
4802
4803 4802
4803
4801
4801
2881
4801 4802
4802
4029
4800
4029
4802 4801
4803
4029
2881
4802 4801
2881 4801 4029 4800
4040
1507 2316 3190 2156 2704 2159 2311
2313 3551 2596 595 5634
1742 3185
4802 4800 4801 4803 2707 3231 2696 3785 2871 1812 2713
4638 2904
2140
4034 4005
4029 2893 2881
4800
4029 4639
6093 6801 4802
2881
1702
4802
2881
4802
4803
3298 2847 5810 5879
6524 4801
4030
2140 4029
4803
4031
4029
4029
4800
2307 5394 2796 1700
4802
4029
3427
4801
4802
4801
4802
4802
4029
4800
4803
3199 3195
3426
4029
4802
4800
4030
4802
4803
4801
4029
4030
665 1812 1133 2441 2794
2702 3814 3834 2704 2696 3839 2203
4800
6802
4029 4801
4803
4800
4803
4801
4029
3807 1507
6113 2881
4803 4800 4802 4801
6547 4029 2848
4802
4801
4801
4191
4800 5453
4800
4803
1797 3427 5709
5344 4335
4800
4029
4801
4035
4032
3973
4016
2159 4123 2595 260
4016 4016
2904
4030 2880
4802
4800
5478
4802
2881
5617 5542 5218 4164 5203 6155 6527 5617 6738 5218 5619
4041
4800
4800
1819 703
4803
4803
4801
260 6558 2590 1792
4029
4802 2881
4800
3342 3799 2792 3258
1579
3801 6262
4802
4803
4030
4029
4800
4800
4800
1662 2313 3978
4801
4800
4803
4800
4005
3821 3546 2575 3781
3805
1694 703
4802
4803
2881 4801
4801
4801
4800
4016
4030
4030
260 1507 2568 2587
4801
1828 4802
4029
3128 4802 5714
495 588 1840 261 660 1498 1498 261 495 660 588
4802
4801
4800
260 3532 5618 3229 260 6173 4879 3533 3427 6199 260 3323 5810
2881 3972 3953 4802
5222 5879 5709
4802
4029
4800 4016 2881 2173 5798 703 6687 3785 5478 2185 2736 3180 1579 4802
4029
4801
4029
4030
2881
2883
4802
5618 6624
4800
6803 5696
4800
4802
4029
4800
2575 6801
2883
5794
4030
4029
1819
3298 3298 3298
5842 5218
2736 4802 4803 703 4801 4801
5404 3196 5643 4450 5836 6251
4039 3239
4802
4031
3737
1810 692 260 1825 588 1626 1810 588 692 588 657 260 1658 692 498 588 670 692 588 671 261
4032
5501
4803
1655 2694 5174 5478 2311 3219 3188 3222
4800
4800
4803
4800
4800
5675
4800
4801
4803 4031 4030
4030
3214
4029
4800 4801
4802
6801
2865
4801
4800
4030
2881
4802
3978
2883 2885
4803 4802 4801 4800
4800
3258 261 5709 3548 1507 260 1828 2306 3258 1742 2590 260 6682 6570 1733 6682 2590 3868 260 3199 1742
4800
1695
4799
2794 1707 260 2794 260 6252 6252 2794 260 2794 260 260 2794 6252 6252 2794 260 6252 260 2794 2794 6252 260
4803
2318
2307
4802 4801 4800 4802 4801
588 657 1572
2886
4031
2153 6193 2484
4800
2881
1579 1812 6687 4803 1579 1812
4802
2767 3328
3381
4029
3974
4802 5499
4803
4800
4031
4031
2575 593 6683 497
4032
4030
4800
5206
1812 1579 1626 1812
4802 4803
4801
3547 3780 3546 3199 3546 3780 3547 3780
4030
4800
3180 3181
4801
4802
1695 4801 4803
4802 4803
4029 4029
4802
4802
1716
1825 1810 260 1572 1812 260 3841 3805 1812 1810 260 1810 260 586 588
5692 5770 5692
4800
5409
4191 2756 3244
3229
6565
3978
4632 4138
4030
4800
4800
4801
4029
4030
5666 1675 5612 3840
2122 4041 5407 2838
4802 4800
4029
2881
2881
6801 3427 5810 5339 3427 4865 5339 6217 3427 5339 5339 3298
2309 6801
2704 2736 5640
4040
3968
2746 6245 5695 261 5695 261 2943 260 5696 5698 5695 5696 5698 5695 261 2193 2159 5695 5695 261 2161 5477 260
4122 3817 3788 3796
4800
4801
4803
4801
4801 4800
4180 3788 3887
1626 6804
5511 2265 2287
2312 588
