6873
1741 1009 1707
6737 6739
3782 3191
3241 2307 5840 5709 4311
4800
4030
1714 2764 1008
586 588 1133
4031
6587 6743 2261 1361 6802 1367 2593 844
3907 3901
506 588 6739 3052 593 3426 5878 657 5505
2811 2764
1077 424 1088 699
5504 1507 6741 3784 3199 4118 3194
4029 2904
396 4784 4270 4783 4118
6255 5203 5792 6168 2746 3190
2588 3426
6558 1440 1008 1361
5477 3563 2736 3788 1507 3829 3196 3194 3254
2316 3190 2736 3243
2881
588 1695 671 488
6558 3549 2696 3805
3222 5617 5810 4783
3819 2983
2838
2175 346 3179 3789 4784 2202 4783 5877 2264 6559 2205 2957
3192 1792 6559 2269 3780 5847 3199
4514 4272 4369 2482
2904
4030
4030
2265 1088 1021 1012
4270 3262
2880
2261 5083 4783
490 1805 1695 2313 424 1345
4800
843 424
2904 3426 3821
700 1825
3830 5619 3805 1744 3182 4784 3807 2809 3186 3789 3819
4031
424 1345
1714 2736 3776 1507 3946 6204 2384 3793
1006 924 424
5713 2699 2484 2718
2590
3782
703 588 586 1825 587 593
4029
2745 3323 2756 5711 2530 1507 5713 5716 6194 4298 5495 6271 5714 5701 2168 1784 1758
5665 587 1807 3426 491 1812 2722
2386 3601 3793 2280 5212 6255 2608
2402 5696 2589 6199 2577 5478
4800
2584
2269 5341 1747
1011
1642
6803 3472
4029
1753
4030
1714 2313 3813 3788 4122
4800
2881 4040
2766 2161 260 4625
4029
2287
1812
5786 3229 3226 3240 3243 3219
495 663 1695 588
4800
261 843 424
4803 4029
4030 4029
3191
2881
843 1341 1217
3547 3195
6818
6682 260 5495
4031
1714 5503 6738
4029 424
2313
3328
4029
261 424 1341
261 4783 3558 1010 260 1356
1744 6525
5716 3459 3814 3559 2663 5612 3834 5622 1507 3460 5617
6570
4029 2313 4622 3266 3785 2741
1752 4599 3381 2424 2405 5843 1507
2881
2904
2663 3263 1716
4480 2318 2227
2310 3830 1935 1655
1131 1008 5222 1010 1358 1087 1093 927 2709 4511 2702 396
4526 2842 2857 1507 4040 4801 2859 4040 2815 4030
2572 1507 4335 396 2334 3460 2307 3258 2709
2880 3905
4040
4029
1361 843 1366 1341 261 1361 843 1341 261
5478 6525 6524
4800
424
4030
2588 260 2589 2311
424 5045 1009 1345 1217 7173 1341
588 1825 594
1131 1013 1354 260 1011 934
2572 2695
3093 2384 3427
2904
2904
2904
843 1367 261 261 1021 424
2736 5610 2704 3258 3243 2148
3262 2310 6249
2585 5676 1716
1664
6643 5504 260 6263 2736 260 3229 3426 2500 5794 4164 3830 3783
3240 6682 5810 4030 4118
4835
3558 260 3807
6801 5622 3243 3192
5794 3533 2979
4800
3295 6559 4112 2204 2704 3830 3318 4784
5222
491 658 1812
3342 3837 2318
5478 2410
260 2471 2983 3199 2441 2704 3603 6683 1932 260 1507 666 588 260 4317 1640 1507 492 2663 2218 3474 1935 260 1970 3603 260 4612 260 1749 666 1805 5744 6222 5810 1979 1507 1640 6683 2384 6222 5810 260 6251 6209 611 666 260 2168 6222 2736 1507 6683 3474
1807
1184 1728 260
6801 2152 2596 3243 2307
260
4032
6819
4030
4032
3426 3426
4016 3360 5714
5643 4202 4837 2163 5794
4029
5222
261 1361 1341
5519 6803 7003
3829 3938 3218 3828
1358 1089 927 1014 1016 1008
2578 260 5744 1507 260 5511 5744 5478 5160
3426 1660
4803
2600 1507 260 5810 2584 3426 5801 2585 6508 260 5634 3556 1507 260 3258 6251 260 3182 3450 3229 260 3229 2577 4164 260 3829 2585
260 3532 1507 260 3829 2932 260 5481 2932 260 3532 3532 260 3178 260 3822 3179 260 260 5477 5797 3829 3783 2231 260 1937 260 6506 692 667 588 1629
260 1626 3218 5612 3218 6817 5810 5619 260 1821 3218 260 5306 3427 260 3218 1507 260 1180 3218 5222 260 1728
2280 6506 260 3199 2530 260 3182 4184 3182 260 3199 2280 260 6506 2280 1662 260 6506 3199 2280 2277 4184 4184 6506 2277
588 594 596
4323
2313 6199 6138 260 2257 6199 260 6189 260 2746 2745 5696
3546 260 5698 5698 260 3546 5698 3556
2764 6506 260 1642 260 488 2944 1694 494 6173 6194 3339 1698 6245 260 6218 3339 3323
2587 2694 3182 3785
3780
3533 5620 6559 6099 260 5610 3532 6196 260
4348 6726
4029
2310 2736 2261 3784
3859 3841 5814 4319 6802 5414
5481 2638 2595
4800 2379 3024 5395 6245 3327
1361 261 260 4472 4231 260
2402 4118 3817
2316 5612 488 490 502 3834 588 672 2161 6262 2719 260 1507 6218 2193 5207 260 1932 3552 3190 3178 1159 260 1193 260 3179 2959 2932 260 2702 4269 260 1932 3553 3830 2959 2932 260
3218 6527
4801
2880
4802
5497
3978
6804 424 5714 4323
4802 671 500 589
594
5190 4928 6251
6506 1758 260 3563
260 4784 6801 1793 260 4513 4118 3806
6827 6251 260 5712 5712 260 4317 6251 3324 6827 5511 5466 260 5511 260 6817 5497
260 3426 3199 5810 3553 2219 3190 3427 260 5810 1972 2717
586 1810 1812
6753
2881
4933
3190 5343 3426
4029
3188 2588 260 5086
1945 2589
3859 3831 3533 2319 3841 3196 2589 3828 2533 2269 2596 3806
495 2774 260 2168 506 498 2307 5207 2773 2169 260 588 6173 674 488
3195 3227 2187 3788 2385 5496 3426 4888
4030
1010 1358 261 1088 1355 261 1088 1010 1440 3189 3831 3191 260 3831 3830 261 1088 1010 1440 1088 261 1355 1010 3868 3805 260 2161 1507 927 1440 261 1010 1088 2193 260 3868 3859 1355 1010 1088 261 1346 1010 1355 1346 1088 261 260 3788 3796 3426
850 2270
2696 5812 260 3195 1507 2318
3342 3796 2983 2313 6801 260 3796 5477 6801 3182 260 260 2577 3783 5306 6801 2587 260 3052 1640 6801 2979 260 2313 2587 1717 6801 2980 260 2193 1640 1717 260 2579 2736
5092
2471 3403
260 3182 3783 5708 3426 5622 260
