6179 6247
4030
5395 1664 6196 1793 1507
4031
4029
3774 2193 1733 5188
2883
4005 4005
3426 3254 3552 1937 3254 3254 3829
2883
4030
5496 4039
1733 3784 5810
2797
1832 587 670
3978
3805 5222 4202
2313 490 597 659
4031
4029
594
4029
4036
3978
4030
1810 657 488
5494
4029
4003
4036
2901 2130
4030
2795
3866 2741
4005
4029 4003
4030
2883
3184 2587 4281
4029
1650 1649
1579 2663 5630 5494 2307 4029 1579 4424 6801
1694 4005
3789 3782 2318
2850
843 424 1131
4029
4029
4029 2893
4030
1754 6187
4029
4035
586 586 1828
4029
6803
4799
687 1159 690 1173 1192 482 1160 695 1155 1181
4040
2883
4029
4036
4030
6558 6245 3866
3978 2893
4030
4029
4029
2983 5306 3473 3788 4421 1770 3381 1793 6801 1507 3471 5109 5108 1793 4603 1770 2983 4602 5619 1507 6818 2756 5612 5109 5610 6801 4322 4602 5610 5612 1507 3473 4179 2218 3381 3471 3788 4421 4323 2983 2801
2410 3759 4651 2244 6558
3883 4030 1507 6617
590
368 389 1276 1695 338 1332
4031
4003 4029
2795 1675 1782 384
1675 6199 6752
2136 4526
2883
1094 5402 3805 924 6687 1016 1012
4029
4040
1626 1579 703
4029
1810 692 588 658
2790 1714 5847 3190
4005
2244 5843 1733 3760 4117 6199 1777 5478
4030
5717
2153 2313 4429
4029
2796 3785
4030
4003
4030 4030
2219 1677 2155
1707 6504 2797
4896
4603 1507 2588 4604 4202 1815 5504 3867 3189 6617 2699 5456 4621 4117
1426 1476 1483
2313 670 1812 1572
2155
7147
4031
424 698 1012 1088 1089 1016 1080 1440
4030
5878 1972 1971 5404
6114
3978
1663 3262
4532
4029
4327
4029
6559 3787 3497
6765 1781 1781 6765
5480
5879
4030
2883 2130
1770 1724
3991
6726
6179
2883
1341 2270 5798 1014 843 2270
4030
4030
5798 3782
3427 5696
3979
4029
3864
5501
4032
2313
3556 2577 2705
2126
1807 6804 1794 6804 1807 1794 1807 6804 1794
597
4029
3271 3864 5387 5709
4005
2893
424 1007 1007 1007 424
4030
2883
4029
4041
4030
1937 2592 6687 3195
2155 2745
4030
3234 1936 6558 1936 3798 6558
4029
4030
1695 676
3229 3227
4031
3191 3788 3188
2883 3411
4896 1695
4030
7009
4030
2310 1754
2893
4031
2883
4030
3427 2287 4112 6738 5697
4030
4030
386 3379 2543 6168 6559 2812 1579 1355 1008 3379 1081 386
1360 1342 1346 424 261
6193 5506 3381 2313
2219 4331 6172
4003 4029
4557 2771 5215 3189 2736 1507 6504
2794 593 671 1572
4030
4030
4029
594 1572 673 670 1670
673 597 1840
4036
4036
2138
2125
2883
5402 2354 6801 3226 3381 5630 1507 3227 6199 4526 6694 1754 4180 3381
4030
4030 6505
4031 4031 4003
4029
3978 3978
5671
4029
1700 2198 5083 3788 5792
4007
2694 5619 5478 6173 4525 3226
924 1011 1089 1131
4031
2883
1016 1358 1131 424 1089
4007
5495
4853
1642
1778 1779
597 1840 5478 703
2228 6193 5713
1342 1366 1343 844 424
2888
2260
4030
4030
4030
4030
4029
4030
4030
5403
2893
4029
2883
2797
3978
2888
6532 3179 5478 1675
4030
5513 5677 4203 2313 3227
4036
4040
4030
1579
4484
4032
4030
4030
660 1812 661 1572 1810 1133 657 674 586 4443 368 1272 1321 1267 588 1572 660
2883
4030
907 1007 1360
4030
4040 4030
4029
2592
2883
4030 4036
4030
4029 4034
424 1355 1080 1088 1014 1016
4031
1825 603
4029
4030
2883 1724 1707
3226 2522 5631 1810 6150 1717 1812 598 1810 1717 5631 3427
1348 5879
5434 3507
4030
4029
3196 3548 2696 1799
4029
6801
4030 3978
6804
4030
1626
1080 1016 1357
3784 5505 2736
1507 2269 2709 2667 3196 3815 2715 2667 2269 2709 3266
4029
4029
4040
4029
3195 2704
4029
4029
4029
4029
1807 5620 5619 692 5617
2850
590 658 1572 597 669
4041
4030
4029
1812 494 657
4029
4029
4005
4029
4031
4117 2587 3199 4118 1507 5499 2695
4030
3427 3426 5496 3196 1742
3776
4525 3782
2883 4030
4029
4030
4030
4003 4029
1695
4030
1015 1008 1088 698 1082
4326 3036 3004 5478 4628 5630 5357
4029
4005
6141 3038 2312 4029
260 3254 3556 4783 1361 260 1012 260 1015 1361
3785 3426 3426 1642 3785
3196 6706
4030 2883
4029
4029
4029 4029
5428
1274 389 1283 368 1695 1269 1228 1268
4030
843
2943 3427
5847 3867 3807 1507 2202 1705 2270
4030
2313 2427 5495 1819
4029
4030
6801 3227 1782 384
2884
4031
424
927 2577 1005 2527
5093 5093
4030
3427 1795 1794 5692 1794 2405 2475 1777 1786 1795 2454
2883
2313 5084 3788
1579
3298
665 594 495
1345 261 1361
4029
4030
4034 4005
3978
2883
6700
4029
1642
3978
4030
1782 2589 3196 384 3807 1734 2578
5631 2717
1571
2311
3196 2306 1655 3832
3418
4029
4029
1646 5712 260 2956
4040 4030 6726 2883 2842
5516
666 598 814 1572 661 814 598 1572 666 1133 598 814 666 598 814 1572 598 666 814 1572
5622 5191 2482 2736
4029 2334 3460 2709 2313 1507 2270 396
4031
4029
5495 3787 2575 3785
4029
2850 4818 4809
5810 6558
4029
4030
4029
5505 5505
4029
4032
3426
2883
4030 4029
4435
4030 3978
4029 4029
2883
5394
2883
4003
2798 1661
5403 2522 6624 5744 1656 2798 6655
4030
3985
692 596 650 650 692 596 702 650 490 597 650
4029
3427
701 1810 657
4040
3991 4030
4030
2269 1695 3226 814 1579 703
4030
4029
2797 2178 2694 3784 260
424 261 1345 260 424 1345
3828 3640
4030
4030
5478 2240 260 2533
4030
4030 4526
261 1346 260 6251
3190 3831 6559
1714
3818
3547 3427 3788 3547 3788 3427 3789
424 1677 3381
6508 5516 1782 384
5810 2607
4029 2883 5407
260 3785 2694 6559 2181
261 1012 1089 1016 1355
5622 4117 3799 5498 6559 2164 5209
3327
2313 5402 3227
4031
4023
4030
4005
3799 3426
260 3195 3196 5620
4030
2893 4030
596 1572 1825
4030
4029
6804
814 586
3558 3218
4029
4029
4029
1932 1935 1936
6818 260
2402
4036
4029
4030
2883
6150
6682 5676
6189
4030
4030
4029
4030
2883 3973
4030
260 5414 5744 4625 6632 6173 4479 3270 1507 5744 2773 260 6173 260 3427 1661 3532 1507 4479 3533 260 4479 4625 3427 3270 260 1507 2156 3532 260 4625 1972 4525 3323 6184 260 4625 260 6192 6138 2773 260
4030
490 671 1812
3298 1697 703 1579 3298
5502 594 2307
3991
2790 3546
1507 2979 5125 2584 260 3780 260 2584 1661 5503 5810
4029
2903 4003
588
4029 2883
4029
1779 4203 1971 4330 4557
3427
4041
392 5418 1579
4029
670 591 702 1658
4029
489 596 588 1825 1021 403
4029
1626 6114 1828
6263 260 1507 4317 5712 1131 260 1361 1356 1079 1017 6263 4317 260 5712 1507 3324 1083 1356 1017 260 1012 4879 260 6263 1012 1131 1087 1017 260 1356
703 1579
5415 4429 5503
4030
5404 1717 6752 5395 424 2241
4030
6806 3220 3219 2161 2587
2857 2850
4030
1695 3426 597
1782
1828 4835
1131 1014
4029
3798 260 3787 260 3798 3787 260 1825 1840 588 260 3798 3787 4117 4115 260
4029
6801 260
5341 4030 5502
2883
6196 260 6506 5698 260 3532 6506 6176 5698 6176 260 3533
927 260 1017 1133 496 672 260
4040
3196 3227
6801 703 1579
424 1017 1360 1011
4029
2318 5504
4030
1734
5601 2085
4030
3971 2883
4526 4030
4030
5426
4029
4030
4040
1819
4030
1700
5844 843
4030
3298 3302 1717 3304 3226 3303
4029
2756 4179
1695 1695
4029
2140
1007 1087
3298
2883
4695 6806
4324 2585 5675 6747 2883 3741 2649 5494 2575
1694 5210 1694
3427 5477
1742 5502
2405
2306
4030
5356
4040
1660
1009 1011 6199
4040
2883
2692 260 1507 3310 1716 260 2335 2663 260 2689 260 4554 4431 2313 260 1716 3427 5222 260 1507 260 2522 6254 2161 5215 260 6183 1716 5125 4554 5744 1507 2307 260 5798 260 3427 5798 2307 260 5798 260
4023
3473
3227
1812
2286 260
3806 3805
1088 261 1357 1017 1079 424 6506 4317 6263 260 5712 260 6263 4317 6188 4317 5712 6263 260 1356 1017 1087 261 260 3532 5718 260 3796 5718 6173 5718 260 6506 5718 1507 260 3532 260 5718
261 1341 1361
260 4326 3427 3783 3218 260 3427
4879 3339 260 4298 4625 3339 260 5718 1731 4298 5708 260 4270 5708 4270 4625 260 3339 4270 260 3323 4879 2313 3339 260 4298
3298 3296 3298
6506 6188 260 5633 5635 3532 1507 2772 260
5744
4029
4029 4029
4040
2163 2933
669 1812 488
