3565
3591
3611
1548 5027 2859 2927 3184 1615
1639
2071
3391
4285
3598 3598 3598
3612
4285
3612
2325
3611
526 2455
4283
3612
2324 2603
3612
5907 2920 4633 5776
2997 3068 2317 2317 3068 2997 4283
3598
2614
4284
2614 3598 4283
4283
592 1413 532
2615
3613
4285
3611
3612
2591
2591
4284
3615
3612
1548 2891 5058 2892
2615 4285
2591
2590
4284
3612
3565
3612
3176 2865 1970 3067 2023 3394 636 2046
3611
4286
4285
3612
4283
3612
3068
4821 5435 2316 2320
4284
4285
2872 5066 5826 2870 2317 2870 2657 6049 2863 4752
3612
4285
4285
4283
3565
1586
2559
4285
2982
4283 3612
3611
4858 5880
2615
3612
3618
2591
5790 3824
3611
3611
637 1530 637 1530 1741 2923 6025
4286
2591 2591
3561
4055 4046
2591
4286
3611 4055
3621 3621 3621 3621 3612
4285
1846
4285
378 754
4286
4284
3068 2919 4545
4578 3612 2434 2464
2615 4284
3611 2578 3587
5074 5068
4286
3612
4285
3611
2591 3621
3565
3612
4284
2069 3096 3464 2489 2463 2509 4803 3423 2509 4591 1211
3612
4285
4285
4286
4283
5073 3395 2919 2868
1493
3612
3612
1222 1219
3612
2614 4285
3587
2591 2596
3598
2615 2591
4286
3613
4284
3601
4858 3612 3411
4284
4284
3612
3556 3565
3611
4284
4285
4283 4284
4286
4285
3612
3171 3185 4861 4576 2808 4988 2439 4983 1501 2507 3222
3612
3611
3611
4285
3618
3612
3598 2614 1543 5058
4283
1548
3565
4797 1603 1595 1595 5147 1626 4283
1513
2615
3591 4285
4285 3614
1956 2029 3394
2593
4283
4285
4285
4285
2615 5220 1622 3612 4285
4284
4283
3612
4283
4285
3611
3612
3618
4285 2070 2070
3565
2590 3611
3598
378 916 988 4285 1612 1508
3883 2920 3459 3390 5220 3883 3883 2920
3615
3612
3589
3068
4285
5038
3618
4285
3612
3621
1210 5132 1995
4285
4284
5220 3411 5070 2512
2615
3565
3612
1331 1282 1280 1334
3565
3068
2603
2591
3612
3611 2591 3612 2591
2615
3611
3615
3612 4286
3612
4286
5007
921 5510 5825 3746 1530 1494 402 5825
3615
4285
2614 4286
3565 3565
4285
603 526 1413 2065 3176 2859
4285
4285
6033 4629 5065 4622 6033
4283 3612 2615
5976 4286
3565
2591 4285
4286 3598
3611
2762 2778
3613
4285
4285
4285
2578
4286 4285
4285
5826 2328 5426
3565
4283
2325 3694 4285
4284
3612 4283
2071 1568 2903
3565
2865 5071 2863 2028 2858
3612
4284
1902
4285 3611
3566
2615 5907 2561
2615
4285
5907
3613
3611
4286
3612
3587
3612 2593
3621
2615
2509 2591 2077
2615
3611
2920 5826 5024 1581 2070 1530 2603
4285
4284
3613
4285
4285
3617 3617 4285 3617 3617
2956 2920 4268
3611
3611
2076
3612
2603
4284
1493 3611
2393 5141 2865 3692 4766 1355 2436
2591 3612
2591
1540 2488 1540
2615 3621
2071 2071 2071 1478
3611
4284 3598 3598 3598
2591
4285
4286
3612
2615
1888
4283
3612
2615
4285
1466 634
2222 2986 4286
5776 2070 1542
3612
4284
3612
3067 5792
2614
4284
435 4575 3692
4397 4285 5431 4284 3621 4283
4285
3613
3201
4285
3612
3574
2514 2513
5826 2859 1590 1355 4803 5000
447 1025 525 606 2426 532 605 1639 1025 2068
4286
3612
1939
4283
3611
3612
2578 4283
4284
3612
4286 4283
4285
3613
4286
2276 4283 2177
4285 3611
599 1529 394
3612
3613
4285
2070 4879 2455 3393
3611 4283
1907 2612 2982
3611
3587
2510 5220 2028
3613
3612
3611
3612 1587
3612 2591
3611 2603
3622
3611
3587
2316 4795
2615 4046 2571
4283
2614
3615
4285
3611
6003 1610 6001
4286 3611
3612 3346
4286
3579
4283
4285
3612
3618
2076 5793
4283
3611
4285
3611
1901
3612
3612
5927 4875
3612
3390 5025 3090
4872 5418
4285
3611
4319 4306
1497 5826 2510 2516 2139 311 2071
3612
3612
2615 3612
2603
4285
3612
2591
3612
4286
3611
4285 4284
4861 4274 4285 3394 2517 5825
3612
3612
5927
3565
3611
914 5979 5146 2029
3622
4285
3612
3612
3886
4285
4285
2324
5038
3615
3611
2455 2490 2455
3612
2591
4285
3612
2317
5157 2905
4284
2615 2615
2615
3565
3622 1520
4857 3262 2424 2952
3616 3565 3611
4284
4284
3067 5001 2394 2916 3250
835 983
2509
2614
3611
3611 4285
4285
2077 2455
2070 2329
2615
4283
1355 3390 3690
2591
3612 4284
6035 1623
5825 2329 2064 4284
549 4285
2614
3589
4286
3612
3621 2591
1926 2857 3769 1742
4284
3068 5218 5826 1623
3589
4286
3611
5181 5568
4283
2591
3612
4285
3591
3611
3612
2591
5790
1634 524 595
3611
4285
4286
4285
4284
3612
3621 4286
4284 835 915
4284
4286
4286 4283
2591
3611
4285 4283
4283
3611
3598 3598
3621
3614
2628
2065 4967 2575
2024
4286
2614
1222 1222
4285
3435 3698 2865 5141 4045 3068
3611
5790
3611
4285
3615
3611 3612 4284
4285
5146
3067
1550 1601 1870 3462 1586
4285
4285
3556
4873 2866 4881 2107 2866 2114 4884
3611
3612
3611
4285
3611
3611
3612
1488
374 745 751
2489 1355 5826 3464 3413 5826 1500
5219
3617 4286 3617 3617 3617
3201 1873
3404 3068 4803
4285
3611
3618
4285
3612
3611
2548 3612 1911 3565
3612 2317 6053 5131 1496 6051 3880 5156 1568 3877 4881 1500
3611
4286
3611
3617
3615
4285
3611
2903
3612
1860 1768
4283
3613
3612
3598
4285
5220 4794
4286
4285
3407 3391 2029 1355 2442 2868
3611 3611 3611
3895
3612
3613
3598 4285
3587 3587 3587 3587
3617
3611
3621
3611
3612
3611 3611
3612 4284 6051 1940
3587
3612
1506 600 1532 230 1466 2314 526 1634 449 231 1495 4869 2418
2102 2590
2591
4766 5776
3437 5143 3692 2854 340 1476
4283
3612
3895 3612
2591
4286
4283 4284
4283
4283 1576
4286
3615
2591
604 604 1639 453 1639
3618
4285
2324 2325 1962
2591 4286
2512 1355 2317 2065 4591 3612
4284
2455
3613
5997 2615
2591
4285
1203 1222 231
230 2918
3612
3391
1587 4286 3841 4284 5143 3834 1595 4056
4283
4286
4285
4284 4285 4283
4285
4286
3598
3612
4283
4284 4285 4286 4283
3556 3621
3598 3598 3598 3598 3598 3598
3611
4283
3611
4283
4283 2614 4286
3565
5978 2860 2474 3068 2437 2865
3611
3611
4283
1535 4618 1355 4858 3419
4285
4622 5181 2234 2273
528 604 529 600
2591
3612
1550 1550 1550 4284 2591
605 1494 2509 3883 437 3883 1494 599
3612
1606 1481
4286
4286
3598
3611 4284 3598 3611
4858 2591
3560 3201
3612
2615
1741 1741 3184
3612 4285
3611
3552 4283
3612
3598
2985 1862 3073
3611
3611
2455
2614 4285
3612
3612
2590
2550 2591 2548
2591
2615 3611
3614
534 437 1652 4284 604 583
915 981 1508
4284 4284
2859 2510 4890
4286
1585 5409 4283
3614
4284
1331 378 1321
2614
604 447
4285
3622 2591
4285
3611
4286
4285
1222
3611
3612
4283
2591 3613
3611
533 2615 2089
2234 2070
4285 3611
3565
3611
5065
3612
637 1666 599 533 1666 599 1639 637 3612
3930
3970
3611 4283
1511 6038
3612
4284
3565 2591
3612
3611 3612
532 626 608
3618
3612
4284 3598 3612
2593
3598
3552
3612
2805 3880
4283
909 906 984 1219
4285
3611
3622
3598 4284
3614 4793
3598
3565
2591
2615
3029
5432 4284
3459
3586
3222 2417 2029
4284
4285
1516 1770 1995
604 532 435
4284 4146
4284
4284
4283
4283
1768 2864 1582
4285
3420 2864 2885 3882 2069 3693 3390 5218 3427 5932 4857
3611
3967 3067 3590 3967 3067 3067
3615
4285
2596
4283
4286
3611
4284
3612
4284
605 1413
4285
2891 2070 3613 5037
3611
3621
2614
4283 3611 4284
3589
4284 3598 3598
4285
3598
3201
4284
2114 4285
3612
4785 4872 1585
3565
533 1530
4285
231 1207 1208
3611 3611
2593
3612
1646
2314 4285
4285
4284
4286
2603
4429 1469 1639 594 4286 437 595 403
4284
3612
5219 5157 3973
4284
3613
3614
4284
3612
3612 3612
6321 2131
4283
4283 3598
3611
3611
4283
3618
3587
2591 4285
4285
4284
1518 2331 230 2997
3611
3611
4285
4286
765 378
4285
2169
4285
3618
4286
4285
4284
3591
4283 3611
2153 361 4284
4285
4286
4284
4285
4284
3612
2891 3068 6032 549 4284 2891 5008 2455 2065
4285
3067 2455 1535 2322
4284 3611
4283
3612
2591
5063
3590 4285
4286
4285
4283
2614
3068
4283
3618
4283 3613 4285
3612
3611
2591
3598
3612
1511 2679 5997
3589 4285
3615
3622 2614
4286
3587
4285
4286
4284
3613
2591
3618
4285
3612
3611
5181 5510 230
2865 5826 3465 1355 1646 1534 3176 2864
4284
3598
4285
4285
4283
1419 6035
4284
4284
2590
2591 3612
3394 2455
4046 2567 2591 3612
4191
4283
2603
2868 2864
3618
3612
4285
4285
4285
916 1216 914
3618
353 4807 353 2131 4807 1487 4286 4807 4300 4301 1935 4807 353
4283
4285
4432 2077
2614
3622
2601
4286
5161
3612
3612
3612
4285
2603
4285
4285
3611
4284 4284
4285
2916
3611
3612
2615
2591
3541 2603
3618
6007 6008 5188
3391
5808
4285
4285
2614
4917
4286
2064 605 1025 532 1639 3182 532
1550
3611
3611
5146 4875
4284
5524
3565
3612
583 603 437
3612
4285 230
3612
1639
4286
3611
230 4784 5927
2612 2591 3612 2548
2591
2325
4861 2037 2065
4284
4284
4283
4890 4577 4576 4579 4011
3621
2615
2064 4892 4794 2064 2316 2064 1911 2615
4283
3611 3577
3598
3614
3611
2615 4285
4285
3565
3067 2332 2892 2509 2865
4285 4286
4284
4284
637 3029 4872
3598 3598 4283
3612
5146 1605 340 1575 1476
3388 2864 2069 2071
4285
4285
3612
2547 2591 2566
3388 3068 1585 2917
4284
4286 5854
3620
4284
3613
4286
4858
3541 3560
5932 2416 4285 2416 5146 4286 3067 5932 5932 3067 2416 3388 5146
4285
3612
3612
3611
3611
3589
4285
2065 1516 1907 2612 2611 4799
230 3428 3185 1932
4283
4285 3611
4829 1945
4284
4286
4284
3612
3693 3469 3390
3565 4283
3612 3617
4285 2591
3611
3611
1530 1530
3612
3612
3612
4285
3611
3611
3611
3612
4283 5552 5982
2957 3756
3611
3565 1906 2591
4284 2957 2858
3687 2701 6053 3693 3695 2139 2421 5502
4807 353 4284
2614
3068 2064
4284
4283
4284
3201
231 1222 1217 802
3612
5825
4278 3067
4285
5928 1419 4858
3067 2314 3394 1542 3281
3591
3611
4784 3614 2612 2036
3613
3598
3587
4284
3615
3612
3565
3617 3588
3611 2591
2614 3612
4285
3611
3611
3571
3741
4285 4284
4284
3598
2615 3612
2455 5932 5456 1355 2455 2868
2614
3068
4285
4284
3612 2593
2455
2455
4283
3611
3611
6034 3403
2323
3611
3611
3612 4285
2065 3399 5040
4285 3611
4284
4284
4285 4284 4286
2591
2614
3621
3612
2561 3621 4286
4285 4283
2069 2989
4285
1355 2074 2859 1927 2426 1930 2069
2071 3175 2332 533 5000
3605
4283 2510 5516 1906
2614
1480 3073 2001
5792 2325 3598
4283
5532 2233
1550
2896 2418 3927 2429 2896 4285 4283 4284 4286
2614
4285
4145
4283
2865 3611
2071 4874 4286 3612
3611
4285
4286
3611
3611
5440 1867 3612
3616 3589
4285 2328 4983 4633 4976 5880
4285
3611
5792 2509
3611
3067 5927
3612
3565
4285 3051
4285
3612 3611
3611
4284 4284 4286 4283 4285
1537
4283
3232 6032 5413 6032 4285
4097
3611
3612
4285
3612
2885 2491 3260 2040 1578 2069 1955 3394 2328 3394 2476 1954 3394 3883 3435 5930
3051
3615 4286
5826 1595 2513
4285
2614
2591
3621
3612
2427 2325
3613 3613
1493
3611
2614
2513 1207 1102 1203 2513 1102 1203 1207
3616 3587
2603
4285
1870 1873
3565 2314 2181
5791 4284 4284
1226 1208 1203 1227 231
3611 3611
4283
2650 3394 1960 2744 4861 2141 3391
2615 4285
3611
3611 3612
3611
3895
2569 5907 3621 2591 3621
4285
1915 3611
378 2490 5512 765 2491 230
2615
3611
4286
3611
3612
3611
3615 2568
4284
3612
3611 3611
3611
3611
3611
3598
2591
3612
3622 3621
3612
3612
4284
3612
4890
3611
4285
3611
4283
4283
4309 3906 5945
4285 3611
2614
4052 3611
4283
2065 4784 2512 1535
2591
4286
4283
3552 2603
4285
2596 2593
3612
3565
1860
4286
4286 3612
3611 3611 4283
2324 3068
4285 3565
3612
4285
4286
2614
4284
4284
4285
4285
5218 2314 2038 5219
2591
4285
4285
2481 5138 230 5219 5826
1529 637
2510 4286
4285
4286
4285
3598
3615
5218 3413 6033 6033 1213 4858 4070 4269 1973 4269
4283
3611
3621 4858 2591 2455 2591
4285 3615
4284
3068 1508
3612
3598 3598
4285
4284 3611
2868 2864
3067
4285
4285
3611
3612 4285
4285
4285
2591
4283
2591 2603 3565 3621
3370 4793
4284
3612
3612 2591 4286
4286
3611
3105
5432 2611
1493
4285
3611
4286 2434 4988
4284
3612
3612
1227 2491 2064 230 231 1203 230 1227 2491 1203
3611 3612
2583
3611 2615 3612
4286
3611
3612
3009
3611
3611
4286
2614
3611
3621
1102 1203 4286
5065 5033
4283
2455 3068
3611
6051
4284
3612
3611
3611 3611
4189
2512
5830 2075 2036 2329 5000 5001 4129
2591
2614
4286
3611
2593 3612
2595
1102 1203 4500 1575 378 765 1203
3974
1888
4284
230 2418 3268
4283
4286
4286
3621
5218 2416 230 1956 3391
230 1920 1930 5569
3611
1525 1646 1469 1530 1525 230 603 527 2071 231 1208 378 2071 230 1525
5883 4284
3590
5880 230 1355 5489 5501
2615
3611
3618 2398
3565
3615 3755 2064
2065 3378 2509 5825 4996
3598
4286
230 5056 5778 3656 2455
230 3469 3873 1355 3435
3565
3612
3616 3611 4285
3224 2927
4284 3611
3565
1222 4784 2065 5418 4875
3611
4285
4286
4285
3611 3068 2464 2464 3611
4284
3612
1530 1646
4285
4284
4283
3612
4286
4285
3612
3006 2919 2916 1741
3612
4839 230 2286 2272 2222 2232 2325 1355 230
3172 2325 1962 2032
3459 2864 3276
3612
4285
2614 4283
3567 2596 2591
4283
4285
4743 3886
3612
3611
6032
2615 3612 4052 2611
5569 2070 2431
3618 3589 4283
3612
4285
2591
5063 3338 2560
3612
637 3612
4285
3612 4283
4286
4284 4283 4284 4285 4286
4285 3611
3612
4284 1862
3612 4285
4283
2615 4778 5825 1595
378 231
2615
3620
3617
1466 1646 1648 3067
4285
3613
3614
230 2891 2065 2416 5532 4268 2020 2065 230 4512
4285
3611
1590 2455 2851 3702 2917 2455
3611
1216 230
4283
2455
1331 1295
1930 3698 2331 230
3613
3693 4875 1962 5794 4285
4283
4285
4284 3611
4286
2591
4284
4286
3587 3587
3612
3598 3598
1498
3611
4284
4285
2590 3612
2615 3587
435 231 1495 453 1403 626 1655 231 1506 231 605 526 634 1495 1403 231 526
3612
3590
4285
6032
4286
4286 3591
4286
2596
3611
2615
5793 5792
3182 2860 3394 2064 4858
5000 5794 2318 4740 1575 1935 5001 2614 1525 5794
2614
5220 5146 1548 2596
4983 4918 4633 4633
2614 3613
3612 4285
3611 1493
3590
4283
3170 230 5143 5775 5071 4766 230 2894 526 231 441 1652 230 2221 5143 2277 5778 3386 2455 345 2884 5778 1611 230
4285
4283
2424 6032 3412 5218 1488
4284
3611
1646 637
4285
4286
2575 4285
3611
230 2857 1767 230 5825 2326 1621
4283
4283
4284
2806 2356
3611
4285
3565
4283 3598
3615
4285
3621 5058 2136
4284
4285 3611
2591 2530
230 1935 2017 5501 3158 4803 5069 230 230 1497 4882 5456 3854 230 5510 5489 230 1932 5058 1939
4285
4283
4286
3611
437 604 402 1494 1500 604 402 605 1639 604 437 636 604 437 403 3067 604 437 403
1419 637 2615 4627
3756
3055 1550 3621
1419
4285
4286
4284
3611
4285
3612
4284
3614
4285
3407 5568
4284
3598 4284
4286
4284
2593
3574
3611
4284
3880 2892
1480
3613
1623 230 1920 2272 5496 5778 230 3442 3437
4283 3611
4283
4284
4286
1419 2065
4284
2591
4283
3613
4283
4284
361
3598
4286
4284 4286
3612
4285
2615
4285 5537 6052
1505 4284 3620 4283
1530
2615
2892 5994 2323
4283
4284
5488
4283
3269 230
2158 3621
2591 3611
2614
4285
4285
2344 3068 3386 230 2426
4284
3565
3612
4284
4285
4285
4285
4284
4283
5466 2070
437 526 604 437 5826 5776 526 604 2024 437
3598 4283 3615
3613
4283
4284
2455 2864 1646 1962 1419 1529 1419 1529 1419
3611
2919
4286
4285
5038
4283
2615 3589
4286
2316 1237 1203 4269 2306 5781 357 2265 5804 2591 5432
2591 3612
608 1637 1413
4284
3598
4285
3612
2233
3612 4285
4285
3607
4522 4778
2593
4285
3612
3613
4285
3611 3611
3565 2615
2071 2885 2316 2071 2877 2071 5774 6032 1924 2020 3621 2071
2865 6032
4285
4286
2614
2868 2325
4286
1873 3611
2455
3612
4890 3427 1494 449 231 594 1666 230 1637 1639 230 3439 2927 230 3245 3278
4285
3612 4285
3612 4286
3612
2070
3612
3612 2590
3611 4285
230 5780 5928 4795 230 1954 2858 1954 230 2858 1766 2106 3409 2105 1355 230 2221 5930 1921 3972 230 5519 5537 2393 6048 2683 2221 3157 4857 2318 3402 230 2894 230 2221 2036 2193 230 2040 2180 3402 2683 5507
3611
4285
4286
3599
3611 4285
3621
4283
230 912 1296 989 2464 5558 1932 230 230 3157 4984 2894 230 3854 3269
231 603 606 435 1082 1081 1060 1078 1562 1927 230 4708 2325 526 610 634 603 453 603 1469 634 453
3613
4283
2560 1872 2550
5793 3621 2070 4046 6032 3621 4046
3613
2614
4286
2314 230 2416 4268 4513 4629 3391 4875 230 5932 2455
4285
5126 5126
3904 3938
4285
2603
4283
3618
3886
1590 4883 2591 4283 3598
3611
3612
3611
5146 3390 3423 2431
3612
1211 4623
3612
3612
2644 2661
4285
2615
2615
4285
2222
5432 2675 6057 2037 2784 5454
4283
3611
2455
2418 3268
3617 3617 3617 3617
637 634
4984 5880
3612
5501 2510 2024
4055 2591
4286
3612
3611
4883 5181
3068
3611
3611
765 378 230 230 6035
3612
3611
1768 1767
3440 2920 4984 1355 4793 2128 3886
5782 3611
1203 231 1227 1102
5994 5793
4284 4286 4285
4283
4285
2593
4284
3612
3612
5143
3612
2603
2957
3616
3598 3598 3598
5218 6032
2615 3612
4285 3612
1617 1606 4881 4875 4284
2455 4285
3612 3611
5994 5794
4285
3612
4099
4284
2352 5001
230 2848 3402 1413 1652 1494 626 230 2848 1576 2978 626 1413 526 1637 230 2978 2919 230 230 5058 2848 1637 626 230 1652 526
2488 3612 6034
4285
5039 5432 2211
350
4283
4286
2069 2418 2885 1492
1537
2591
1649 2894
2614
3612
3612
4286
3611 4284
5219 3067 2313 3886 2036 230 2336 3067 1355 230 2320 5219 230 3067 2320 1576 2313 2894 230 1576 2314 230 2070 5780 230 2070 5098 230
3611
3612
2417 4154 1590 2868
4284
230 2640 3402 2640 230 2691
3026
3405
1561 2884 379 230 1060 230 1063
5881 2481 230 2040 6032 230 1355 5778 5886 5778 2039 2039 230 2868 5778 2476 2036 4622 2306 230 5778 1932 2039 2036
4285
2614
5432
1885
3393 2070 5559
3613
3587
534 453 596
2491 2490 230 5507 2464 5559 5880 2464 2489 230 5495 2482 2489 2482 230 1496 5569 2464 2463 230 1924 230 5489 5880 5569 2071 230 3784 2994 3873
4286
4284
4286 4284
1740 1740 230 3402 1496 5780 230 5780 1355 230 5098 230 5780 4883 1927 5456 5098 230 230 5569 5880 4132 3009 5143 2391 1740 230 2474 2851 230 2314 3435 2323 3444 3436 1927 230 4880 2266
2363
4285
4284 4283
4285
3612
4285
4283
4284 3598
2591
3612
3611
2591
3393 3172 230
4285
3565
5443
4286
1646
2591 909
3613
2615
4284
3612
2920 230
3591
2615
3612
4286
2593 2595
4286 4285 4284 4283
3612
3611
2489 5825 3693 1355 1210
1639 3883 1637
4285
3561 2596
5065 2271 2028 5065 1567 5065 1567 2070 2271 5065 5558
4145
3157 5073 1530 2455 4633 4154 1237 1206 1237 1219
3612
2325 2561 2560
1530 533 605 604 1025 532 1413 604 1469 592
3611
5825
4286 3617
3565
4883 3469 2886 5191 4620
2603
3612
3615
4285
3883 2510
3565
4285
4286
5927 3184 2919 230 1655 2064 2919 2919 231 5066 3172 1355 230 5927 2326 5836 1567 1576
4285
4284
3611
4875 2864 5932 3067 2865
2615
3598 3611 3587
3612
3612
2591 5443 2187
1963 1962 230 1768 1768 230 1768 2318 2325 2036 1355
3612
4285
5146 2879
2510 230 2068 2510 230 2510 230 2510 2510 230 2510 1542 230 2510 230 5559
4285
3611
3201 2567 2555 3598 3611
2512 5056 2904 2071 2678
584 549
3388
1082 4978 230 1535 230 529 230 5510 1741 1737 453 5826 230 526
3565
3614
4285
3611
3611
3618
3617
5883
4999
2071
3611
3618
1931 3882
3598
3388 2071
2489 3611
3598 3598
3612
3577 1646 739 5793
3611
2591
2591
4284
3611
3612 3620
3571
3590
3611
2615 2709 2484 2983
3029
3612
3598
3612
1911 3612
3611
2591
3611
5432 5453
3611
3598
6173 6172
5146 2029
3613
3613
3621
4284
2067
3611
2916 4620
2591
5792
545 5143
2591
4283 3611
3612
3612
3355 3611 1905
3565
2978
3612 3621
2560 4046 1860
2615
2314 4285
2868 2865
3611
2989
3612 3611
1944 2071 4268 2859
3598
4879
3612
4285
4284
3565
4285
3171 3386 3170 2868
1303 1328 378 378 1203 3611 1303 1328 1335
5932 3390 2455 230 230 3390 1954
6034
3611
2615
3612
2455 2864
4402
1623 4742 5559 5034
752 6189 2158 6157 2071 6034 2071 2884 3395 2158 5066 4278
5053 5053
3611 3611 3611 1861
2590 3621
4285
1530 4284
4286
3615
6057 230 5558 4708 3870 5069 5880 230 594 636 526 1497 230 3180 2851
4284
4285
4993
4284
3612
2578
1907 3612
231 1203 1102 765 1222 911 231 1227 1219
3612
3611
2325
1962 5143 1932 230 2969 1962 1932 2969 230 1962 3179 1652 1637 230 1413 1639 230 3444 3411 1639 1637 230
3028 6003
5053 5122
3201
3622 3971 6032
1419 1530
2770 2309 2591 2954
3612
4283
1216 231 911
3756 2474 2908
5432
5157 5157
2590
4857 5157
1920 3970 2004
5146
2894
3565
4139 3711
3615
2593 3612
2957
2510 3067
2065
3614
3611
4284
2455 4284
1888
3612
2591 2591
5932 2416 230 4988 5932 1963 1962 230 2416 230 5932 4988 5000 5932 230 5001 4999 230 5932 4988 2416 5055 4988 5932 230 2416 5932 1355 2416 5001 5001 4988 5932
5776 5781 4766
3611
3611
230
3571
3565
3611
2743 2682 2713
2270 1542 2193
4286 4283 4284
5883
4873
1652 1413 534
1622
3622 2591
3068 4283 3180
3612
3612
2199
2957
1914
6003
3611
3611
2894 6032
2615
3611
3618
3067 596 549 1530
4286
3565
3612
3068
2314 5218 3869 2331 1960 1945 4360 1947 1533
4577 2325 230 230 3483 2919 4976 4985 230 2851 2491 5826 1940 230 2491 230 3483 5138 1939 5568 1355 230 2491 2140
3621 3605
4286
3177 230 3087 1930 230 5055 2464 5552 5055 231 231 2650 5055 5055 230 5056 5058 5056 5058 5055 231 1962 1930 5055 5055 231 1932 4857 230
4286
4286
4284
