4030
4005 402 402
2905
4033
4031
6096
4036
4030
4029 2904
3196 4005 3426
5740
4029
4030
4029
4029
1714
4029
4029
4036
4030
4036
2905
4033
4030
4029
3978 3978
3978
4030 2904
2126
2905
2905
4029
4003
4030
4029
6114 6135
6767 1781 6765
4003 4035
4029
4007
4030
4029
4029
2904
4029
4029
4029
4029
4030
4035
4029
4029
3978
4029 2901 2593 6122 6136
4029
2312 2277
4035
2905
4029
4029
4030
4029
4030
4030
4029
4036
4033
4036
4005
2904
2881
4030
4030
5478
4030
2905
6628 3978
2970
2904
4030
4031
4016
4030 2883
4030
2130 2905
6122 2085
4029
2904
3408
4030
4034 4003
4040 4029 4030
4029
4029
4029 4532
5599 4030
4029
4030 2901 2860
4029
4030
4033
6114 2901
4030
4030
4030
4029
4029 4030
4030
4036
4030
4029
6628
3978
3978
4034 4029
2901
4030
3978
4030
4033
3956
2905
2880 2905
4036
4030
4029
4029 2905
2904
402
4030
3427
4030
4030
4030
4029
4029
4031
4030
4040
3411
2905 4030
2905 4040
2795 2904
4029
4029
2105
4030
4003
4034
4030
2561
2136
4029
4030 4040
2905
4030 4029
4029
1794
4029 4029
2587
4029
4029
3985
4029
4029
4040 4023
