5622 5208
5494
3519 5496
1661
1664
4181 3300 4180 3305 3298 5789 6801 3298 3305 6801 3092 3298 6801 3305 5798 5634 3199 3782 3189 4286 1664 2749 3189 2694 5798 6801 3298 4191 3298 6801 3299 6801
5502
1358 1355
4016 5494 4030 4016
5502 1733
6879
5494
5087 3788 2189 2385 5478 2736 5214 396
4032
4016 5494 4016
5494
4036 4433
676 1828 1821
5496
5496
4029
2745
6226
4016
4029 5494
1664
4030
2883
5494
5496
5494
4016
4029
4016
1708
5499
5496
5502
590
1664
5502
4029
4016 5496
4016 5502
4003 1656
5494
5502
5502 1664
5494
3381 5642 3381 5744
5174 5422
2281 2536
2891
4016 5494
5499
5502
5505 6252
4016 5496 4016
1664
4030 4016
4016
5502 5496
5502
699
5496
5494
5494
5502 4016
2883 4030
5502
4016 6225
5496
3628 5404 1574
4016 1664
5502
1664
4030
5496
1664
4016 5502
1664 4016
1664
5494 3686 3546 3658
5502
842 261 424
5496
5496 4016
1664
2531 1819 1664
5494
1664 2883
389 1695 1330 1228 1277 368 368 1330 5494 1228 389 1277 1695
5496 4030
4016 5502
4016 4029
4016
5496
5502
5494
1664
1664 4016
3342
5496
5494
4030
4036
4029
4016
5496
1664
5496
5502
4016 4029
4031
4029
4045
4030 5496
1664
4016
1664
2883
1664
261 660 593 1695 1815
5496
5496
4029
3379 386 831 833
5494
4016 5496
1664 596 1579 1657 3195 6687
4030
5494
1695 703 1818
5511
1664
1742
5494
5496
4029
4030
5422
4030 4016 4040
4016
1579
5496
5502
5481
4040
2696
6546
3196
2869
1778 1777 6525
2893
3519
