4016
5344 1661
4029
6801 2749 3305 2521 3298 3300 3788 6801 5798 5633 6801 3305 3252 2749 2748 4180 5798 3300 4181 3122 3298 6801 3298 4191 6801 3299 3298 3300 3788 5814 3189 2694 6801 3190 6687 3327 3300 2694 2749 4181 3300 4180 3305 3298 5789 6801 3298 3305 6801 3092 3298 6801 3305
1358 1355
4030
4029 1656
4032
4016
4031
4016
368 1330 389 676 1828 1821
1812
2306 3196 4016
4029
2745
6226
4016
4029
2307 6504
4030
2883
3763
4030
4029
4016
4029
4016
4029
4030
596 2722 2722 1579 2722 596 2722 1828
590
1660 3334
4040
4029 4003
2313 1695 6547
4029
6682 346 5404
2313 3381 5794 3381 5622 3381 5642 3381 5744
1341 1361
2891
4040 2883 2883
4029
5505 6252
2577 2572 2577 2572
4016
2405
4029
3218 6252 5622 2316 2313 5207
4030
2883 4030
4016 6225
3628 5404 1574
2904
1815 594 671
4030
4016
1797
4016
2148 2578 2696 2471 3785 6118 4114
3787 5877 3788 6687 2694 2264 2185 5083 6559 5214 4783 3226
1330 1272 1695 378 389 1277 1228 1268 368 1695 1330 1228 1277 368 389
4016 4029
4016
2904
4030
4016
4720
2494
4030
4030
4036
4016
4030
4016 4029
6801 3327 4045
4030
4030
1936 6818 5619 3782
4030
3891 260 5620 2288 260 2287 5620 6559
3782 702
4016
4029
3199 2696 1572 671 593 1579 590 591 2694
3323 4016
4016
1579 703 596 2695 3891 596 590 586
4030
1695 703 1818
4032
4030
4030 4016 4040
4030
1579
4029
4191
4040
2696
6546
4029 2869
