4801
4800
2905 4802
4800
4030
4801
4030
4800
4040 4173 4801 4800
4802
4802
2381 6803
4800
4802
4800
4802
4802
4016 4803
4803
4803
4803 4016
4030 2840
4802
4029
1656
1656 4029
2798 2797 2798 2309 4803
4029
4802
4802
4803
4802
4802
4029 4801
4800
4802 4029
4803
4803
4800
4033
4029
4030
2905
4005 4803
4029 4801 4029
4802
4801
1656
4802
4803
6822 1660 6820 4327 5809 1734 4324 5502 1664 2578 5781
4030
4029
4800
4030
4803 4030
4802
4029
4803
4040
4031
4034 4029
4803
4802
4802
4802
5403
4030 4803
4005
2575 4802
4801
4802
4801
4801
4801
4029
4030 4173
2904
3953 3408
4800
1656 3969
4800 2904 2905
4029 4003
4800
4800
4029
4802
1656
2905
4802
4030
4031
4800
3985
4802
3978
4801
4801
4803
4803
4801
4029
4803
4801
4029
4030
4030
4802
4801
4029
4800
4803
4029 4801
4029 4801
4433 1664
2850 4029
4033
1656
4030
4800 4005 4036 4005
4800
4801
4029
4802
4029 4801
2905 2893 6124
4800
4029 1656
4803 4029
4803
2904
4033
4032
4802
4800
4800
4801
4802
4800 4005
4803
4030 4029
2905
4030
1788 1777 5502 5496 4801 4016 4801
4030 4029
4802
4800
4030
4802
4030
4016
4016 4029 4003
4801
1656
4016 4803 4801 4800
4029
4031
4802
4800
4016
5677
4029
5676 6771
