4030
4005 4005
4036
4029
4036
4035
4030 4029
2883
4036
4030
4003 4029
2136 4526
4040
4029
4030
4003
6114
6765 1781 1781 6765
4030
1770 1724
4032
4029
4030
4030
4030
4003 4029
4029
4029
2125
5671
4029
4031
4029
4040
4030
4030
3978
2888
4030
4032
4030
4030 4036
4030
4029
4029
4030
4029
4005
3776
4029
4030
4029
6141 3038 2312 4029
4030 2883
4030
4030
2883
4031 4030
3418
4029
4029
4030
4029
3426
4435
4030 3978
4029 4029
2883
4030
3985
4030
4030
4030
4031
4023
4030
4029
2402
4029
6189
4030
3991
4029
3427
4035
4029
2883
4030
1662
2140
3427 5477
2883
