3611
3565 3565
2316 3591
3612
3393
3613
3382 1962 1567 4605
2593
3565
3611
3067 2916 3176 5776 1742 2916
3612
5033 2234 2857 2222 3269 2177 2158 4766 5033
3612
3612
1501 6049
4875 3620
3611
1203 765 1227
2513
3612
3621
599 1413 531 3201 3612
3401 1949 2885 4756
3328
3565
2593
1901
5219 2180
3615
3612
3613
1047 378 1073 366 379
532
3611
5510 5825 2997
3618
3618 3618
3565
310
3612
3601
1637 591 435
4873
3611
3587
4820 4795
2071 5825
3611
3618
5826 2865
1907 3611
2611 1906
3612 3612 3612 3612
3389 2923 3105 2916
3612
2511
3621
3587
2849 3068
3589
3612
2611 3621
3612
3611 3587
3612
2853 2323 3837
3384
3611
3613
1488 1487
3587
1419 2391 4996 4873 2065 3611
1529
5056 2863 5826 5067
3612
3395 3388 2076
2560
3611
765 378 1023
1585 3411 3420
3611
4988 5070 3390 3766 2514
3612
1587 5499
3611 3611
3612
5413
524 524 1655
5455 6034 6034 1535 4340 4339
3612
3611
3611
2509 1749 4996 2898
6034
2256 3611 3068
3612
3612 621 1049 624 1062 1081 430 1050 629 1046 1070
3389 3393 3067 3404
1893
4818
3587
4052
3611
3618
3613
3611
5825 5552 3464
3611
3612
3611
3615
3424
3611
4535 4534 2683 3029 1622 6032 1355 3105 4708 3107 3394 3964 1601 6049 4985 4976 6049 1622 4111 1601 2683 4110 4535 1355 2474 4978 2683 3876 2517 4976 6032 3875 4110 3105 3394 3964 3876 4978 4976 4978 1355 3107 3745 1984 3029
2163 3370 4154 2007 5825
3479 3612 1355 5873
2431 5772 4488 5146 2780 4754 1985 5066 2780 5146 2431 3388 4490
3621
528
330 350 1151 1530 304 1194
3613
2511 1511 1611 345
360 2431
3615
3612
1511 5510 5990
2593
3621 4046 2570
3612
3611
634
3622
3612
3611
4342
3611
3613
3621
1466 1419 637
3611
3613
2507 1548 5191 2859
3617 3617 3617
1914 5515 4046
3589
2007 5187 1567 3371 3692 5510 1606 4858
3612
5074
3611
2593 2071 1478 2158 2510 1924 2071 3970
3611
2512 3391
3612
2426
3587
3612 3612
637 634 2975 2974
6053 1597
1542 5776 2513
2593
3612
2324 4112 3765 1642 4883 3465 2858 5873 2421 4839 4128 3692 4111 1355
3611
3612
1282 1328 1334
5493 2071 4902 3397 5493 5056 2071 1355 5510 5157
3614
1926
3611
3612
3613
378 632 912 983 984 916 975 1296
3611
3613
5219 1768 1767 4794
5432
3565
3617
2923 1499
3611
3611
5501
5826 3393 3127 5071 2028
6001 1610
2665 5056
3612
3611
3173 5560 3277 4999
3612
2593 1906
1875
3591
3587 3611
2662 3440 3694 5067
1601 1558
3577
1567 1568 1590 2418 5153
5966
5978
3612
3612
3611
3773 3783 5826
2593
1558 1924
3615
1203 2029 5146 914 765 2029
3612
1542
3612
1567
2582
3566
3611
4880
3614
3565
5932 2272 1952 3390 5825 2314 5882
2071
3622
2954 3243 5218 3267 2659 3243 5826
3180 2316 2427
1902
3615
3611
5146 1413
3613
1635 6035 1623 6035 1635 1623
535
3611
3622
4778 5066
3589
4046 3621 2593
378 907 907
3612
2071 5482
3854 5181
3612
2593
3622
2593
3612
3612
3611 2592
3611
3612
3612
1926 2463
3612
2899 1741 5825
1950 2920 1492
3612
3611
2593 3612
1530 610
2894 2892 2892
3613
3612
2593 3053
4363
3556
1530 610 1495 1419
3611
3612
6193
3612
2997 3404 3612 2997 3268
3565
3618
3575
3612
340 1476 2979 2978 2979 2978
3612
2068 1587
3611
2603
3565
3611
3615
3612
1576
6232
3068 2046 3687 5978 5057 3275
3612
347 3027 2285 5484 5826 2528 1419 1216 908 3027 976 347 604 1639 1924
3611 3611
1221 1204 1208 378 231
6001
1985 3883 5488
3611
3587 3611
4630 2858 2455 1355 5776 4070 2488
2510 531 605 1413
1207 5065
1906
3621
3612
4046
3565
3612
2593 4784 4784
3611
532 1413 607 604 1506
3615
3612
1921
3612
3565
2593
3590
3565
4792 2110 6032 2891 3029 4996 1355 2892 5510 2321 2891 6032 2806 1355 3067 3029 2110 3403 5186 1587 5966 5942 2594 4159 5467 4046 5939 1587 3746 2110 3280 4988 3395 6032 1355 3029 2806 3029
3561
2858 4740 2436 2071 1355
3621
3589
3612
3613
3615
3565 3565
5033
3615
3611
2455 1481
1535 1967 4513 3394 5141
3590
1280 1294 1282 1334
2416 4985 4858 5489 4045 2891
3277 3278
1606 1481
835 911 984 1023
3611
3612
5426 1895 5432
4742
3613
3172 5071
2593
3612 1915
3612
4133 3178 2851 5927 5569 1355
3612
3612
3611
3612
3611
437 534
1530 2509 2426 1355 4740 4986
3611
3567
3590
4874
4327
3614
2593
1480
2853 2863
3612
1535
535 1666 4858 637
1992 5504 5070
3612
2598
3588
2019
3612
3612
3621
3611
3612
3612
4793
3611
3622
5432
2603
5439
3565
2513
3611
1522
5799 2848 4858 1511
3618
3612
4892
3611
3611
3618
2464 2139 3256 3041 4858 1355
3612
6034
1419
3614
2114 2114 2115
2552 3330
1355 3487 5559 5409 3425 2071 2858
3612
1419 1646
2490
3612
4997
594 1639 595 1413 1413 1637 1025 591 608 524 3982 330 1147 1185 1142
5134
3612
824 907 1221 3613
3612
2593
3612
3621 3612
3611
2328
3622
2593
378
4187
3611
3590 3621
3612
5418 231 1484 2512 5413
2196
2028 1412 5419
3612 1862
3611 3616
378 1216 975 983 914 916
3613
1652 541
2685 6055 1939 2028 6032
3611
3612
3612
2593 1558 1542
2891 2265 4997 1637 5467 1551
1607
1210 5220
4822 3136
2559
3612
3612
3612
3621
3611
2865 3172 2418 1628
3601
3611 3611 3612
3611
3612
5033
6032
3612 3565
2593
6035
3612
1466
4641
3611
2593
526
1355 2028 2431 2395 2865 3421 2436 2395 2028 2431 2927
3611
4070 2780 2089 5510 2090 5001
2658
3616 3587
3614
3613
3611
3614
3611
3613
3353 3612
3621
3612
3611
2864 2426
3611
1635 4986 4985 626 4983
2560
2484
528 592 1413 535 603 1413
3622
3612
3611
3611
3611
3611
3613
3611
6032 3402
3612
3692 2323 2868 3693 1355 4878 2417
3612
1489
3611
3384
3612
4045 3388
3612
2593 3612
3611
3612
3611
3618
3615
3612
3565
3612
2455
3611
4055 4049 1862 3355
915 908 983 632 915 977
3611
3589
3612
3289 1508 4070 3068 2435 6032
5458 2731 2070 3611
230 2916 3180 3074 230 2071 4268 1222 230 230 912
3391 3067
3612
2865 5949
3611
3612 2593
3611
3612
3618
3612
3611
3611
4817
3612
1149 350 1158 330 1530 1144 1112 1143
3612
765
3565
537 1530 605 439
2314 1771 5466 1769 2314 5466 1867
3621
3259 2840 1971 1355 3256 5191 3465 3413 1355 1971 1540 2029
2071 2180 4874 1646
6032 2892 1611 345
2594
5467 4095 353 4807
3613
378
838 2316 905 2270
3612
4522
3612
3565
1624 1623 5053 3068
2593
2071 4514 3394
5532
1419
3073 4916
2957 2957
3621
599 532 442
1207 231 1222
3611
4784
3612
3616 3589
3565
983 912 1216
2593
5943
1480
3612
1611 2325 2865 345 3413 1568 2317
3611
3067 2480 1480 5826 3566
1412
2069
3612
2315 2318
3565
3589
3611
3612
3621 3612
3269 5038 3297 5464
4895
5143
600 536 739 1413 595 739 536 1413 600 1025 536 739 600 536 739 1413
4988 4608 2232 2455
3611 2090 3097 2431 2071 1355 2029 357
2484
3613
3613
3615 3615
2857 1413 4986
3611
2065
4874 3393 2314 3391
3391 5482 3404 1355 3172 1548
3611
3612
3464 2855 1583 5825 2527
3611
2560 4297 4291
3611
5157 5825
3612
3611
3612
3621
3611
4884 4884
3565
3611
5467
3611
3614
5963
3612
3976
3611 3611
3612 3565
1222 1226 1023 1203
3611
3611
5552 4999
1512 3601
3611
2593
4784
3611
3621
3565 2603
3615
3587
2514 1497
3611
3612
4793 2265 5880 5098 1493 2514 5907
3611
3612
1862 3611
3612 3612
584 626 534 584 626 534 636 584
3621
2596
3068
3620 3616
3621
635 1637 591
3565
3612
3621 2593
3621
1862
3577 3612
2435 3067 2455 230 2455 3067 5000 4988 230 4875 230 1535 4873
3612
2507 6053
2028 1530 2891 739 1419 637
3612
3611
3611
2163
230 2513 1949 2416 3390
378 231 1207
3611
3612
3612
4858 2004 230 2276
3612
4046
231 1208
3612
3612
2859 3437 5826
3565
1548
3424
532 1413 604
3618
3171 3068 3394 3394 3172 3068 1355 3171 3394 3068 3395
1915 3612
347 3027
3565
5780 4895 1611 345
3611
230 3391 2416 5826 1952
231 912 984 916 1216
6032 3106
3612
4988 3692 3405 4877 5826 1935 4624
2982
3612
2071 4792 2892
3621
3613
3976
3605
3554
3612
3589
5066
3612
3615
3611
5966
3612
2603 3612
534 1413 1652
2593
3565 2596
3611
3611
3612
1529 1419
1888
6032
3612
3611
4872 2324
3612
739 524
4631 5146
3611
3611
1737 1740 1741
6049 230
2155
3612
3614
3591
3618
3611
2232 6035 2214
1498
3611
3612
1419 231 637 1652 1642 1419 637 231 1655 610 230 5071 3402 2455 5143 3068 230 2894 230 2273 5071 3068 5143 3402 3068 5071
3614
1568
3612
2593
5467
5501
3612
5432
5157
2593 3560
5098 4132 230 4803 2931 1355 5886 5489 4010 2490 230 5489 5098 4010 230 3068 1497 3157 1355 4010 4132 3158 230 1927 3157 3068 2931 230 1355 4132 230 1768 4045 2978 5496 230 4132 5503 230
3612
2957 1532 637 1419 2957
3621 3055
1568
3591
1531 2979 5138 1769 230 2978
3612
3601 3613
3611
3611
4881 532 2065
3577
3611
619
4883 230 1625 5071 1355 2679 4545 2320 230 3386 230 2320 1497 4882 5157 230 2156 5071 1625 2726 2783 1643 2693
3611
2613 3587
1862
2064 2920 4618
2593
526
3565
3611
1516 1516 1516
1505
2325 2325 2325
1608 3766 1767 3882 4070
2611
3068
3622
3550 3549
5065
3611
378 840
436 534 526 1652 436
3611
3612
3611
1655 1466 5432
5569 230 1355 3870 5069 1023 230 1222 1217 974 917 917 5569 3870 230 5069 1355 2979
3615
637 1419
4804 3970 4882
3612
3611
3612
3611
4794 1551 5990 4785 378 2005
3615
2155 2226
3612
6037 2886 2885 1932 2323
3612
3612
3612
1530 3067 535
447 3068 1646 231 1413 604 447 231 231 447 1655 1655 1466 447 605 1655 1025 603 231 447
4858 3693 5038 2882 2882 3693 5774 5038 5058 2865 5510 5038 5058 3621 3693 5510 2865 2473 5038 2070 2472 2067 2865 2070 6032 3693 5038 2865 3693 2455 3693 5510 4868 2416 6032 5058 5510 6034 2416
2593
3618
4987 4630
1023 914
3612
3611
3404 230 3393 230 3404 3393 1652 1666 526 230 230 3404 3393 3693 3690
2593 3615
3612
3611
6032 230
3611
4740 3612 4881
3621
230 5778 5518 3854 5507 230 5778 5058 5507 2931 3068 3158 230 230 3157 5778 5490 5058 5490 230 3158
1562 1562 1073 231 537 1413 537 610 231 1413 1413 537 610 231 603 381 1050 231 379 603 231 1506 537 1413 1073 379 231 379 1073 838 230 917
5055 2070
5062
3612
6032 637 1419
3621
378 917 1221 911
3616 3620 2548 2557
3612
3611 3611
4883 2076
3612
3612
1568
4969 1867
3612
3558 2593
4046 3612
3612
1635
3612
2916 2076
4815
3615
3612
3612
3621
2864 3438
3617
5070
1646
3612
3612
3611
3611
1530
907 982
2957
2593
5932
3612
3611
3971
3611 3611
4194 6037
5986 2593 3353 2379 4873 2314
1529 4625 1529
3068 4857
1551 1500
1576 4881
2158
3960
3612
4754
3613
3613
3621
3612
1496
909 911 5510
3611
3621
2593
2969 1355 1550 230 2091 2391 230 2412 230 3972 4067 2071 230 1550 3068 4635 230 1355 230 2265 5561 1932 230 5495 1550 4545 4630 1355 2065 230 4067 5098 230 5146 3068
3605
2892
3622
5036 3459 2510
3611
4622 230 2314 2045 230 4153 2651 5510 230 4153 1355 1932 3068 3435 230
3412 3411
230 5569 3870 5500 230 3870 5069 5569 537 596 230 435 594 1413 1217 917 982 917 231 230 5075 3157 230 3402 5075 5489 5075 230
231 1203 1222
230 3879 3068 3389 2884 230 3068 1506 1413 591 231 526 1642 435 1642 526 595 434
2163 1550
3613
4350 2994 230 3854 4132 2994 5075 1565 230 2994 5066 2978 4132 230 1540 2994 5070 2978 1539 2994 4045 4132 1355 230 3854 5065 230 3827 230 5065 3827 4132
3611
3068
2957 2955 2957
2408 5000 1355 2321 5561 1935 230
5098
3622 2070
3621
3611
3611
3589
3392 3068 6048
3611 3611
3565
3611
3621
3611
1934 2641
