1664
1664
5496
3426 5502 3807 3552 3195
1664
2663 2265
2883
2695 5810 2522
597 1664
1664
4005 4016
5496
1664
5496
2906
4029
1664 4016
5496
1810 1664 5794 1729
4040 2836
4016
5502
5494
5494
5494
5218
2893
2893
3219 5709
5496 597
5494
5502
1664
3967
3978
3978 5496
4016
5496
3978
4016
6558 1664
5494
4016
4029 4003
1828 1695 1734 1734
4812 5494
5496
4029
4526 4016 4040 1664
2883
2227 6245 3426
4029
2277 3680 5496 3259 3549
5502
5496
4029
4030
1664
4016
5494
4029 4030 5496 1782 4029
5494 2893
4030
4784 2153 2578 260
5502
4016
6559 3801 4789
4016
5502
5496
1667 381
1664
2893
5496 2883 4016
4029 1664
4030 5496
2880
5494
4016 1664 4016 4016
4016 5494
4030
5494 4016
4031
5494
6820 1507 5620 2588 1646 6817 3664 3627
1664
4030
2624
4016
2883 5494 3991
5496 3978
5496
5494
1764 1772 1764 6547 1754 6558
5502
1626 1579 676 1694
2126
5494
1793 2883 5879
4016
1753 3859
5502
2207 2589 3783 1507 3323 5622 2319
3426 3426 5494
1016 1358 424
5496
1819 5716 703 2812 1828 1579
5496
5502
6797
5496
4016 5496
1637
2906 3967 5496
5496 4029
6093 2318 488
3967 4016
4016 5502
5502
5478 5214 6687 6245 6168 5877 3784 4203 2736
5496
4030
1664
5496
5710 5207 1793 2307 1972 5744 4016
5502 2904
4191 3305
4030
3978 5494
2886 2883
4016
5496 3788 2716 3243 4117
5496
5494
4030
4016 6570 1936 3258
4031
2306 1675
3978
4016
1664
5502
5496
4016 4030
4030
2906
2906
1664 4016
2261 2269 2759
2578 3240
2893
3965
5496
4016
4029
2883 5494
424
5496
4016 1664
5494
5502
1664
4030
4030
5494
5496 4016
4040 4016 2883
703 1819 2665 4317 1695 1579
4029 1664
5496
5496
2883
5494 2883
2904
5502
2155 1665 2168 2312 4016 3784
5502
5496
5496 6720
4030
5496
4016
5494
5496
4033
5494
5496
5502
3978
5494 2883
1664
4016 5496
5494
4029
4035
1713 1650 3241
2904 1664
5744 1793
4029
2694 1660
5502
5496 2883
5502
5496
4016
5502
4033
5496
1664
1664
5496
5496
1664
5496
5502
2883
1008 1089 1361 1088
4029 5502
4016 5496
5496
4030
5496
4030
5499
4016
5502
4016
5496
5502
4016 5496
5494
1825 488 594 659
5496
5502
3828 3227
4003 5494 4016 4031
5496
4030 4030
4016
3799 5496
5494
1664 4016
2771
6806 1664 6804
6727
4016 5496
2906
1664 4030
2883
6166 3194 5542 3345 3240
5494
3979 1754 1764
5494
1754
1664
4030 4016 2906 5502 3969
2893 5494
2906
5502
4030 5496
1664
1664
1664
588 5496 4016
5502
5496 6548
5496
2883
5496 4016
4016
5496
2125 2125
3776
3978
4030 4016 5496
1753
1664
5502
4016
5496
5496
5494
6179
5494
2883
5496
4016
3974
5494
4180
2136 5496 2906 4016
5502
5494
5494
4030 4016 4016
4003 5494 4031
4030
588 2318 2980 5878 1815
1664 4016
5496 1714
5496
5494
5502
1664
4016 5496
5502
4003 4003 4003 4003
4016
5494
4029
3196 5218 2812 1507 5844 5214 1736 2471 4118 3784 2306 2547 3426 3788 2230 2756 5847
1664
5496
4030
5494
4016 1664
1695
5496
5496 4016
4016
5496
1664 1660
1664
4016 1664
5502
4029
1664
1664
1664
5496
5494 4016
4030 5496
4016
4005 1764 1754 2868 5583
5494
5496
5494
4030 5502
5494 4016
4016 4031 4016
2906
4016 5502 4035
5502
5494
5675 1664
4016
5494
1664
4016
5494
5496
1840 1812 495 491 1658
703 1828 2847 1716 4030 2089 1579 703
5496
3098 5372 3789
2185 5496 2183 2313 3229
5494
4029 5502
5496
5496
5499
702 670 586
2883 4016 5496
2906
5502
2906
4016
4016 5502
4016 4035
4414 5504
5494
4033
1664
3974
5502
5214 6687 3783 2736
5502
2883
4016 4016 5494 4016
6723
3240 3805
5502
495 703 664 671 4030
1664
4029
5496
5496
5496
5496
1664
1733
5496
4016
5496
6559 2709 6801 1507 5369 3551 3818
2886
1664 4029 4016
5496
5494
4032 6089 2906
4030
5496
5496
5494
4016
5494
3298
5496
5502
5494
6099 1754
4029
5502
4016
4029 5494
4036 1664
4016 3991
4016 5494
1664 4016
5494
5499
5502
5502
4016 5502
4029
4031 5675 1731
4016 1664
5496
5496 4030
1664 4005 3978
4005
5494
5496
5496
5502
5496
4016
5494
5496
2883 4040
1664
4016
4005
5502
1783 2153 1783 5496
5502
5502 1572
5496
4016 5502
424 4331 3182
2883
1664
5205 1508 3190 5184 3788 3807 3194 5786
4016 4016
5494
4016
5496
5676
4029
5502
4016
5494
2906
5494
4016
1664
5502
4016
1664
4016 5496
4016 5494 4016 2883
2736 598 3427 2522 5642 593 2736 3427 5642 3226 3783 6218
1664
5496
4016 2883 5499 4016 2173 3782
4016 5496 2906
5494
4016
2883
4016
1664
1664
5496
2307 1341
4029
5494 4016
5494
5496
5494
5502 4016
5511 3472 260
5502
6804 3226 2883 3190
4016 5496
4034
2883
2904
1572 1812 671 1572 4799 1572
2883 4030
5496
5496
5494
5494
5502
5494
5496
4035
5502 4029
5496
2883
5496
5496 6535
3974 5494 2906
5496
5494
3796 6559 3190 5494
4029 4016
3426
1664
5502
5494 5387 5709 3176 2772
5496
5494
4016
1664
5502
1664
4016
5496
2356
2883
5496
5496
5496
2953
2306 3219
4016 5494
5496 4040 2850
5496
4016
4016
1742 384 5847 2376 1782
1664
4016
5494
4016 4016
5496
5502
1579
4030
4030 1664 4016
1664 4005
5502
4029 2906
1782
5496
1664
3547 5622 3219 2522 1507 3833 5478
5502 4029
4029
5496
3190 3806
5494
5494
4030
5496 703 1579
2313
4016 5496
5494
3806 3426 1642
4016
4032
5494
3980
5496
4016 5496
4016 4029
2883 6547
1664
1664
1742
1664
5496
4016
2883
1819 1664
4016
2181 2193 4029 2175
5494
2883 4030 4016
2736 4606 3240
5494
4029
4016 1664 6122
4030
4040 5502
5496
5502
2306 4525 1507 2694 5511 3189 2261
1088 1016 934 1358
5496
4040
4016 1664
5502 1695
4029
5502
5502
4016
5494 4030
4029
5494 4016 4030
4016
5496
4030
5498 5499
2906 4035 5494
4030
4030
4029 4016
4016 5494
4029 5496
4029 5494
1664
5502
5494
3196 2312 5405 5844
4016
4029
2883
3408 4016
5496 4016
4016 5502 4016
4162 3830 3832
5496
4016
5496
4016 2904 5502 4016
5496
1341 1345 1217
5494
2883
5496
1664 4016
2694 3784 5877 2181
1664
4328 2719 5798 5502 2717
4029
1664
2883
5496
1664
5502
2906
5496
596 1664
3869 6558 5250 4192 3186 1698
4016
4016
4029
3226 3240
4029 4016 4029
4016 5496
4016
5494
5494 2883
3737 4030
4016
3323 1498
5496
4016
5496
5478 3195
4029
1819
5494
4016
1664
5496
5496
2883
2883
4016
5502
1016 1358
1705 5205 3753 4016 5494 3675
5502 4016
5494
4029
5494 4016
2883
4029
5496
1664 2904
1664
5496
4029
5496 4016
4016 5496
6149 2584
4030
4023
5502
4031
4030 4016
5496 2904
5502
2575
4033
4016
4029
4016
4029
1664
4016 5499
3829 5797 3789
4016 5499 4031
4041
4030 5496
4016 4016 5502
4030
5496
4036
4582 6559 5511 3226
4030 5502
5494
5502
1794 5494
2440
5496
5218 5496
5496
1341 1361 1009 1364 2756 1217
5496
4029
4016
4030 5494
5496
1217 261 843
6166 260 6189
4016
4016 5502
1345 424 261
4016
1341 261 424
4030
1656 4030
424 261 1346 261 1345
5494
4016
1664
4016
2904
5496
4016
1664
5502
2851 6803
1664
4029
5494 4016
2883
4030
5502
5494
4030
5502
2544 260 1507 2546 2527
4031
5496
4016 4030
4030
5496
2904 5502 4016
5496
4036
2261 1579
4016
1354 1440 1088 1008 1015 1079 1131
5494 2904
4029 1664
5502
5496
1664
4016 5494 4030
1325 368 389 5494 1272 1695
384 1664 1782 4016
4016 2883
5496
4016
1009 4889
5494
2904 5494
3229 5879
5496
4029 1664
2884
5502
5502
4029
5494
2883
4030
4030
4029
5502
5496
4016 5494 4016
5502
4029
4030
4016
4016 5494
6527 1664 5714 3357 3652
1664
4016
4040
3254 2313 5405
4016 5494
4016 5494
4040
5494 4016
5496
3978
5494
4016 1664 4016 4029
2883
3660 2389 260 3660 260 2389
5502
4016
4040 1664
5496
5502
5496
1782 1695 384
5496 1656
4016
1664
5496 4016
5496
5502
657 495 590 588 4016
4029 5496
260 2169 3052 6199 2773 6194 260 2790 6208 6196 260 6263
5496
1664 450 671 1664 4016 490 671 4016 597 671 1805 1664 2883 674 450 671 490 1810 488
1664
4030 4191
4016
1664 4016
4016
5494
1664
5494
5496
4029
1664
4029 5502
5502
5502
1664
5502
5496
4016
6539 6536 6541
4030
5496 5502
1664
4016
4016
4016 5494
6117
3953
5496
2904 5496
1579 1694 1819 1579 2194 1694 1819 1579 1694
4016
5502
5714
1664
5810 3219
5496
5496
5496 1700
1664
4016
4016 5502
4030
5496
5494
408 1174 1184 260 688 434 1193
5494
5502
5502
5494
5502
5496
5494 4016
5496 5339
4029
4016
5496
4029
4016 5496
5496
2983 3199 3552 260 2663 1093 424 5877 1346 2983 1341 1979 844 6690 2471 2410 5456 2983 3553 6222 3453 6559 6817 3426 5405 2277 3199 1507 5497 1507 6827 2471 2349 2812 260 260 1979 2231 2471 260 6196 2349 6559 260 6817 1507
5494
5494
5496
260 1088 1013 260 1086 1093 1357 260 260 1086
4029
2883 5502
3195 5494 3194
5494
1664 2796 3785 5798 1792 5782 2623
4029 5496
4030
4030
2709
4035
2402 2528
5494
4030
4016 4016
5494
4030
4030
4029
2796
5502
2888 2883
4016
4016
4016
4016 4016
4016
3784 6803 3426 1782 2736 3227 384
1664
2584 6801 260 1507 6683
5516 4016
4034 4039 5798
5496 2904
2883
596 1629 1840
4029
4016
5494
1498 1664 1656
4016
5494
2310 3787 1655 2696
2883
4016 2883 5494 4016
5496
4016
1664 6147 5878 3196 2717 6199
5494
1664 2748
5502
5496
260 1507 3532 260 3533 3532 260 5414 260 3533 260 3532 260 3547 260 3532 3533 260
4029
2313 1663 1663 2313
3218 424 5369 260 1193 1728 260 1728 1180 3218 5369 3218 1728 1180 1507 260 1728 3218 260 1180
1793
4016
2148 4016 1695 2261
2745 6199 260 260 4625 6263 6173
4030 1664
5502
6803 260 3796 3556 2307 3229 260 1507 260 2764 5698 2159 6801 1736 260 2218 1642 5504 2219 260 2718 260 6208 2218 3270 2193 260 260 4429 2546 2147
4029
703
3546 2384
6559 3244
4040
5502
4016
1937 3186 260 6817 2544 260 1937
4016
5502
2269 2736
6958
5502
5496
5494
4030
2906 4016 5502 3985
3866 2265 1695 3256
5494
1664
2125
5496 4016
2883 4030 2881 3978 4016
2882
5496
5494
5494
4030
4016 5496 4016
4016 4040
4016 5496
5494 2904
4035
5496 4016
5496
4030
4016 5496
4003 4029 5494 4016
3450 4480 5697 3182 1972
1664
5496
1708
5496 1828 1579
6818 2794 260
4029
5494
5496
3532 3324 3339 260 2932 260 3357 3344 3324 5714 260 260 2932 3019 6506 260 3052 260 3339 2522 260 5676 2772 6250 5516 260 5514 3357
4007 4035
5496
4034
1667
5494
1664
1664 1812 658 1572
5093 2265
4016 657 1812 4016 1572
4016 5502
4016
4030
5496
2845 2850
4016 5496
2883
1664 4016
1661 6804 1664
5496
1664
4030
5494
2313
5496
5502
5496
5494
5494
5496
4206 2185 2715 3785 2666 3547
4032
4040 4030
4029
5502
4016 5496 4016
4035
3973 2893
2882 4033
4016
5494
4029 5496
5494
260 1673 3830 1507 3426
3788 5696 1717 1664
5502
1664
5698 260 3194
4016
5709 2405 1184 4266 688 408 6801 434 2158 6803 2158 2483
5692 5692
4029
5494
4005
4016
2640
1681 5671 1664
5496
2244 2148 5494 4016
5496
5496
4016
4007
1664 4016
5502
3213
5502
2882 4030
5502
260 1936
4016
4029
5502
5496
2904
4029
3548 1753 588 702 665
2883
2694 6687 2694 6687 6687 2694 6687 2694
4016 5502
5502 4016
1664
5494
2890
4029
5496
2886
2851
2845 2883 2884 6116
4016 5494
5502
1664
1507 260 5695 2159 260 2159 5622 5635 260 6245 2159
657 3277 1817
2893
4029
1664
5494 1656
2883
260 3796 3830 5810 261 1088 1361 1355 1010 260 3829 3796 2207 6559 3796 260 3831 260 2193 3859 260 2169 3787 1010 261 1355 1088 260 3787 3450 2193
4031
2319
2771 260 5710 1507 6245 4267 260 3532 260 2771 1507 5710 6245 6829 260 3532
3978 1664 3978
4029 5496
4016 5494
260 2534 6803 5481
3978
1828
5502
4016 2883
260 5696 5797 2575 5500 2576 6822 6817 1507 1642 2579 1087 1345 843 2577 1089 5877 1348 6818 1717 1640 6822 260 2174 2181 2175 260 1640 260 6822 6818 6801 5087 2576 3182 260 2568 260 5404 1640 260 2577 2576
2126 4029
4030
2450
2218
4030
4030
5798 3000 3082
2883 3973
5497
1626 596 671
1572 669 1191
4526 4016
5713 3196
5478 3196 5877 3787 2575 3859 6166 3218
4029
4040
260 1736 6172 260 2156 6508 2164 5696 5714 260 260 2584 5807 5810 1507 3603
260 6143 3601
588 1572 1825 675
4029
4029
3266 2696 4117
1648 1783
5713 260 2718 5640 260 4525 4298 2288 2699 260 5714 3796 2773 5456 260 2774 2773 2771 1661 2772 2765 260 2764 2699 260 5640
260 2156 5501 6817 260 5504 2405 2152 2736 2409 5744 260 4317 2771
3784 3254 3785
260 3270 3323 1507 4525 2718 6506 260 1507 6263 2218 260 2219 2774 2773 6624 260 1507 4298 6624 260
4029
