6179 6247
5395 1664 6196 1793 1507
5125 2176 2176 2228
4031
3774 2193 1733 5188
3426 3254 3552 1937 3254 3254 3829
2883
4029
2797
1832 587 670
2148
3805 5222 4202
2313 490 597 659
5494
3789 3782 2318
843 424 1131
687 1159 690 1173 1192 482 1160 695 1155 1181
4040
4029
6558 6245 3866
2983 5306 3473 3788 4421 1770 3381 1793 6801 1507 3471 5109 5108 1793 4603 1770 2983 4602 5619 1507 6818 2756 5612 5109 5610 6801 4322 4602 5610 5612 1507 3473 4179 2218 3381 3471 3788 4421 4323 2983 2801
3883 4030 1507 6617
2883
1094 5402 3805 924 6687 1016 1012
2244 5843 1733 3760 4117 6199 1777 5478
5717
2153 2313 4429
2796 3785
2219 1677 2155
4896
1426 1476 1483
2313 670 1812 1572
2155
7147
424 698 1012 1088 1089 1016 1080 1440
6559 3787 3497
2861 5603
5620 2746
1341 2270 5798 1014 843 2270
4813 4430 3254 3218 1507 3546 6099 2902 3829
3427 5696
3864
2313
3271 3864 5387 5709
424 1007 1007 1007 424
2883
4029
4031
3191 3788 3188
699 1088 424 1477 881 1483 1424 1420 1426 1355
2893
4031
2527 1937 2306 1666 3196 380 1507 2530 5083 2696 2484 5478 2244 3194
386 3379 2543 6168 6559 2812 1579 1355 1008 3379 1081 386
1360 1342 1346 424 261
4557 2771 5215 3189 2736 1507 6504
4030
594 1572 673 670 1670
2138
2694 5619 5478 6173 4525 3226
1016 1358 1131 424 1089
1342 1366 1343 844 424
2888
4030
4040
4484
4031
907 1007 1360
4040 4030
4118 1507 3039 2384 6558 5843
1812
2883
424 1355 1080 1088 1014 1016
1825 603
1348 5879
1664 1700
6801
4030 3978
1080 1016 1357
1507 2269 2709 2667 3196 3815 2715 2667 2269 2709 3266
4029
590 658 1572 597 669
4029
4117 2587 3199 4118 1507 5499 2695
4029
4980
1015 1008 1088 698 1082
3254 3556 260 260 1012 4783 1361 260 1015 1361
843
4029
424
927 2577 1005 2527
1345 261 1361
4029
1642
5631 2717
3196 2306 1655 3832
4040 4030 6726 2883 2842
5622 5191 2482 2736
4029 2334 3460 2709 2313 1507 2270 396
2903
2798 1661
3427
701 1810 657
3991 4030
2797 2178 2694 3784 260
424 261 1345 260 424 1345
5478 2240 260 2533
4030
261 1346 260 6251
3547 3427 3788 3547 3788 3427 3789
2765 6559 2797 1661 2178 5341 3227 3229 5635 2181 1507
424 1677 3381
5810 2607
260 3785 2694 6559 2181
261 1012 1089 1016 1355
3327
2313 5402 3227
5754 2589 3227 5879 3806 5631
3558 3218
4030
6682 5676
4030
3784 5356 2178 3551 4478 6687 396 5478
4030
4029
5414 5744 4625 260 6632 6173 4479 3270 1507 5744 2773 260 6173 260 3427 1661 3532 1507 4479 3533 260 4479 4625 3427 3270 260 1507 2156 3532 260 4625 1972 4525 3323 6184 260 260 4625 6192 6138 2773 260
5502 594 2307
1507 2979 5125 2584 260 3780 260 2584 1661 5503 5810
2903 4003
1779 4203 1971 4330 4557
4029
1507 4317 5712 6263 260 1131 260 1361 1356 1079 1017 4317 260 5712 1507 3324 6263 1083 1356 1017 260 1012 260 6263 4879 1012 1131 1087 1017 260 1356
5404 1717 6752 5395 424 2241
6806 3220 3219 2161 2587
4030
1758
4030
927 260 1017 1133 496 672 260
424 1017 1360 1011
1700
5844 843
2756 4179
2883
4030
1009 1011 6199
2692 260 1507 3310 1716 260 2335 2663 260 2689 260 4554 4431 2313 260 1716 3427 5222 260 1507 260 2522 6254 2161 260 6183 1716 5125 5215 4554 5744 1507 2307 260 260 5798 3427 5798 2307 260 5798 260
2286 260
1088 261 1357 1017 1079 424 6506 4317 6263 260 5712 260 6263 4317 6188 4317 5712 6263 260 1356 1017 1087 261 260 3532 5718 260 3796 5718 6173 5718 260 6506 5718 1507 260 3532 260 5718
261 1341 1361
260 4326 3427 3783 3218 260 3427
4879 3339 260 4298 4625 3339 260 5718 1731 4298 5708 260 4270 5708 4270 4625 260 3339 4270 260 3323 4879 2313 3339 260 4298
6506 6188 260 5633 5635 3532 1507 2772 260
260 6559 5713 6192 260 6096 3866 5713 1665 6559
