5622 5208
5496
3266 3293 3821
3460 2313 3220
4016
4040 2836
1664 3776 2918 3776
5502
5494
6559 6818 3252 1664 3196
1664
1664
5494
1664 4016
4784 2153 2578 260
5502
4016
5494
5494
3519 5496
1664
5494 4016 2883
1664
5496
2883
3784
1664
2207 2589 3783 1507 3323 5622 2319
5218 3796 2175 6687 5698 2663
5496
5502 1733
5502 4016
1664
5496
5502
5496 4029
6093 2318 488
5496
1664
3093 2943 6801 5177 2808 3789 2269 2623 5108 4421 3381 5622 1507 5496
5494
2577 2736 2152
5496
5494
4016
1664
5087 3788 2189 2385 5478 2736 5214 396
5502
3989
5496
424
1131 1360 424 843
2704 4118 6804
6549 4016
5498
5502 1640 3327
5496
5496
5496
5496
5496 2765 6559 3784 4016 2883
5496
5496
5496
5502
5502
5494
6089 6147
5502
5502
5496 4016
4016
843 424
5496
5502
2883 1754 5496
5502
4016
4016 5395 2736
2125
5502
5404 6194
4016 5496
5502
5496
5502
3828 3227 6534 2850 2883
5496
4030
5494 843 424
4016 5496
5496 4016
829 5494
6559 5794
4016 5496
1664 4016
4016 5496
2883
5494
1754
4016 5502
699
588 5496 4016
5496 4016
5496
5496
3776
424 843 881 424 1438 1377 1217 5744
1664
5496
5496
5496
5494
4016 5502
1664
5502
5494
4016 1664
5496
3180 3864 3185
5496 4016
5496
5496
5494
4030 5496
5502
5494 4016
5502
5494
1840 1812 495 491 1658
596 492 1695 657
5496
4016
5502
3783
1664
4016 5698 2667 6558 3196
4029
5502
1708
5496
4040 5499
5496
4033
4016 3426 5494
5499
5494 1341 4323
699 1664 1092 924 3776 2425 1734 6149 1092 346 5341 5497 699
5494
4016 3381 5514
5494
5496
4331 3227 1972 5879
5499
2312 5496 3782
5496
5496
4016 5502
5496 4033
5494
5496
5496
6570 260
5879 5844 3194 2721 3834 1655 1507
1664
3560 5494 5798 2175 3190 4016
5205 1508 3190 5184 3788 3807 3194 5786
4016 4016 2883
5496
5494 2904
5502
4016 5496
4016 5502
5496
5502
5496
2883
5502
2893
2307 1341
4029
4016
5494 4016
5494
5494
3978 2884
5496
2883
4040 5502
649 672 692
4517 1572 586 671
5502
5502
5494
4016
6093 5496 4016
4016 1664
5496
1932 260 1935 1937
1664 4016
5496 4040 2850
4029
4031 2904 5494
3734 4016 424
4016
2313
5494
3821 260 2772 260 1345 1367 1012
5502
5496 4016
5494
5496
4118 3427 6222 6506 3187 5847
5496
5496
1664
1742
5502 5496
1819 1664
4016 5494
2181 2193 4029 2175
5502
699
5496
5494
5502
5502 1695
5494
5496
5494 4016 4030
3859 6805
5498 5499
4029 5496
5502
2883
5496
1341 1345 1217
5502
1972 260
4016
4016 1664 2860 4040 4526 1752 2403 2405 4040
2694 3784 5877 2181
4016 1664
5502
3784 5496
5496
5494
4040
2886
5494
5499
4016
5496
5496
5496
1377 1346 1345 1366 5789 2742 260 261
5502 4016
5502
5502 4016
3189 4016
1664
5494
5496
5496
2584 6149 6199 5502 2584 2125
5502
5496
5502
5502
2440
5218 5496
5496
842 261 424
5496
1217 261 843
5496
3840 2319
5494
5214 260 3453 1936 1708
1345 424 261
4030
1346 261 1345
1345 1361 4016
5502 1742 2312 5404
5502 4016
4029
4029
5494
2544 260 1507 2546 2527 260 5511 2530
1664
6800
5494
5502 4016
1341 1089 424 1356 1016
5496 4030
5496
4016
1009 4889
2205 2206 6209 6817 1507 260
5502
5496
5502
1187 260 417 425 1728 2768 260
5502 1664
4016
4016
4016 5494
5494 4016
5496 4016
5496
1664
1367 844
4016 5496 843
1341 424 1173 490 4016 5494 596 1695 672 5678
5496
4016
5496
6208 6196 260 6263 6643 260 6199 6209 2764 260 6199 2790 2790 260 2764 2161 2168 2773 2522 260
5494
5496
5494
5494
5502 4016
5502
1664
5496
5494
5496
5502
5496
6558 2663 3876 4180 1507 260
4016 5496
5494 4016
5494
3553 6222 3453 6559 6817 3426 5405 2277 3199 1507 5497 1507 6827 2471 2349 2812 260 260 1979 2231 2471 260 6196 2349 6559 260 6817 1507 260 4298 3182 260 3182 6827 260 4317 3229 260 3199 2663 6683 1507 5810
6801 260 2790 2156 5500 6249 3548 6801 260 2219 6246 6173 260 6250
4016 5494
6558 2883 3782 1752
4512 4462 4266 4270
4016
4030
4016
4016
3784 6803 3426 1782 2736 3227 384
5496 2904
596 1629 1840
6726
424 843
4016
4016 2883 5494 4016
3532 260 5414 260 3533 260 3532 260 3532 3547 260 3533 260 3552 2773 260 260 5414 6173 2587 260 5496 2938 260 3427 2774 260 3533 3532 3532 260 2773 3270 3323 260 2774 260 5414 260 2773 2168 4432
260 1728 3218 5369 1180 3218 1507 260 1728 1180 1728 260 1180 3218 3218 1188 260 1728 260 1183 1728 260 3218 1182 3218 1184 260 1728 1728 260 3218 1187 1507 1728 260 3218 1189
1793
1664
2148 4016 1695 2261
260 4625 6263 6173
6801 1736 260 2218 1642 5504 2219 260 6208 2718 260 3270 2193 260 2218 260 4429 2546 2147 6506 2161 260 5698 260 6506 2768 5698 2623 4337 1507 260 260 5711 3546 5794
5502
692 492 3783
6958
5502 2883
5496
5663 5218 4119 3813
5504 1507 3229 3205 5798 3218
4016 4040
4016 5496
4030
5496
260 2522 3339 5676 2772 6250 260 260 3357 5516 5514 2932 1507 3019 3357 260 260 2709 3062 2699 3339 260 1507 3323 3324 5677 3339 260 3357 4879
5496
5093 2265 2265 5218
5496
5502
5494
6806 4793 4127 5612
4040 4030
5494 1015
5511
5093 2280
2148 1716 3227
4032
5494
5698 260 3194
4016
6803 2158 2483
5494
5494
5502 4016
260 1936
2904
1664 4016
4016
1664
5494
5494 2904
1664
4016 3883
5222 260 2565 260 4317
3829 3796 2207 260 260 3831 6559 3796 2193 3859 260 2169 3787 260 1355 1088 1010 261 3450 2193 260 3787 6245 6559 260 3859 3792 261 2193 3453
260 2771 2168 1507 2219 2218 260 5710 6245
2125
5496
260 2534 6803 5481
5502
5087 2576 3182 260 2568 260 5404 1640 260 2577 2576 260 6820 1932 1507 1640 260 2568 2384 2694 260 3803 6801 396 5612 260 6818 6801 6822 3293 5205 260 3258 260 5610 2313
5502
5496
1572 669 1191
4040
4040
2164 5696 5714 260 1507 3603 260 2584 5807 5810 6194 260 2773 6189 2771 260 6201 3601
260 6143 3601 2313 2577 260 2764 2313 260 2768 2736 6251 1012 1131 1440 260 1089
5798
1661 2772 2765 260 2764 2699 260 5640 5640 6245 6624 260 6173 4525 6624 260 6263 6208 3827 260 5714 5618
260 5504 2405 2152 2736 2409 5744 260 4317 2771
3196
1778 1777 6525
3784 3254 3785
6263 2218 260 2219 2774 2773 6624 260 1507 4298 6624 260 6263 2218 260 2219 1507 2717 4651 6624 260 2717 260 5519 5618 260 5713 3892
4029
1079 1016 3426 1355
2709 3241 5676 3219
6123
5500 1012 1016 6138 4337 1008
844
1008 698 1089
