4040
4802 5494
5622 5208
5125 2176 2176 2228 5619 2792 2176 2228 1952
1664
1741 1009 1707
1775 1819
4803
4801
4029
2148 2306
4003 2883 2905 2883 4003
5502
6096 4802
830
4031
4030 4030
4029 4031
4801
4803
4803
5502
5494
4030 4030 2850
4016
5810 2881 2904 2901 4800 2851 3519 5496
4029
1819 2168 1734 5511 5511 5344 1661 5189 4584
1714 2764 1008
2147
2893
1664
5496
3293 3819
5502
3189
4029 4029
4802
1579 1579
5635 2228 4181 3327 5304 3394 3122 3782 3327 6687 3190 2384 2694 6565 4181 3259 4622 3190 2228 4620 3189 2384 4180 2228 4620 3189 3196 4180 3176 3782 3299 4180 1793 3189 3782 2736 6687 4180 4180 3327 3240 6687 4181 3782 3195 2335 4180 3232 6687 6687 3230 6687 3189 6570 3788 5559 3189 3782 6801 6564 3796 6570 5634 2694 1655 3788 5709 3782 6687 1734 3188 6570 5798 2347 3546 3782 2306 2346 3189 5634 2996 4181 3256 3426 3305 3299 3298 6687 2749 3190 6570 3327 5633 2694 3782 5798 6570 3189 5635 6137 4181 4191 2346 3305 3231 3298 3299 6687 3190 3298 4191 3299 3305 4801 2749 4180 2347 2748 3782 3300 6137 3189 2346 2279 3195 3298 4180 3305 4181 5690 3299 3305 4181 3305 2290 3189 3342 2048 3190 3300 3305 6801 3305 3298 6801 3305 3298 6801 3300 2048 3189 5798 5798 2347 3300 3190 3300 3189 5798 5492 1698 6801 3298 6801 3305 3300 6801 2046 2694 3190 2749 5635 3189 4181 3298 2904 6801 6801 3305 3298 5633 4078 3189 2228 3189 5404 5798 2749 2694 3299 3300 2748 3190 5663 2694 3240 5635 5798 6801 3471 1734 3190 6801 3300 3305 3298 5798 4181 3300 3305 3190 6687 5634 2749 3189 6683 6801 2749 3305 2521 3298 3300 3788 6801 5798 5633 6801 3305 3252 2749 2748 4180 5798 3300 4181 3122 3298 6801 3298 4191 6801 3299 3298 3300 3788 5814 3189 2694 6801 3190 6687 3327 3300 2694 2749 4181 3300 4180 3305 3298 5789 6801 3298 3305 6801 3092 3298 6801 3305 5798 5634 3199 3782 3189 4286 1664 2749 3189 2694 5798 6801 3298 4191 3298 6801 3299 6801 2749 3189 5798 5798 3190 3092 5798 2694 5798 3298 6801 3305 3327 2749 6801 6235 3189 2571 3305 3298 2694 3298 6801 3305 3298 6801 5717 3305 4191 3300 4181 5798 3305 3298 4181 4180 6801 3788 3069 5635 5731 3189 3324 6797 5810 3298 3300 6801 4180 3298 4181 3300 3786 1664 3092 2571 2749 6137 2584 4016 3786 6801 2748 4582 3327
4802 4803 5502
6558 2881
2904
4802
4802 4016
5689 5834
1358 1355
4030 4029 4029 4030 4030 4030 4016 5494 4030 4016 4016
4511
2904
5502 1733
5502 4016
4030
5496
4029
6879
4801 1664 597
4030 4800
4016 4016 4016 4016
5502
5504 1507 6741 3784 3199 4118 3194
5798 1812
5494
5495 2313
2883 2883 2880 2880 2880
6682 1006
3427 5696 5698 1015 6800
3255 2311 3258 5212
4029 4029 4029 1656 4029 1656 4029 1656 4029 4029 1656 4029 1656 4016
4558 3194 4557 2736 3191 2316 3190 2736 3243
4030
5087 3788 2189 2385 5478 2736 5214 396
4032 2905 4030 2840 4032 2905 4003 4032
4030 2904
2905 4803 4016 2907
3967 2881
843 2772 1361
3968
4030
4030 4030
4029 4029
5496
3666 2306 2794 3254 3262 2765 1507 3657 3797 3656 4557 2957 3549
4031
4040
1664
2905 2881 4030 2883
5810 5496
4016 5494 4016
4029 4030 4029
4029 4802
4030 2883
4803 5494 4029
4036 4433
2893
1832 451 671 1188 1193 450 1821 261 1658 671 491 450 588 671 657 368 1330 389 676 1828 1821
2736
424 1341 424 1341
3192 3784 2533 3293
3259 2178 3327 3262
1812
4800
2884 2883 2868 2905 2837 2091 2865
4030 4029 5496
2861 5603 2861 5566 2842 5496 4016
4801 4800 4802 4802 4801 2306 3196 4016 5496
4029 4029 4801 4029 4029 4029 4029 4029 5496 4029
2905 2881 4040 2895
4118 2577 2269 5836
3967
5620 2746
2745
6095 6093 4270 3262
1640 6226
4035 4036
3256 2274
4029
3552 3192 3553 2307 4511 3188
4813 4430 3254 3218 1507 3546 6099 2902 3829
3821 2764 2270 2736 3191 2270 3190
2904 4016 5502
5478 4800 4016 5502 4016
2883 3190 5710
2319 2311 2309 2319 2311 2311 2589 2319
3953 4029 5494
2307 2307 2307 6504
5798 3972
5414 3195 3196 3019
4030 4793 2596 3189
3426
4035 4016
2450 2457 2883 2270
2904
4030
4029
3519
699
2904 1664 4016
699 1088 424 1477 881 1483 1424 1420 1426 1355 1358 1089 2269 1088 1089 6532 1021 927 699 424 6565 2269 2269 6565 424 6532 699 1088 1089 6532 6536 2269 3334 2695 6526 3859 1089 1088 424 843 881 424 1438 1377 1217 5744
4029 4803
4005 5810 4801 5494
4030 1656 4030 4030 4016
2527 1937 2306 1666 3196 380 1507 2530 5083 2696 2484 5478 2244 3194 5481 1341 1361 2527 1346 2745 3323 2756 5711 2530 1507 5713 5716 6194 4298 5495 6271 5714 5701 2168 1784 1758
2881 4803
4802
4030
2905 4030 4030
4029 4029
2386 3601 3793 2280 5212 6255 2608
4801 3754 5789
2883 2907 2902 2850
5494
4029 4029 4029
3763
4030
4040
4803
3180 3864 3185
4030
4800
4029
4030
2904 4802 5494 4016
4030 4030
4029 4029 4029 4029 4029 4029 5502 4029 4029
4016
4033
3185 3810 3181 3460
4030
4030
2666
4029
4029
4802 5496
3980
5494
4030
4801 4016
5502
1664
1660 2313 3196
4030
4803 4016 5502 4016
2767 2197
4801
4029 4029 4029
4030
5502
4029 4029 4031 4031
4040 4801 4040 4016
4030
5798 2904 4800
4040
3381 5494 4016
4029
4030 4030 4030 4030
5478
1733 5502 5405 1708
4029
2905
2905
4034 4029
2802 3192 2313 3459 3195
4029 4029 4029 3128 4030 4800 4029 1664
4029
5215 3785 3194 2702 3821 1486 2354 5847 2575 5214 2694 5847 5847
5499
4029
4033
4801
1021 924 1088 1080 1012 924 3776 4102 1734 1088 424 1021 924 1092 1021 699 924 699 1664 1092 924 3776 2425 1734 6149 1092 346 5341 5497 699 2310 4450 3776 5505 424 1358 1092 1089
4029
2904 5496 4016 4016
2883
4030 4030 4030 4803 4030 4030 4030 2907
4332 3262
4181 4191 2049 3122 4180 3082 4800 4180 3122 2940 3298 3426 3298 3305 3427 4181 3186
4030 2893 1579 703 3427 3784
4030
4003 4035
4031 4802
2905
1656 2905 4030
5808 3219
2773 2774 1695 3426 2765 2774 2773 2774 5798 1733
4836 5708
4031 4802 5496 4031
2589 3788
4029
2881
4029 4029 4029
1021 4801
1572 586 671 5502 3254
4029 2905
2904
5798 4801
4029
4029
5810 2907
1700 1733 1828 5810 594 1828 1828 1828 1571 1571 1571 1571 1571 1828 1571 1579 1828 1579 1571 3128 2277 3789 1579 3789 6687 6687 3789 1828 4801 1571 3789 3780 1579 2078 1828 1729 3180 1729 1828 1657 4429 1579 1700 1579 1729 1579 1729 2904 5542 3839 1729 1579 1910 1683 1579 2722 1729 1579 596 2722 2722 1579 2722 596 2722 1828 5496
4118 1507 3039 2384 6558 5843 6558 4557 2384
1812 1812 1812 1812 3764 1812 590
1660 3334
2589
495 663 1695 588
4030
1664
2717 2193
4030 1717 4030 4801 5502 2332 4521 4029
5810 4802 4800
4040
4029
4016 5496
4801 4016 5502
1656 4029 1656 4029 4029 4029 4003 4029 4003 1656 5496 4003 1656 1656
5496
2313 1695 6547
260 2288 2774 2316 2316 1661 260 2774
5494
2881 2883 4016
5502
2979
4030 4040 5494
6974 5306
2736
4029 4029
1733 5478 3190
1664 1700
4030 2905
4029
4029 2905 4802 4029
6527 6737
4800 5494
2850 4704 4694
1690
4030 2883 4032 1664
4801 2904 5502 1664
6682 346 5404
4029 4029
5810
5494
4801
3381 1683 3381 1683 3381 3381 2313 3381 5794 3381 5622 3381 5642 3381 5744 3381 5635 3381
1664
2904 4016
5502
4801
4016
2881
4035
1341 1361
1341 1089 843 1377
5174 5422
4030
6184 6559 2539 5559 1704 2794 6184 2794 6184 2794 2792 2794 5511 2794 5404 2281 2536
4029
4801
4003
4030
4003
597 1817 650 692 594 665 1817 389 611 4030 2904
2891
4029 424
4802 2881 4040 2881 4040 2883 2883 4016 5494 2884 4040 2883
4041
4036
4029 4029 4029 4029 4029
5499
4030 5496
2848 4030
6189 4796 3782 2694 2792 2164 5798 5502
4029
4980
2905 4016 4040
4029 4031 4802 4031 2904 5494
2883 4030
2905
3189 2694
671 488 450 594 1807 660
261 424 1341
2881 4030
4800 4801
4030
5490 5501 5402 5505 2313 5879 3190 5798 5505 4427 5501 5505 5505 6252
2905
1664 4016 4016
2881 4040
4803 4802 4016 5496 4016
4802 2904
5619 5620 260
2904
660 702 692 494 660 596 588 702 649 660 702 660 594 660 611 702 596 594 1815 660 596
6624 2164 4421
5808
2572 2577 2578 2576 2576 2578 2572 2576 2578 4173 2904 2577 2572 2577 2572 1664 2578 2577
4030 4030 4016
5744 6099 1716 6093 2306 2306 2948 2946 5622 5161 2561 2717 2306 1716 2948 5744 4430 2306 2091 4833 2306 4074 2923 4807
5496
6570
4031 4032 4118 3427 6222 6506 3187 5847
4801 4016 5494
4802
4016
4029
4800 5496
1089
4029 4029 2313 4622 3266 3785 2741 4029 5114
4036
5502
5758 1507 2523 5749 5754 4603 3381 1770 1794 4524 6805 3122 4322 4429 2270 5717 4323 5612 2983 5306 5610 4421 5843 2983 3093 3381 5622 6803 5250 393 2140 5419 2270 2983 2318 3093 5190 4421 6803 3546 5843 5251 5250 1507 4322 4421 2983 5250 6804 5190 3381 5843 3093 3093 5250 3788 2270 6804 3357 3381 4421 3186 3122 5190 3789 2983 5250 5190 2568 3381 5251 2318 5843 3093 5758 5839 1752 4599 3381 2424 2405 5843 1507 3381 5190 2169 6801 5843 5174 4421 2623 3788 2270 5251 1508 5250 5176 5177 3093 2384 2483 2965 3093 5306 5511 5177 2409 2738 3357 5185 3358 2733 2218 6801 5109 3788 5843 4118 2410 5619 1508 3801 4421 5190 2623 5497
5502 5496
4030 4800
4029
5496
4429 2665 4803 2587 5877 1572 502 5502 3324
699
4030
3420 4801 4005
1734 2269 5619 3227
6174 2883 5502
6118 4800 1664
1742 3185
5810
2663 3263 1716
5810 4801
5496
5084 2307 3259 2313 3190 2663
4029
4800
4801 4029 2405 6500 2694 2405 5502
2883
4029 5810 5375 4802 4029 5494
4801
3218 6252 5622 2316 2313 5207 4164 5405 2175 2667 1507 3553
4803 5494
4030 4030 4030 4030 5502 4030
4031 4030 4031 4029 1664
4803
4030
5502 4016
2883 4030
5502 2309 5502
4030
4016 6225
5496
4173 3971 4030
4016
3788 3548 2579 4331 3191
3628 5404 1574
5496
4016 1664
5798
2883
5502
1664
2886 2886
4016 5502
4803 2904 1664
4029
495 6687 3196
3450 2801 4180 3552 3426
2313
4029
4029
4029
1815 594 671 5496 657 671 597 1815 588 1810 671
4030 4030 4030 4030 5502 4016
5496
4800
2883
4801
5494
2903 2143
4029
4030 4030
2402 2867 2907 2084
4030 4030 2893 1664
1664
3989
4800
4800
4030
3181 5786 2765 2762
4016 5502
4432
2904
424
5798 4803 1797 1664 4016
2745
4016
5502 4016
4801
4030 4016
1664
3038 4029
5494 3686 3546 3658
4040 4802
2905
4030 5496
4016 5502
2702 3814 3834 2704 2696 3839 2203
1695 488 660 1658
3128 3558 2311 6251 3548 6624 3934 4331 2311 2772 3334
4801 4016
2148 2578 2696 2471 3785 6118 4114
3189 3842 3191 5214 5662
4030 1812 2482 3427 4800 4030
4035
1445 260 1477 842 261 424
5619 1579 2183 3551 1821 3338
3978 3978 3978 5496
4803
2315 5809
5494
3577 5496 4016 4016
4030
2765 6559 2797 1661 2178 5341 3227 3229 5635 2181 1507 1660 5662 4789 5642 3841 2405 5619 2183 5502 1742 2312 5404
4803 4800 4802 4801
4030 4030
2904
5429 6558
4801 1664
4029
1694 2531 1819 1664 1819 1579
4191
3787 5877 3788 6687 2694 2264 2185 5083 6559 5214 4783 3226
4800 5453
4033 4033
260 2310 2777 2739 5209
5810
5754 2589 3227 5879 3806 5631 1507 2592 3181 3785 5671 3784 3426 5490 2809 1716 5612 4800
5478 4029 5494
4030 2881
4801 4029
2904
5478 3577 2881 4800 1664 2883
1228 389 368 1658 702 669 1328 671 1330 1228 368 490 389 1658 1330 368 1695 1272 378 389 1277 1228 1268 389 1695 1330 1228 1277 368 368 1330 5494 1228 389 1277 1695 389 1695 1330 1268 1321 368 1838 368 1695 1228 1330 702 389 1658 671 1228 368 389 1695 1277 1330 2907 1330 389 368 1228 389 368 1330 1695
2883
4029
5496 4030
4801
1697 1579 4029
3789 1793 1703 1793
2883
4036 1664
5513 3194 3552 3426
4016 5502
4030
3259 2313
3381 4800 2904
4800
4016 4029
4016 4016
6510 5496
4191 2905 2905 2881 4191 5502
2736
4030
402 5496
4029
4030 4030 4030 4030 5494 4030
2904
2904
2143 4873 4029 3519 3038
1579 1695
4030
4800
4801
2799
4800
3194 3195 3254
1664
4029
4029 4029 4029
4029
4029
4016 1664 4016 4016
4801
3342
4720
3784 5356 2178 3551 4478 6687 396 5478
4029 5496
3807 6558 3342 3189 3342 3799 2792 3258
4802 5496
6144 4801 6150
2494 2494 1664 6147 6147
4031 4032 5494
4030 4030
5494
4029 4029 4029 4029
4803
2905 2881
6801 3859 4801
2904
4800
4029
4031
4800 4030 4029 4030 4030 4030
2736 4801
1664
4029 4029
1695
4030
4036
4029 4029 4029
4800
4040 4016 4030 2838
2273 260 3829 3826
4016
4801 4029 5496 4029 4029
2904
4802 1664 2904
5810
4040 2736 4016 4802 4802 4016
4825 2798 3821 3546 2575 3781
4030
3295 6559 4112 2204 2704 3830 3318 4784
5222
5808 3427
4034 4029 4034 4029 5810 4034 4029 4034 4029 4173
4030 4030
4035 5810 5502 2904
5496
2883
2881 4801 2904 2883 6549
5502
4030
4800 4005 5494 4016
1695 4586 1778 1777
2736
4029 4029
4016
5494
2904
4029
260 1507 2568 2587
4802 5502
3967
4030 4030
1377 1778 1366 843
4030 2901 4030 5502 4029
1758
4029 4029 4016 4029
4030 4030 4030
4040 2901
4801 5494 2904
3356 3327
4029 4029
4030 4033 4802
1724 5222 5879 5709
6801 2152 2596 3243 2307
4029 4031
5160
4030
4029
6558 4116 3785 2704 3435 3453 1507 3192 1935
2883
2405 5844
1801 6099 1708 1707 6107
6793 4180 3300 5663 6214
3978
4029
4802 5502
4030
6133
6801 3327 4045
2164
1662
4030
5213 1664
6609
4801 4800 4803
4030 5496
4030 4029
5125 2965 1812 611 611
4030
5810
3829 3938 3218 3828
2883 2883
4030 4030
3229 2957 3227 2410 3460 3764 3806
6728 6721
3553 3821 4322 1936 6744 4317 1936 6818 5619 3782
4801 1664
2905 4040
2883 4040 4016
1838 1275 368 389 1328 1268
424 843
2312 3190
2904
6801 1733 2943
5675 5675
2454 2469 2475
4030
3817 3841
4173
5810 4016
5810 4802 4801 1664 4016
2883
6682 6141
2306 2306 2795 2904 2795 4016
4030
4033
4034 4003
2905
2032 5212
260 6559 5713 6192 260 6096 3866 5713 1665 6559 5610 4231 260 6559 6559 1665 260 6099 260 6106 6099 260 5620 2310 2152 6106 6559 260 5620 3533 5620 6559 6099 260 5610 3532 6196 260 260 6559 1665 6099 5620 260 1665 3533 5620 6559 3891 6559 260 6099 3891 260 5620 2288 260 2287 5620 6559 6559 6099 5620 6106 260
4191 6750 5712 2745 2770 1775
4029
3782 702
2905 2883
6655
4030 4030
1664
6194 3802 594 3781 6194
261 660 593 1695 1815
2881
4800
2575
5496
1008
4016
4800
4029
5496
4029
5494 4016
4029 4029 4029 4029 4029 4029
4800
2105 6822 2105
1695 1259 1272 1325 1328 368 1275 389
2695 1638 379 5503 2313 379 1638 3379 386 831 833 5502
4016
4801
4031
3817 2575 1579 2694 3229 1571 1579 3866 5622 3229 4800 1579 2696 1579 3229 3199 2696 1572 671 593 1579 590 591 2694 5502
4016 5496
4199 5251 3297
6687 3788 4803 4801 4800 4802
2881
2736 3196
5494
4525 3323 4016
3577
4016 5496
1571 1579 596 596 596 1571 1579 1742 586 1579 6202 1812 1742 594 1812 6687 1571 6687 1812 1742 1579 594 5695 588 1742 5125 5708 1579 1812 6687 4803 1579 1812 1758 1579 1579 594 703 1579 1812 2721 594 1657 1579 703 1729 1579 1579 6687 591 1579 703 596 2695 3891 596 590 586 1664 596 1579 1657 3195 6687 596 1579 590 1729 596 1657 596 596
4029
1655
4030 4030
1729
4029 4029
4802 5499 5499
2905 4030 2084 2907
4803
4030 4030 4030 4030 4030
4029
595 666 495 665 594 1818 1695
4803 5494 4016
1695 703 1818
2410 2405
4030 4032 4903
5511
2736 594
5206
3195 2385
1664
2890
4801
2907
4800
3859 2702 3785 2792 3182 5662 1717 2579 3603
4040
4800
2313 5494
5494
3195 3819
4323 1626 1819
1742
4031 4032 5494 4031
2695
4800 5496
6565
2530
1742 6195
2907
1005 6801
6871
4191
1664 4016
4933 4933
3327
1660
4030 4029 4030 4029 4030 4029
4029
4030
4801
4030
6138 5671
2269 5406 2261 4803 2764 3434 2528
1725 5422
4803
4016 4030 4016 4040
4802 4800
6251 3559 1650 3558 6173 1643 3556 5207
3051 2696 2309 6801 2694 2209 6807 2736 2385 2695 2386 2795 1742 2313 2577 6801
3218 2164 4316 4784 4016 3883
4030 4030 4030
3195 3227 2187 3788 2385 5496 3426 4888
3968
4800
4801
1579
1626 6804 6804 3215
4029 4029 5496
5502
2790
2965 2713 384 1782 2709 3227 3805 2579 6173 2918 1664
4191
5502
5092
1664
5481
2471 3403 5502
5494
4030
4040
2696
4016
6801
6546
1733
2883
3196
4029 2869 4016
1778 1777 6525
2893
4030
3295 2965
3519
2907
2883
5404 6147
5810 1783 5810 6189
