4040
1741 1009 1707
1714 2764 1008
5492 1698 6801 3298 6801 3305 3300 6801 2046 2694 3190 2749 5635 3189 4181 3298 2904 6801 6801 3305 3298
4030
5504 1507 6741 3784 3199 4118 3194
2316 3190 2736 3243
4032
491 450 588 671 657
4800
4270 3262
4036
2745 3323 2756 5711 2530 1507 5713 5716 6194 4298 5495 6271 5714 5701 2168 1784 1758
2386 3601 3793 2280 5212 6255 2608
4029
4029
4802
2904 4800
4800
4030
4800
1579 2078 1828 1729 3180 1729 1828 1657 4429
1812
4029
2904
4029 424
4016 4040
2881
2904
4029 2313 4622 3266 3785 2741
1752 4599 3381 2424 2405 5843 1507
2587 5877 1572 502
2663 3263 1716
4029
4802
4801
4030
4800
424
4802
2904
4801
5513 3194 3552 3426
4800 2904
4030
4029
4029
4801
4016
3295 6559 4112 2204 2704 3830 3318 4784
5222
2883
4030
4801
6801 2152 2596 3243 2307
3300
611
3829 3938 3218 3828
4801
3817 3841
4173
4802 4801
2795
3533 5620 6559 6099 260 260 5610 3532 6196
4029
4800
4029
4800
1758 1579 1579 594 703 1579 1812 2721 594 1657 1579 703
594
2385 3195
1742 6195
6871
4933
4029
2694 2209 6807 2736 2385 2695 2386 2795 1742
3195 3227 2187 3788 2385 5496 3426
2965 2713 384 1782 2709 3227
2471 3403
