2045 1497 1355 5218 2418 4792 2860 5070 3391 5071
4545 1947 1947 1992
3611
4793
1921
3587
1590
3613
3611
2323 3068 5505 2970 1962 2511 2325 2512
3612
3611
3282 5000 2064 1492
604 435 535
3612
5001 1992 2982 4706 3747 2802 3388 2982 3041 5932 2859 2416 5831 2139 3747 2920 4129 2859 1992 4127 2858 3746 1992 2139 2858 4127 2865 3746 2845 3388 3746 1622 2958
3612 3611
3589
2593 2593
3612
3611
3611
4097
3615
3614
5098 4933 5932 2970 4884 2321 5501 4795 4933
1516
3611
2594 2593 3870 3388 2865 3249
2571 4971
1606 5778 4996
4986 2464
3605
2918 2033
4350
3612
4293 3971 2916 2884 1355 3170 5419 2612 3435
3611
5907
3611
5467
2070
1355 4493
3355
633 983 378 1329 802 1334 1334 1280 1329 1276 1280 1282 1216
3611
3558
3612
1926 3029 2064 2270 1742 2064 1502 2865 341 1355 2273 4513 2418 2234 4858 2007 2863
4822 3612
3611
3612
3611
1348 1348 5803 2558
3611
3612
3611
3621
1530 1634
3612
3616
3612
3613
2593
2067
3613
1498
1413 524 605
1535 1567 1655
5825 2320 2916 4633 5932 5825 2916 4858 3693 1355 2732 2139 5825 5187
1639
3612
1493
435 526 603
3612
1500 1535
2558
4796
4097
3612
1637 443 1637 591
5004 3692
3029 1518 3029 1518
3611
3613
3587
3067
3611
3612
3611
4428
3611
3612
4985 4986 230
594 636 626 441 594 534
3612
5098
3611
3612
5432
3611
3611 3587
3613 3612
2195 2209 2174 2195
3741 3558
5138
3614
3612 1861
3612
3566 3612
3612
3612
2613
3612
3613
3617 3616
3612 1639
3611
3565
3702 3702 3067
3612
5436
2482 5826 2513 1497 1949 4740 2892 2894 5001 1949 1952 1355
361
5781 3067 4777
3612
4794
5107 2325 2892 5220 3412 4997
3612
3612
3617
3556 1863
3612
3611
3390 4754 1949 3175 4009 5932 357 4858
3611
3612 3613
3611
3612
2514 4304
3612
3617
1530 4095 1607 1606
3140
3611
230 3389 2426 2320 5932 5826 1953 3389 230
1590
3611
3614
3612
3611
3612
3615
3612
2873 5146 3689 2649 5001
4046
3611
1218 378 916
2884 3067
3612
1498
528 626 437 529 437 609 603 1494 532 534 441
3612
3612 2471 4046
3612
5978 3387 5792 3386
2136
2997 4985 1952 1952 5983 1741
1664 1150 330 350 1190 1143
2325
3612
2593
5927 5458
3611
1551
3612
3618
230 5826 5070 5503 230 5416 3464 5070 1501 5826
5907
3612
3621
3423 2314 1419
