3621
3618
2203 1921
5493 5554
3565
3612
2455
1639
2593 3611
4785 1500 5507 1622 1355
3611
3612
4858
3621
2593
4858
3589 3589 3589
3612
2916 3435 3612
4371
3613
2593
3612
3612
4013 3789 3998 1355
3613
2593
3612
3620
5157
2065
1567 3390 5157
3587
1659 525 604
1890
3611 3612
3612
3612
2071 437 535 593
909 2421 3068 5219 5466
3615
2593
3612
3621
1532 1530
2593
3611
1530 2476 445 604 1530 532 4620
3611
1639 605 1530 435 1530 532
3611
5157
2593
402 1530 435 605
3616 2593
3618 3612 3612
3565
3612
3601
3611
3615
1568 637 2036 1768 1530 442
4294
3587
3621 4046 4055
3589 3577
3612 3612 3612
3611 3611
2593
3621
3201
1868
3611 3587
1863 3612
2455 5559 4740
3464 2459
3618
2593
3621
5157
3612
2205
3587 3611
3611
3615
1493
3621
3612
2455
3617
3587
2070 3388 2859
2392 1587 1608 4778
2640 3693 2395
2593
3613
3587
1419 3966 6032
3612
3589
3612
3621
3611
4327 2865 5825
4987 2325
3621
1879
3611
3611
4988 2065 2091 6032 4793
3611
3612
3613
3611 2603
2595
369 378
3612
1601 1595
3621
4875 2256
2455
3591 3591
3612
2853 5055 4875 4070 3105 2845 2864 3067
3621
3571
3617
3611
3612 2593
3611
2593 3612
3551
524
3621
3589
3611
4146
2455
3756
2455
5157
4282
3388 2527
3611
3068 1548 2222
3612
3621
3612
3621
2593
5070 2434 1413 532 2069
3612
3611
3611
3617
5157
3067
3405 2858 3407 4858 3411 2455
3611
3611
3612
3618
4045
3612
3612
2593
1478
5826 4997
2555 1565
3765 2463 3411 4858 3621
3565 2593 3565
3612
3611
5157
637 1655
3612 5455 1540
3611
3410 2802 3964 1355 1984 2517 3394 3690 2417 3105 1622 2683
5157
3612 3611 3612
3612
2994 5135 2090 1985 2888 5066 2431 2517
3611
3107
2578
3587 3611
2555
3611
667 725 638 649
3459
4756 4784 2070 3467
3611
2552 2163 2158 4046
3611
1911 4046 4046 1911
3565
3621
2455
3611
1742 3468 5467 3387 1355 2916
3702 3411
989 4792 3411 835 5932 916 912
3612
3612
3611
2719
3611
2939 4752
3612
1926 1530
3612
1466 1419 637 2455
3611
4791 1640
3613
1637 626 526 592
3611
3617 3617
3612
3618
1585 1741 2070 1419 5098 2357 5098 1496
2755
3612
1493 1493
4619 3173 3245 3277 2437 4618 3282 3289
3612
3895 5489
1911
1478 4795 3970 2071 2158
3611
4793
3612
3565
3612
3612
3615
5932
3612
4363
3612
3612
3158 2489 5070 1419 1768 2324
3140
2593 2567
3335 3612
5146 3612
2276
3615
3612
3521
3612
5157
2455
2071 604 1639 1413
1893
1926 3559 2071
2594
3611
6299
3612
2855 2849 2851 2854
3613
5515
3612
1901
3611
2455
4055
4052
3880
3611
3586 3586 1493
3611
3615
1610 6001 1610 2555 1610 6001
2612
5146
4860
3615
3611
3612
3612
2455
3565
5220
2552
3589
2455
3591
3068 1211
1204 1102 1205 633 1225 1023 1206 1204
3612
5157
1548
3565
3611
3611
3611
3614
5493
3612
3407 3391 1355 5220 2884 4983 2091 2865 1947
3053
3612
3589
3611
3541
3611
3612
5467 2593 1872
2590 5430 3615
2455
2593
2884 2071 2431 3436
3612
3621
3612
5146 3388
3068 5056
5220 3656 3657
3611
3462
3612
3612
2455
3612
1749 5138
378 765
1606 3976 1607
3621
1548
3611 3616
3612
3565
1635 6035 1623 1623 6035 1635
4824
2455
2603
1530
3067 2507 4593 2897 5505
2471 1903
4307
2891 4633 2328 4890 3766
907 378 3068 4857 1282 907
3611
3621
3611
3612
4778 1595
3067
3612
3611
5976 4515 3391 2416 3068 5826 2513 4630
2596
5146 3413 3158 4879 2860 2141 1947 3283 3394 3302 3068
3612
3612
3612
1742 2328 5932 2864
2455
3611
1741 3404 5825
3611
3613
3615
378
4858
3621
1222
2028 1570 2920 2979 2916 1530 5071 1413
3612
2513 531 1413
2860 3394 2857
3622
3589
3615
4985
3612
3621
3612
3612 3611
3183 4290 3180
1585 1870 1908 3343 2555 3612
1530 4070 4621 3264 4129 5826 3394 3395 524 2868 4125 2325
2455
3587
3612 3612 3201
4794
3612
3611 2593
3611
3611
3617
4146
3611
3612
5156 3612
2593
4858
3612
3615
1867 5493 2463 3201 4293
3612 1606 1568 5927 5418 4743 1567 5139 5220 5131 1492 1500 5219
3618
2434 5040
3621
1863 3617 3617
3613
3565
3612
3611
3614
3388 5826 4619
2593
3053
5427 2707
2150 2150
2064
3612
2234 2483 2983 3571
3612
2455
2323 1940 4876 1939
2865 5826 1207 1222
3612
3611
3621
3613
3611
5146
5504 4885 3029 2071
3611
3611
3615
3613
3611
3611
1915
3612
3612
5070 3157
3612 2593
537 1413 604
3614
3615
3565 3565
3612
5146
2455
637
762
3611
607 535 1666
5574
3618
3612
3618
4799 3335 3621 4799 3335
3612 3612
3068 1639 2455
1913
3612
5510
1901
3612
3053 2593
2603
3612
5432
3561
3590
4743 2611 2613 2983 2603 1608 4766 5220 2070 1608
3621
2065
4874 2427 4805 1611 6032 345 2068 1587 4056 4805
4097
637 637 1639
3612
3612 5777
3546
3611
3612
2455
3741
1902 5802
3612 3612
3613 3587
1502 1530 341
3612 3611
3612
1530 535 604 626
3611
3612
2325 1868
3621
3140
1294 1334 1280 1282
3612
3621
3612
5419 2071
3611
447 605 1530
5146
3612
3612
2593
3621
3612
2455
4858 2419
3611
3622
2455
2593
1865
3598
3617 3617
2163 1583
916 1219 1023 378 984
3067 1530 330 1196 1664 350 1210 1208 4988 5138
5157
3611
3443 3442 2436 2858 2892 2424 3412
3611
3612
5146
1950 2491 4884
3612
1607 1608 3620
3565
4858
3611
2418
2391 2455 2418 2863
1666 599 1419 535 2270
1992 3464 5070
1915
3611
3612
2593
2455
1905 4960 3615
5156
537 594 602 1413
3966 1567
3612
2593 3612
3621
3501 3497 3687 3269 3394 3693
3612
3612
4858
2593
3612
3612
3587
3611
3612
5146
2593
3612
3612
3586
5932
3612
2273 4346 2507
3612
3621
3612
3611
2593
3612
3612
3565
2455
2598
3611
3611
4893 3068 3222 908
3615
3565 3552
3611
3618
3611
3611
5039 3766 2071 2892 5559 1906
1862
2455 3611
2037
3587
3612
2593 3615
5503
4013
2114 2114 2115 2115 2115 2115 2114 2114 2302
3611
5029 5030 230 394 230 1419 1655 1419
3612 2599 1915
3621
2593
4754 230
2593
3618
3611
1222 1203 1222
3614
5096 2489
637 1419 1419 637 1419 1646
3612
3611
5070 2507 3565 1939
4742
3589
1535 1558
526 1413 594 594 443 1494 4514 4513 2865 2070
2593
4518 1872 2611 2613 2550
3621
765 230 1227
3621
3611
3621
3611
3872 526 1530
3613
3612
3756 1520 2958
2920 5135 2859
3612 3618
3612
3611
1500
3612
2455
3611
3615
4742 5219
3612
3612
4962 2571 1911
3612
2324 5220 3459 1985 2155
2195 2393
2028 1906 2593
3612 1862 3612
3621
3612 3612
3611
3618
3967 230 4861 2156
3611
2593
3591
3611
5157
3612
2806 5157 2321 4876 4795 2767
2593
3612
1637 1551 4997 3068 1639 536
5219 1500 3067 2455 4875
1529 1466 739
1550 1511 3224 3869 3872
1548
4098
3590
2455
1586
3621 2593
3613
3565
3612
3615
2489
3601
3615
3612
3621
2593
3611
1906
4816
230 2416 2455 2892 4874 4793 2270 230 637 1529
5043 6036 1355 2857 3694 6035 4861 4268 2885
1872 4946 2555
3612
2455
5001 3460 4884 4582 2905 5826 5055 1355 4795
4794 5157 4881 4857
3612
2593
975 916 1218 4635 2325 4743
3390 4884 2455
4146 5071
3612
3612
4879
1488 1487
4360
2460 2459 2465 5143 5146 2462
1493
534 2076 526
3611
2590
3611
3612
3611
3615
3613 3201
3895 1474
3615
3611
2548
3612
2455
1576
3612
2548 3612
5146
1639 441 591
3611
3589
2393
4861
2316 2865
3587
3615
3611
2858 1355 5794 2071 4596 4784 4513
5157
3611
1868 3614
3068 3067 4875 2865 1576
2892
3384 3384 1607
2859 1606 2858
3613
3612
3612
3613
3622 2611
3612
3068 3388 2434 4879 2863
3611
5146 1597 1602
5157
3589
1915
1509 1516 3622
3612
3612
3612
2071
2863 2865 4858 1587
3587 3611
1530
3201
1548 3693
5157
3612
2997 2328 1534
3612
2868 1622 2510 4882
3565
5466 2864 3388 1355 4858 2071 3170
3611
3754 2955 5074
2646 1548 4629 3423 5027
3611
5157
532
3879 2730 2701 4858 4135 4996 4755
1530 636
3611
3611
3612
2455
6032 4795
1419 637
2455
2593
2593 3612
4872 4742 230
230 915 1222 1227 1217 231
3612
5825 2528
3067 1480 3391 3405 2849 5157
5157
3612
3591
3613
2455
3611
3612
3618
1508
5157
3612
5826
3611
3614 5825 5826 1907
3611
2611
2659 2780 2139 4660 2323 2426 1940
3172
3611
4858
2593
3612
2593
2455
3612
1771 2064 4967 2569
2650 3068
2512 230
2507
2943 2455 2863 2455 2860
3613
3612
3611
3612
3621
3613
2455
2455
3611
2199 2218
3621 3612
4522 2612
5416 3393 2071 2137
3612
2455
1624 2205 1623 2158 2225 1606 1615 2205 2193 1623 2232 5776 1623 2272 2009 3657
3611
3612 3618
2071 1469 532 594
1868
1481 2004
3611
5532 1926 1639 2863 1530
2416 2879
3224 378 2918 2859 1741 2071 2868
3612
3612
2476
6034 3611
5978 5794 5979
3612
3611
3611
3611
3612
3565 3565
1548
3611
3611
3565
3612
3746
3611
4997 2438
5418
2455
3560
3611
5218
3349
3621
1419 2943
2964 1927 6048
1493
2064 1492 3438 2865
3612
3614
1621 2323 2037 2318
2863 3404 5826 2859 2434 1570 2316 5218 1565 1535
2881 5157 5220
3612
3611
3060
2455 5157
3611
3621
1607 345 4766 1926 230 1611 1567
231 910
3618
3621
3612
1484 5069 230 2661 1587 1497 5071 230
3612
5966 2593 2552 2569 4052 2575 3621 1872 2568 1355 4963 2131 4052
2514
3565
2320 230 4045 5157 1203 378 231 2285 1203 4045 231 378 230 2320
3611
3612
536 600 739 1413 3612 739 600 536 1413 2593
3611
3621
2593 1906 2560
3613
3612
3565
3618 3616
3587
3615 3615 3615
3611
3395 2891 2513
2855 3464 911 5075 773
3612
4999 5826 2028
3587 3613
3587
3612
4292
3611
3611 5146
345 1585 1611
3611
4578 4070 3440 2438
2455
3612
3621
4884
3611
3611
4807
3268 4622 2071
5031
2039 2661 4070 6035 3766 3765 2650
3587
3067
5070
2593
4823
3611
3389 4632 2416 2455 2513 4629 5932 3390
2593
3612
2593
2593
909 345 1611
3622
3611
2593
3576
3612
3068 1508
2418 2417 2426
3611
2593
3611
2593
3601 3615
2455
3611
3611
3621
3611
3612
1939 230 2979 2978 230 2662 4578 4576
3612
3612
3611
3611
3612
2069 5001
3611
1915
347 3027
4146
3571
3622 1092 2530
4893 2323 2418 3394 3395 3395 3394 4895 2431 915 2323
3611
535 584 437 584 636 534
5146
3611
3611 3201
2321 2978
3611
3611
3611
3612
5146
3612
5033 2868
3611
3500 6130
3621
1226 909 378 1203 1203 1102
3974
5146 2892 1355 2894 2476 5825
3565
2593
1862
1920 1930 2046 230 1355 230 5501 2679 1930
231 1203 1226 1227 2070 230 1543
230 378 1207
3434 3257
3118
378 378 231
3618
3612
2593
3612
2548
2512 5467
230 5558 231 1208 1226 231 1208 230 1208 1219 1203 1102 230
3612
2593
1637 3464
1637
3612
3565
3565
3589
3612
2071 230 5553 3292
5825
5146 3611
378 1512 3029
3565
5157 2343
3611 2593 4797
3612
1962 5069 230 2476 5069 1962 230
230 1329 1282 1280 2438 1334 1299
2163 2325 1355 2158 2323 2193
5157
5157
3611 3587
3612
3612
2593 4824 3567
3621
3612
3612
3611
3611
2514 5218 1644
1930 5143 2434 5794 2917 1962
3589 3618
1585 1497 1419 4880 1530 1025 526 595
3614
3611
3405 3067
5038 3430
3612 2593
1915
5157
4858
3622
3613
3741
3565
3612
1585 2593 5825 1585 5825
3616
3567
231 909 1222
3611 3611
3587
3622
3611
6035
4858
5157
3587 3587
3182 2884
3611 3611
3612
3068 4879 1355 5456 230 1497 603 537 1642 526 1646 526 231 605 1642 526 5482 1497 230 1497 230 2434 5482
3611
6010
5157
535
3591
3611
3615
5219 5464 3524 5559 5219 5466
5157
637 1413 2325 2317
3611
2885 3459 230
3611
3611
3612
5075 5073 4579 3183 2317
3611
1498
3966
2048 2979 230 2994
3587
2455 4837 5071 230 5143 2894 3402 5143 3068 230 3656 5143 5501 3068 5143 230 3068 3185
5001 3765
3565 2455
3611
5927 5038
2071
2455
3612
3611
3617
3612
1963 4350 1962 230 4803 2265 1749
4278 3394 5146 2860 5028
6032
2455
3614
5442 3973
3612
3612
5456 2490 230 1497 2931 5778 230 5489 5518 230 5778
3612
1639 437 605 437 605 1494 605 437 402
1355 3224 4070 4986 6053 1945 3434 2318
3621
3621
1611 345
5493
3612
5501
5033
3587
2593
2507 3170 3611
619
3612
3140
3611
1413 1027 603 529 626 231 637 1466 231 1419 1652 601 1655 601 231 1652 1530 1469 1403 634 1413 230 5071 2455 2314 4857 2455 230 2868 4857 3068 2314 230 2455 3435 2679 1530 549 610 231 1403 1495
3611
4146
3611
2455
3621
3621 3621
2593 3565
2421 3882 4890 4577 3487 4879 1934 2248 1355 1923
2593
1516
3612 2593
2222 3878 2316 6052 6052 2222 6052 6053
3612
5157 3620
2325 2325
3613
5157
2455
3612
2065 5038
3394 2964
2598
3611 2611
353 4807 1419
3565
3615 3615
3612
3611
3611 5146
604 529 636 1494
2068 2860
3771
3611
921 362 1637 441 1025 1652 2434 3402 2071 4857
2317 1355 2868 4875 3067
3615
2071 1550 4070 4268 3172
3612
2455
3613
978 1217 917 230 912 4350 230 5569 912 1023 982 917 230 1217 2978 5569 5069 1355 230 3870 230 2859 2931 5075 230 5569 5069 983 921 1023 1217 921 230 230 626 594 549 549
3618
2455
2595 3575
3615
5493 2317 3389 4988
3611
3612
4624 1601
3612
3612
2222
3612 3612
3612
2567 2560
4099
3612
1611
4940 2567 4873 6032 3336 5038 1911 2571 3693 2865 5146 2866 2865 2866 2865 5038 2070 6034 3693 2071 2071 2071 3693
3611
2455
3612
1655 4312
3565 3565
3613
3612
3617
3611
2071
3692 3690 230 4792 441 524 1025 230 1637 3277 3269 230 3245 3690 536 231 526 2927 2864 3441 230 3416 549 1637 526
2860 230 2417 2455
2418 2899
3612 2592
5218 2611
3612
3611
3612
3614
378 1216 984 2866 1944 2490 5466 2070 4792 3067 4791 4876
2593
3621
5071 5778 230 5507 2417 3876
1025 443 606 230 2234 2325 230 2155 1518 1082 1562 231 1508 2324 2005 3067 230 230 537 1413 606 537 230 378 913 1023 836 983 1562 1060 231 230 1497 2325 1518 6032 1562
3621
4742 3621 5409 4046 4742 5559
2865 2892
3587
2455
3105
2593
3612
3882 2884
5146 2455
378 906
3612
3620
3067 2731
535 605 1666
3587
5825 3765 2858 4753 3370 4753 5825 3395 1926 3283
3613
3611
2455
3617
1226 916
3611
3612
2064
3617 3617 3617
3612
3611
5886
345 1611 2859 1211
3611
3404 3068 5006 2858
3612
1535 1510
4318 4310 4298
4792 4872 5467
6032 1611 2891 6032 2955 2891 6035 2891 6032
6034 2070 230
3618
3067 4983 3067 2920
1530 1530
3612
2593 2596
1915 3542
3612
5455 5458 2455 4742
2859 4618 5218
4880
5904
4146 4858 2272
3612
1534 5466 2455
5795 1667
1551 1500
230 5928 3395 4976 2527 3425 230 3394 5928
3611
2064
3616 3620
3586
3613
3611
3611
3612
3612
3395 1590 5507 5004 3694 4857 4995 2314 4890 2064
3612
1930 2593 1949
3612
5146 2065 230 5146 230 5098 230 2065 1550 3870 230 5075 1550 2488 3068 3882 230 230 5098 2065 1923
3565
2455
3107 3106
3589 2567 3616 2562 3589 1860
2593
3611 2593
1548
1639
5978
5146
3565 2555
2455
2324
3565 3565
5507 4153 2408 1520 3436 230 5489 6048 2894 6048 1520 230 2894 230 4763 2417 3402 6048
526
5075 1355 230 5778 3157 230 5075 5075 5489 230 5075 230 3386 5489 5075 230 3402 5075 230 5075 3158 230 3157
2256
3612
526 231 591 1506 1642 1413 1403 231 1642 526 526 1506 591 231 1642 1506 1635 591 231 526 1642 230 1506 434 1642 591
5075 3386 230 5075 230 1607 5778
3613
1612
5419
5559 2513
3612 3611
3613
3612
911 231 975
2994 3827 230 2978 230 3854 4350 2071 2994 230 5507 5070 4997 4858 230 2412 2994 2978 230 2507 2071 1355 4132 230 5070 1540 2507 230 1540 2507 5510 230 2507 5510 230 5066 5826 1939 5568 230 5510 5507 5066 2507 5070 230
3611
6148
230 2036 3746 2412 2046 1935 2476 230 1355 230 1962 5501 5778 5070 2476 230 5569
5066 5773
2593 3618
3611
3184 3402 2426 3395 1548 6051
5557 5488
908
3611
3611
2728 1580 2870 1987 2643 2750
2438 3391 3387 2318 3390 5138
230 3393 2489
3067
4140 4386 4323 4143 1489 5119 1590 5000
4097
3565
2314 2426 4877 2904
3611
3612
3591
5157 2524
3621
1219
3615
3612
5941 2864
2593
4743 3185
3617
3612
3611
3618
3611 3587
5146
2314 1626 3067 2314 3957 3544 1590 2319 2319 1999
230 5071 2919
5157
2455
361
3612
3201
4052
3621 2593
3616 3612
3067
3590
2071 3394 2855 3464
3611 3612 3611 3611
2071 2745 3611
3612
5028
3587 3617 3618
975 835
3577
4816 2864 2071 1516
3611
3612
3611
3565 1911
2982 3412
603 1639 435
1928 2986 6032 2852 5494 2265 3440 2036 5488 1773 2064 1773 2325 6032 5794
3613
4794 6148
3611
3613
2552 2158 3612 1995 5776
3612
3616 3617
1500
3614
2593
