5494
5622 5208
1664
1775 1819
4003
5502
5502
5494
3519 5496
1664
5496
5502
5798 5634 3199 3782 3189 4286 1664 2749 3189 2694 5798 6801 3298 4191 3298 6801 3299 6801 2749 3189 5798 5798 3190 3092 5798 2694 5798 3298 6801 3305 3327 2749 6801 6235 3189 2571
5502
4016 5494 4030 4016 4016
5502 1733
5502 4016
5496
6879
1664 597
4016
5502
5494
6682 1006
5087 3788 2189 2385 5478 2736 5214 396
5496
1664
5496
5494 4016
5494 4029
4036 4433
5496
5496 4016
5496
4029 5496
5502
5502
2883 3190 5710
5494
699
1664
424 843 881 424 1438 1377 1217 5744
5494
5494
3180 3864 3185
5494
5502 4029
5496
5494
4016
5502
1664
5502
4029
5502
3381 5494 4016
1708
1664
5499
699 1664 1092 924 3776 2425 1734 6149 1092 346 5341 5497 699
5496
5496
5502 3254
5496
1664
5502 2332 4521 4029
4029
4016 5496
4016 5502
1656 5496 4003
5496
5494
2883
5502
5494
4029
5494
1664
5502 1664
5494
3381
1664
5502
5174 5422
2281 2536
4016 5494 2884 4040
5499
5496
5502
4029
4031 2904 5494
2883 4030
1664 4016
4016 5496 4016
594 1815 660 596
1664
4030 4016
5496
4118 3427 6222 6506 3187 5847
4016 5494
5496
5502
5502 5496
5496
5502
699
6174 2883 5502
1664
5496
5502
5494
4164 5405 2175 2667 1507 3553
5494
5502
1664
5502 4016
5502
5496
4016
5496
4016 1664
5502
1664
2886
4016 5502
1664
5496
4030 5502
5496
5494
1664
1664
5502
1664 4016
5502 4016
4030
1664
5494 3686 3546 3658
5496
5502
842 261 424
5496
5494
5496 4016 4016
5502 1742 2312 5404
4030
1664
4029
2531 1819 1664 1819 1579
5494
4029
1664 2883
368 1277 1695 1330 5494 1228 389 1268 1321 1695 368 1838 389 1330
5496 4030
1664
4016 5502
5496
5502
5496
5494
1579 1695
1664
1664 4016
3342
5496
5496
5494
5494
1664
4029
4016 4030 2838
5496 4029
1664
5502
5496
2904 2883 6549
5502
5494 4016
5494
5502
5502 4029
5494
4031
4029
5502
5496
2883
6728 6721
1664
2883 4040 4016
424 843
4016
1664 4016
2883
1664
3781 6194
261 660 593 1695 1815
5496
4029
5496
5494 4016
4029
3379 386 831 833 5502
5502
4016 5496
5494
5496
1664 596 1579 1657 3195 6687 596 1579 590 1729 596 1657 596
1729
4030
5494
5511
1664
5494
5494
1742
5494 4031
5496
1664 4016
4029
3434 2528
5422
6251 3559 1650 3558 6173 1643 3556 5207
4016 3883
5496
5502
2918 1664
5502
1664
5481
5502
5494
1733
3196
1778 1777 6525
2893
4030
3295 2965
3519
