3978
4029
4029
3978
2883
3184 2587 4281
1694 4005
5635 2228 3327 5304 4181 3122 3782 3327 3394 6687 3190 2694 6565 2384 4181 3259 4622 3190 2228 4620 3189 4180 2228 2384 3189 4620 3196 4180 3176 3782 4180 1793 3299
4029
4799
2410 3759 4651 2244 6558
590
4029
4030 4030
4031
4532
3256 2274
6179
4030
5798 3782
3556 2577 2705
2155 2745
4030
2883
2883
5495
4034
4030
4029
4029
2883
2797
4036
660 1812 661 1572 1810 1133 657 674 586 4443 368 1272 1321 1267 588 1572 660
2883
1572 586 671
4030
4029
4030
4030
4029
3195 2704
4029
4029
1812 494 657
4029
4030
3427 3426 5496 3196 1742
660 702 692 494 660 596
4326 3036 3004 5478 4628 5630 5357
3785 3426 3426 1642 3785
3196 6706
5744
1274 389 1283 368 1695 1269 1228 1268
4030
2884
4029
3978
4029
6700
4029
2850 4818 4809
650 692 596 650 692 596 702 650 597 650 490
4029
4030 1812
596 1572 1825
2883 3973
490 671 1812
4029
4029
670 591 702 1658
4029
1626 6114 1828
5415 4429 5503
4029
3196 3227
6801 703 1579
5426
4029
5356
1838 1275 368 389 1328 1268
5744
669 1812 488
