4802
1952
4803
4801
4802
4801
4803
4803
2881 2904 2901 4800 2851
5511
3293 3819
3189
4802
4801 4180 2749 2748 3782 2347 6137 3300 3189 2346 2279 3195 3305 4180 3298 5690 4181 3305 3299 3305 4181 2290 3189 3190 3342 2048 3300 3305 6801 3298 6801 3305 6801 3305 3298 5798 3300 2048 3189 3190 2347 3300 5798 3300 3189 5798
4802 4803
4802
4802
4030
4801
4800
3255 2311 3258 5212
4030 2840
2905 4803
4040
2881
4802
4803
2893
3192 3784 2533 3293
3327 3262
4029
4801 4800 4802 4802 4801
4029 4801
2881 4040
4035
2270 3190
4800
4793 2596 3189
2904
6532 6536 2269 3334 2695 6526 3859 1089 1088
4803
4801
4803
4802
4029
4801 3754 5789
4030
4803
4800
4802
4029
4030
4801
4803
4801
4031
4801
2802 3192 2313 3459 3195
3128 4030
5847
4801
1088 424 1021 924
4030 4803
3122 4180 3082
2893
4802
4836 5708
4802
4029
1021 4801
4801
4801 1571 3789 3780
1812 3764
4801
4802 4800
4801
4029
6974 5306
4030 2905
4802
6527 6737
4800
4801
4801
4801
2881
6184 2794 2792 2794 5511
4801
4802 2881 4040
4031 4802
4800 4801
5505
2881
4803 4802
4802 2904
6624 2164 4421
4032
4801
4802
4800
3789 2983 3093 5250 3788 2270 6804 3357 3381 4421 3186 3122 5190 5843 5758 3381 5190 3093 5839 5250 2568 5251 2318
4800
2665 4803
4801
4800
1742 3185
4801
4800
4801
4801
4803
4030
4803
3788 3548 2579 4331 3191
2886
4803
4029
4800
3989
4800
4030
4803
2745
4801
2702 3814 3834 2704 2696 3839 2203
4801
3189 3842 3191 5214 5662
4800
4803
1660 5662 4789 5642 3841 2405 5619 2183
4803 4800 4802 4801
4801
4191
4800 5453
260 2310 2777 2739 5209
4800
4801
2881 4800
4029
4800
6510
2881 4191
4800
4801
2799
4800
4801
3342 3799 2792 3258
4802
6144 4801 6150
4032
4803
6801 3859 4801
4800
4029
4800 4030 4029
4801
4029
4800
2273 260 3829 3826
4802
4802 4802
3821 3546 2575 3781
2881 4801
4800 4005
4029
4016
260 1507 2568 2587
4802
2901
3356 3327
4029
4802
5222 5879 5709
4029
6558 4116 3785 2704 3435 3453 1507 3192 1935
2883
4802
4801 4800 4803
5675
4030
6106 6559 260 5620
4800
4800
6822 2105
5503 2313 379 1638
4016
4801
4031
4803 4801 4800 4802
1579 1812 6687 4803 1579 1812
4802 5499
4803
4803
4032
2736
5206
4801
4800
3859 2702 3785 2792 3182 5662 1717 2579 3603
4800
6565
4030
4030
4801
2269 5406 2261 4803 2764
4803
4802 4800
2309 6801
3218 2164 4316 4784
3968
4800
4801
1626 6804
