3807 3427 2957 3801
2663 2265
2695 5810 2522
2313 6099 1707 4016 3782
2354 3810 3829
4029
4030
2904
3298
4029
4029
1579 1695 674 594 1818 1695 703 1695 1734 1828 1695 1734 1734
2883
3052 3426 6248 2227 6245 3426
4030
4029
2883
4030
3427 2883
4005
3196 3426
2893
4029 4016
5344 1661
4030
4031
3788 3782 5622 5478 2385
4030
4029
2906 1652 1764 1764 1772
1626 1579 676 1694
4029
4029
586
1819 5716 703 2812 1828 1579
3789 3427 4331 3782 6166 3259
4029
4030
4030
5148 5151
3978 2893
4016
4040
4793 3227
2883
2883
6802 1734 2718 6802 2575 2307 5642 5697 6199 5207 5710 5207 1793
4191 3305
4031
6559 2306 1675
1579 1819
1764
594 1825 1133
703 1819 2665
2736
4947 1695 5496 1664
2155 1665
1579 676 1828
4029
1733 3262 1675
4030
4033
588 661 1133
2883
4029
2736
4031
1812
4040
4029
2771
1794 6804 3833 6804
2306 3633 3648
3991
2840
4029
2906
4030
4016 4016
3324 2446
5250
2125
3969
3296
586
1672 1673
4030
4033
4033
2125
3978
3974
4180
2904
4030
6099 384 1655 1782
4003 4003 4003 4003
2883
4030
4036
4029
2579
4030 2883
2354 4558 1754 2745 3196 3381 1508 2354 3883 1810 5642 2155 5794 1764 4696 1754 5622 4688 3381 1717 4191 4359 5583 3363 4005 1764 1754 2868 5583
5622 3789 1972 4117
4030
4029
5341 4030
4029
3978 2893
1700 2189 5478 1507 3788
5356 6504 3098 5372 3789
4029
2906
4030
4033
4029 4029
4036
495 3426 665 594 703 495 703 664 671 4030
4030
4029
6559 2709 6801 1507 5369 3551 3818
2886
4030
4030
2906
4016
4030
4005
1783 1652 702 1572 661 596 1783 2153
4030
4030
4030
596 2722 2722 1579 2722 596 2722 1828
2533 2159 5181 2270
4030 3978
4030
2883 3416
4040
2893 4029 3978
4029
2313 1695 6547
4029
2719 3199 4525 3427 3785 2736 3226 598 3427 2522 5642 593 2736
4029
4016
4016
6804 3227 6802 3190
2904
1572 1133 1572 1572 1572 1812 671 4799 1572
450
6224 1650
2313 3381 5794 3381 5622 3381 5642 3381 5744
2883
2541
2906
4033
2771 2772
2906
1626 1695
2953
2891
1579 814
4030 4016
3547 5622 3219 2522 1507 3833 5478
3427
2904
3190 3806
703 2575 1579 703
4040
2883 6547
4029
5176
4029
2306 4525 1507 2694 5511 3189 2261
4016
2873 1812
4030
2313 6199
3218 6252 5622 2316 2313 5207
4029
5341
3978
4016 6225
4030
4328 2719
4029
588 594
4029
5877 5608
1782 6258 6172 384
4016
2883
2883
1695 670 1812
594 3181 2313
4030
3019
4030
2402 6138 2592 2883
4030
4029
3829 5797 3789
702
4041
4029
4030
4582 6559 5511 3226
1733
4029
4030
4030
3840 3829 3828 3548
4032
1782
2851 6803
4029
2883
4030
4031
4016 4030
4030
3229 5879
3971
3953
260 2529 3891 2240
596
4032
4040
4040
4029
4030
1782 1695 384
4030 4191
4016
4029
6559 3227
6156
4030
4036
4030 6132 3978 2850
2265 5618 2468
4029
4003
3953
1694 1579 675 1810 505 1694 1579 1579 1694 1579 1694 1819 1579 2194 1694 1819
5810 3219
4030
1012 1021 1506 927 6196 3533 260 3603 260 6263 6173 260 1088 1013 260 1086
2840 2883 2845 2091
4016
4029
3785 3189 6508 2405 3189 4016 2405 3785 5478
4030
4035
4029
5403
4030
4030
4029
6801 3327 4045
2888 2883
6801 3229 3240 5810
4030
5798 4034 4039 5798
4030
2883
4030
4029
4029
6803
2310 3787 1655 2696
2185 4323 1819 3784 1819
4030
2125 3978
4029
4041
4029
4029
3782 702
6559 3244
4016
1507 2384 2713 260 5125 5803 260 1507 2270 2384 1937 260 2529 3186 1937 3186 260
3227 3226 2716 2482
3427 5671
4030
3866 2265 1695 3256
3978 2125
2882
1572 596 657
4035
1708
260 6252 2156 2794 2794 260 6252 260 6818 2794 260 5478 2794 6818 2794 260
4003
5696 5502 4029
6150 2309
6114
2904
3199 2696 1572 671 593 1579 590 591 2694
1579 703 596 2695 3891 596 590 586
5814 3229
4030
1572 1694
4032
2572
4030 4029
5468
5692 5692
6251
4029
4029
5770 5692
4007
2882 4030
2883
5878
4031
4029
4029
2850
2886
6252 6137 6500
2845 2883
4036
3450 260 5695 260 6195 4164 3450 260 3472 3474 3453 1507 261 3450 1507 260 5695 2159
2893
2883
1579
4039
424
4191
6222 5810 1507 2306 2306 5810 260 6222
2869
1828
2126
4030
5810 5810
2696
2639
1088 930 424
3787 6559 5478 3196 2713 6166 5478 3196 5877 3787 2575 3859 6166 3218
2893
1700 2595
2883
3806 2588
