4030
1812 671 1695 488 594
5810
2497 2306
6558
4029
7147 1753
4173
4031
4853 3196 6558
5621 2589
4029
2885
4030
3184 5695 5496 4557 3471 3176 3195 3426
1768
424 3426 1783 4525
5810
4511
1345 424 1077
3799 3189 3801 5478 3805 2736
4029
1640
6137 1705
2218 2801 3122 3471 1793 2983 3788 4115 2695 3804 4421 1507 3472 3357 1507 4602 2983 5610 4322 3788 5612 4421 2801 5717
4558 3194 4557 2736 3191
3254 1937 3870 6150 3781 1507
4127 3805
3967
424
6173
1640 5405 5405 2313 2405 2313 4429 5405 5405 2405 2404 1640
1694 1819 703
5798 4030
2155
2884
5174 1775 5189
4029
2384 3829 5665 5662 5176 5174
1342 1217 1343 699 1365 1131 1344
6095 6093
4029
5798 2270 1014 4227 1014 1358 4225 2270 5798 843 2270
3262 3553 670 1695 1932 1812 2306 692
4030
424 843
2307
3427 5477 1426 1007 4332 1012 3427 1007 2572 424 1425 3427
5493
2736 1660
3426
424
1361
2269 1736
1358 1089
5810
4030 4029
5404
4640
4029
5786 5617
6179 3379 5306 386 5842
5798
2893
4030
4588
3185 3810 3181 3460
2883
5843 1812 5844 2796 5642
5798
1660 2313 3196
1741
2736
4030
5622 5789 1348 1346
5798
2376
5215 3785 3194 2702 3821 1486 2354 5847 2575 5214 2694
4033
1021 924 1088 1080 1012 924
1663 4030 3196 1662 1664
4332
6189 5504 1700 6804
2666 3776
4029
5514 3427 3601 1008
1699 3788
4029
1579 440 260 1828
1361 1341
5742 2772
4040
6558 4557 2384
2589
692 588
5789 5810
2588 5879 3859 2219 2402
2269 2130 2883
1716 1675 3603 4316 4319
703 1694
1011
4640
4893
596 2318 588
2838
1341 1089 843 1377
2577 3196
3190 1777 3189 5188 2790 3188
4030
5500 3194 3427 3782 2713
4029
2313
1014 1346 2717 3427 1366
1664 3342 3199
1695 702
2736
1367 1356 261 1507 4783 2313 5718 260
4031
1089
1672
6559
4029
2953 3093 2384 5250 2587 2704 2169
5717 1507 4323 5612 2983 5306 5610 5758 2523 5749 5754 4603 3381 1770 1794 4524 6805 3122 4322 4429 2270
2796 260
4040 4030
1812 3194 1695
3603 424 3256 3190 1936 2313 3199
2759
5671 3782
3973
2979 3196
261 1010
2859 4532 2865 4040 2091 2858 1507 5595 2376 4030
2584 260 4525 5810 1341 424 261 260 2584 2543 1341 4525 261 424
4040
4938 4439
3789 3226 2797
5448 2313
4030
4203 4557 4202 2943 2280 2956 6804
260 5789 2771 2745 5496
260 1367 1345
2143
5794 2709
1009 384 1782
6506 5671
4116
4432
2307 2187
3181 3295 2800
2883
260 2957 5161 5159
5636 1778 5369 1665 5478 6504 5405
1366 1009 424 1341 1217
2883
2147 2159 2287 260 1507
261 1341 1366 1367 2312 260 1708 1936 3259
424 424 261
261 1346 1366 261 1346 260 1346 1358 1341 1217 260
3426 6194 260 3785
2193 5712 260 2759 5712 2193 260 2956 2193 2936 1507 260
260 1477 1426 1424 2717 1483 1443
260 1507 2529 4299 4450
5810
1507 2592 3181 3785 5671 3784 3426 5490 2809 1716 5612
4030 2881
2893
2798 5877 1817
261 1009 1361 424 843 261 3560 1507 260 6817 1672 6263
5810
2589 2578
4424
1742
1661 3270 6506 260 6506 6173 6208 260 1507 260 3532 3270 6138 3427 3533 5500 6506 260 6138 3427 3532 260 6506 260 4298 6173
1782 384
6199 2313
3603 3196
5671 2893 607 661
2699 4330 5511 5160 3891 5500 2163 2499 1507 2152
4029 5798
2310 3191
4173
6263 5712 1507 260 4317 3323 260 3190 3270 5718 6263 5712 260 1088 1021 1131 1356 260 1079 260 1356 1021 6251 260 6263 588 490 260 674 1695 5718 260 3323 1017 1088 5344 1357 1012 6624
4889
6179 2578 3783 5622
1377 1778 1366 843
5798 2696
2748 5206 5708
1672 2588 2241 3426 260 260 599 1572 672 260 424 1013 1131 925 1088
4330 3218
3768 3761
1011 1082 1009 1355
2405 5844
2459
1674
5402 5493 6150
3426
6801
4640 5478 2529
3229 2957 3227 2410 3460 3764 3806
5878 6803
1716 5744 260 2307 4317 260 5718 1716 260 2771 3427 4330 260 5744 2307 2152 5744 260 6505 1507 260 5744 260 1716 3796 2578 5798 260 5798 5718 1507 260 260 2578 2587 2764 4317 3310 2932 5798
6173 260 5718 5718 260 3780 6173 5718 260 3796 5718 260 260 5718 3533 3532 3829 3796 260 5718 5718 6570 260 260 5718 5502 3796 6506 5718 260 260 3532 5718 5718 260 3532
260 1670 487 1815 657
5718 3780 260 1778 6506 5718 260 260 5718 3780 6506 260
4031
4030 4029
2694 3226 2385 3788 2173 5478 2198 3787 2736 5215
1011 261 1080
5631 5478 260 2689 3339 3323 4625 2790 260 2313 260 1705 2790 6199 260 2790 6199
260 2277 4180 2689 2164 2759 260 2287 6506 1507 260 2193 6189 260 6263 5713 2759 3830 260 3220 2273 260 2587 2773 2575 2164 260
6250 6172
1008
5610 4231 260 6559 6559 1665 260
3034 1746 3201 2221 2935 3061
3426
5810 2808
2587 1507 260 2767 3357 260 2587
5666
2883
4031
5404 6943
260 1357 1021 1093 3323 6263 1507 260 5712 6251
