4029
2796 2736
4030 4526
4029
4029
4016
1656 4029
2905 4003
2905
4030
2918
4029
4030
4029
4526 2883
4029
4005
4030
4030
4016
4030
1660 6818 1734 5494 1664 6822 5343
4033
4030
4030
4031
4030
4173 4030
4030
4030
4030
4029 4003
6542 2848 2883
3974 4030 1656
4031
4030
1656
4030
4029
2905
4035
4029
4030
2277 2131
4040
2893
4040
4029
2446 4007 4433
4173
1656 4030
4029
4029
4005 4036
4030
4016
2850
1656
4030
4034 4029 4173
4016
4030
4030 4029
2850 2858
4029
1656 1656
4173
5814
4003 4031 4016
2893
4036
4029
4031
6801
6182 1748
