3411 4635 3765
5491 1587
3612
3612
3565 2603
3067
5515
2593
1985 1512 1926
3556
2932 3462
2593
1204 1226 1205 1204 766 378
3621
3612 3618
3615
3615
3621
3611
3612
3615
3073 5423 1480
3611
3611
3611
3611
3614
3611 3611
2978 2046
2070 5505 5778 5056
3612
230 2864 2865 4986
3614
3615
5071 1611 345 3656 230 5071 3402 1355 3068
1480
3611 2593
1611
2316
3589
5188 765
2957 2961 1551 2963 2891 2962
1612
2474 3745
3611
3877 2321 5037
2414 230
3611
983 231 1218 917 974 378 230 5069 5778 3870 5569
3612 3611
5778 5500 230 4999 2489 230 5001 3157 1355
