3785
3788 5814 5189 5643 3783 1507 1793
5619 2792 2176 2228
3783
702 2287 3552 3196 2201 3426 2264 3788
4030
4035
3203 5709 6559 3201 2578
4030 1358 1089 1008 2306
2881
6523 4267
4029
2318 345 6173 2064
3427 3258 5125
1361 1358
2881 2886
4031
4030
2880
4016 2904
2595 6255
5418 392
6199
4041
424 5093 1345
1348
5495 2313
4030
1626 814 1694
3093 6804 1507 5610 5306 4322 3381 4421 1770 2983
2881
4031
2881
2792 2881
3259 6559 5662 1747 2312
3297 3259 4783
2313 2313
2881
3427 3324
4939
1626 703 1579 1819 3293
6559 3190 1758 1507 5414 5634
4030
665 1694 440
3991
2312 5500 2736 3787
3188 2219
424 1341
3994
2893
4030
3552 3192 3553 2307 4511 3188
3978
1014 6739 5798 2270
3821 2764 2270 2736 3191
2904
2881
1341
2881
5477 3427
2881
2881
2881
2265
6504 3558
1361 1361
699 424 6565 2269 2269 6565 424 6532 699 1088 1089
3426
5494 3194 2358 5494 3197 5502 2351
5713 3868 6559 3190
4789 5478 6687 2880 5878
3978
4033
3978
4029
2881
5395 2307 3831 3815 2736 1507
5369 6504
1361 261 1341
4040
3785
843
5207 5836 2484 2530
590 670 591 666
424 2312 2281
5744 2334 6687
1015 1086 1672
4032
1480 424 1469
4016
5505 5698 2587 676 5642 3426
1733 5502 5405
3965
5847
4031
671 1572
4029
5395 5493 1752
2881
4033 4032
5203 3782 5798 5499
4030
7173 2376
2717 2193
2764 6558 3559 1507
2736 3785
4030
5814
2893
2354 3189 3821 3190 1507 2801
394 5420
4030
1016 1355 1014
6215
4029
1089 1009 1355
1006 1360
5504 2529 2534 6138 2313 3788 5503
5798 1775 379 1741 1638
3255 3782 3427 1752
2776
4118 3871 3784
2309 2851
1356 881 261 1361
4431 1698
3978
5500 5836 3195 1009
6803 5190 3546 5843 5251 5250 393 2140 5419 2270 2983 2318 3093 4421 6804 5190 3381 5843 3093 1507 4322 4421 2983 5250
2790 3805 1717
2904
4029
2575 2482 3780
2883
843 1367 261
2880
4030
2797 1345 1217 1341 2797 1217 1341 1345
2311
1341 424
2405 6099 2859 4040 2409 2858 4030 4526 4526 4040
3310 2772 4525 1507
3180 1793 6168 2312
5877
843 1341
2764 5789 260 5878 6559
588 506 665
1016 1355 1089
5879 2584 2125
2905
3357
4690
3842 260 5619 1936
1079 261 1367 1077 1348 4484 4557
260 669 589 2313 1690 1819 1629 261 1346 424
3760 3758
1361 5394 2307 6098 5496
4016
3427 2746
6184 2471 260 4299 5456 260 2544 2529
2181 5478 260 3785 2694
3426 2881
4030
1626 1819 1821 3426
260 3226 2307 2694 6223
843 1361 260
2904
3859 3243 6624
3796 5714 260 1749 2531 384 1749 5714 1782 260 3229 3546 260 5794 6503 5714 5369 260 3229
3194 3195 3254
1354 929 1341 927 1361 1346
260 1786 4484 2936 260 3533 2257 260 6624 260 6189 2164 2257 260 3533 5414 5712 260 1661 5503 6138 6173 4298 260 6199
2313
1805 594 702 2881
1794 260 5222
4029
260 3807 3789
5676
2577 1377 1341 4784 2565 6509 396
2881
3219 2587 4117 3220 2441
2204 3871 5711 6559 260 2205 6559 260 2334 3229 3182 6168 260 1937 3829 3866
3967
6193 3796 260 6559 2768 4317 3552 260 3182 6196 4431 260 4320 4431 6196 3553 260 6685 6196 6683 5877 260 5497 2733 2181 2983 4298 6684 6209 3603 260 260 6508 6683 5405 260 2183 3189 2349 1507 260 1970 2350 3803 2665 260 6209 6228
4033
1184 1728 260 1189 1728
2575 260 2694 4783 5083
2478 2406 6114 2973 6827 2278 3101 6136
1341 261 1367 1217
3803 5218 6208 6506 260 4424 5798 260 5798 260
4824 389
2575 260 2277 3549 5697 5878 3426 2572 4335 2277 260 2600 3426 1507 260 2584 5878 260 3426 2584 1742 2572 3229 260
2587 2932 260 260 3532 2932 260 2932 3796 2932 260 2994
260 842 487 260 1440 1356 842 1012 1345 1080 260 260 1171 1189
260 2764 2277 6506 260 5718 2280 260 2764 260 2281 260 1507 6506 6632
1793
4016
260 2746 6217 6196 2745 6199 260 4625
1743 3946 3945 4202 2665
3796 2585 260 2257 2288 260 6201 3532 3830 3796 260 2579 5160 260 5157 1935 260 3796 6508 260 1660 6508 1507 260 5744 2156 260 6508 5504 6138 5744 260 260 6263 6624 4625
6099 260 5620 2310 2152
3381
4029
4016 2901
1377 1344 1358
2193 260 5712 2194 2193 260
260 3504 506 6559 490 670 260 500 670 2205 6559 1658 3830 1507 506 1193 425 1159 3823 3829 1937 260 1727 1172 1728 2694 5205 1193 1932 260 2794 670 1670 451 260 1193 5612 260 1700 591
1639 2881
5678 3188 2424 1507 6262 2313 3548
1655
2796 6189
4030
5714 6804
6189 2261
1742 3128 1507 260 3180
4032
829 7005 2405 6956 2313
260 1021 1093 1131 1356 6251 5712 2159 1507 260 4317 260 6251 3324 5718 260 1507 6251 6263 5712
261 1341 1217 843 1361 1011 261 1367 1358
2736
3082 2568 2881 3295
4029
3427 1507 5620 1936 260
4030
6504 6509 5369
3426 662 611 1695
5160 2589 260 260 3887 3258 5610
