4286
4284
4285
4283
4283 4285
1753
4286
3618
4284
4283
4284
4286
4285
2885
4283 2065
4283
4283
4283
4284
4286
4286
2511 4285 2591
2978 4861 4283
4285
4284
4285
2614 2611 4283 2561 2591
4283 3612
3779 3068 4286
2509 2858
4890
4285
4283
2952 3425
3612
3611 3611
2886 2885 2886
2864 2957 2964 3746 3747 5051 2964 2958 2964 3747 2049 2858 2859 1831 2997 2959 2964 6032 2957 6032 2964 2964 2957 6032 2858 5146 2959 1831 5146 2859 2103 2959 2959 2858 5146
4286
2076 2076 3621
4285
4283 3741
4285
4283
3612
3611 3598
4284
2070
3618
2917 2069 2919 4627
3613
4284
3612
4283
3612 2550
5971
4284
4286
4284
4285
361
3565
3499 311
3612
2591
4285
4286
3272 4976 3277 3692
2603
2861 3390 2276 2952
2982 2923
4285
3611
1606 1939 2737
4284 4283 4285 4285 4284
2591 3621
3605 5932 4285 4283 4286 4283 4284
3617
4286
4283 3527
4284
4721
3612
2029 2859
4283
3611
2614
4286
4278 2332 2858
2614
2614
4489 2198 2234
4283
3612 984 983 4284
4286
4284
4285
4286
4286 2614
3612 2591 4283
4283
3598
4286
4286
4284 4349
3611
2738 2769 5792 1465 2463 5794 2483 2222 2464 1500
4283
4284
4285
3611
2434 5070 2434
4285
4285
4283
3612
4284
4286
3611
4286
3613
5794
4284 4286 4284 4285 4285 3552
2518 2861 2071 3096 2864
3612
4284
983 378 921 835
5418 4848 2071 1548 2442 2139 1640 2510
3611
4286
2591
2802 3746 2770
2603 2029 5093
2560
4285
4286
4313 5065
4284
1480 4286
1498
3598
3611
921 4284
4284
1412 3395 3386
3615
4284
2590
4283 4285 4284 4286 4285
4284
4284
6170 4708
4284
6039
3611
5794 5977
4283
4283 4286 4284 4285
3612
3611
3612
4284
4285
4283
4285
4283
4284
3612
2510 4890
3611
2591 3621
3615
4284
4285
3611
3613 4285
4890 3394 5562 3097 3407
4283 4284
3611
4884
2591
4286 4285
4285 2614
5880 1935 3964
3611
4283 3741
4283
4284
3614 3598
4285
4283
4283
3611 4284 2614
3029 4607 5187 2780 5184 4660 2309 4661 2076 5111
3611
4283
4284
1952 5025 1954 4145 2892 1355 4858 3067 5419
2393 4286
6032
4286
1576 2854
3598 4285 2455
6034 6034 6034 6032
4286
4283
4283
4284
2590
4284
3611
4286
4286
4286
4875 1576 4284 1500
2318 3883 2860 3394 3172
4285
4286
4285
2596
3611
4286
4285
4284 3612 2590
2590
3611
5793 4285
3612
4284
4283
4284
4286
3575
4283
3612
4284
2463
4283
4284
4283
3611
4284
1535
1939 5071
2424 3420 3440 2426 2418 3442 1972
4283
4284
2858 3445 2860 4629 5024
4283
4285
4286
4285
1496 5024 4274 5007 3444 2158 4985 1954 1952 5990 5007 3395 4274 2070 4985 311 3402
4285
4283 4837
230 2068 2494 2457 4624
4283
2591 4283
4284
4283
4285
4087
3612 4283
2591
4283
4286
5782
3612
4283
4283
1888
2591 3756
3598 4286
4284
4285
3741
4284
2515
2614 4286
4283
4283
4284
4286
2997 3405 2509 2919
5461 4284 5467
3598
4285
3612
4286
4286
4283
3611
3611
1486 3624
4284
4285
4283
3622 4935
3611 4284 3611
4284
3611
4283
4284
4286
4285
4286
3427 3170 2314 3387
4284
2113
2591 4284
3589
3611
3598
4286
4283
4286
230 1355 2309 2323
4285
1530 1413
5143
3611
3612
4283 1911
4285
4283
4285
3008 2982
3611
4285
5825 3691 3391 2426 3074 3090 1355 2861 1740
1535 4881
1530 3393 1637 593 3391 1413
4286
4283
4285
3612
3612
4284 4283 4283
3201 3612
4286 4283 4285 3598 3598 4284
4284
3170 4622 2527 4070 3172 2524 2431
1496 3067
2068
4283
4286
4283
4286
4285
4286
4285
4283
6053 1884
3565
2071 340 1476
637 1530 2071
3598
4284
2675 2899 2911 5143
4283
3611 4284 2373 3201
1419 1639 4286 5932 1419 1639
4283 4284
4285 4878
4286
4286
3614
4284
2455 3395 533 5932
3618
4283
3459 2424 3391 2509 2851 5024 1551 2318 3224
1926 3973 1518
4283
3612
3068 4278 3413
5831
4286
3612
4283
3612
4284
3612
2481
3611
3611
2463
4285 4283
5510
3201
2067 6032
2884 1935 3869 4269
4283
1466 6035 2270 6035
4285 3612
