3964
3427 6188 2578 2578 3427 3342
3978
4029
2881
424 831
2904
4029
2905
6526
4030
1579
5798 2347 3188 6570 3546 3782 2306 3189 2346 5634 2996 3256 3426 4181 3299 3305 2749 3298 6687 3190 6570 3327 5633 6570 2694 3782 5798 6137 4181 3189 5635 4191 2346 3305 3231 3298 3299 6687 3190 3298 4191 3305 3299
588 671 1572 2312
3032 4181 2944
2905 6655 2851
2385 5622
2905 4040
4029
4030 2905
3577
1658 671
2905
4029
6093 3744 1752
3427 3075
1695
4031
2881 3411
4030
2905
1716 2092 1716 1716
4826
2904
4029
4029
2049
4029
2881
4005
3195 2174 3128
3978
611 1572 660 451 660 692 4981 1629 1812 660
5878 5810 4432
703
2905
4029
4029
2881
3427
2883
4030 2140
3577
4029
4030
3254
5541
4029
1812
2905
4029
4030
4030
2792 3254 3426
4016
4016
4029
660 611 702 596
3298 4191 6819 6817 4191 3298
4112 3004 6822 4118 4120 2384 2699 6191
3427 2306
4793 3426
2306 1716 2948 5744 4430 2306 2091
2904
4031
2904
4030
3978
4029
1734 2269 5619 3227
6118
5369
2313 5495
4029
2904 4029
4029
3978 3978 3978
5375
4029
4030
2904
794
4030
2089 2092
2905 4029
2904
4029
1694 703
3471
4030
4029
4029
4029
4029
4030
3352 3258 3254 1936
4029
4029
3577
671 657 1572 1812
3985
1753
4029
2905
3789 2273 3305
1840 1135 490 594 671 1819 4040 490 670 450 1664 670 1658 671 1812 670 490 702 450
4029
4030
2905
490 588 670 490 6559 6504 588 670 2265
2904
2904
4029
4036
4030
4032
2904 3978
2904
4029
4030
4030
4030
2588 3196 5635
2313 5419 3378
2905 2905
2575
2905 3974
3259 3190 2274 1936 5559
3978
4029
2695 379 1638
4030
4029 4029 4029
4029
6196
2881
4029
4029
1717 2694 3789 3298 1660 1717 3781
4029
5698 4191
3298
