2904
3788 2306 4030 3782
2838
1812 2313
2851 6695
4029
3806 3189
4030
4005
5203 3254 3788
2578 6188 3427
4030
4007 4007
1714 4334 2484 6802
1778
2830
2893
702 665 595 2313 1752
4896 1508
6559 5218 6189 1812 2759 1695 5218
1579 1579
4029
3978
4029
2796 2736
4016
4029
494 5789 1734 1695 1579 703 1695
4003
4005
2904
2575 2193
6747 1655 1742 4030
5123 5124
4029
4029
1810 494 670 3978
6559 3807 3801
4029 4003
2881
4029
4030
3243 2792 2979 1733
4040
2240 5786 5501
6817 3191 2311 3196 2569 2663 1507 3660
4016
2881
1754 1764 6545
2881
4030
594
3194 6558
381 1667 1681
4331 3784 5879 3782
2883
4030
2888
2313
1572 669 588
4030
5663 6802 2718 5842 5665
3741
2881
5789 3426 2790 6149 4651
2573 3603
2886 2079
3074 5740
2906
2881
1675 3801 2881 1782 6559 384 384 6558 1695 1782
4031
4030
2905
5206 6633 5203
4030
4030
1729
660 6504 2261 692 1810 702 702 494 660 1810
4030
4030
4040
2883 3327
1695 1579 2527
4029
4030
2663 488 3867 5164 4335
2159
1655 1734
3965
4030
5840 1733 3254
2918
6860
4029
2883
4030
3426 2694 2852 2130
4029
6114 1707
4031
4030
6767 1781 1781 6767
2085 6523
4003 4035
4030
4030
2881
4030
4526 2883
6504 2471 3784 2736
5431
2904
4031
2578
3427 2736 6506 6194
4532
3789 3190 3783 5622 3781 3194
1838 389
1794 6804 6804 1794
4030
2904
1015 1088 1021 698 1089
4005
1362 6209
4030
2883
4030
1764
4030
2704 2185 6558 6526 3784
4029
2979 3677 2280
4040
4029
3793 3219 2318
4030
6801
3813 1655 2312 4322 3549
5501 2715 2790
2193 5404 2797 1008 1355 1088
1753
4016
5404
2881
1660 6818 1734 5494 1664 6822 5343
4030
2589 2306 5478 3196 2596 5414 2313
4031
4033
2904 4040
4040
4030
3427 2792 2244
4003 4003 4003
5519
4030
4029
3978
4030
2904
4029
1716 5496 3968
2848
5620 2183 3801 2181
5695 3937 3196
2883
4541 1754 3381
1660 5343 6246
2312 4117 3784 2812
2996 2972 5878
4031
6262 5678 5622 2306 3806
4031
3788 1944 1782
3978
1700 5478 6179 3788 2175 1507 2880
1742
1716 4030 1716 1716
2736 2765 2746
703 1579 1328 1283 1838 368 1695 389
670 1572 1812
4016
2881
4029
6209 3504 5478
2905
4115 6803 2313
3978
4030
3784 3240
495 5478 669 594 495 595 703 665 669
3978
2218 2269 1649 2577 3801 2694 2468
4030
6504
424
4173 4030
4030
2883
594 1840 669
4029
4030
1729 2384
2881
4030
4031
4029
4271
2883
1825 671
4033
2156 3381
2883 4030 2850 2903 2902 3734 2852
4029
4030
674 1629 588 451 674 1629 2184 1572 660 3783 3553 661 3254 660 611 2185 2184 3128 3254 5801
4030
4016
1703 5879 4040
4016
702 588 1805 670
2881
2886
1695
5542 2533 5744
3978
3980 3864 4016
3551 3871
4029
6542 2848 2883
2881
4016
4029
2174 2175 1700 2265 1507 6624 3532 5218
4429
5794 6804 3226 3226 5794 6804 1507 3226 6804 6803
3931 2985 3195 2163 1655 3600 6559 2194 3298 5709
2756 5432 2756 1572 1133
1667 381
4030
4029
4030
4016
4016
3327
4030
4033
2313 5218 2164 2699 5695 1810 2257
2228 2313
3978
4016
4030
1341 1361 261
4031
4859
2307 3256
4016 2904
2881
3243 5678 5695 4117 1840 657 593 595
3978
2904
4030
1695 1579
3427
1695 670 1658 1629
5627 6793 6822 5478 2668 5622 6199 2384 2972 3186 5642
2575
6525 2306 2746
4003 3577
260 3122 2772 260 2772 2801 1361 3262 1015 1131
1507 3426 586 3806 1642 5714
1819
2307
3980
4029
6173 1008
1642
2883 4032
3788 5494 2313 1133
4030
3781 2244 2957 3199 1660 3293 2575
4030
4031
4030
4029
2881 3402
2852 2851 2881
4031
4003 4031
1747 6168
4029
2696 1812
5814 5814
4029
2881
2905
4029
4029
4030
4030
4030
3195
3991 3254 1655 2261 1133 1935
4029
4029
4030
1367 3796 261 1346 3218 260 1348
4030
4035
4040 4030 4040
2575 5877 260 3758 5504
4030
3335 4040 4526
4003 4034
1507 2774 5810 4525 424 1341 261 260 2405
4030
424 927
4029
4005
703 588 594
4029
4030
1782 384
843 1217 261 424
2886
5713 4525 5810 2530 379 1661 1638
2277 2131
4030
4032
4029
3346 4322 5188
4040
4030 2881
4030
2886
5664 5809 6822 6822 5809 2427 2408
3743 2840
6098 1646 260
5499 1705 3782 5478
2125 6199 1700
4030
4040
5620 1699 5619 1683 5617
4030
4029
4030
6802 5714 1794
3258
4029
4029
4030
4041 6096 6107 6100 2478 6098
2446 4007 4433
1733
1361 1341 261
1936 2313 1708 5619 260 260 5214 5619 1936
2148 2736 260
692 594 657
2904 2482
6251 260 6173
4173
1656 4030
2307 2193 260 3806
261 1005 1358 261 1346
4030
4032
260 6506 2577 5500 2736
3226 3227
4034 4029
260 5405 6504
4029
4040
4005
4036
5369 424 1089 1356 5502 1016
4029
4029
1695 368 1272 389 1325
4040
4030
1752 6558 1753 6558
2883
4030
2883
4029
424 699
5496 6527 3300
4030
4029
4029
4031
3357 6527 5634 3356 6527 5634 3356 2579 2579 6527 3199
2227 4163 4164 5163 5162 5542
1810
843 261 424 1341
4029
2530 3546 260 2531
4029
2850
5676
1217 1345 261
4030
4030
4029
6199 4625 6194 4479 260 6624 3532 6209 1362 6194 5642 260 1507
4032
1579 1658 490 670
1697 703 1697 703
5794
5503
5344 594
2881
2307
4030
4030
3603
3472
261 1012 424
4033
6800 2529 702 5414 490 2523
2632
3427 2193 1694 1579 1694
4033
4030
4030 4029
1341 1361
4040
2918
6801 6222 5501
6222 3474 2471 2349 260 2764 6508 5744 260 3199 1970 3426 2471 2280 3474 2471 260 1507 6222 6822 260 6222 3426 2471 6817 3552
5696 5878 2792 3781
4030
4784 3561
929 1012 1021 260 1357 930 260 1021
4031
4016
1664 5810
3785 3189 6508
4029
3985
3978
2888
2231
4033
4030
1828 1695 1729
4029
4029
2858
5092 3244 1714 5448 3219
2881
4030
4030
383 1680
2311
1649 260 6683 2584 6527
4030
5259 5258
260 4427 6506 260 4480 2193 4478 1507
3989
5501
1656 1656
3182 2694 2311
4030
3561 3793 4116
2849 2838 2881 2845
1362 6209
1082 1008 1355 1131 1011
5414 6209 260 3179 260 2994 2938 3532 3533 260 6195 260 3533 260 2932 3179 260 3532 260 3532 2959 260 3533 260
2313 1677 1680 1680
1728 4317 3218 5222 260 1182 4317 1673 260 1728 1181
4298 6196 1778 6196 5877 260 2277 1507 3450 4269 260 6189 6196 2277 6209 2280 260 6196 1362 260 2277 5877 4625
3796 1935 260 2575 260 2932 5634 4317 2736 1935 3796 260 3357 260 2718 2699 260 1507 2587 3459 260 3546 2718 6506 3339 3357 2164 2164 260 3339 5698 1507
2578 2596 260 2589 2572 1507
6801 3789 4029
2851 2901
260 3548 4785 3828 4783
2865
4029
2568 6690 260 2713 260 3182 3182 260 6558 1507 6817 260 2269
4029
3994 4016
2904
3801 2736 2773 2576
2764 2226
3974
2883
5478 3784 5622
5814
3978
2193 4793 1753 4040 3806 5161 1754 1507 6559
4030
2313
2699 261 3601 6506
4030
4005
4029
261 1092 1009
2794 260 5478 6252 260 6252 2794 260 2794 5504
4029
3552 1507 3179 260 2689 260 3179 1932 260 3178 1507 3342 6199 5714 260 3357 2288 260 3532 2161 2959 2932 260 6624 5207 260 3357 3130 260 2932 3019 3357
660 1572 588
4030
4016
1333 368 1272 1695 1318 1227 368 1272 1695 1812 1840 656
4003
4191
4016
4036
6528 5810 4035
4016
2310 2736 2578
2893 2136 4032
2904
4003 4029
4030
4029
1753 2313
3978
4031
1741 1749
6804 5476 5714 1507 5714 6804
593 2273
4030
3195 586
4040
2582 2765 1717 1675
4029
3194 2270
2965 260
5692 5692
4029
4005
3270 1507 260 4317 6251
1084 1011 1346 1082 261 1355
3985
2148
3953
1625 4433
4030 4030
2904
4029
4030
2881
4029
5497
2695 2696 6728 2696
4016
4029
4030
6756 260
2575
2906
4029
2881
2313 1819 5093 703 1694
3577 6545
1695 2313
4029 2880
3859
4016
6558
1797 3333 5789 6251
4030
260 3450 3552 260 2943 2944 261 4164 3450 3553 2943 3552 260 4164 260 3450
4030 4016
4029
3226 260 3829 6559 3226 3829 6559 260 3831 260 3796 6559 3796 260 6559 3830 1010 927 1355 261 1088 1010 1355 1361 1088 261 3052 3859 260 1361 261 1088 1010 1355
3831 3459 3186 2319
260 5708 6095 6096 2320 5708 1507 6095 260
1507 3270 260 6827 4317 260 1507 6251 3270 4326 260 1507
4030
2313 260 6222 5810 2313 6222 5810 260 6222 5810 2306 261 5810 2306 260 6222 6222 5810 1507 2306
424 261 1012 1341
4030 2850 2851 2883
4450 1640 5797 2313 2790 260 3563 2576 3293 260 2579 6801 1717 5306 260 2736 260 1640 1717 5501 260 4525 6822 6820 6801 2193 2694 260 6820 1640 6822 3887
4030
2152 260 2147
1734
2812 1341 1348 3427 1367 5504 1642 843 1159 2590 1184 3427 1189 2565 2194 1642 3427 6626 2193 1507 6565 3186 5160 3182
6151
800
5713 260 5671 3342
1362 5710 260 6209 6801 260 5622 2774 3426 260 6209 2168 260 6196 6208 2959 5622 260
2970 1716
5677 261 588
3818 3782 2310 1731 2696 3196 2306 3220 3219 2310
3219 2184 3561
260 6194 5511
3130
6182 1748
3426 3199 2164 6682 260 5789 260 2164 1507 2577 4164
260 3323 1507 3324 5714
3978
