1008 2585
4030
3785
3964
3788 5814 5189 5643 3783 1507 1793
4030
2589
4029
588 2736
4030
2588 2893
4005 402 402
4030
3783
3427 6188 2578 2578 3427 3342
2905
658 1572 594
2905
2850 6203 2883
4033
4030
2193 5794 2812
4003 4035
2870 6693 4528 4449 4533 3737
4029
4033
3978
3552 3196 2201 3426 2264 3788 702 2287
4030
3215 4319 3298
4031
4030
4035
4029
3203 5709 6559 3201 2578
4030 1358 1089 1008 2306
5478 6624
2905
2736
4036
2881
6523 4267
4029
4029
4029 2904
2905 4535 4526
2881
3196 4005 3426
2286 588 670 1840
2318 345 6173 2064
424 831
3427 3258 5125
5740
4030
2904
4029
4029
3978
4030
1656
4005
1361 1358
4029
2881 2886
2905
2905 2905
4030
6526
4029
4029
4030
4030
4031
4030
2880
4030
4029
4029
5635 3831 3840
4029 4029
4016 2904
1714
2595 6255
6559 5387 5407 1773 1764
2905
2185 2270 3788
4029
4029
4029
5879 1793
586 1810
4030
4029
4029
4036
5418 392
6199
1006 1088
4031
4040
4041
2840
2904
4036
424 5093 1345
1348
4033
5879 3805 5713 2796
2905
3266 2261
2905
3785 3788
4029 2881 4030
1088 1021
4033
4030
1626 814 1694
588 671 1572 2312
6802 2169
586
3305 4191
3093 6804 1507 5610 5306 4322 3381 4421 1770 2983
2881
4030
4031
3032 4181 2944
4030
4029
6559 2592
3978 3978
3978
4030
2126
2905 6655 2851
2905
2313
4030
1752 1708
4030
4029
4032
2905
2792 2881
2905
4029
3259 6559 5662 1747 2312
3226 5708 2306 1572
3297 3259 4783
2385 5622
3825 6504 5663 4115 5789 2306
4030
2905 4040
2313 2313
4029
2881
4003
4030 2905
2905
6504 2312 1707
2904
3427 3324
5617 5712 5218 1655 3427
1579 1626 2589
4939
4029
3577
1626 703 1579 1819 3293
6559 3190 1758 1507 5414 5634
4030
4030
665 1694 440
3991
4029
2312 5500 2736 3787
4003
1972 5515 1972 5515
6114 6135
3563
1656
3188 2219
2847 3215
4029
6767 1781 6765
4030
3994
4030
4003 4035
4030
4036
4029
2893
4030
3991 2136
4029
4030
2893
4029
4007
3978
1014 6739 5798 2270
4031
4030
6559
4003 4029
2881
4032
2578
5810 3241
2905
2905
1341
2312 2593
2881
1794 6804 6804 1794 1794 6804
611
4005
4030
2194 1794 3191 2771 3793 3240 3188
6199 3426 2575 6194 3215
5477 3427
4029
4030 2904
2881
4030
2881
1805 586 661
4030
5708 1733 1779
2881
4029
1572 671 594
4016
4029
4016
2265
2904
6504 3558
1361 1361
4029
6523
4029
4005
4029
3426
6093 3744 1752
3969
5494 3194 2358 5494 3197 5502 2351
4029
4029
3868 6559 3190 5713
4789 5478 6687 2880 5878
3427 3075
3978
4030
4029
4033
3978
4029
4029
4030
4030
1972 2078
4030
4016
2306 5708 3012 3298 3239
1695
3801 3785 2270 1507 2721 3199
4344
4040
4016
4003 4003 4003 4003 4003
4035
5395 2307 3831 3815 2736 1507
4029
4016
4029
3978
3978
4030
5369 6504
4344 4030
4032
4016 2796 1507 2578 2307 5174
4031
6760 2905
2881 3411
1361 261 1341
4040
3785
4005
2354 5842 5511 3381 5622 3782 1507 2905 1754 2092
4029
4030
4016
4030
2120
3871 2965 2306
3969
843
4016
2905
3978
4586 1579
4029 2901 2593 6122 6136
4032
4029
5478 1507 3788 2190 5203 1700
5207 5836 2484 2530
2881
590 670 591 666
4029
1716 2092 1716 1716
4029
424 2312 2281
4033
5478 2881
4826
4029
1936 3560
1812 702 671
5794 2765 3829 3817
2312 2277
4029
2904
2904 6817 3229
5744 2334 6687
4035
1015 1086 1672
2905
4032
1480 424 1469
4029
595 2905 2332
4016 4040
703 1840 665 595 1840 665 1812 703
4016
5505 5698 2587 676 5642 3426
4429
3295
4029
4036
3965
2883
4029
4029
4173 4032
4016
4030
4031
670 594 488
4005
3804 4621
4029
2881
4040
4030
671 1572
4029
3226 2312
4030
4005
3195 2174 3128
5395 5493 1752
2715 3191
2881 2883
4030
4030
3978
611 1572 660 451 660 692 4981 1629 1812 660
5878 5810 4432
4033 4032
5203 3782 5798 5499
2893
4030
4030
7173 2376
703
4029
4029
2905
4040
4029
4029
4030
4030
4036
2764 6558 3559 1507
703 1579
4029
4033
4036
2736 3785
4029
2893
3427 3226
2881
3741 5706
3427
4029
4030
1675 2979 6760
4005
4003
2904
4030
2883
1579 6804
4030 2140
5814
2893
2354 3189 3821 3190 1507 2801
394 5420
4030
1016 1355 1014
5418 392 6228 392 5418 392 2376 5418 1649
2905 1656
3577
4029
4030
3254
2905
2881
5541
2306 671 1133 594
4029
5798 5496
6215
3978
649 669 490
4030
4030
1812
4029
4344
4173
2905
2306 5513 5404 2306
4029
4016
1089 1009 1355
4032
6525 588 657 1629
4030
4030
2792 3254 3426
1006 1360
3560 5789 1828
4029
5504 2529 2534 6138 2313 3788 5503
703 3381 5493
4016
5798 1775 379 1741 1638
4031
4030
3255 3782 3427 1752
2776
5478
3953
4030
1507 2745 260 3427 5127
4016
4030
4118 3871 3784
6628 3978
4035 4030
4029
1695 1695
2905 4030
1642
4029
4029
4030
2970
3298 4191 6819 6817 4191 3298
2904
3978
4112 3004 6822 4118 4120 2384 2699 6191
1626 384 586 1782 5418 392
2309 2851
3427 2306
4030
3577
261 1361 1356 881
4030
4431 1698
1656
4793 3426
6683 1579 5478
4003
2313
4031
3978
2905
4029
4173
5500 5836 3195 1009
2904
4031
4016
2905
2904
4030 2883
2790 3805 1717
3427
2904
4029
6803 3797
2575 2482 3780
4030
3978
4029
2881 6121
2904
4030
4030
2130 2905
2475 5692 2472 1794 2307 1794 6808 5692
3978
6525 2589 4016
2883
5369
4376 3231 2696
4030
4030
2313 5495
4029
843 1367 261
4029
6122 2085
2880
4029
2904 4029
4029
3978 3978 3978
4030 4029
2904
4029
4030 3612 6801
4030
2905 4029
3408
2904
4030
794
1656
2904
2797 1345 1217 1341 2797 1217 1341 1345
4034 4003
2904
4030
5251 1507 3883 3121 2091
2089 2092
2905 4029
2311
1341 424
4040 4029 4030
4344
2405 6099 2859 4040 2409 2858 4030 4526 4526 4040
3310 2772 4525 1507
4029
2905
4029
4005
4029
4030
588 594 4870 5717 1714 6559 607
3180 1793 6168 2312
4029
4030 4088 1664 5477
4030
2904
4029 4532
4029
2886 2883
5599 4030
5877
4029
2588
4030
843 1341
2764 5789 260 5878 6559
1694 703
5478 5713 595 4030
4030 2901 2860
4029
4029
588 506 665
2881 3334 4040 5478 2881 2736
2886
4016
2905 4040
4029
2904
4030
4029
4033
1016 1355 1089
3471
5879 2584 2125
4029
6114 2901
4030
1656
4030
2905
4030
4030
4029
4029
4029 4030
3357
4029
4030
2736 2736
4029
4029
4029
4029
4690
4029
4036
1828 4016 703
4433 6801
4029
4030
4029
3842 260 5619 1936
1079 261 1367 1077 1348 4484 4557
260 669 589 2313 1690 1819 1629 261 1346 424
6628
4029
4029
2905
4030 1656
3978
3760 3758
3978
6526
3829 3871 4317 5718 2957 260 5718 1932 3871 260
2168 3266 5630 6558
4034 4029
1361 5394 2307 6098 5496
2901
4016
3427 2746
1695 1819
4030
3978
4030
3352 3258 3254 1936
6184 2471 260 4299 5456 260 2544 2529
4029
3295
4029
4030
4033
2181 5478 260 3785 2694
3956
2905
2578 2713 3559 3254 3552
4036 4036 4005 4036
2905
2880 2905
2745 4929
4030
671 657 1572 1812
4030
3985
3426 2881
4030
4031
1753
1626 1819 1821 3426
260 3226 2307 2694 6223
4029
4029
4029
6089 2595 260
4030
843 1361 260
2313 6802
4016
2904
5588 4799
4029
4030
3967
3859 3243 6624
4029 2905
2306 3558 3191 3788
2881
2579 5341 5634 6527 1741 2164 5635 2904 1690
4030
1656 5794 4029
4029
3796 5714 260 1749 2531 384 1749 5714 1782 260 3229 3546 260 5794 6503 5714 5369 260 3229
2904
1354 929 1341 927 1361 1346
4029
4031
1656
3789 2273 3305
4029
4030
4029
260 1786 4484 2936 260 3533 2257 260 6624 260 6189 2164 2257 5712 260 3533 5414 260 1661 5503 6138 6199 6173 4298 260
1840 1135 490 594 671 1819 4040 490 670 450 1664 670 1658 671 1812 670 490 702 450
1579 703 2905 5212
4191
2313
4040
4016
1805 594 702 2881
1717
4029
4029
402
1794 260 5222
4030 2881 2307 1579 2307
260 3807 3789
4030
4030
2905
2891 2883
1695
3813 5619
6172
4030
3427
1626 1828 1828 3310
490 588 670 490 6559 6504 588 670 2265
4030
2736 3195 1819 2193 1579 1694 1579 1694
2904
4030
4029
5676
2905 4005
2577 1377 1341 4784 2565 6509 396
4030 2904 4029
4030
2881
3219 2587 4117 3220 2441
4030 4029
4030
2204 3871 5711 6559 260 2205 6559 260 2334 3229 3182 6168 260 1937 3829 3866
3969
588 1828
2904
4029
1658 502 261 660 1840 1810 1812 260
4036
4030
6193 3796 260 6559 260 2768 4317 3552 3182 6196 4431 260 4431 6196 3553 4320 260 6685 6196 6683 260 5497 2733 5877 2181 4298 2983 6684 6209 3603 260 6683 5405 260 6508 260 2183 3189 2349 1507 260 1970 2350 3803 260 6209 6228 2665
4032
3426 2773
2904 4029
2904 3978
6196 6624 260 3532 3532 3270 2161 260 3427 260 2161 3323 2306 6624 260 1012 1440 1094 2746 6251 2161 260
1184 1728 260 1189 1728
4031
2091 2840 2850
4031
2904
2575 260 2694 4783 5083
2893 4016 2893
2904 5504 1758
5798 3784 3817 2709
4030
4030
4030
2905
2905
2472
3381
2478 2406 6114 2973 6827 2278 3101 6136
2736
4029
2881
2883
4029
4032
4029
4029
4029
1341 261 1367 1217
4040
4030
3411
4030
4029
3298
2905 4030
2312 4005 4030 4016 1673 4016 2307 2796 2168
4029
4029
588 1572 1810 1498 260 1572 1810 1498 588 1572 1825 1658 692 260 692 1572 588 1810 260
3803 5218 6208 6506 260 4424 5798 260 5798 260
4824 389
2311 2696 3219 1655
703 1792 3243
2588 3196 5635
2575 260 2277 3549 5697 5878 3426 2572 4335 2277 260 2600 3426 1507 260 2584 5878 260 3426 2584 1742 2572 3229 260
2736 4799 3256 1725
4030
3978
2587 2932 260 260 3532 2932 260 2932 3796 2932 260 2994
2313 5419 3378
260 842 487 260 1440 1356 842 1012 1345 1080 260 260 1171 1189
260 2764 2277 6506 260 5718 2280 260 2764 260 2281 260 1507 6506 6632
3971
1793
4016
260 2746 6217 6196 2745 6199 260 4625
1743 3946 3945 4202 2665
1819 1579 3558 1694
2904
3796 2585 260 2257 2288 260 6201 3532 3830 3796 260 2579 5160 260 5157 1935 260 3796 6508 260 1660 6508 1507 260 5744 2156 260 6508 5504 6138 5744 260 260 6263 6624 4625
260 2313 3254
4030
4030
2881
3381
2881
4029
6125
2905 2905
4029
4030
671 498 588
4016 2901
3298 4191
2905 3974
5708 5456 5708 2528 2269 5708 1733 5708 1733 2312 2528 5708 6251
1377 1344 1358
3259 3190 2274 1936 5559
3978
4030
4029
3978
588 260 261 5218 260 2158 5695 2193 6245 2160 1662 5798 260 5494 588 6682 5218 3426 3780 6682 5797 260 611 3258 260 5709 6682 3560 3258
4029
4016 4031 4003 4016
4030
4029
260 5712 2193 2194 2193 260
3254 260 5714
1708
4030
260 5478 2794 5478 260 2794 2794 260 5478 5478 2794 260 5478 260 2794 2794 260 2310 2794 260 2794 260 260 2794
4029
2246
260 3504 506 6559 490 670 260 500 670 2205 6559 1658 3830 1507 506 1193 425 1159 3823 3829 1937 260 1727 1172 1728 2694 5205 1193 1932 260 2794 670 1670 451 260 1193 5612 260 1700 591
3978
4030
4003
4034
5633
4029 4029 4029
3782 2313
4030
4033
4016 4016
2313
4029
2881
3985
2561
4036
2905 3015
2766
2136
4030
1639 2881
5678 3188 2424 1507 6262 2313 3548
6196
2796 6189
4191
6818 5709 3298
4029
6978 6977
5877 703 1579
4029
4030
4030
2265 3459
2881
2577 3298 4191
4029
5617 3547 5714
5714 6804
6189 2261
4030 4040
2905
1812 3199 3196
4031
4030 4029
4030
4029
3298 4325 2893
4029
4029
1742 3128 1507 260 3180
1717 2694 3789 3298 1660 1717 3781
4029
2736 3195
4947
4032
1794
829 7005 2405 6956 2313
5692 5692 5692 5692 5692
4029 4029
3978
2587
260 1021 1093 1131 1356 6251 5712 2159 1507 260 4317 260 6251 3324 5718 260 1507 6251 6263 5712
261 1341 1217 843 1361 1011 261 1367 1358
5692 5770
1579 1695
3973 2891
2736
3082 2568 2881 3295
6628
2584 2587
4029
3427 1507 5620 1936 260
4029
4033
4030
2883
3298
4029
3866 2590 3229 2759
676 260 1694 703
2699 2736 1717 260 2702 2696 260 2694 6687 6687 260 2694 6687 2694 260 5622 6687 2194 2193 260 2694 260 6687 5622 5634 6687 260 5635 5633 260 6687 5622 2694 5695 5622 6687 260 2694
6504 6509 5369
4029
3985
3978
5672 2158
3051 2982 3019
4029
5494
4283 2273
2905
5698 4191
4030
3298
4029
3229 3229
4029
2905
4036
3426 662 611 1695
3427
5160 2589 260 260 3887 3258 5610
4040 4023
3553 260 3450 2159 260 5695
