4285
4283
4284
4286
4286
3565
3615
3591 4286
3565
4286 3612
4285 3615
3611 4285
1548 5027 2859 2927 3184 1615
1639
4285
3598 3598 3598
4284
3394 1944 3395 2140 1945 3391 2314 5932
4286
3611
4283
4285
2615
4284
4286 3591
4284
2603
3565 4286 3565
3180 3262 3041 2489 2110
594 549 434
4283
3590
3611
2920 4633 5776 4618 2916 3612 4283
2997 3068 2317 2317 3068 2997 4283 3068 2997 2317
3598
2614
2591 3612 4858 5510
4284
3598 4283
4283
3615
3469 2069 2997 2859
2416 3393 4624 2891 3388 2314 5218 2314 3391 1955 1956
4284
4285
3611 4284
4283
2591 3612
4284
1548 2891 5058 2892
3621 4284
4284
4286
2615 4285
2591
4286 1466
4283
4284
4283
4286
4283 3587
4285
3611
4285 525
2068 4988 5055 2428 2982
4284
2590 2591
4284
3612
3613
599 636 533 599 532 1634
2591
4285
4285 2614
4285
4285
4286
4286
4285
4284
3612
4283
2615
4286
3068
3587
3612
4284
5435 2316 2320 4821 4286
1530 533 4618 5056 5825
4286
4283 4286
4284
2071 3883
4283
2070 3388 4285
3388 3467 5066 637
1637
4285
2870 2657 6049 2863 4752 2510 2903 2887 4751 6049
4285
4286
5440
4284
4285
3554
3598
4283
3565
4286
1586 5494
2559
4285
2076 2904 5558
4283 3612
4285
3611
4284
3612
4283
4284
4285
3611
4283
637 1530 1741 2923 6025 637 1530 1568 1530 4286 1568 3883 1530 441 4285
4286
4286
3587
4285
4283
3565
4286
1637 1413 4284 1652
4286
3621 3741 4284 4283
2591
4286
3611 4055
3612 4284
3611
2614
3613 2614
4285
4284
4285
4284
4285
4285
2484 2049
3611
4286
4284
4286
3007
2615 4284
4286 3612
3611 2578 3587
3612
4283
4286
4286
4286
3083 2904 2858 5927
4284
4285
2614
4283
2591 3621
4285 2614
1227 231 765
4284
2591 3612
4283 3598
4285
2232 2232
3611
4285
4285
4286
4283
4283
5073 3395 2919 2868
4285
3612 2591
3612
4285
4285
4285
3615
3612
1207 1222 1203
3612 4285
4285
3611
4286
2894 2865 3412
2614 4285
4284
4285
4284
2615 2591
3598
3614
2591
4285
4286
3613
4285
1203
4284
3601
5071 4884 5825 5067
4286
3611
4858 3612 3411
3613
3615 3201
1973 3391 1974 4858 2863
4284
4284
3617
4284
3611
4286
4285 4284
4283
4284
4283
2136 6034
4285
4285
3611 4283
4283
2603 3621
4286
4283
4283 4284
4285
4283
4286
2808 5930 532 3390 3693 4795 2065 3698
4285
3612 4285
3171 3185 4861 4576 2808 4988 2439 4983 1501 2507 3222 2065
3612
4286
4283
4285
4283
4285
4286 4286
3618
4285 3611
1543 5058 2028 2919 5146 3393 5058 3437 2917 3437 3413
2591
4284
4283
3591
3611
3605
1595 5147 1626 4283 1595 2591 1587 1600 2560 5814 1906
2864 3394 2859 2417
3611 4286
4285
4286
4285 3622
4283
4285 3591
3565
4284
4285 3614
3347 3612
2593
3611
4284
3618 2615
4285
4285
4283
4283
4284
4283
4285
3612
4285
4285
2455 4286
4285
3612 4285 2591 1622 5220
632 984
4284
3611
4283
2596 4283
4283
4285 3611
4283
6032
1932 5985
4285 2070 2070 2070
3565
4286 4285 4283
4285
4286
3598 3598 4286
4285
3611
4286
4285 1612 1508 1203 1203 1237
3883 2920 3459 3390 5220 3883 3883 2920
2076
3615 4285
4284 4284
2614 4336
4286
3589
2231 6034
3068 3068
4285
3612
4285
4283
4286
2603
5038
4045
4285
4285 402 4286 532 4283 439 1648 1652 4284 4432 2071 915 378 633 983 1777 2438 921 983
4286
2591 4283
4285
4285
4285
4284
4286
3741 3612
3565
3611
2614
3612
1331 1282 1280 1334
3611
4284
3565
4284
5467 2591 2591
4283
4285
3754 2955 3755 2964 3754 3755
2603
2591
4285
4286
5040 2999
3621 4285
4286
4283 4286 4284
4285
3621
4284 1025 2510 1927 2591 604 2489 4046 1639
4285 3612
1585
4286
2591 2591 3621
4285
2615
3611
4286 3612
3613 4283
3612 4283
4286 2591
5007 5007 4284 4283 5007
921 5510 5825 3746 1530 1494 402 5825
3615
4285
4283
4286
2614 4286
4283 3565 3565 3565 3565
4285
603 526 1413 2065 3176 2859 526 603 1025 605 1413 526
4285
4283
4285
4285
3613
4285
6033 4629 5065 4622 6033 6033
4283
4283 3612 2615
4301
2591
5907 5809
4285 3598
1355 4607 3964 6032 3394
3621
4285
4285
4284
4286
4285
4286 3598
2596
2762 2778 3763
4284
4285
1985 4490 3697 2670 2431 5135 1939 1985 5066 2431 5135 4490
4285
4285
4283
2431 4801
4285
4046 3621
4283
2578
4286 4285
4286
4285
5426 5073 2329 2595
2591
4283
2024
3598
3434 4268 5028 2313
4285
2325 3694 4285
1099 2431
2615
4286
4284
2893 3067
3612 4283
4286
2071 4629 1601 1543 2859 5025
3067
3612
3612
4284
4283
2614
4285 3611
2591 4283
4283 3611
3612
4283
4285
3598
4285
5907
1906 1867 4946 1551 2611
3611
4285
4286
4286
3612
3611
3053
4285
3611
3612
3612
4284
3621
5505 1590 5825 3394
2077
637 1419 1466
3611
3115
4285
4284
4286
3613 4285
3613
4285
4285
2394
3612
2591
4283
4285
3621
4285 3617 3617 3617 3617 3618
4285
3611
3612
4286
3611
1646
4285
3612
4285
4283
1493
2603
4283
4284
1493 3611
2393 5141 2865 3692 4766 1355 2436 4285
1540 1540 2488 2614 3657 6259 3494
4286
1478 2071
3611
4284 3598 3598 3598
637 1530
3613
4285
4283
4286
3612
4283
3587 3616
4285
4283
4283
4285
4285
4283
2222 2986 4286
3612
4284
3612
3612 4284 3411 2855 2854 2850 2893 3697 3444 2234
3067 5792
4285
4284 3621
4284
435 4575 3692 5150 5830 3692 1742 2331 5152 2324 5058 4575 3735 3464
4285 5431 4284 3621 4283 3598 3598
4285
4283
3613
4285
3612
4283
4285
3612
2615
2514 2513 2514 2067 4286
2918 3173 5071 3289
447 1025 525 606 2426 532 605 1639 1025 2068
4286
4284
2193 3391
4285
3612
3612
4283
4283
3611
3883 2886 3436
2591 3405
2578 4283
4284
3611
4286 4283
3614
4285
3611
4286
2328 4284
2276 4283 2177
4285 3611
4284
2591 4283
4283
3612
3613
4285
3617
4283 4928
3435 3419 3172 2859 1548
2431 4883 5778 3184 2894
3611 4283
1907 2612 2982
3613
3565 4285
2510 5220 2028
4286
2859 4794 2861 1926
2591
1575 5552 3694 2325 3698
3612 1587
2218
2894 2560
4285
3611 2603
3622
3612
3611
4283
4285
4285
4286
3615
2315 2344
4283
4283
4284
651 722 721
4285
3612
5189 1578 2071 3172 3170 1558 4874
4284 3614
4285
4286
4286 3611
3612 3346
4283
4284
4286
4283
4286
4285 2614
4283
2455 4884
4283
4283
4285
3589
4285
4286
4285 3598
3618
4283 3612
4285
4285
2591
4284 3598
4286
1901
3589
4285
4285
3612
2509
3171 5794 2455 4286 435 4274
3591 4284
4285
4285
3612
3390 5025 3090
4872 5418
4285
3618
3611
4283
3611
2305
4319 4306 2691 3944
3621 4283
3565
4283
4284
3612
4285 3611
3611
3073 4766
3612
3613
2431 5027 3405 1956
4286 4283
4283
3612
4285 4284 3612
2591 2560
4861 4274 4285 3394 2517 5825
3612
3611
4283
4283
4286
4286
2614
4286
4285
3611
4285
914 2029 1210
3622
4286
4285
3611
4285
3612
3612
2509 4286
4283
4285
4285 4284
4285
3615
4283
3611
3612
4283
3612
4286
4285
3612
4283
4285 2071
4284
3405 4882 3395 3184 5155
4283
3612
4283
4285
3561 4285
3622 1520 3073 3976 3073 3976
3068
3068
4286
4284
4284
835 983
4284
3611
3612
1530 3068 1655 2071 1655 1643
3611 4285
4285
2077 2455
2615
4283
2591 3565
2614
4283
4284
6035 1623 1623 6035 1623 6035 6035 1623 2614 549
4283
5825 2329 2064 4284 1585 2393
4285
3612
4285
1920 2193 5418
4286
4285
4285
4286
4286
1623 2069
3612
3621 2591
4285
2857 3769 1742
4283 4284
591 526 1494 1025 603 434 604 437
4284 3598 1348
5218 5826 1623 4285
5071 5146 5157 2455
3611
3589 4286
4286
4283
3611 4284 3611
4285
4285
4283
3598
4285 4283 4283 4778 1595 4284 3577 4285 1587
4283
4284
3590
4285
4285
3621
4284
3611
4283
3612
4285
4284
4285
5790
3611 4285
3613
3620
3611
4285
4286
4285
3612
4284
4284
4283 2596
4286
4284 835 915 1355 2679 2139 3170 2314
4284
4286
2070
4286 4283
4283
3612 3611
4284
4820 1550
3575
4285
4283
4285 4283
4283
3611
4284
2628
4284
4286
1508 4882 983 915
4284
3612
4283
4985 2325
4285
2071 5978
3435 3698 2865 5141 4045 3068
1612
1493
4284
4285
4286
4285
4284
4283
4285
3613 4283
3615
4283 2982 2865
3612
4286
3612 4284
2587 1558
4285
3612
1530
4285
5146
2437 2884 3388 2455 2886 2234 3391 2326
1550 1601 1870 3462 1586
4285
4285
4285
4285
3611
4285
4286
2866 2114 4884
4284
3612
4285
3611
4285
3611
3612
1488
4283
2591 3614
3612
2069 4708 4285 1622
4283
2489 1355 5826 3464 3413 5826 1500
1576 2455
4286 3617 3617 3617 3617 3617 3617
4284 4873 2614
4284
3201 1873
3615
4285
4283
2614
3565
4284 3561
3618
4285
4286
4283
3611
2614 4283
4285
6053 1496 6051 3880 5156 1568 3877 4881 1500 2317 5131
4286
3598 4285
1500 2891 6032 3067
2614 4286
4286
4283
2583
2614
3611 4284
4285
3565 4283
3611 4285
2903
5794 2313 5978
3598
3612
5907
3612
2707 3620
4283 4284
2662 3459 5825 4879
3613
4890
4286
4285 2614
4283 3614
1609
311 4036 4898
4285
4284
2615 3621
5065 1413 4633 1601 605 526
4285
4283
3394 5794 3027 347 4876 4283
5794 2314
4285 4285 4285
526 231 626 601 435
5220 4794
4457
4286 3611
4285 2614 5884
4286 4283
4285
4285
3598 2591 3612
3611 3611
4286
3621
3613
4285
4285
3587 3587 3587 3587 3587
4284
3611
4284
4283
3611
5189 5146 2141 3691 2317 2863 1945 4512 2865 3394 4624 4268 5218
2591
4285
3621
3611
4283
3613
4283
4284
3611
4285
4283 4285
4284 6051 1940 3612
3587
3612
2076 2329 2885 4858 2328 2329 3882 5033 3693
1506 600 1532 230 1466 2314 526 1634 449 231 1495 4869 2418 230 5218 2323 912 2418 1355 1219 231 840
4284
4284
3611
4284
2591
3612
5143 1476 340 908
4283
4283
3615
3591
4286
4286 3612
4283 4284
4283
3615 5965 5965 5793 4284
4283
4283 1576
4286
4286
4283
4283 3611
4286
4284
2591 1550
4283
4285
3615
3612
3611
604 604 1639 453 1639
3618
4285
4285
3621 5808 4799 3971 2596
4286
4286
4284
4286
4592 4009 3369
4283
3611
4285
4285
4285
4284 3612
2591 3053 2593 2591 4286
230 2918
3612
3611
3611
4285
4056 1587 4286 3841 4284 5143 3834 1595
2614
4283
4283
4286
4285
4285 3612
2555 2603
4283
4284 4285 4283
4285
2591
2614
4286
4283
4284
4286
2615
4284
4284
4283
4283
4284 4285 4286 4283 5428
3621
2614 3612 3612 4286 525 1025 603 591
3613
3611
1530 1639 604 626
4283
4283
3612
3611
4283 4284
4285
4283 2614 4286
3882 4890 4983 2032 2859 2860 2438 3395 6032 3388
4285
4286
3614
5978 2860 2474 3068 2437 2865
3612 4950 4967
3611
4283
3611
4283
4285
4285
3611
4283
5138 1530 2064
4284
1535 4618 1355 4858 3419
4286
4283
4285
4285 2417 2158 2222 5568 2232 2071
4283
3393 2482 5825 2218
3612
1550 4284 2591 1550 1550 3612
4285 4284
3616 3611
4283
4284 2070 2070 1652 1494 437 1494 2988 605
3612 4283
1606 1481
4286 3598
4286
4286
4283
4283
4284
4285
2064
3611 4284 3598 3611
2548
3201
3462
3612
2615
4283
4283
4284
4285
604 636 524 4286 4283 604 1639 1634
4285
4283
3612 4285
3611
3552 4283 3598
3612
4821 1865 3073 3598 3598 5157
3616 3611 4283
1891
3611
3611
4285
2560 5440
4285 2894 2077 3459
2455
2614
3611
4285
4286
3612
3612
4283
2590
2591
2591
2615 3611
3615
5146
3614
3687 2997 1355 5038 3693 3175 3068 2391 3413 3394 6034 2065
3598
4286
534 437 1652 4284 604 583
4284 4284 4286
2614
4285
4286
4283
1585 5409 4283
3616 3618
4285
3611
629 620 1081 624
4284
2614 4284 4283
4286
604 447
4285
2029
4285
4283
4285 4283
3590
4286 4521
4285
4285
4286
4285
3611
3612 4284
3611
4285
4283
4283
3621
4283
4284
3612
3611
906 911
4284
4285
2234 2070
4285 3611
3565
3611
5065
3613
3618
4284
4285
3612 1419 533 442 599
3930 4283
4285
1558 2808 2070
3565
4283
4286
4284
2614
3611 4283
1511 6038
3612
4284 4283
3543
4284
2598
3565 2591
4284
4283
4283
4285
2424 2916 3394
3612 3598 3611 3598
4284
532 626 608
4283
4285
4285
1219 911 983
4285
3612
4284 3598 3612
4285
4283
4283
3612
4285
3612
4284
4283
3621 4940 2573 1576 1767 2544 3621
4283
4284
909 906 984 1219
4285
4283
4286
3622
4286
3611 3612
2317 5058
3598 4284
3611
4793
4286
4283
2524 2916 2744 2329 1929 2886 4857
2555
3565
4283
4286 4286
3621
3567
3029
4283
3612
4284
3612
3612
4286
3586
4284
4284
1550 4893 4766 1926 5826
3612
4285 3618
2598 4283
1516 1770 1995
3612
532 1530 599 604
3589
4284 4146
2270
4284
4284
4285
4285
3615
4285
4283
4283
4285
4284
3611
4285
3420 2864 2885 3882 2069 3693 3390 5218 3427 5932 4857
3611
4283
2957 4283 3621 4792
4285
3067
3612 2614
4285
2020 2418 2916
4285
2596
4285
4286
4283
4286
3611
3565
4284
3158 4874
3618
4286
4284 3598
4285
4625 4624
3611
3611 4285
3613 5037
3611
4283
3621
4283
2396 3434 2886 3185
4283 3611 4284
3611
4284 3598 3598
2076
4285
4283
3598
3201
4046 3612
3612
4284
4283
3933
4285
2603
2114 4285 2114 4286 4283 4284 2806 3068 2115
3612
4284
1742 6049 6053 3273
1102 231 765
230 5510 5825
4286
1896 3612 4285
3612 4286
1860 2560
4285
533 1530
4285 4286
3611
4285
310 1577 1929 1211
231 1207 1208 4623 230 2324 231 1203 1207 1203 1226 231 378 765
6035 3459
3611
4285
3440 4795 4878 6048 4618 2442 4284 1355
4285
3615
4283
2314 4285
4285
4285
3611
3611
4284
636 526 3029 4095 2418
604 1652 1025 439 533
3618
4284
4286
2603
4286
4286 437 595 403 330 1185 1664 1143 594 403 1952 2916 1626
4284
4283
3612 2591
3620
4285
4284
3613
3612
4286
4284
2591
3598 3598 4283 3612
3612
3612 3612 3612 4286
3611 4286
4283
2857
3612
4283 3598
3611
4285
4283
4285
3612
4283
3618
4285
4285
4283
4284
3612 4283
2614 4285
4284
4285
3612 3618
4285
4283 3612
4284
1518 2331 230 2997
3565
4286
4284
4285
4283
4285
3615
3565
4283
4283
4286
4283
3621
4284
765 378
3172 3402 230 2509 230 2004 5825 2271
3611
4285
2169 2176 2169
2511 2568 4964
4285
4286
3611
4285
4284
3570
3618 4283
3566
4286
4284
4285
4284 4284
4285
4283
3591
4283 3611
4284 4285
4286 4284 4284
2615
4283
4285
4284
4286
4284
4285
4286
4283
4285
4284
3621 3338
3612 3741
2455 2065 6032 549 4284 2891 5008
4285
4284 3611
1535 2322
4286
4284 3611
4283
3613
2591 4286
2591
3590 4285
4286
4285
2916 5138
2614
4286
4283
2614
4283 1419
4283 3613 4285
4283 4286
3541 3051
4283
4286
4285
3598 4284
4286
4283
2455
3598 4284
2591
4285 4286
3615 4283
3612
3611
4286
4285
4286
4285
4284
3611
4285
3615
4283
4286 3612
3611
5181 5510 230
4283
4283
4285
4286
3068
2865 5826 3465 1355 1646 1534 3176 2864 3387 3177 3464 1534 1355 3387 3465 3176 1534
2865 2868 2426 5982 5792 3388
4284
3611
3612
3598
4285
4286
4285 2591
2416 5826 3391 4629
4283
4285
4286
4284
4285 4285
4284
4285
2590
4286
3394 2455
4283
2065 2313 3964 3521 2474 2309 4591 3180
4285
4046 2567 2591 3612
4191 4284
4283
4284
4283 4286
4283
4286
2601 2611
4283
4566 4284 3621 4567 2569
2868 2864 2864 2110
5067 2071 1567
3618
4283
5812 4046
4285
4286
4285
4283
4283
4286
4285
4283 2614
4285
4283
3611
3618
4283 2615
4286 4807 4300 4301 1935 4807 353 353 4807 2131
4283
4283
4283
4285
4286
4286
2591
4285
4286
4285 3611
5161 5793 5161 5161
4283
3612
3614
2393 2489 4794 2270
3612
4286
3612
3459 3425
3612
4285
4285
4285
4285
4873 6032
3612
1493 3556
4285
3612
908 984 1208 1216
4284 4284
2591
2603
4286
4284
4285
1533 6034
3611
3612
3611
4283 2614 2615
2417 549 2418
3614
3611
3612
3541 2603
2591 3611
3611
3618
4286 2163
3391
3612
5808
2591
4285
4285
3611 2591
2614
4284
3621
4285
4286
4284
4286 5559
1639 3182 532
1550 5825 2155
3611
2064 5065
4284
4283
3612
4283
4283
3394 5910
4285 230
4283
4283
4792 5143
4286
4283
4283
4286
230 4784 5927 5927 1203 4883 378 231 230
2612 2591 3612 2548
2591 4285
4285
2325 3612
3524
4284
2982 3587
2601
3611
1203 231 1222
2065 4861 3598 4284 2323 2037
4284
4283
4286
4284
4283
2593 4284
2885 2434 3274 2481 3265
3611 3587
4283
4283
4890 4577 4576 4579 4011
1911 2615 2064 1911 3612 1880
3589
4283
3577 3566
4286
4284
3598
4283
3612
4283
3612
2591
2615 4285
4285
3618
4286
4286
4283 3611
4285
3565 3611
4284
4283
4285
4283
4285
3067 2332 2892 2509 2865
4285 4286
4284 1206 378
4285
3611
4283
4283
4285
4285 2513 4283 4284 3384 4285 4284 4283 4286
4284 4283
5055 5040 3391 3693 2028 3697 3404 5056
4042 5929
4283
4283
3612 4283
3598
4285
4285
4285
4283
2547 2591 2566
4286
4284
3224
4286 5854
4285
4284 4283
3613
4286
4286
1648 1530
4285
3560 3622
3611
5932 2416 4285 2416 5146 4286 3067 5932 5932 3067 2416 3388 5146 4284 5001 3067 3624 5932 5932 5146 2511 2072 2416 3624
4285 4873
3611
3611 3611
4285
5778 1930 5482
3611
1586
4285
4286
3554 2590
1508 3970 4285 4794 5219
230 3428 3185 1932 230 2463 2465 230 3428 3474 3068 1355
3611
4283
4285 3611
4284
4286
4284
4285
4285
3612 3612
4285 3394 1567 4282 3869 1927 1355 3692
4286
4285 4284
4283
4283
4284 4283 4286
3612 3617
4283
4285 2591 2591
1493
3612
3611
1530
3612 4286
3201
5143 3388
3756
3612
4285
4283 3612
4285
4285
4283
4285
2615
4284
4285
4284
4285
4284
4285
3612 4285
3615
4286
1607 908 1203 1548
4284 3615
3582 3612 4283
4285
4283 5552 5982
2957 3756 3756 2957 5074
4285
3611
3611
3598 4283
4284 2957 2858 3972 2982
4286 3613
3613
2591
3067 1607
4285
4284
4286
4285 4284 4286 4283
2614 4283
3556
5523 2916
4283
2071
4284
4283 3620
2591
4283
4284
3612
2923 5028 230 2851 449 3692 3964 1529 3180 231 230 1027 5028 1506 638 720 230 4268 3183 2851
4285 3611
3613
2591
3612
3612
2603
4286
3611 2591
5146 2416
4283
3612
3613
2978 2997 2507
3586
3611 4285
4285
5977
2064 5826
4285
4284
4284 4285
4285
4285
2632
3611 4283
2614
4283
3611
4283 4284
4283
4283
3611 2591 4284
3182 2858
4283
4285
3611
4283
3612
4285
3611
3615 2511
4283
3571
4285 4284
4283
3613
4284
3612 4283
3615
4284
3612
4286
4286
4285
3068
4285
4284
2865 2698
3611 4283
1769 4285
1639 604 1413 1530 526
4283
4283
4283
4285
3621 2614 4284
4283
3611
4285 3621
2323
4286
4285 2614
3611
4286 2591
3611
3612 4285
4283 3612
4285 3611
4284
4284
4285 4284 4286
4283 3621 3612
2591 4284 3611 4283
4286
3612
3612
3621
2561 3621 4286 2562 2567
4285 4283
4285
4283
2069 2989
4285
1355 2074 2859 1927 2426 1930 2069
4740 2020
4285
2071 3175 2332 533 5000
5516 4283 2510 1906
3612
4285
2904 2863 4284 2595
2614 4283
3073 2001 1480 4284 1480
4283
4283
3741 4283 1419
4283
1550
4286
4286 4285 2429 2896 4283 4284 3391 2418 2581 2434 1639
2614 4283
4285
3611
4284
4145
4283 4286
4286 3612
4286 3611
2591 4283
3612
4283
4285
4283 4144 2614
2614
4286
4095 5792
3611
1915
4285
361
3612
3614
3621 4046
3612
3612
3616 3589
4283
4285 2328 4983 4633 4976 5880
3611 2603 2591
4285
3611
3612
3613
4286
3611
3067 5927
3612
4285 3611
4286
3565
4285 3051 4286
4285
2316 1576
4283
3041 3464 1613 4858 2918 3407 439
3611
4284 4283 4285 4284 4286 4283 4284 4286 4285
4285 3622 3622 4283
4284
3087 1742 3087 3171
4285
4283
3611 4145 4284
3611
2557 2559
5413 6032 4285
4285
2591
3612
4283
4285
3612 4285 3621
3390 1954 4350 5055 2416 2314
1537
3394 3883 3435 5930 4633 3297
3611
4286
3615 4286
4283
5826 4284 2513 1595 4881 2513 2513 5498 2510
4283
4285
4284
4283
3613
2591
3612 3621 4283 2614
2427 2325
3612
4283
3613
4284
4285
2072
3621
3611
4284
4283
2603
3612 4286
3617
4285
4286
4283
2957 2557 5157 5220
4285
3618
2314 2181
5791 4284 4284
3612
1226 1208 1203 1227 231
3611
4283 4285 2418
4285
2650 3394 1960 2744 4861 2141 3391
2615 4285
230 1567 2431
3611
3621 3612
4286 3611
4285
2569 5907 3621 2591 3621 3612
4285
1915 3611
3611
378 2490 5512 765 2491 230 231 610 5507 230 1530 2155 5568 5507 1419 5556 1478
3621
4283 4284
984 378 979 916 1282 1217 1219 378
4285
3622
4286
4286
4286
4285
3613
3611
4283
3612
3611 4284
3565
3565
4284
4283
3611
4286
1992
3612
6096
4284
3611
3611 3611 3611
3611
4283
3611
2591 3621
3612
3611
4283
4283
2614
4285
3612
3612
4284 3565
3612
4283
4890
4286
3611
4285
4284
4283
3611
4283
4283
4285
4309 3906 5945
4285
4285 3611
3611
3611
4283
2065 4784 2512 1535
4285
2591 2591
4286
4283
4285 3611
2555 4286 2591
4285 3612
3612
4284
3565
1860
4286
3611
4283
4286 3612
3611 4283
3611
3068
4284
4285 3565 3565
4283
4285
3612 4283 3611
4286
4283
4284
3617 2614 4284
4284
4284
4099
4285
4285
4285
4286
4284 3612
3612
5218 2314 2038 5219
2591
3621
4285
4285
1203 1222 765
4283
4283
4285
4284
4284
2510 4286 4284 4285
4285
4286
5038 2272 4285
3612
4285
3598 4283
4286
3615
5218 3413 6033 6033 1213 4858 4070 4269 1973 4269
1888
4283
3611
4285
3611
3611
2591
2591
4285 3615
4283
4285
4284
4286
3068 6032
4283 4284
4285
4284 3611
2868 2864
3615
4286
3067
4284
4285
4285
4283
3611
4285 3612
4285
4285
4283
2806 5932
4283
3621 4285
4284
2615 4285
4286
2591
4283 2614
4286
3611
4285 2614 4286 4286
3598
4286
4285
4286 4285
4283
4285
4283
4283
4283
2591
3612
4286
3105 6049
5466 2320
3611 4284
4285
2591
3611
4284
4283
4285
349 3025
3611
4286
4283
4285
4286 2434 4988
4284
4284
1227 2491 2064 230 231 1203 230 1227 2491 1203 1227 1203 231
3611 3612 4283
4285
3612
4285
4286
3615
3611
4284
3612
4286
4283
1500
3611
4286
4286
2614 4283
3590
4286
3621
1102 1203 4286 4286 2547 2549 1496
4284 4286
4283
4284
4285
4283
3068
4284
3611
4285 3598
6051 6051 1926 4766 6051
4284
3612
4285
3611
4285
3611
5980
4284
599 1639 1025 2193 2510
4285
2512
4633 2071 1945 526 4984 545 534 2865 2140
3613
4283
5830 2075 2036 2329 5000 5001 4129
4285
4283
4283
983 912 378
4284
2614
4285 4286
4286
3611 4284
2593 3612
4283
4286
6033
4285
4283
4286
3612
1102 1203 4500 1575 378 765 1203
4285
3974 1500
1888
4284 4285
2560 3611
4283 4286 4283 4284 4285
3615
4286
4286
3612
3611 4284
3613
4045 1492 230
3587
230 1920 1930 5569
4285
4283 5778 2864
4285
4286
1543 2307 1492 1355 230 1741 2916 1741 230
1419 1419 231 1530
4286
4283
2071 230 1525 1355 1222 2071 1525 230 2071 1525 1355 230
231 984 378
4283
5883 4284 4283
4283
4284
3590
1586 1944 4285
909 378 1219 231
5880 230 1355 5489 5501
4284
4286 3612
4285
3612 1493
1219 231 906
3612
4283
4286
2591 3560
4285
3611
3613
4284 4284
2590
4283
4286
3614
4285
2591
2065 3378 2509 5825 4996
4285
4286
3598
4286 4283
230 2314 5826
3413 1355
3565
2591 3577
5431 2591
4285
3616 3611 4285
4284 4283
4283
3224 2927
4284 3611
3565 4286
4285
5792 378
5814 3611 2558
4285 3598 3598
4286
4285
3611
3611
4284
3612
3565
4285
3611 2591
4285
4284
4283
4284
4286
4286
4285 1219 909 983
4285
3612
3612
4283
4286
3612
2222 2232 2325 1355 230 2272 3988 2920 230 2232 230 2273 4837
3611
3172 2325 1962 2032 231 1227 765 1207
3612 3612
3459 2864 3276
3400 3465 2850
4286
4432
4286
4284 2334 2591 3062
4283
4285
2614 4283
3613
3567 2596 2591 3565
4283
1926 3068 230 4784
4284
1626 3068 5066
4285
4743 3886
4286
4285
4286
4285
3612 4052 2611 3612
3589 4283 3618 3589
3611
4283
4283
4285
4285
2591
5063 3338 2560
3612
4286
637 3612 4283 5997
1203 231 378
3973 5792 4285
4283
4283
2850 1550 5189 5189
4286
4285
4283
4283
378 4283 2614
4286 2615 3598
4286
4284 4283 4284 4285 4286
4284
4285 3611 3611
4283 3612
4283
4284 1862
1183 1143 350 1530 330 1111 1147
4285
2591 4283
4283
2615 4778 5825 1595 2076 1601 5825
378 231
4286
4283
3617
2076 3621 2591 4799
4284
4286
2314 6039 4512 5790 4933 4269 6036 3694 6037 3431 4270 4268 2314 4513 1732 1971 2529 2141 2455
4285
4285
3613
4794 2028
3614
4285
4268 2020 2065 230 4512
230 3245 2325
4285
1590 2455 2851 3702 2917 2455
3611
3560
1216 230
3598 3598
4283
3611
2455 4284 4286
4284
3041 2395
1930 3698 2331 230
4285
3613
4284
3693 4875 1962 5794 4285
4283
4285
4284 3611
4283
4286 3598 3598 3598
5793 3423 6032
3611
3612
2221
4285 3621
3612
4284
3611
4286
3587
3598
1498
4283
231 1203 765 1222 5456 633 2916 230
3611 3611
4284
2614
4285
4285
3611 4284
2590 3612
4286
4285
4283
4285
1063 1561 230 1073 1068 230 2919 3475
3612
2615 2603 5442
4283
4283
4285
4284
1338
4284
4286
3615
3621
4286 2614
4286
4286 3591
4286
3369 3395 2076 3394 1956 3611
2596
3611
3611
3611
4283
4283
4052
4283
1639
5793 5792
4858
4286
4286
4285
4635
4283
5794
4283
4286
4285
4285 4286
2591
4286 2559
4283
4633 4918 4633 4983 5978 4633 5472 3735 4985 4618 5794 4983
2614 3613
4284
3612 4285
3611 1493
3590
4284
3622
4285
4285 3611 3587 4284
4286 2614 3598
4286 3611
4283
4283
5409 4621 6048
2221 5143 230 2277 5778 3386 2455 345 2884 5778 1611 230 5143 230 2273 2272 2894 5071 5143 230 1927 1666 526 1652 2193 3386 1652 230 2273 3068 549 435 526 1652 230 2272
4286
4285
4283
1207 1102 1226
2424 6032 3412 5218 1488
4284
4286
2615 4284 3621
4284
1646 637
3612
4286
4286
4285
4286
2575 4285
4286
4284
4286
2614
230 5825 2326 1621
3598
4283 4286 3598 4285
2614
4283
4283
4284
4284 4285 1512
1903 3612
3611
4285
3601
4285
3565
4283
2557 2559
2314
4283 3598
2591
3615
3598 4283
4285 2591
4285
5435
5058 2136
4283
2905 3389
4285
4284 4285
2416 2314 3390 4630
4283
4284
4285 3611
2530
230 1932 1939 5058
4284 3612
4285
4283
3621
4286
3611
604 437 403 3067 604 437 403 2591 437 3062 604 1494
4283
4284
4284
4283
4286
1419
4285
4286
4284
4285 3612
4285
3611
4285
4283
3612
4284
6035 230 5794 378 1203 231 2884 5146 230 3437
3612
4285
4286
3407 5568
4285
4284
3616 3613
1902 4337
4284
4284
4286
4283
4284
4285
4285
3614 2892 2065 2859
2591
3574
4285
3611
4284
3612
3611
2162
4283
4285
4285
3613
5778 230 3442 3437 230 2417 4154 2859 403 526 230 596
4283
4285
4284
4283
4284 3565
2591
4283 3611
4283
4284
4283
3611
4286 6034
605 452 533
3611 4286
3614
4285
230 5143 2507 2065 1480
4283
4284
2591
2591
4283
3613
1498 2071 3565
4285 3598
4283
4283
4284 4283
4286
4284
4286
4284 4286
4284
4285
4283
4285
1509
4284
4285
4285
4285 5537 6052
4285
3612 4284
4284 3620 4283 3617 3483
3621
2068 3882 2332
4285
4284 2614
4286
4285
4284
2615
2591 4285
4283
3611
4284
4283
3269 230
3612
4286
2158 3621 4785 4785 2591 2233
3611
4286
3612
2676 2614 3524 3067 2314
2614
4286
4283
4285
4285
4283
4283
4286
4284
4285 4284
4283
1466 634 1530 1532 230
4285
5489 230
4283
3612
3589
4285
4285
4284
4285
3565
4284
4839 5150
3589
4285
4285
4284
4283
4283
4283 3612
549 437 2193 636 604 4285 604 1494
3411
3598 4283 3615 4283
3613
4283 2614
4284
2316 1355 4119 1529 637
3611
4285
4284
4285
2593
4283
3616
3612
4286
2919
3612
4286
3613 4283
4284
4285
4285
908 983
4284
4286
4284
4283
1639 534 549
4286
3615
608 1637 1413
4284
3611
3598
3612
4285 3598
3565 3565 3565 2591 3565
3612 3611
4285
437 441
3612 4285
4285
4286
4522 4778
4283
3611 2590
3612
3612
4284 3612
4284
2593
4285 3611 2615
4285
4284 2455
4099
3612
4285
3611
4284
983 230 1296 4984 230 604 231 1413 1655 526
4286
4284 3565
2020 3621 1924 2071 5218 5792 2316 2892 1814 5189 2865 2316 3730 2865 3730 2316 2036 3730 2866 5189 2865 3729 5218 6032 2318 2590 4046 5494 5218 2865 3730 3730 1924 2866 5218 2316 3589 2866 6034 5161 5034 2851
2859 3434 3067
4284 2982
4284
4284
4285
4284
3598
1655 4285
1102 231 378
4286 4285
3612 4285
3611
4283
3222 5143
4284 4286
2868 2325
2603
2806 4285 5071
4286
1873 3611
3612
2336
4283
2927 230 3439 230 3245 3278 1666 231 594 1348 442 526 442 442 594 526 1348 231
4285
4144 4283
2593
2371
2591
4285 3612
4286
4284
4284
4283
4283
3611 4285
6048 2683 2221 3157 4857 2318 3402 230 2894 230 2221 2036 2193 230 2040 2180 3402 2683 5507 2391 2396 2683 2139 2036 1766 230 1766
4285
4286
3611 4286
4285
4286 4283
378 2064 2490 5979 4284
230
3611 4285
2482 2507
4285
4284
3613
4283
230 3157 4984 2894 230 3854 3269 230 5489 4350 3158 3068 5510 230 2978 5157
603 453 526 610 634 634 453 603 1469 634 1506 606 230 1078 1073
3613
4283
2591 3559 3541 4285
4046 4046 4046 3044 4046
4283
4286 4285
4629 3391 4875 230 5932 2455
4284
4285
2024 3278 2029
4285
4285
3612 3201
3587
4284
4285
4283
4285 3598
4283
2615
3611
4283 3598 2591 1944 5146 1944 637 5932 3391 4858 1956 2455 2849 1419 4285
3611
4874
2591 3611
3589
2614
3611
3612
4890 2007
4283
4284
6032 2416 3068
2894 5218 2863 4268 4512
3612
4286
1211 4623
3187 2436 3405 3828 2888 2071
4285 4284
2591
1494 437 4976 1530
3612
4286
4285
3565
4285
2302
4285
3611
3565 3974
2205 1774 1978
4283 4285 4286
3611
4571
6034 1923
3612
2892 2317 5825 2029 2891
1655
637 634
2071 4895
4984 5880
3565
2591
3620
921 1217 983
4283
3611
3271 2068 1615 230 230 2068 5562 1607 230 5826 2923 5927 3272 2510 5482
4286
6034 5056
2591 2601
3612
3611
3068 1510
4283
4285
4284
3611
765 378 230 230 6035
3612
1888 3611
3611
3612
1768 1767
4793 2128 3886
5782 3611
5994 5793 5146 1626 4284
4284 4286 4285
4283
4283
2314 6032
4285 4283 4283
2593
4284
4798 4284
4284
3046 3053
5143
3612
3611
5143
3611
3612
1646
2957 2957 2957
3616
2893 230 3172 1203 231 1222
4285
5218 6032
4285 3612 2614
3614
4285 3612
2028 1929
3589
2603 4283
4633 5186
1617 1606 4881 4875 4284 3598 4284
2455 4285 4286 637 4284 4284
5008 3988 5181 5558 4794 2865
4286
3611
3612 3611
4285
4285
3612
3620 2903
5994 5794
4285
1500
3589
4286
3612
3613
3411
3741
4284
3349
3611 4286 3612
5489 4285 6036 6037
4284
2352 5001
230 5058 2848 1637 626 230 1652 526 1466 1637 526 626 230 1355 2979 2919 526 591 230 1494 626 2851 5058 2978 445 526 526 604 2978 230 2919 626 526 605 526 231 2848 5058
4285
3614
4285
4880
4286
1219 912 2431 2509 905 2418
4283
4283
4286
4286 3755
1492 2416 4591 4858 2069 2885 2857 2888
4283
3612
4283
1537
4283
3614
3612
4283
4285
4286
3612
3612 4286
2863 6033 1496 3459 1355
3612
4283
4285
4286
4283
4285
1617
4285
4285
4283
2747
4285
3611 4284
230 2071 6034
4284 4286 1622
1576 2314 230 2070 5780 230 2070 5098 230
5775
4286
4283
4284
4283
230 1355 2931 2744 5778 230 2905 1774 2651
4283 1872 1918
2256
4286
2614 1944
1561 2884 379 230 1060 230 1063 230 2884 230 1558 1060 1561 3870 230 1501 912 1203 4983 921 230 4985 230 982 1561 230 2884 230 2884 230 526 441 230 2884 1666 4985 4986 230 230 2884 230 1419 230 1652 394 637 526 2884 1355 230 230 1652 526 230 1466
4284
2039 230 2868 5778 2039 2476 4622 2036 2306 230 5778 1932 2039 2036 2851 2868 230 2851 2268 2273 5778 2851 2039 2036 5778 230 6036 2039 2039 1488 5778 230 2039 2434 230 3749 2847 2868 5778 2036 230 2039 230 2868 5778 230 2490 2039 2851 3749
4283
3613 3612 4286
4285
2670 3078 5144
3612
1911
4286
3612 4285
3613
4283
4283
4283
5569 230 5489 5880 230 3784 2994 3873 2071 5071 5826 230 3827 3827 2071 5555 230 2931 5070 230 2017 5826 3402 230 2440 4009 4132 3067 230
3611
4283 4286 4285 4284
4284
3613
4286
3402 230 3389 5058 230 2320
4284 4805 6051
4285
4285
4286 4284
3598 4284 3598 3598 3598 3598
2391 1740 230 3009 5143 2474 2851 230 2314 3435 3436 2323 3444 1927 230 4880 2266 3436 2316 2851 230 230 1480 3387 6032 1935 1355 2017 4623 230 5501 230 1355 4132 1932 2017 1355 230 1480 5518 602 434 441 435 230 4898 1924 230
4286 3611
2363
4285
4284 4283 2077
4285 4284
3621
4285
3590
4283 3598
4284
4283 4285
2880
4284 3598
2591
4285
4286 4285
3611
3029 5825 2071
4283 4284
230 3393 3172
4286 4285 4284
3612
4285
4894 4895 230
6032
2575
4284
4286
4283
4286
3565
4286
2591 909
4283
3613
4284
3612
2920 230
4285
2615
2222 2020 1932
2591
4285
3612
3611
3611
3612
4286 4283
4285
3565
4284
1532 4286
2593 2595
4286 4285 4284 4283
4284 4283
3598
3612 5451
3612 4283
3611 3611
4283
4285
3616 3611
2489 5825 3693 1355 1210
4283
4875 4873
4285
3598
3615
2590 2426 2612 4794 5505 2073 1940 1550 2072 3612 4996
4285
2596 3561
4145
4284 3621
3612
3612
4284
1530 533 605 604 1025 532 1413 604 1469 592
3611
4286 3617 3587 3617
4285
3565 3612
3612 4284
4285
4285
3616
3598
4285
3598 4285
3612
4286 2591 2596
2591
230 1655 2064 2919 2919 231 5066 3172 1355 230 5927 2326 5836 1567 1576 5927 2326 3466 230 2868 1576
4285 4283
4284
3605
2591 3612
4284
4284
3565
4286
4285
3611
4285
4283
3598 3611 3587
1530
3612
2603
4285
4282
1768 1768 230 1768 2318 2325 2036 1355
3612
4285
3616
2510 1542 230 2510 230 5559 5559 2510 230 2510 230 2510 5559 230 5559 2510 230 5559 230 2510 230 2510 5559
3612
4285
4285
3201 2567 2555 3598 3611
2512 5056 2904 2071 2678
4286
4283
2916 2858 1217 2065 1226
4286 1543 3565
5218 230 1576
4286
3388
230 5510 1741 1737 453 5826 230 526
2076
2065
2615
3620
4285 4284 4283 4285 4284
4285
3611
3618
5000
2614
3617
526 591 1413
4285
2596
3612 4283
4285 5883
4284
2614
4283 4286
4283
1493
5493 3886 1587
330 1147 1195 1530 350
4285
1924 5504 2234
4286
2070 2614
3611
4283
4285
4283 4286
3598 4286 4284 4283
3598
3612
4285
2316 2232
2894 1940
2489 3611
2455 3611 2986
1646 739 5793
2591
2591
2591 3612
4284
2591 2614 4285
4284
4285
2591
3565
4284
3611
3611
1575 3618
3612 3620
4284
3611 3611
4285 1419 4286
4284 2614
4285
4283
2591
2484 2983
3029
3612
4285
3612
4283
4283
3611
2615
2591 1862
6034
4879 2198 2071 5218 4857
3611
4283
4284
4286
4286
2891 2421
3611
3611
5432 5453 1419 1749 435 5471
3611
3617
3561
3611
4283
4285 4286
4283
5146 2029 599 583 1639 531 1940 5825
3598 4285
6034
3613
4283
4285
3613
4283
3621
4284
3612
4285
5218 2107
4875 1480
3613
4283
4284
4285
4285
4284
4285
2591
2071 4283
4285
2314 531 5928 444
2916 4620
2603
4284
4283
5792
1492 2859 4620 2884 1972 1971 1992 2885
3068 3171 1533 4285
2614 4283
2591
3971
4283 3611
2615
3612
3598
4283
3355 3611 1905
2590
3613
2978
2904 3413 4858 5929 5526
3598 3598 3598
1888
2560 3612
3612
2314 4285
1639 1419 1466 1639
3067 3626
1944 2071 4268 2859
4284
2510 5157 6033
2332
3598 3598
2323 4284 4283
4286
3435 4278 3459
5526 3883
3617
3612
4285 4286
3612 3611
3590
4284
3565
4285
3615
3693
3587
3171 3386 3170 2868 3170 3386 3171 3386
1303 1328 1335 3611 3611
3565 4793 1576 4793 3395
3612
3612
4283
2849 2850
2028 4219 230 4215
5826 230 2029 5826 2265
4742 5559 5034 4873 5466 1567 5038
6034 2071 2884 3395 2158 5066 4278
4284
3611 3611 1861 3611
2590 3621
4285
3617 3617 3617
3601
1530 4284 4286
3388 3387
4286 6034 2455
3556
6057 230 5558 4708 3870 5069 5880 230 594 636 526 1497 230 3180 2851
4284
4285 4286
2603
5220 6035
4283 4286
5143
4284
3611 3611
3612
4144 4284
2578
2551
4285
4286
3612
4285
1550
2232 1921
2969 230 1962 3179 1637 230 1413 1639 1652 230 3444 3411 1639 1637 230 230 524 526 1637
3028 6003
5053 5122 5053
2603
3201
3622 3971 6032
3598
3611
3565
3612
4283 4285 1578
1216 231 911 910 231 1216
4799
3756 2474 2908
5432 5432
5157 4835 2234 4996 2221 5157 5157 1486
4283
2550
1535 2314
4857 5157
2004 1920 3970
3611
5039
526 2418 5826 549
5146
2894
2591
3612
3611
3565
3611
4139 3711
2919 3172 1508 3394 2320
4285
2591
3621
3612
4283
3611
2065
3614
3611
4283
4286
4284
2455 4284 2978 5932 2595
3386 2158 3180 3434 1550 1355
2591
765 3964 1210 836
4286 4283
4286
5932 1355 2416 5001 5001 4988 5932 2418 1962 5001 4988 1354 3565 5932
345 2893 345 1611 1611 2893 1338
3690 3427 2905 3391
3611
4286
230
3612
4285 4283
1912 1905 2603 5028 1511 4978 3443
4286 4283 4284
4283
1652 1413 534 636 1652 534
2591
1899 3622 4797 2548
4284
3587
1622
3611
2417 2483 2070
3622 2591
2591 3621
2416 3391 1956 2455
2908 2903
3068 4283 3180
2591 3612
4795
2426 6080 2071 909
3611
3622
4794
3611
6003 4286 1480 4283 6003
2591
3611
2591
6032 4738 3068 5157 4738 5526 3068 4337 4738 3068 4738 2957
3613 3616
2274 5793 2509
5459
3565
3611
2140 2923 1944 2924 3440 1970 3394
1934 2277 3442
4286
3612
3756
3565 3565
3612
4286
3068 4874 4070
2314 5218 3869 2331 1960 1945 4360 1947 1533 2587 5825
2323 2416 2865 2863
3621
3051 2606 3051 4857 5494
2426 2455 5005
3621
4985 230 2851 2491 5826 1940 230 2491 230 3483 5138 1939 5568 1355 230 2491 2140 230 2344 2491 5568
3611
361 3605
4286
4283
4285
2464 5552 5055 231 5055 230 5056 5058 231 2650 5055 5056 5058 5055 231 1962 1930 5055 5055 231 1932 4857 230
4286
2969 2482 2426 2417 3765
3697 3423 3394 3402
4286
4284
5038 6007
4284 4283
6035 3402
231 984 910 908 231 1216 910 983 231 1216 910 983 910 909 1296 983 911 231
3615
6032 2329 5071
3746 3394 3483
3412 3389
4890 2024 2046
3175 231 434 2418 2426 604 231 230 1419 1069 433 1635 364 3173 624 526 1419 3171 3170 1403
4568 3611
3565
2591
3617
2070 526
2591
4285
2591
231 610 1419 1530 526 231 1530 1419 610 1203 231 378 231 1652 1530 1652 1419 1469 526 610 1652 526 231
4286 4285
3612
