1714 5665 3190 3266 3560 1786
1952
3259 5218 5203 3254
4802 587
2880 2881
665 594 1805
4030
4800 4803
4800
3782 3869 5709
3201 2951 6818 3194 5354 2794 3239 3221 5353 6818
3967
4802
2318 3240 6251
3355
4803
4800
1367 261 843
1345 1361 1341
2881 2904 2901 4800 2851
4031
2204 3785 2205 5478 3194
4802 4801
4800
4800
4803
3547 3561 5481 5159 3130 5622 2718 5617 1665 2790 3601
3293 3819
4802
4801
2161 6746
1341 1377
3427
4803
450 4803 594 4800 492 1821 1825 4801 1015 424 699 1088 1983 2717 1021
2904
2881
4802
5678 3344
4803
1021 6199 6558
6655 6542
6801 3788 5190 1507 4421
4803
3074 3091 4200
3255 2311 3258 5212
3828 4783 5666 2572
2904
4802
3411
3482
2666
4800
4031
4800
3186 3185 3181 3228 4122 3841 2484 4801 3805
3426 6525
4030
500 1133 587 672 2704 594 671 1812 2310
4035
3829 3813 3548 3190 1714
2794 5879 2269
3190 5404 3192 2155
4800
5845 1744 2313 3548 3546 1724 5495
3192 3784 2533 3293
4800
4801 4016
2125
3547 6527 2736 4803 488 4789
3784 5663 3453
3434 5369
4803
1014 2270 1348
4803
2270 3190
4029
4800
4802
4800
924 1088
4801
2147 2441 6098
4803
4016 1498
5877 6559 1794 4802
5714 5798 5810 2736
4803
4800
2904
4029
3989
4801
4030
2313 6738
4802
4802
6532 6536 2269 3334 2695 6526 3859 1089 1088
4802
4802
3197 2358 5505
4029
4802
2772 1507 6559 3866 3807 6559 1664
2904
2904
4029 4802
4803
3239
1780
346 4511 5519
4802
3788 6527 3379 386 5497
5879 5404
2318 2593 3219 5478 2592 2593 4330 5671 4118
260 5877 2587 1012 2696 1507 1358 261 929
4803
4800 4029
670 1812 506
4802
4802
4030
4800
4803
4801
3190 3191 2717 3789 6801 3782 4330 5511 5617 2273
4800
4802
4802
4802 3229 2319 3859
4801
2880
695 686 1192 690
670 500
4801
4029
1724 3130 2312
3978 2881
1358 1011 1088
4802
2802 3192 2313 3459 3195
4030
5847
4800
4803
2808 3254 3052 2593 2158 3220 5477
1088 424 1021 924
3381
1716 5514 5369 2155 6559
3978
3533 5495
4802
2669 3828 3220 3561
4836 5708
4029
2893
4802
1217 261 843
260 6199 6558
4802
261 1345 1346 5208 260 2588 261 1341 1345 1341 1366 261 424 843
3834 5405 5499 6817 5203 2721 4801 1507
4029
1021 4801
4030 4030 4030 4803
1812 3764
4802
4800
843 424
4801
4800
6974 5306
4800
4802
4800
3196 3199 2704 6743 6525 3782
4030
4803
2880
3199 3195 3195 2354
6545 4526
4802
4800
4803
2665 2772 5404 2527
1008 1089 1346 1355
4801
4802
2881
260 5394 6682 6682 1341 5504 424 261 260
1341 261 1361
4802
4801 1344 424
4520 6684
3603
4803
4029
4031 4802
3788 1733 4799 4316 2156 1507 4117
4800
4801
2881
4801
3262 5666 3559 3182 260 4783
4800
4032
4802
4800
4800
3558 3189
3789 2983 3093 5250 3788 2270 6804 3357 3381 4421 3186 3122 5190 5843 5758 3381 5190 3093 5839 5250 2568 5251 2318
1812 670 1572 1695 588
4800
4030
2904 4800
1579
1716
4802
4586 6525
4802 2592 5617 5218 5610 6624
4031
4030
4800
4030
1366 1346 1341 1367 261
3788 3548 2579 4331 3191
2859 6655 4040 2881 4040 4030
260 424 2773 6201 843 2774
4030
2228
2886
4800
4803
1341 1361 843
5877 3807 6802 1352 5478 4557 4784 2204
4800
4802
6149 2584
2881
4801
388 3377
1367 2774 2306 260 261 1341 260 1367 2774 1341 1367 1341 261
4801
4801
3189 3842 3191 5214 5662
1217 1341 5062 1741 424 843
4803
260 2147 2159 6263
1708 2566 1655 1507 260 1936 3254 1936 260
2313 260 1690 1507 1361 2313 1690 260 2313 1690 1507 260
261 1089 424
1753 2173 4802
1009 424 1358 261
6624 260 1507 6173 6189
4803 4030
1358 261 1006
2881 3973
2881
2307 3769 2792 6558 5630
4803
260 2575 6559
1660 5662 4789 5642 3841 2405 5619 2183
3603 3266
1358 1009 1088
2472 2482 2589 1507 260 2529 4450 3259 260 2482 260 2530 5453
260 2310 2777 2739 5209
4800
261 1367 843 1345
3794 3867 3181
2155 3427 260 5394
4801
1341 261 424
4432 6525
424 4800 2904
4803
424 261
3394 2667
4029
2471
1662
261 1341 843 1361 6138 699 3254 260
4803
1174 1727 260 1184 1179
1487
4033
4803
4803
5222
2904 4031
4800
6089 5206 6817
260 2471 5794 2534 6506 3780 2736 384 3218 6506 1782 260 2529 5794 260 2530 3780 260 2156 1840 588 1825 2441 2529 1825 260 2530 3427 611 488
4803
4801
4016 4800
2168 260 2161 5698
4803
4802
4800
6804 260 6527 424 1341 261 3218 5798 260 3831
3227 2307 3190
4800
2409
4029
4800 4030 4029
6506 260 3839 3831 260 2695 4651 3190 451 588 260 662
4029
260 5794 2790 2307 1642
4802
2273 260 3829 3826
4803
1626 700 1695 1697 260
3978
5456 5803
4029
5093 5387
1088 260 1440 5618 260
3190 3828 3426
1217 261 424
3199 2589
4801
4029 4802
6817 2983 2471 3532 3796 260 5477 2579 2441 260 2281 2427 2983 6196 3796 2663 2669 2983 2384 2277 1970 260
2765 2790
4802
260 1189 1184
5214 3785 5496 260 6687 2736
4801
6801 2694 3427
3229 5877 3194 4783 5082
3563 2715 3799 4271 3222 2313
4802
2454 1979 2209
3427 1674
3228 260 3548 1341 261 1361
4032
6173 4802 6805 6806
1358 1012 2709 2792 1005 2696
4032
4802
4803
4802
1742 2575 260 2312 6508 260 2312 5744 260
4800
260 1507 3270 3052 6506 260 2944 3241 1979
1174 1727 3218 425 260 1171 3218 1171 1727 260 1724 1012 1341 5617 1021 260 5619 1087 3218 260 1727 3218 1840 260 588 494 1579 260 3218 260 3218 1507
2280 260 3199 6506 5207 2277 2565 260 6506 2161 2280 2277 3182 3199 260 3182 2525 2530 6506 3182 2280 2277 6506 260 6805 2280 2280 2713 260 4184 3178 3199 6506 2277 260 260 2773 2280 3182 4184
4800
260 4270 5714 6559 4270 2313 6248 260 2719 6559 3796 260 4478 4625 3426 260
260 3796
4802
4803 4801
2756 3357 5794 2663 1935 260 3829 3182 260 2575 2587 3841 3830 2523 2156 260 5501 260 3830 2577 3182 6801 260 1642 3781 5208 260 2164 1507 2257 1507 4625 6189 260 2161 2257 1507 260 1642 6208 488 260 5519 2153 494 668 487
4802
2881
6106 6559 260 5620
3381
5515 5516 260
1009
4801
4016
2772 6558 4118 1507 1348
4800
1972 260 2579 2589 2277 1507
1356 2307 1366
3782
260 6199 1936 1932 506 6559 588
2577 2482
2881
4029
4801
1655 3190 5205 3218 2203 2202 2228 3219
3427 3547 1698 4802
2880
4031
3323
2736
5810 6802 2794
4803
3829 4793 3859
3859 2702 3785 2792 3182 5662 1717 2579 3603
6803 2313 3218 3789 2405 5709 4793
6827 260 6251 5306 4317 5712 6624 260 3556 3182
1355 261 1011 1010 261 1355
4800
2881
3780 2405 3556 3828 1716 1507
843 4421 1348 925
4115 3821 3241 3785
3244 3239
2704 6856 2313 1009
2385 3262 2173 3263 3834 2201 3788
2877 6558
3218 2164 4316 4784
5619 260 3182 2774 6559 2169 260 2774 260 3887 5789 2168 6262 1507 260 2774 2385 260 2608 2774 6262
261 1089 1010 1008 261 1355 1010 1088 261 1355 1010 1088 1009 1440 1088 1011 261
6801 2593 5714
1579 3547 3546 1561
424 1341 261
