4272 4511
1793 1752 1944 3788 1507
4029
6504
2533 2589 3243
5798
2306
2313 594 490 665 595 665
1021 881 1089
3195 3200 5354 6818 6559
3264 2318 2759 1743 3254
1008
5810
2572 4586
1655 1655 4033
703 1695
4030
4619 5176
2904
4029
2904
3218 3254
5713 3785 5501
6525 6746
4029
4030
5795
2312
6154 5843 2983 4421 3181 6801 1507 3381 5718 3358 2270 3357
3218 6527 6756 3190
3240 5203 3226 2771 5456 2313
4030
843 2772 1361
3968
5810
4033
5810
4118 2405 6199 5514 2244 2665
4030
5405 1640 2313 4429 2903 2905 5405 4030 2313 2306 4429 5405 2404 5405 2313
5708 3805 5083 1655 2269 1734
5810
2441 2544 2523
2155
2261 1731 6803
6099 6096 6093
2861 5566
2736
3965
1821 1828 703
3967
5810
6655 850 2796 1358 2270
2313
2204 2592 3426
3427 5810
2736 6559
3426
2450 2457 2883 2270
4040
4030
4040
4030
660 502
2905
5798 6726
2269 1088 1089 6532 1021 927
4458 346 4728 6739 6738
5306 2736 5511
2893
5481 1341 1361 2527 1346
2765 4115
3817 5640 3799 5622 4123 3227 2265 3220
2736 4033
5713 5671 3227 4697
1675 3196 1742 1716 3782 1736 4586 2709 3240 3806 4330 5511 2471
1507 2965 260 260 3785
5798
4029
4118 4115 5222 5641
1716 2796 5622 2410
5810
5676
1358 1016
843 424
2905
5810 1012
2593 2313 2230 5662 1507 6802
5622 3334 5084
424 1089 1015 2736
4041
1733
2905
3776 4102 1734
1708 2306
4029
4117 3227 5205 5844 2313 3192
3194 1922 3795 1705 1655 1507 5635 5403 3834 3795 4322 1922 1507 1703 5662
4040 4030
1812 1812
3965
3427 2587 4377
1507 3780 6559 2956 260
2905
5481
2905 1006
5810
3427
3417 2883
6738
1089 1753 1011 403
5798
3788 2534
4029
4029
4029
2905
2736 5511 260
5798
2717 587 3427 3559
2593
2704 4332
1367 261 1012 1131 1356 1367 260 1015 260 1013 1361
5798 2307
3381 5622 6803 5250 4421 5843 2983 3093
2881
2881
4029
4029
4040 4030
692 586 657
5810
5810
3784
4270
1088 929 1006 1131
670 594
5404 5634
2410 2405 1754 3426 2868 4526 4030 2736
261 843 424
4029 3459 1507 3179 2313 2311 5698 3871 3601 2588
4016 6223
2905
4029
2736
2736
2905
2796
2307 3190 2774
2584 2905 6199 2125
4029
3189 5879 4115
2905
3834 3788 6530 3870 3560 3551
2904
2147 6189 5222 2287 260 260 6189 4625 6687
2798 260 3254
1694 1579
1346 1360 261 261 1346
424 5516 843 261
2527 1507 260 2533 2665 2472 260 2589 2403 2441
2905
690 1193 260 1155 486 407
5810
4030
424 260 1341
260 3323 5637 2307
5810
3227 260 2527 3558
4031
2265 260 5744 6199 1507
3994
1661 260
2587 2159 2164
2736
5453 5369 260 5794 2533 2530 5794 260 260 2696 2578 3783 260 2694 2575 3229
2306
3427 6506 260 3532 5504 6173 5744 6506 260 6506 260 3533 3427
5222 5478
1714
3887 3784 2716 6801 396
2736
1020 1079 924 260 1131
1356 1361 261 1354 1012 261 1361
686 1187 407 690
5810
2130
4040 2091 2085 2851
5782 5344
5794 6524 2307
4029
5810 3427 5744
2736
1699 2578 2665 5369 260
4040
260 5718 3532 5708 4431 260 3189 4317 260 2736 3229 6252 4431 260 3019 3546 1507 260 3229 5695 6193 3189 260 6252 2736 5810 6252 3796 1935 4626 260 6193 4525 2228 260 6252 3189 260 260 396 4317 4431 5708
1189 260 1160 6801 2402 1507 260 3783 260 2156 6199 5306
1015
4458 6189 4298 4271 2764
2306 1793 2772 3188
1742
1355 1088 1011
5798 3427
1009 925
3805 3829 3427 1507 1714
2905 2886
5213 1664
5404 5879
1011
5514 260 5516 6504 424 261 1341
2589
2168 6558 3195
1669
1008 5810
3553 3821 4322 1936 6744 4317
5798 1507 260 5798 260 6506 260 2277 260 6506 2307 6506 260
4838 927 1079
5798
2904
2905
2666 2312
2736
3830 260 1507 3561 2306 3052 2522 2774 6173 260
260 3783 6506 260 3532 3323 3783 5718 260 1742 260 6506 260 6506 2932 2932 260 2587 260
260 3780 6506 3796 260 2764 260 4317 5207
3295 3293 6525 2736
260 5713 6199 6559 260 2231 5718 6199 6559 3532 260 5708 260
2736 5708 3189 260 1507 5718 260 3546 2156 260 260 5622 5633 6808 2277 5713 260 3182
5744 3556
5794 260 3310 3781 260 3830 2576 6201 2164 1778 3344 1507 260 260 2587 3474 3310 5794 260 3427 260 4317 1778 5515 260 2156 5794 1507 260 260 5635 5712 2767 5713
2032 5212
6099 260 6106
850
3994
6687 2665 2244 5500
260 4651 1507 3342 2193 6817 6818 6822 260
1695 1259 1272 1325 1328 368 1275 389
260 2587 3474 2587 260 3834
424 2306 1355 1009 1341 1361 843
2905
3259 2280
3979
4029
2901
4031
595 666 495 665 594 1818 1695
6558 6804 2765 5714 1361
589 671 1133 589 1572 671 2765
260 1677 5405 2441 2313
2905
4030
424
1020 1357 1079 260 1131 6624 260 4317 3324 6251 1079 1020 260 1021 1131 5712 3323 260 3324 1507 4317
424 261 1341
2306
