2045 1497 1355 5218 2418 4792 2860 5070 3391 5071 2416 5218 531 3882 1469 4792 3067 5977 4494 1639 3391 1025 2455 2317
1947 1992
2590 3621
5157
1921
2593
2455
1492
4675 2065
3613
3611
3612
3611
2323 3068 5505 2970 1962 2511 2325 2512 2511 2064
3612
524 604
1419
3388 3746 1622 2958 2858 3388
3611
4036
1639 603
3612
3612
3611
3611 3612
3611
4071 2863 4070 2455 2860
5098 4933 5932 2970 4884 2321 5501 4795 4933
3611
2603 1868
3590
3611 3612
1659 403 605 1077 1082 402 1648 231
2920 1949
2593 3870 3388 2865 3249
2571 4971
5157
1606 5778 4996 2737 4996 1606 4996 2317
3611
3605 5157
5055 1962
3612
3611
1558 3140
2065
5146 3559
3612
3617
4632
2070
3611
606 605 4146 604
2863 1502 2865 2418 2270 1742 2064 341 1355 2273 4513 2234 4858 2007
3612
3612
3611
3611
5803 2558
2854 3416 2850 3097
3612
3611
1496 2071 2865
2484 1966
1867
2455
5146
3611
3615
3612
3612
4858
3611 527 1025 531 526
5157
3611
3388 4630 3391 2863 2424 3427 1337 2110 5191 2314 4629 2416
3615
921 835 983 1568 1509 1356
3612
5157
2067
3615
3613
1862
5157
5825 4070 2139
2325
3612
3614
3053
2455
3621
1915
3611 3601 3587
3617
3611
3611
2593
3611
5157
2528
5146 1465
3029 1518
3612
1203 984 765 1237
3611
5496 5826 2282
3611
3587
535 1644 584 626 532
3067
3611
3622
3612
3611
2558 3612
3612
3565 2455
4428
3611
4869 4880 4792
2615
626 441 594 534 526 636 583 594 594
3612
1864
2313 2316
5419
3613
3970
3062
4444
3612 4052
3611
3613 3612
2174 2195
4512 230 3412 3170
5146
3612
3612
3612
3612
3612
3612
2850 5135 2482 2479
3973
5146
3611
3611
3621
1876
3571
3612
1639 2232 3068
3617
3702 3067
5781 3067 4777
3612
4794
5157
1355 2328 2850 3391 5033 3390 3067 4869 2525 1550 4978
3612
4858
3615
3612
2920 2071
2455
3612
5157
2982
2593
3611
3413 5825 2997 2858
3612
3611
3612
2455
1530
3611
3611
3611
3616 3611
3617
3611
3612
1237 1607 1226 765
1590
3612
1906 1911 4796
1862
3611
3612
3611
3614
3612
3612
3611
2226
2884 3067
3612
3612
3612
2894 2662 2892 2163 3097 3375 3412
2136
1952 1952 5983 1741
4512 2997 3395 5027 4513 2091
3612
3612
2325
3612
3612 5432 1913
2593
2064
4976 3790 230 5826 5826 1501 230
3756
378 1219 5504
2626
3423 2314 1419 2416 2894
2455 2865
4045
1412 1419 534 534
3612
2199
3612
