4030
4016
4016
4029
5794 2907 4030 2736 4016
1717
2907
4016
4030
2907 2893
2904
4016 4016 2907 4016
4016 3978
4029 1656 4016
2883
4029
2847 4016
4029
4029
4029
2883
4016
4029 4016
4030
4005
4030
4016 3969 4016
4016
4016 5502 5494 5343 6822 5496 5341 6818 1664
4029
4016
2907 4030 2883 4016
4016
4035
4016
4040
4016 4016 4016
4030
1734 3991 6721
2907
6149
4030
4016
3978 2907
2906
1656
1656 1656
4016 2907 2883
4030
4030
4016
2906 2907
2907 4016
4035
4016
4016
4029 4016
4030
4016
1656
4030
4016
4029
4032
2578 2577
4030
4030
4029
2907
4016
4003
4030
4029 3969
4016
4031
4016
4029
2907 4016
1656
4016 4005
4016 4030
2883
4016
2883
4016
4030
4029
4003 4029
4016 6559
4016
1656
2883
4016
4029
4029
4030
2907
4030 4029
2907
4030
4030
4029
5478
4029 3953 6803 1656 3978
2907
4029
4036
4029
2883
2904 4016
4016 4029 4016 4003 4016 4016 4016
4016
4007 1656
4029
4030
2906
2907
2907
4029 4029
4016
2907
4016
2907 4030 3971
