2851 6695
5203 3254 3788
1714 4334 2484 6802
4323 1348 2306
843 1014 424
2893
3814 2318
702 665 595 2313 1752
4896 1508
4030
4031
2575 2193
5123 5124
6559 3807 3801
4029
2240 5786 5501
2147
6802
4016
2306 2270 6880
6558 2881
3259 3794 3603 3782 4123 2147 2261 5341 4429 2148
3194 6558
381 1667 1681
4526 4033
5675
4029
6803
3427 5696 5698 1015 6800
2573 3603
3074 5740
2906
4031
5206 6633 5203
3243 5502 2281 2313 3549 3831
4030
1655 1734
6860
2527 2713 3829 1507 3227 2269
424 1341
2085 6523
2842
1640
6504 2471 3784 2736
2904
4031
4783 2716 3828 5792 3805
4030 4030
3789 3190 3783 5622 3781 3194
2307
5542 6155 3782 6099 3190 3254 1508
1362 6209
2883
4029
2229 1707
6801
1355 1088 2797 1008 2193 5404
4029
5404
3218 3394 5205 3831 1508 3870 6558 3453 3459 6880 3460
4031
3426 3379 386 5497
2848
5620 2183 3801 2181
2312 4117 3784 2812
2736 2765 2746
2881
3978
4030
4029
6504
424
1092 1021 699 924
4031
4271
5808 3219
1825 671
2881
2881
2174 2175 1700 2265 1507 6624 3532 5218
4016
3327
1812
1341 1361 261
4003
4029
4029
3427
260 3122 2772 260 2772 2801 1361 3262 1015 1131
2307
4041
4029 5114
1642
2270 5843 5251 3381 1508 5250 5190 5176 5177 3093 2384 2169 6801 5174 4421 2623 3788
3788 5494 2313 1133
4029
3781 2244 2957 3199 1660 3293 2575
5120 3553 2719 3820 2594 4793 3130 2202 3460 5205 2717 3821 3500 3190
4030
3991 3254 1655 2261 1133 1935
1367 3796 261 1346 3218 260 1348
4526 2859 4040 4526 4030 3335 4040 4526
1507 2774 5810 4525 424 1341 261 260 2405
424 927
4029
4030
843 1217 261 424
4029
1217 1440 261
2886
6801
5879 6199 2584 2125 6199 1700
4030
4041 6096 6107 6100 2478 6098
1445 260 1477
1361 1341 261
1708 1507 1936 260 3337 3453 1936 2313 1708 5619 260 260 5214 5619 1936
6173 6251 260
2307 2193 260 3806
1346 261 1005 1358 261 1346 261
4526 4040
260 6506 2577 5500 2736
260 5405 6504
5369 424 1089 1356 5502 1016
424 699
4030
2881
843 261 424 1341
4029
4029
5676
1217 1345 261
6199 4625 6194 4479 260 6624 3532 6209 1362 6194 5642 260 1507
4030
4030
3603
261 1012 424
1341 1361
3435 5127 3182 3182 6817 260 1507 5877 2767 260 6222 2471 4298 6222 3474 2471 2349 260 2764 6508 5744 260 3199 1970 3426 2471 2280 3474 2471 260 1507 6222 6822 260 6222 3426 2471 6817 3552
4784 3561
4032
4029
5160
3978
2231
5092 3244 1714 5448 3219
383 1680
2311
1649 260 6683 2584 6527
5208
5259 5258
1507 5798 260 3310 5160 260 2691 260 4427 6506 260 4480 2193 4478 1507
3989
3561 3793 4116
3533 3532 260 260 3532 3427 5160 3532 260 5414 6209 260 3179 260 2994 2938 3532 3533 260 6195 260 3533 260 3179 260 2932 3532 260 3532 2959 260 3533 260
260 1728 1728 260 1182 4317 3218 5222 4317 1673 1181 260 1728
260 6218 6194 2277 1507 4298 6196 1778 6196 5877 260 2277 1507 3450 4269 260 6189 6196 2277 6209 2280 260 6196 1362 260 2277 5877 4625
4016
6218 5634 6506 260 3339 260 6251 2161 2168 260 1698 6506 3561 260 2718 6218 260 5744 843 5344 6172 1935 260 2575 3796 4317 260 2932 5634 2736 1935 3796 260 2699 3357 260 2718 1507 2587 3459 260 2164 6506 260 3339 3357 3546 2718
260 6559 1665 6099 5620 260 1665 3533 5620 6559 3891 6559 260 6099
4029
3994 4016
1021 2384 1088 1014 4118 6558
5223
4216 260 261 1092 1009
2316 3427 5610 1932 260 3552 1507 3179 260 2689 260 3179 1932 260 3178 3357 1507 3342 6199 5714 260 260 3532 2161 2288 2959 2932 260 5207 260 3357 6624 260 2932 3130 3019 3357
4016
4016
4029
1753 2313
1741 1749
6804 5476 5714 1507 5714 6804
593 2273
3194 2270
2965 260
1021 1088 260 924 424 3270 1507 260 4317 6251
1346 1092 424 1358 1011 261 1084 1011 1346 1082 261 1355
3195 3819
1005 6801
2881
4933
1695 2313
6558 6558
1797 3333 5789 6251
6558 3805 2205 261 6558 3796 2203 260 6559 260 3829 3796 260 3829 6559 3226 3829 6559 260 3226 3796 6559 3831 260 260 6559 3830 3796 927 1355 261 1088 1010 1361 1088 261 1010 1355 3052 3859 260 1010 1355 1361 261 1088
3831 3459 3186 2319
1362 5708 260 5414 6209 5708 2790 5810 1507 260 5414 5708 260 260 5708 6095 6096 5708 1507 6095 260 2320
1507 3270 260 6827 4317 260 1507 6251 3270 4326 260 1507
2790
698 1080 1012 1355
2529 5504 3788 260
424 261 1012 1341
2577 260 3546 1640 2695 1640 2313 2736 260 3182 4450 260 260 2577 4450 4272 6801 5638 3796 260 4450 1640 5797 2313 2790 260 3563 2576 3293 260 2579 6801 1717 5306 260 2736 260 1640 1717 5501 260 4525 6822 6820 6801
4031
2812 1341 1348 3427 1367 5504 1642 843 1159 2590 1184 3427 1189 2565 2194 1642 3427 6626 2193 1507 6565 3186 5160 3182
6151
3783 2294 260 1362 5710 260 6209 6801 260 5622 2774 3426 260 6209 2168 260 6196
4029
2886 3978 2881
3219 2184 3561
3426 3199 2164 6682 260
