4005 402
4030
4030 2353
4016
4005
3978
1742 1742 4030
4016
4030 4526
2883 2851 2901 2852
4030
4803 2881
3978
4029
2851
2881
4005 2881
4029
3964 4030
4030
2886
4003 4035
3239
4030
4802
4029 4016
4801
4029
4803
4030
4029
4029
2136 4029
4003 4029
2795
4029
4030
4029
4030
4029
4029
4035
2881
4029
2881 2847
4800
4029
4800
4040
2881
4030
4036 4030
3038
4029
4030
3427 2403
4802
4016 2905
2881
4030
3776
4036
4030
4016 4040
4803
2881
4800
4030
4016
4030
4800
4030
4040 2851 2838
2577 2736 5814
2886
4030
4016
4029
4030
4030
4040
4029
4030
4029
4802
2905
2881
4029
4803
4036
3981
4016
2880
4030
4802
4030
4030
4803 6628
4030
4800
4029 4029
2904
2904
6562 2312
6113
4802
4029
4029
4800
4800
4029
6558 6527
4034 4030
4030
2600
4030
4031
2904
402 402
4029
3408
3981
2881 2847
4033
4802 4801
2795
4029
4029
4030 6526
4802
4030
4800
4016
2581 1798
4030 4029
4040
4029
4029
2904
2079 4029 3991
4005
4802 2881
4016
4029
4029
4030
4029
6150
2881
