5157
2615
1419 1646 2455
2868
3565
2510 1542
3591
4036
3611
4859
3829 4036
1622 1585 1749 3394 1355
3612
3068 3521
4858
3611
3617
3067
3565
5776
3612
3589 2455
3611
3612 3067
2276 2325 2907
2455
5907 5826 6049
3612
1901
2455
2455
2455
3611
3612
3612
3611 2455
3621
2863 1945 2140 3399 3440 4790
3611
5146
3611
2512 3972 3971
3587
3612
3612
2455 3612
3612
2615
3603
3612
2455
3565
532 437 599 2071 533 599
3612 3611
4629 2326 5000 1648 532 3067 6048 2326 4629 3068 1532 526
4052 3615
1901
3612
2615
3612
2064
5146
1861
532 1530 4633 2510 604 1025
3615
3621
921 802 984
1551
1548
3611
3614
2864 2869 4752 6049 5826
2615
3598
2925 2076 2476 1577 2916
3598
1497
3565
3614
5146
1586 3056 1599 4758
3612
3612
2455
3618 3618
2455 3565
2455
2591
5218 5218
1930 3612
5157
2065
3612
3612
3611
3617
3587
1530 444
5157
3612
4046 4055 2611 2612
3589
2325 3068
3611 2613
3612 3612 3612
2603
1863 2555 1910 3612
3611
2029
3615 3612
5157
3565 3621 3565
3053
5157 1576 1590
2615
3611
2064 2611 1516 2070 2314
3621 1899
5070
3612
3612
1548
3618
3611 5157
2847 1540 6052 1508 2514
2455
5493 1552 5507 2983
5146
5157
2155
3611
4191
1535 5055 4986
915 984 1023 1219
5157
2455
3622
4859
2611
2455
908
2071 3274 4513 3297
1498
3612
3611
983 841 920 378
2614
3612
3611
2313 4095
2615
2164
5794
3611
3611
3601 3613
3587 3587
2528 1419 5073 2065
1492 3067 1492 3615
3612
637 1530
3612
2455
3612
3612
3612
2615
4126 4593
2614
3618
1944 3175 3394 2141 2919 5007 3390 4858
3611
2455
3612
3611
2614
1565
3289 3284
3598
3612
5157
2884 2916
3612
3611
3612
2615
3615
1600
5070 3391 4880 5070 4880 4880 5070 3182
3612
2455 3591
5146
3612
3611
3612
3611
3612
3611
2455
3613
2558 2569 3111 3611 4443
3611
3621
2615 1622 5220
3618 3618
3068
754 741 756
2614
4890 2978 1551
5792 5985 3612
3565
2455 2070 2070
5825 2865
2611 2615
4858
3598
3612
3611
5218 2178 2651 1612
2455
2455
3611
3611
3612
3611 3068
2455
5157
2615
5986
1548
1413 604 1932 532
3611
3552 2615
5157
2455
5157
2603
2455
3611
5157 2614
3565 2614
2615
3611
3565
3612
5157
2455
5157
5066 1355 2071 3388 1985 1962 3394 5979
3612
5161 5025
1945 3388 2070 1601
3612
2455
3612
3611
3611
2436 5146
3612
5144
3612
2455
3565 3565 2591
3574
3621
3612
3615
4999 1622 5024 1568 5188 1492 6033 1568 1940
3621
2070
3612
2614 4859
2591
3621 2599 2590
3756 2964 3330
3611
3564
3288 3253 4545 5143
3029 5075 3010 5187 5471 5187 2029 3009 2683 3964 2850 6032 1355
5157
3612
5146
2455 3598
3611
3621
2517 5135 1985 3388 2431 4490 2090 1985 4488 2431 5135 2517
5157
2884 5794 5994 2859
2158 2071 3029
3611
1355 2859 5146 2076 3437 3393 3436 2110 2857
5025 2070 3407 2860 5512
4588 3565
5907
2863 3068 2864 4738 5466 1496 2140 4269 2868 3394 1945 3403
5067 1223 5070
5413 2076 1611 5825 5413 345 5994
3611
2455
2455
3611
3611
2615
3612 5157
378 1207 1208
3598 3598
5157
5439 5157
5146
2571
3611
3611
3598
2024 2110
3611
2904 4618 2891 2488 4839 2071
1652 524
4878
2614
2593
2550 2158 1903 4858
3615
3613
5157
4883 4620 3399 2426
3611
3611
5157
3612
3611
2455
3554
3612
3611
637 1466
3598 3611
2591
3611
2065
5157
2455
3613
1413 605 549
3611
3615
3617 3617 3617 3617 3617 3617 3617 3617 3617
2455
5157
2603
3612 2455
5157
5157
1493
5157
5157
3693 2158 5510 4893 2007 2393
3618 5157
5006 4988 3067
3060
3612
3611 3612 2455
2615
1529 637 1646
2510
3618
2894 5001 1542 3435 3412 1355
4795 1478 2071 3970 4795 3612 2071 2613 2615 4795 2064 3970 4795 2071 2157
2615
3611
3612
4046
2615
3426
1888
3611
3611
5146
3612
3598
1862
5157
3612
3621
3612
2615
3612 4858
637 3465 4858 2324 3886
3330 3357
3565
2455
5065 3411 4513 1492 2028 1568
3621
525 591 5510 3068 4879 1413
1548
3607
4858
2193 2193 2286 2266 4009
3612
3612
2065
3612
3565
3621
3611
5413
1926
3612
3611
2615
2614
2615 3613
3613
3491 4763 3385
2020 1565 6034
3029
1768 4894 1768 1769 4894 1768
3357 2591
3622
5515 2313 2039 5514 2040 2864 1617
905 2513 1102
3005
2614
3612
378
3611
3613
2615
2614
2155
2455 3612
5419 5416 5413
3611
2614 3612 5146
2614
1610
2548 3612 2591
3612 2241
2593
2615
5826 5927 2885
3612
5157
5793
2455
3611
3611
3612
3552
3611
3565
3612
5155 4801
3591 2455
1648 1648 1655 637
3611
3618
2614
3611
3621
3612
3612
5157
3612
2455
3611
3612
5155
3876
3612
3612
5141
5157
3556
3611
5157
2614 3612 5157
2455
3591
2615 2064 4740 2919
2550 2615
5157
1195 330 350 1143 1664 1530
3615
5907 772 2512 1219 2029 2029 1639 1989 524
311
4089
3612
2028 2918 2064
3612 1548
3172 3399 2849 3175
5157
3612
5220
3611
3611
5157
3612
3612
3612
2615 3612
2859
1901
3612
2071
3612
2660 2004 2007 2656 3970 3622
2614
5157 2455
3587
5157
3616 3611
5146
2927 3405
3612
3611
2064 3693 5556 4095 3173 1355 2892
3618
2455
3612
1623 6035
1973 2328 3067
4046
4633 605 1413 1543 403
2455
3612
5825 2076 4795 2512
2615 2612
3614
2749 3622 2722
3068 5157
3611 2455
3612
3589
2455 2455 5826
2076 5932 3388
5157
2593
378 2076 3612 5907
5157
1603
637 3611
5157
3590
3611
3587
5157
5157
2615 3541
3611
3611
3773 1953 2476
5157
3577
2578 3338
3612
2455
2065 4633 2868 2436 2859 5057 1355
3590
3611
3621
3590
3598
1639
3612
5157
3612
3621
3612
2615
3612
594 449
2615
4858
3414 2071
5146 5966
2455
5994 5794 5997 2455
378 772 5157 3068
5495 3702 4794
5157
5157
3620
4459 3537
2587
4875 2578 1666
2455
2455
3612
1500 3293 4858 3469 3266
3995 311 4220 5979 3995 5978
5146
3612
3611
5157
5055 3171
610 634 1530 4708 2455 4890 746 374 754 5830 5552 5831
3614 2593
3617 3617 3617 3617 3617 3617
361
2615 1872
3615
1901 3565
2615
5157
3612
4858
3612
2270 2325
3612
3612
3611
4097
3617
2603
3611
4858
3621 2455
3612
5157
3611
1548
3612
5157
2070 2860
3615
2064 4633 5065 2916 1413 526 1601 626 605 4633 5065
2614
3615
2482 3690
3612
1901
4835
2548
5825 4795
3611
3611
1921
5157
2455
2591
3612
3611
4858
3353
3612
3587
3556 2603 1493
5157
3611
3423 5005 3405 4988 3698 2892 2024 2886
2551
2593
2455 3615
2418 2510 1025 532 3170 605
3611
3611 5157
3612
3611
3611
3612
5070 5033 5070 1923 4884 5071 3459 1223 5038 5071 3459 5070 4884 2892 4196
2455
1511 2865 1576 1550 3388 1570 4095 2431 2904 3412 3882 4890 2221
3612
3613
3565
3612
3565
2614
762 3615 2615 2555 4796 4521 3615
3612
3611
3611
3612
3612
3612
3614
3459 3068
3611
2614
5146
5157
1901
2455
636 603
3591
2455
3612 5146
1355 2670 230 230 3391
3598
2615
3621
3611 1355 2923 4322 3175 3029 4581 3388 2806 3253 1355 2110 3029 6032 6034 2615 3029 2484 3029 4337 5966 4577 5940 1587 4386 4315
5778 5033
3611
3612
2029 4009 4895 4795 2916
2615 1496 2615 5795
4985 2859
3587
2455 3598
2615
2593
3612 3612
3611
2455 2614
2455
5146
3612
3612
3611
2455
3756
2615
3565 3565
3612
3611
2455
5413 5419
3611
3693 3690 4635 5006
1639
2865 4988 2070 2905
2615 3611
1550 2512 4988 2163
1992 3462 5155 4004
2593
3611
1494 605 1494 603 2070 1494 4858 599 1494 437 1494 599 2070 3883 2989
5146
3560 2615
2455
3029 1530 354 2232 2324 4808 3029
5157
2069 2923 4513 5073 4128 1355
2590
5157
3611 2455
2455
5038
2455
3598
4099
1587
3612
2455
605 636 1639 604 1637 636
3611
3612 2455
3598 2455
3621 3067
3565 3565
1219 916
3611 4858 2064 4129 2885 3465
2628
2593
3612
3612
5157
3611
3615
5778 1771 2455
765 378
3062
3611
5146
3611
1960 2328 3394 4629 1587
2331 4858 2859
3612 3612
5146
5157 4794 4740
1551
2615
5146
5066 2193 3366
5157 912
361
3693 2891 2865 2892 5008
3611
2071
5157 3612
3612 2455
3611
2455
5157
2455
2329 2071 1994 5024 1355 6033
3612
5157
2455
3612
2314 2591 4784 1945 2455 5880
3612
3589
3411 2891 4146
2614
3612 2615 2615
533 599 442 637 599 442 1639 637 593 637 442 532 532 442 592
3612
3611
5157
4988 2989 4514
5146
3612
3556
378 984 915 2455
3612 3611
3622
1567
3615
2455
2615
2455 2614
2066 4895 3621
4292
3565
3613
2455
3611
3615
3611
3613
2324 5425 5413 2865 5418
3612
3586 3612
3029 3388 2028
3612
2615
5883
2455
2957 2957 3747
5865 3575 2615
1481
3611
2593
2614
2455
1489
2455 2614 3598
4321 2591
3067 3967 3067
3613
3612 2455 3590
5906
3611
1543 2064
3611
637 1529
619 637 1419
3612
3612 2615
3201 2590
3612
3611
3611
2109 2076
3587 3587
2548 3611
2916 2071 2931 3394 1542 3410 3394 3399 2071 4803
2615
5157
3611
2114 2114 2114 2302 2114 2342 2302 2115 2114
5826 1952 2416 3391
2455
3612
3611 3611
3612 2615
3612
2596 3343 4300
3543
3611
3692 2892 4620 5188 2071 2861
3401 1540 1492 1355 5001 2863 1729 1355 1538 5024 4793 3440 3401 3875 1729
3612
1419 1646 1646 1419
3621
3612
5157
636 592 524 636
5143 2919 1355 4669 2069 2907
4767 4742
1639 1637
3612 2615
3611
2670 1563 1355 2309 2802 1142 1185 339 330
3617
3612
5932 5826 1956 3389
6051 1774 1768
3611
3612 2615
3621 3612
2614 5157
3611
3612
2455
3611
5157
5157
2859 5157 2860
5157 3612
2455
2455
4046 2560 2612
3552
3618 3612
4633 1944 2064 3394
3424 3010
5157
3612
3612
4859
3068 2323 3928
3565
2615
3612
3590
2614 3621 2455
3612
3611
1355 3386 5826 2661 230
2076 2512 2135
2153 2171 2173
2440 2007
2455
2615
4858
3611 3616
2455
3618 3618
5157
3613
3613
3591
2455
4718
3612 4861
3587
3612
2455
3612 2615 2455
5510 3391 5006 3068 2891 1551 5008 2065 1551 3390 5510 2891
3183 1355 2476 1646 5070 5825 1646
3611 3611
2455 3411 4988 3435
3590 2593
3613
2614
3387 2325 3390 2920 3393
5157
2455
3615 1551
3612
3598 2455
549 1530 5146 1529
5155
5146
3598
3612
3611
3615
2615 906
5157
3613
5157
3014
1742 5143 3407 3405 2328
3601
5157
3612
1355 5519 1947 3157 4512 5066 3410
5157
3612
3611
3611
1884 1887
3565
3621
1534 3176 3387 3465
3068
4799
1488 3970 230
3351
3613
5143 3388 6035 3387
2615 3612
5826 4582 2193 5055 5066 2437 2858 4884 1355
2455
3612
3622
2071 3067 2322
3612
5157
5157
2551 3589
2028 2431 2861
4046
3059 2593
2455
3611
5218
5157
3968 908 1586 2270 2004 5826
3621
3611 2615
1488 1476 340
3621
3622
3616
3598
4858
3611
5146
1530 434 230 532 605
5157
6032 2416
3611
3621 2615
3565
3611
3621
3612
3615
3612
3618
5157 1419
4623 5552 5058 1637 2488 5028 4803 5028 5513 2482 2481 2858
3611
3611
3067 5157
5066
4858 5793 5794 5146
1551
1500 1511
3245 2416 3297 5157 3246
4799 5451 2615
3612
1639 1655
3611
2455
3612
4778 4884 231
2615
2455
5978
2615
5157
2615
5155
2076
984 1586 911 362
2982
3611
3613
2615
2593
1870
5146 3615
5146
3612
2455
2591
5157
5157 2593
6038
5141
2614
3611
2455
2615 3427
3613
3394 2277
2455 2614
3612
3612
3895 3068
5157
3612
2615
2139 3885 5189 1530
3613
2615
3612
3612
2455
3612
3611
2070 5932 2416 5146
3611
2603
3565
1509 1508 4884
3611
230 4583 3469 5457 2463 2674 3469 230 3469 230 2507 2463
2614
3612 3741 2615
3411 3698 231
3089 4515 2139 4983 5825 5064
3615
4857 2037 4858
2455
3612
2614 5157
3612
2615
2455 4890 230
1493 1493
3612
5146
3612
3612
2680 3412 5569
2071
1568 1741 2116
5146
2490 5135
3612 2615
3565 3565
1296 974 1023
1767 5825 2761 5146
3541 3615
5826 3459 230 1355
5157
3611
2455 5157
2438 525 3068 3183
3612
3615
3612
2593
1529 5157
1550
3612 4859 3598
2614
3611
2329
5157
2426 3884
766 378
2464 2064 5792
3621
3611
3612
1227 231 912 915 1023 1217 1227 230 1222 230 913
4792 2849 3067
3611
1860 1907 1978 1535
3611
3611
3591
2033
5157 2614
3611
3613
3612
5146 2065
230 2005 3970
3587
3615
3611
3614
1512
3588
4859
2455
3612
3612
2064 3693 1984 3459
3611
3615
3616 3589
2614
2455 2614
3621
3611
3883 2858 1355 5826 3067 2494 1995 3388
5514
3611
3615
2455
3384
3612
5149
2591 2591
3621
3611
2314 1769 3621 1769 3612 4740 2615 5431 1769 5143 2969 1769 1769
2591
5157
2344 2070 2455 1607
3612
3389 4740
3885
3611
2455
5157
3611
3611
3611
6032 345 1611 2858
3615
2923 2670 3469
5156
2455
3612
3766 3693 3172 3068 2426 3420 5927 3067 2440
3615
3612
3611
3612
3611
2615 3764
3621 3612
5450
3612
3612
3612 2615 3612
532 594 1666 3620
3612
3621
626 524 591
1606 2163 2071 5053 1623 1615 2225 2205 1623 1623 5053 2158 2205 1606 1550 5053 1623 2071 1615 2514 6039 1606 1565
4858
3612
2272 3970
2455 2603
1612 3172
3614
3612
5157
1480 2393 2004 1480 5423 4916 1480
5157
5181 5792
3390 2562 2614
5568 2393 5826
4858 1419
2393
3612
3598
3611
524 2455
3612
3590 3620 2569 2560
5975 2218
2591
2614
3611
5157
2611
3621
3612
4935 4052 3622 2070
3612 5157
3068 3172
4766 5510 2316 6049
2071 2611
3613
3612
3612
3611
5432
2615
3565 3565 3565
2455
3827
983 840 906 1023
2455
3612
3611 3611
5146 3612
3612
4268 1742 2328
3611
3612 3612
1606
3611
3613
3612 2615
3621
3613
604 532
3621 4858
2615 3611
3615
2593 5157
2615 2560 3201
3565 2068 2181 2314 2314
4794 5000
3611
3612
2163 2158 1587 3067 2578 4046 3612 2455
1956 3395 2395 2865 2317 3691 2329 1944
5157 5569 5558 3702 5558 2437 2927 5157 5569 765 378 231
2455
3973
2614
600 739 1413 532 3612
3613
3611
3611 3096 1355 2848 2071 2069 5058 3469 3222 2324
3611
3598 2455
3598 5532
3613
3611
3616 3618
3587
2455
3612
4342
3612
3612
2615 3612
3611 3611 3611
2864 2318 3393
3611
3972
5799 1939 5799 2969 5977 5980 2969 5976
3612
3612
2544 2544
3612
2455
3612
3613 3587
3611
3612
3611
5946 4314 4298 4294 4333 2455 4324 5946 4316 4312 5946
5157
3612
3611
3611
2418 5007 3766
3611 3621 2603
2865 2317
3611 3611
5157
2591 2455
3612
2593 3621
2615
3612
3611
3621
2614
3612
3565 3565
2612 2615 2611 3349
2615 2615
3611
5157
2455
2455 3598
2455
2455
4858
4766 3611 2982 2314 4873 3966 3968 2455
3615
2455
526 1530 1413 594 231 637 1648 1419
2615
3611
3615
3598 3565
3612
5157
2615 2455
5157
2455
3611
3395 3400 1567 3387 5143 6049
4132 2065 4274 5794 3690
4999 2560
3611
3612
2512
1547 1508 1547
5505 5056 2070
3741
3611
2455
2065 2859 2491
3611
3577
3593
2615
5157
3611
2455
2038
3612
2455
3620
2320 2615 5510 1901
3612
3612
3611
3741
3590
3611
3611
4983 4986 4985
3611
2590
4875
3612
3611 3611
2593
2426
4859 3621
2591
3611
2476
3611
3621
2455
3611
2863 5218 1578 5071 2065
2858 5220 3690
4857
3029
584 403
5071
5065
3068
3068 3067
3611
3611 2455
2323 2216 3412
1926 4766
3440 3394 5797 3468 3184 3175
3612
230 2892
3592
3611
2614 2455
2615
3612
3611
5990
3621 5146
2615
1466 1419
3615
3611 2611
3612
3611
2615
3615
5826
2614
1497 2455 230 2271 2455 4743
3611 3587
1920 5501 4635 2046 230 230 5501 4132 5932
5056 5482 230 1749
3611
2514 230 2916
1529 1419
3611
3613
2591
2560 2613
3590
3612
1208 1221 231 231 1208
3612
1901
2455
2071
2615
3613
2615
3612
5157
2916
2615 2615 2455
2395 1956 1952 5552 3262 2662
1355 230
2614
3612
3459 230 2426
3611
3611 3611 3587
3029
3614
3612
2859 5218 2313
3611
2455
532 1634 594 532
2969 2955 2455
4879
3612
3612 5157
3613
765 231 378 378 4895
2593
5157
1529 1655
230 1222 912
5157
3612
3611
3611 3587
3612
3621
3612
2270 1355 230 2276 2393 3612 2222 230 2325 2156 2193
1551
4890 230 2997
2313 3435 3411
2615
2591
3611
231 403 1646 230 1046 433 364 624 1082
345 1611
2982 2464
2511 4983 2854 1355 6032
2071 1915
3541
5157
5157
2916 3009
1355 4861 5994 5070 3068 5008 3405
3612
3589 3618 3618
1934 2266 3067 2864
353 4807 3068
3552
3613
230 4978 1211 4976
5141
3201 3611
3621
3611
5157
3611
4799
835 983 983 378
3612
1413 1652 1639
2615
2866
3612
2455 2611
3560 3587
2455
1888
2615 1585 1586 1585
378 230 1203
5157
2615
3612
2593
3612
3614
230 2978 5003 2065
3612
2321
2615 3615 2615
2455
2615
3587
5157
2615
3611 3611
2614 2455
5157
4591 2029 230 2969 3157 230 3158
2892 230 2270 3182
3621
3612
3612 2071 5977 5526 5494
3611
3613
3587
5825 4128 1927 5027 2265
2024 230 5098 5510 1355
3614
5146
3621
3611
2455
3394 4983 4986
3613
3615
3612
3598 3598 3598
3565
3579
5144
2455
3611
5157
1497 230 1497 5456 4882 4880 2434 230 5482 600 231 435 230 5456 4879 4883 231 1076 230 4872 4876 231 3068 231 4883 4882 2434 4879 435 231 3068 231
3612 1590 3353
534 1469 1530 592 604 1530 1413 532
4859
2615
2070
2323 1930 1935
524 5825
3180 2916
2455
3591
3616 3617
2614
2614
3611
1518
2591
5932 3420 4629 2455 3390 3465 2317 3389
3565
5157
2858 5220 6048 3067
5146
5146
2455
5000 4740 1496 5794 2316 3276 5000 5794 5794 5000 3402 3068 5794
5157
5157
2455
5146 3612
3612
2716 2416 2489 4109
1498 1498
3611 3587
5144
3612
4985 2071
2615
526 1025 1652 4837 4766 230 5143 2276 2273 5143 230 230 2418 2317 3389 2416 230 2314 2894 2894 5143 5071 2894 2455 4837
5157
2455
3611
3612
3541
5157
2077
2064
3611
2455
2455
3598 2614 3598 4859
4859
3592
5157
3613
2593
2455 3598
1196 230 350
2591
3615
5157
1355 3854 5071 4803
2614 5157
2455
3157 4883 3068 5778 230 5098 5778 230 5489 5778 230 3158 3068
1894 1576 5432 1590 5065
605 403
2455
3622
4994 2321 2455 2321 4881
3621
3621
2455
4635 4858
3618
3611
2591
3591
5157
5883
230 3970 4795 2484
5157 3612
5157
3621
4858
2455
3612
2455 2614
2615 3612
3611
5157
2614
1548
3613
3611
3611
3483 3390 2437 6032 357
345 1611
3611
2455
3611
3611
920 974 835 230 1023 5071 230 5778 5489 1355 2396 2455 2868 230 2017 230 5489 5778 6039
5073 1595 5002 2028 1355 2886
3611
2615 3565 2614 2455
3614
6032
2614
1217 1222 231 1215 912 231 1222
2614
620 1076 364 624
2590 2613 4532
2455
230 4577 5033 2271
2614
5157
3612 2615
2455
3611
1516 1516 1516 1516
5994 2304 2076 1505 5793 3618 3068
3621
2316 2615 5157 2614 2510 5145
2455 3611 3587
3611
3611
1906
3068
1612
3612
2158 5776
5157
3067 2868 2865
637 1530 1419 1530 1529 610 1466 1419 1419
2455
1867 2561 3621 1872
2455
2455
3611
3617
3611
2615 5157 3612
1494 636 437 636 5510 605 3172 636
2455
3611
3612 5157
2455
1529 1419 1530 1419 1962 5825 1529 2323 6032 5505 2434 4576 1652 531 1025 1646 1962 1962 1530 1646 1529 1962 609 1025
2455
1551 3611
4743 5132 4857 2892
3612
2455
594 526 1530
3620 3616
1466 1637
2455
3618
3611
2611
1646 1466
4637
4881 2455 5143 5791 2065
3618
3611
3598
3612 3611
3612
2233
3612
3612 3620 4052 4858
2455
5157
2455
3612
5157 3068 5098
3612
3611
3612
3611
3591
526 604 1530 526 231 604 1655 1655 403 438 231 437 605 599 403 231 1655 231 526 438 1655 403 603 1655 1025 599 526 3068 526 381 624 1079 364 1082 430 231 604 1655 526 626 1530 231 3068 526 1655 403
5066 5157
2885 3598 5218 2877 5218 4969 2071 1907 6034 2877 5038 3694 2885 3694 2316 2071 2877 1907 2571 5218 2885 2877 3694 2885 5774 6034 6034 2877 6034 2866 6032 2071 2298 6032 3693 3043 2418 2417 5161
2455
3611
3394 3837 5506 3395
2591
2455
3616 3587
3613
5146
3618
2611 2615 2612 3896 3573 3612 5876
2316 2318
3612
3611
1534 2317 2393 4766 230
2455 2614
3611
231 549 526 1639 1639 594 230 449 526 526 1639 230 3269 230 3278 449 449 526 594 230
3618
5157
2314 230 2455 2431 5070
5157
2455
3615 2593 2455
2615
2455
1530
2841 5143 3127 3611
2614 2455
3157 5065 230 5075 3972 230 2858 3870 230 2455 2894 5559 2713 3170 1355 3972 230 230 2894 5055 5504 2455 230 3972 3067 2490 5507 230 5559 2455 2858 6032 2858 3972 1740 4133 230 5157 5559 3402 5504 4045 1992 230 1992 5559 1749 4985 4986 230 2858 230 357 3870 3972 5065
2614 2455
3403 5141 2868 3067 2455
4791 4520 3067 4996 4876 2482 2070 4620 5569 3186 1945 3067
2713 2713 3884 5568 4807 3884
3621
5157 3598
4858 2614
2455
4858
2017 230 5068 3157 1932 4154 3157 3106 230 5507 5507 3158 230 4154
453 435 231 603 610 1078 230 1050 453 435 1495 1530 603 231 610 435 231 1530 453 610 6032 2155 1355 230 3389 230 1927 5510 4708 435 231 453 610 453 1027 230 2325 4185 1508 5075 4708 2325 3067
2615 5007 5793
4046 4742 4046 4742 5055 2567 4046 3598 2567 4046 4521 6034 5794 4046 1543 3621 1542 4046
4858
2455
230 2455 1935 2177 1355
2455
2455
3613
2614
3611
3621
3587
3611
361
5157
5157
915
1893
4851 2076 3435 2158 2611
2318
3611
4921 2325 5396 3420 5219 2916
3995 5501 3854 3995 3828 2481
3611 2593
3612
5156
2064 1622 2489 2857
2614
1576
3571
3393 5825 1355 3171 3459 1962 3172
3615
2615
3621
3614
3612
1216 983 911
3611
3974 3565
5146 3068
3586
3611
2615
3391 2919
4302
2603
3612
3265
3613
3611
3617 3617 3617 3617
3612
909 836
3611
3411 3435 3068 1355 1548
3612
2615 2596
2721
2895 6032
3611
3611
608 355 1469 524 4809
6034 1923 230
3612
1585 1567 1587 5482
1530
3556
3612
5157
3565 2615
6034 2077
4794 5220
3053
3611
3611
1530 1530
637 1646 1530 1419 1419 230
3883 5886 3420 911
4893 230 4895 5776 378 231 1203
2455
2325
3612
2069 4858 5467 5143 3068 2615
1500
378 1216
1939 5825 2864
3611
3612
1500
2455
3612
3611
1505
3611
2864
5157
3612
3611 3612
3612
908 5157
3612
5826 4740 3402 2512 2851 2978 1348 1413 526 3389 2851 2851 2868 526 1348 1469 2851 5058 1932 230 1637 1348 1413 230 2512 2978 2851 230 1932 2859
5146 1355 230 5146 230 5778 230 2036 230 5778 2065 5778 230
3601
2603
4314 838 974
3611
5144
3612
3621
2298
5146
3621
2418 2455 3393
5978 5994
3612
3611 3968
4785 4996 1585
2271 1508
2615
3590
533 2455
2615 3621
3565
3612
3621
3411 3423 637
2394 2070
2614
3613
1911 2615
5157
2455
3067
2592 5403 3067
3067 2614
1868
2455
2036 2032
5157
3436 230 1355 3185 2064 2744 2265 2491 5489 230 5778 4154 1509 2868 3435 230 3173 3435 3068
3050
230 3389 5778 230 3157 2978 3389 5075 230 1576 230 5778 230 5778 2640 230 2640 2323 2323 230
2571
3612
1509 2071 3026 2071 3026 3026 1509 2071 2131 1526 3027
591 526 549 231 1413
230 3386 5778 3402 2036 5075 1481 230 2481 2036 5778 2488 230 3870 4622
3565
4858
3612 3611
4859
3612 1548
3613
3611
2954 2952 5792 2455
3622 3622
3613
3612
1607
230 5070 5510 5826 230 1995 5075 2994 5075 5070 5510 5826 3157 230 230 5065 230 3870 2071
2455 5065 2858 230 1355 5075 230 3170 1927 230 2040 1419 5932 1419 637 2316 3097 3469 230 4988 4999 6039 2036 5070 230 2851
838 2455 906 6032
5098 3180
2314
3566 2162 2158 2163
230 5143 2969 3387 230 3436 2315 230 5512 1935 1607 2999 1355 230 2323 3108 2969 230 5143 3870 230 3068 1607 4894 230 1927 5143 1355 230 5001 5069 2484 5070 230
2077 2077 2575
2615
5033
3393 2416 3389 5826 2271 3390 4629
5157
4859
3617
2591
5157
3611
6048 2908
3611
2064
3434 3390
3611
593 1666 533 435 593
3612
2615
4595
3612
2614
1646 1419 637 6032
2557
3621
772
3565
3618
2591
2615 2316
1877
2615
3387
2615
5976
3565 3591 3565
3612
3626 3626
1419 637 610 1646
3612
3611
3611
605 526 445
984
3579
3612 2615
1985 5138 3621
5825 2591 5825
1537 1543
3612
2455
2271 2064 5778 5065
3621
2226 2157 2982 2226
3617
3611
3590
5157
3615
3611
3612
5932 2393 2007 4879
4046
3612
3612
3611
3613 3587 3598 3598 1551
2455
5440 3067 1906 5143 5892 5143 5439 6032 1999
230 4154 1355 2997 1962 6048 6049 6053 230
3962 2756 230 3962 230 2756 2357 230 2756 2357 3962
3076
2509
5559 6049 4858 230 4858 230 5559 2510 230
3612
2455
2455
1637 1419 1419
230 2323 3108 230 3440 2323
5124 5128 5129
378 2064 1216 909 1203 1222 765
4794 5220 2316 5058 2324 2316 5058
3611 3587
3589
2615
2615
1637
3611
2920 2039
3590 1493 3590
2069 1902 4621
2858 3399 3766 3467 3387
3611 3611 3611 3611 3611 3611 3611
3566
3388 2065 2075 3410 1355 2865 2140
3612
3612
3615
3612
3621
2455
3618 3618
361
3611
5932 1953 3390 3067
3579
524
3611
3565
2068 2615
3611
2611
1548 2036
3616 3617
3068 2030
3613
5143 1601 4861
2507 1767
1465 4889 5559 3881
2314
1888
3613
2865
5431 1873 3611
3611
5493
3612
3612
3612
3068
3611
3613
3612
2158 2463 5776 2463
3621
3615
378 720 720 743 720 647 655
1535
3612
1537
2593 3567
3612
3611
5803
5143 2323 3068
2611 1906 2530 4046
3875 5558 5506
3346 2188
5157 5157
1419 1646
3756 1551 2958 2957 5218 3882 5218 5007 5218 2958 3756 3756 2958 2316 2455 1551 3756 2316 2958 3756 2957 2958 4857 2957 3756 2958 2316 2316 2957 3756 2455 2958 2455 2316 2957 3756
526 1025 594 5825
3481 2481
5065 1939 2325
4660 3411 4986 1355 1939 2065 3183 5071 3171 4983
1903
1913 3620
3153
5825 6035 2482 5071 1222
527 605 1025 527 1413 605 2482
4799
1466 4545 2670
3611 3612
361
3616 3612
1533
3565
3612
3393 2593 1774 4620 1926 3408 1940 1355
3611
3611
1328 1303 1283 1276 1224 378 1102
230 1512 4795 2193 2071
1927 1550
3612
1535 5219
5053 5053 2591 5053
3611
3617 3617 3617 3617 3617
378 2131 3029
2615 3566
3589
3612
378
2603
3612
3565
3613
920 1218 974 230 1023 5880 230 3870 2979 5558 974 920 230 921 1023 5069 2978 230 2979 1355 3870
2316
5157 5144 5156 5157 5156 5161 5157 5156 5146 5156 5157 5146
3590
4046 3612 2615
378 2651
3618 3618
3369 2007
230 4861 1962 230 2850 2524 3403 5143 2864 230 2524 2850 532 1413 2524 2849 3068 1962 5143 1348 532 2851 230 5143 1652 230 1413 1637 524 1962 230 2524 230 1962 2524 1639 1639 230 1652 1413
3611
2908 2707 2064
2603
1944 2076
5869 5435
2510
2892 4743 1551
378 231 1203
5157
4795 2313 2417 3388
1911 5094 5814 4052
2141
2064
2615
4983 4874 230
3622
3611
4999 3029 3067 2455
2615
2615
2591
2421 230 1551 2455
3611
3615
