4801
4803
1714 5665 3190 3266 3560 1786
1812
4802
4016
4803
2905
4801
4801
2893
4029
5218 3259 5203 3254
3342 3427 2578 2578 3427 3342 4800 3427 3342 2578
2904
4800
4802
1714 3226 5698 3227
4040 4801
2905 4802
4803 1626
4800
4029
4802 587
2310 5622 5695 2706 3327
2880 2881
4030
665 594 1805
4802
4802
4803
4800
4003
4030
5696 6558 1695 595 5203
4803
4800 4803
4800
3782 3869 5709
1810
4802
3201 2951 6818 3194 5354 2794 3239 3221 5353 6818
4802
6122
4801
4802
3967
3978
4802
2318 3240 6251
4802
4029
4801
4030
4800
4029
703 1695 1936 3262 6793 703 1695 1734 1695 4803 1734 4331 1695 494 4802
4803
4803
4003
4800
4040 4173 4801 4800
2881
4802
4801
2767 2290
4029
3355
2905 4801
4803
4802
4800
1367 261 843
4802
4802
4800
5716 3789 3258 3199
4802
4033
1345 1361 1341
4029
4803
3229 3196 3806
2905 2881
4016
4803
4801
5710 5714 5505 6558
4803
4029
5478 4030 3805
4031
2204 3785 2205 5478 3194
4802 4801
2381 6803
4803
4800
4800 4801
4800
4803
3130 6685 594 3784 4118 5405 2307 4123
4030 4802
3547 3561 5481 5159 3130 5622 2718 5617 1665 2790 3601
4030
4803
4802
4800
4802
4029
4023
1764 2881 1754 1769 2850 6547 2130
4802 4041
3978
4029
4801
4036 2905
4802
4801
4800
4802
4802
2881 1793 5879
698 1089
4800
4800
2161 6746
4802 2312 2312
4802
4016 4803
4802
1341 1377
4331 3259
4801 4801
2904 4864
4803
4005
3427
4802
4803
2893
4525
450 4803 594 4800 492 1821 1825 4801 699 1088 1983 2717 1021 1015 424
2881 4800
4802
4803
3978
4029
2904
4029
4801
4802
2893
2881
4802
5678 3344
4040 4802
4803
4802
4040
4802 4030
4803
2881 2881 4040
2905
1021 6199 6558
4800
2904 4803
669 588 1572 2307 3552 3190 588 669 1133 671 1572 588
4802
4800
4802
4031
6802 5214 5708 5207 6802 6802
4800
4822
6655 6542
6801 3788 5190 1507 4421
4040
4802
4801
4803
4803 4016
2886
3074 3091 4200
4801
4802
2709 5412
4526 4040
4803 4802
4802
6107 5716 2593 2885
4800
3828 4783 5666 2572
2313 5214 1770 1708 3190 5663
3426
4030
2904
4802
4802
4803
3411
4029
4030
4040
703 1579 1626
4029
3482
4031
4802
2666
4802
4040
4802
4029
4030
4803
1819
4802
4802
4800
1656
1656 4029
2665 5792 3196 4117 5369 1507 2715 4802
4029
4031
4802
4803
4800
4003 4034
4802
4800
4800
4802
4802
4800
4030
4801
3186 3185 3181 3228 4122 3841 2484 4801 3805
3426 6525
4801
488 5158 4117 5803 6564 4117 1937 2595 5805 2588 5698 5158 4164 3866
4030
2905
2798 2797 2798 2309 4803
500 1133 587 672 2704 594 671 1812 2310
4802
4029
2881 3799
2868 4800
4030
4031
4802
4035
3829 3813 3548 3190 1714
2794 5879 2269
4803
3190 5404 3192 2155
2468
4029 2893
4041
4800
4802
4803
4800
4801
5845 1744 2313 3548 3546 1724 5495
4800
4802
4005
4036
4800 4030
4802
4801 4016
2125
4802
4030
3547 6527 2736 4803 488 4789
4802
4030
3784 5663 3453
4029
4029
4844 4827 2994 4397
4800
4030
4802 4029
3434 5369
4031
2709 5665 3799 2185
4800
4030
2881 2850
5481 4789 4802 3788 2801 6558
4803
4803
4803
1014 2270 1348
4041
4803
4029
2792 4803
4800
4802
4033
4029
4800
4800
4800
4800
3427
3427
924 1088
4801
4030
4029 4802
2319 2736
2905
6804 1794 1794 6804 1794 6804 6804 1794 2904 611
4800
6558 2593 2306 4801 1752 2665
4802
2147 2441 6098
4803
4803
4030
4802
4016 1498
5877 6559 1794 4802
5714 5798 5810 2736
4029
4005 4803
4803
4800
4029 4801 4029
4802
4802
4016
4800 4800 5387 1764 4801 3991 4802 1754
4800
4802
4029
4030
4802
4801
4029
4802
4030
4801
4801 924 1015 1507 2979 2384 3546 2575
4801
4030 4029
4801
5432 1716
3989
4802 4800
4800
4801
4030
2313 6738
3829 4123 3196 5792 4525 3427
1656
4802
4802
4802
4800 3327 3196
4803
4030 4801
2877 1724
4802
1716 1770 2089 3864 1753
4802
4802
4802
4029
4802
4803
3197 2358 5505
4029
4802
4030
2772 1507 6559 3866 3807 6559 1664
4801 5494 2904
3577 2092
4802
2904
3978
4801 3974
4800
4802
6822 1660 6820 4327 5809 1734 4324 5502 1664 2578 5781
4016 4802
2904
4029 4801
4802
4029 4802
3239
4030
4030
4039 3011
5511
1780
346 4511 5519
4802
4801
5708 1572 5218 1770 671 588
4802
3788 6527 3379 386 5497
5879 5404
4802
4802
4016 2881 4030
4803
4031
4802
4003 4003 4003 4003 4003
4800
5845 5798
4040
4029
4800
4030
2318 2593 3219 5478 2592 2593 4330 5671 4118
260 5877 2587 1012 2696 1507 1358 261 929
4029
4801
2881
5794 1638 379 1008
4803 4030
4800 4029
4033
1812 670 506
4036
4802
4801
4803
4802
2883 2881 3411 2881 4803
4030
4802
1754 4803 4285 4801 5794 4278 1764 4540
4800
4803
4802
4802 4030
2845 2893
4800
4801 4802 4800
2881
2904
4803
4800
4803
4801
4801
4040
4031
4800
4029
4802
4800 2904 4803
4330 5511 5617 2273 3190 3191 2717 3789 6801 3782
4802
6738 3191 2756 3427 2716 3196
4029
4800
4029
4029
4801
4802
4800
1716 4801 2881 1716 1716 4030
4802 4801
4034 4029
4801
4802
3864
4800
670 702 586 4803 4800 670 1812 1805
4802
4800
4030 4802
3965 4800 4016
4029
2850 6122
4802 3229 2319 3859
2736
4802
4030
4800
2880
2881
2905 4029
4033
4803
4801 4801 4803
4802
4029
695 686 1192 690
670 500
2270
4800
4007
4803 5092
4802
4802
4030 4801
4029
4800
4029
4801
4029
4031
4036
4030 495 665 1579 595
4379 4800
1724 3130 2312
4803
4029 4800
1675 6807
3978 2881
4800
4801
4802
4802
1358 1011 1088
4802
4030
4800
4801
4802
4800
4803
5403
4803
2808 3254 3052 2593 2158 3220 5477
2845
4800
3980
3381
4800
4030
4803
4801
1716 5514 5369 2155 6559
1681 1974 2231
594 1695 665 670
4005
4801 4640
4801
4029
3298 4800 4040 5402
4800
3978
3533 5495
4803
4029
4031 5675
4800
2669 3828 3220 3561
4029
4016
4030
2893
4801
1217 261 843
260 6199 6558
4802
4802
261 1345 1346 5208 260 2588 261 1341 1345 1341 1366 261 424 843
6804 3859
3834 5405 5499 6817 5203 2721 4801 1507
2575 4802
4029
702 588 3381 4586 2696
4803 490 661 451 368 1321 1838 1268 660 451 2181 3254 1797
4801
4800
4030 2881
4039
4801
2881
4016 4800 4030
4030
4030 4030 4030 4803
4030
4800 4016
4029
4802
4030
4036
4030 4800
2904 4802
4801
4036 4030
1683 2595 260 3342
4803
4801
4802
3978
4800
4801
843 424
4802
2795 2858 5596
4802
4803
4029
3984
4036 4800
3979
4803
4800
4800 4029
2905
4801
4800
4801
4030 4173
2736 2307 6801 611 4801 3226 5643
4802
4800
2881 4803
4007 4802
4803
3254 5789
4803
4800
2904
4800 1579
4800 4803
3953 3408
4800
4016 4801
4803
2736
4802 4803
4802
4802
4800
3427
3196 6559 3867 1507 1819 1699 3552 3195 3781 3553 3866 1699 1507 3781 3867 3552 1699
3196 3199 2704 6743 6525 3782
4029
4030
4803
4802 2881
4800
4801
2880
2307 2572 4421 3931 2756 2568 5174 3556
4803
3199 3195 3195 2354
6545 4526
4802
4802
4800
4803
4802
4800
4803 5418 4821 4822 2164 5418 392 392 5418 2376
4802
2881
4803
4802 4029
4030
2665 2772 5404 2527
4030
4802
4802
4802
1656 3969
4802
1008 1089 1346 1355
4801 4801
2893
4802
4029
4029
4800 2904 2905
4032
4029
4030
2881 4029
3785
6541
2881
4802
1812 3558 594
4029
2306 5708
4801
4800
4800
5402 5794
4800
260 5394 6682 6682 1341 5504 424 261 260
4802
3934
4801
2891
4029
1341 261 1361
4801
4803
2883 4801
4029 4003
4800
4800
2306
4800
3991 3979
4803
4801
2881
2905 4802
4036
4803
4802
4801
4802
3426 2596 3227 2792 3196
4801 1344 424
4800
4802 2797 4800 4801 3776 4802 4801 4800 4803
4801 4800
2269 4122 3798 5696 5695 5678 3785 4118
4520 6684
4016
4802
4800
3603
4801 4800
4803
3973 4041
4029
4029
4802
4029
4802
3822 3561 2161 260 260 2745 2747 260 3822 3877 3427 1507
4029
4800
4801
4802
3788 1733 4799 4316 2156 1507 4117
4803
4800
4801 4800 4803
4030 4035
4800
1656
1695
5794 3782
4191
2905
4802
4801
4802
4802
4800 6245 6743
3298 4191 4191 3298 5717
4802
4801 3298 3189 4431 3327
4803
4031
2881
4801
2313
4801
2881
4801
4030
3262 5666 260 4783 3559 3182
4031
4029 2881
4800
6737
4802
4801 4802
4802
4029 4800
4029
4800
4800
3558 3189
4029
4800
3985
4802 4801
4031
4801
4803
4802
3196 3001
1812 670 1572 1695 588
4802
4040 2904 4801
4800
4803
4029
2881
4030 4802
4802 4801
2881 4801 4029 4800
4030
4040
2851 4040 4803 2852 2857
4802
4800
2311 3334
1507 2316 3190 2156 2704 2159 2311
2313 3551 2596 595 5634
4030
4802
2904 4800
4800
1579
4800
1716
4802 4800 4801 4803 2707 3231 2696 3785 2871 1812 2713
4801
4800 4803
4803 4030
4803 4029
2881 4800
4030
4802
4638 2904
4586 6525
2140
4030
4034 4005
4802 2592 5617 5218 5610 6624
4029 2893 2881
4030
4031
4029
4802 4029
3978
4800
4801
4800
4029 4639
4029
6093 6801 4802
4802
2881
4802
1702
4033 4803
4800
4802
4801
2881
4030
4800
4040
4801
4802
4803
3298 2847 5810 5879
4802
4036
6524 4801
4030
1366 1346 1341 1367 261
4029
4040 4030
2859 6655 4040 2881 4040 4030
2140 4029
4029
260 424 2773 6201 843 2774
4803
4803
4031
4029
4030
4029 4801
2228
4030
4801
4029
4029
4030
4800
4030
4030
4803
4802
4801
4800
4831 4355 6702
4029
4029
4800
2307 5394 2796 1700
4802
4803
4802 4029
4802 4030
4030
4801
4029
4029 4800
3427
4801
4800
4802
4801
4802
4801
4040
4802
1341 1361 843
2794 4803 4801 4802
4802
5877 3807 6802 1352 5478 4557 4784 2204
4800
4029
4029
2881
4800
4801
4803
4800 4801
3199 3195
3426
4802
4029
4802 4030
3128 6687
4800
4801
2905 4802
4800 2904
4802 2904 4803 4803
4803
4802
4800
4800
2881
4030
3471 6818
6149 2584
4029 4801
4802
2881
4801
388 3377
4803
4801
1367 2774 2306 260 261 1341 260 1367 2774 1341 1367 1341 261
4802
4033
4801
4030
1664
4803
4803
2904 4800
4801 4803
4801
4029
4802 4016
4030
4029
665 1812 1133 2441 2794
4802
2796
4800
4801
2904
4029 4801
6802
1217 1341 5062 1741 424 843
4433 1664
2850 4029
4033
4803
4803
4029 4801
260 2147 2159 6263
4802
4803
1708 2566 1655 1507 260 1936 3254 1936 260
2313 260 1690 1507 1361 2313 1690 260 2313 1690 1507 260
261 1089 424
6628 4801 4800
4800
4801
1753 2173 4802
1009 424 1358 261
6624 260 1507 6173 6189
4801
4803 4030
4802
1656
1358 261 1006
4030
2881 3973
4029
4803
2881
2307 3769 2792 6558 5630
4803
260 2575 6559
3807 1507
6113 2881
4802
4034 4029 4802
4801 4800
3603 3266
6525 424
6547 4029 2848
4030
4802
4801
4801
1358 1009 1088
4800
2472 2482 2589 1507 260 2529 4450 3259 260 2482 260 2530 5453
261 1367 843 1345
3794 3867 3181
4803
4801 2598 2881 3420
2904 4800
2155 3427 260 5394
4801
1797 3427 5709
4802
5344 4335
4803
4030 4532 2901 4030
4800 4005 4036 4005
4800
4800
4802
2881
4803
1341 261 424
4432 6525
4800
424 4800 2904
4803
4801
4802 4029 4029
4800 4030
1319 1268 389 1695 368 1227 1272
2881 4800
4800
6558 1764 2905 5387 1770 2318 6558
424 261
4803
4035
4802
4032
4802
4802
4029
3973
4016
4801
3394 2667
2159 4123 2595 260
4118 5496 2193 6527 4802
4016 4016
4029
2471
4802 4040
4029
4803
1662
261 1341 843 1361 6138 699 3254 260
2904
4802
4029 4801
2880 4030
4803
4802
4800
4802
1174 1727 260 1184 1179
2905 2893 6124
4800
4802
4801
1487
4801
4803
4033
4803
4803
4029
4800
6526 6525
5478
5222
6527
4802
2881
4803 2849
5617 5542 5218 4164 5203 6155 6527 5617 6738 5218 5619
2904 4031
4029 1656
4041
4802
4803 2904 4016
4803 4029
4800
6089 5206 6817
260 2471 5794 2534 6506 3780 2736 384 3218 6506 1782 260 2529 5794 260 2530 3780 260 2156 1840 588 1825 2441 2529 1825 260 2530 3427 611 488
4803
4800
1345 1217 1366
2702 6801 3806 5877 1650
4801
4803
2905 4801 4040
1819 703
4803
4803
4802
4803
4801
2904
260 6558 2590 1792
4016
4029
2847 2849
4033
4016 4800
4802 2881
4800
4800
4802 4029
5698 2168 260 2161
4800
670 490 451 670 490 451 3426 2881 490 3420 670 1658
4800
4803
1579
4802
4800
6804 260 6527 424 1341 261 3218 5798 260 3831
4030
4803
3801 6262
4802
4803
3227 2307 3190
2881
4802
4030
4029
2409
4800
4802
6506 260 3839 3831 260 2695 4651 3190 451 588 260 662
4800
4800
4800 4029
4800
4800
4029 4803
260 5794 2790 2307 1642
2881
1662 2313 3978
4801 4800
4801 4803
4802
4800
4803
4801
2905
4800
4030
4803
2974 2904 3934 3426 2575
2904
4803
4800
4800
4803
4800
1626 700 1695 1697 260
4005
4802
3978
5456 5803
4802
4801
611 490 2441 702 670 4802 1658
3805
4016 4800 4033 4800
4801
1694 703
4801
4802
4803
4803
1008 1088
4801
4801
4800
4803
674 1810 1572
4016
4030
4802 4016
4030 4029
4802
5093 5387
4800
4029 2880
4030
1088 260 1440 5618 260
3190 3828 3426
4801 3327
4801
4801
1828 4802
1217 261 424
4029
4801 4803
3199 2589
3128 4802 5714
2092 4029
4030
2600
588 1840 261 660 1498 495 261 495 660 588 1498
4802
4801
4801
4800
4800
4029 4802
6817 2983 2471 3532 3796 260 5477 2579 2281 2427 2441 260 3796 2983 6196 2663 2669 2983 2384 2277 1970 260
4803
4801
2765 2790
260 3532 5618 3229 260 6173 4879 3533 3427 6199 260 3323 5810
260 1189 1184
4031
2881 3972 3953 4802
4800
5214 3785 5496 260 6687 2736
4801
4802
4802
4003
4801
2905
4029
4800 4016 2881 2173 5798 703 6687 3785 5478 2185 2736 3180 1579 4802
4029
4029
4801
6801 2694 3427
3229 5877 3194 4783 5082
4030
3563 2715 3799 4271 3222 2313
2881
4802
4802
2454 1979 2209
4800 4802 4803
1828
5618 6624
4800
4029
3654 2310 1786 260 260 2310 6255 1778 260 6559 3262 6682 3655 2794 6166
6803 5696
3427 1674
4800
4802
4030
4029
6756 6526 5798 1797 4801
4800
2575 6801
2883
3402 3411
5794
4030
4029
1819
3298 3298 3298
3228 260 3548 1341 261 1361
4802
4032
2893 4800
5842 5218
1788 1777 5502 5496 4801 4016 4801
2736 4802 4803 703 4801 4801
5404 3196 5643 4450 5836 6251
4803
4029
4030 4029
4802
4030
4039 3239
4802
4031
3737
6173 4802 6805 6806
4801
1810 692 260 1825 588 1626 1810 588 692 588 657 260 1658 692 498 588 670 692 588 671 261
4032
4802
5501
4803
1358 1012 2709 2792 1005 2696
4800
4803
1655 2694 5174 5478 2311 3219 3188 3222
4800
4030
1702
4032
4800
4802
4803
4800
4803
4800
4802
1788
4802
4802
4800
3057
1742 2575 260 2312 6508 260 2312 5744 260
4801
4800
260 1507 3270 3052 6506 260 2944 3241 1979
2904 2173
1174 1727 3218 425 260 1171 3218 1171 1727 260 1724 1012 1341 5617 1021 260 5619 1087 3218 260 1727 3218 1840 260 588 494 1579 260 3218 260 3218 1507
2280 260 3199 6506 5207 2277 2565 260 6506 2161 2280 2277 3182 3199 260 3182 2525 2530 6506 3182 2280 2277 6506 260 6805 2280 2280 2713 260 4184 3178 3199 6506 2277 260 260 2773 2280 3182 4184
4803 4031 4030
4802
2965 3441 5795
4030
4800
4800
260 4270 5714 6559 4270 2313 6248 260 2719 6559 3796 260 4478 4625 3426 260
260 3796
4802
4803 4801
2756 3357 5794 2663 1935 260 3829 3182 260 2575 2587 3841 3830 2523 2156 260 5501 260 3830 2577 3182 6801 260 1642 3781 5208 260 2164 1507 2257 1507 4625 6189 260 2161 2257 1507 260 1642 6208 488 260 5519 2153 494 668 487
4802
4802 4801
4802
3214
2881
4802
4803 4802
4029
3381
4800 4801
4802
5515 5516 260
6801
2865
4801
4800
1009
4030
2881
4030
4802
3978
4801
1697 4803
2883 2885
4803 4802 4801 4800
4801 4800
4016
4030 4800
2772 6558 4118 1507 1348
4800
4033
5404 6194 2315 2169 1716 2314 4030 2704 5630 2880 2902
2886 3974
4030
4802
3978 4030
4802
4802
4016
4030
2881
260 1828 2306 3258 3258 261 5709 3548 1507 1742 2590 260 6682 6570 1733 6682 2590 3868 260 3199 1742
4802
4800
4016 4029 4003
1695
4799
1972 260 2579 2589 2277 1507
1707 2794 260 260 6252 2794 2794 260 6252 260 2794 2794 260 6252 2794 260 6252 260 2794 6252 260 2794 6252
4802
4802
2796 5696 3240 2313 2978
4803
1356 2307 1366
4803
3782
260 6199 1936 1932 506 6559 588
2318
2307
2905
4802 4801 4800 4802 4801
4802
4029
588 657 1572
2886
4030 4800
4800 4803
1656
368 1272 1333 1695 389
2153 6193 2484
4029
4800
4016 4803 4801 4800
4016
4030
2577 2482
3229 2169
2881
2881
4801
2881
4801
4029
4029
4801 2904
4802
2767 3328
3381
4030
4030
4800
4029
6803
6114 6135 1579 1944 488 6154
4029
3974
4800
4016 4802
6803
4031
4800
4802
4031
4800
4802
4031
4801
4802
2575 593 6683 497
4800
6525
1655 3190 5205 3218 2203 2202 2228 3219
3427 3547 1698 4802
4800 4029
2905
4030
4016
4800
2880
4031
3323
4016
4030
1812 1579 1626 1812
5810 6802 2794
4016 4016
4803
3829 4793 3859
4030
4802 4803
4007
3547 3780 3546 3199 3546 3780 3547 3780
4029 4029
3978 5403 1742 5403 3789
4030
4800
3180 3181
5343 6252 5672 5494 6149 1733 5676
6803 2313 3218 3789 2405 5709 4793
4801
4029 4029 2079 4029
4802
1695 4801 4803
6827 260 6251 5306 4317 5712 6624 260 3556 3182
4802 4803
4800 4803
4801
4029 4029
2868
4802
4803
4802
1716
2482 2148
1825 1810 260 1572 1812 260 3841 3805 1812 1810 260 1810 260 586 588
3380 6767
5692 5770 5692
4016
4800
1355 261 1011 1010 261 1355
5409
4191 2756 3244
4800
1700 2575
5677
5798
3229
2881
3978
4029
4632 4138
2881
4030
4800
4029
4800
4801
2736 4801 3323 6687 2885
3780 2405 3556 3828 1716 1507
843 4421 1348 925
6687 1507 2694 5635 5635 5622 6687 2696 2193 5635 5622 1506 3978 6687
4115 3821 3241 3785
4029
4803
4802 4800
5666 1675 5612 3840
1825 1572 596 702 1825 596
2122 4041 5407 2838
3244 3239
5405
2704 6856 2313 1009
4029
2881
2881
6801 3427 5810 5339 3427 4865 5339 6217 3427 5339 5339 3298
4031 4034
2531 6526 2792
2385 3262 2173 3263 3834 2201 3788
4191
2877 6558
2704 2736 5640
4040
5619 260 3182 2774 6559 2169 260 2774 260 3887 5789 2168 6262 1507 260 2774 2385 260 2608 2774 6262
4029
402 4023
4800
2746 6245 5695 261 5695 260 5696 5698 261 2943 5695 5696 5698 5695 261 2193 2159 5695 5695 261 2161 5477 260
4803
4122 3817 3788 3796
4803
4801
5676 6771
4801 4800
261 1089 1010 1008 261 1355 1010 1088 261 1355 1010 1088 1009 1440 1088 1011 261
6801 2593 5714
4180 3788 3887
5511 2265 2287
1579 3547 3546 1561
3978
2881
2312 588
2881
2881
424 1341 261
