4029
2883
3978 3978
4016
4016
5672 3837
4016 4016
6801 2749 3305 2521 3298 3300 3788 6801 5798 5633 6801 3305 3252 2749 2748 4180 5798 3300 4181 3122 3298 6801 3298 4191 6801 3299 3298 3300 3788 5814 3189 2694 6801 3190 6687 3327 3300 2694 2749 4181 3300 4180 3305 3298 5789 6801 3298 3305 6801 3092 3298 6801 3305
4030
1753 3859
671 597
4030
4016 4016
4016
4016 2906
4016
2578 3240
2883 4040 4016 2883
3978
368 1330 389 676 1828 1821
4005
2306 3196 4016
3298 2883
4030
2704 3556 3859
6106 2868 1753 1754 2306 1753
2883
4030
2306 2759 3229 2185 3196
2884 2883
2883
4016
703 1579 1716 1579 703 703 1828 2847 1716 4030 2089
4016
3864
4029
4030
5740 2883 4016
3978 4016
4016
6723
3394 3240
4016
4016
4030
2904
4029
4029
4007
4003 4005
4030
1660 3334
702 597 670 1805
2884
4016
4029
4698
4016
4016
4029
4016
4029 4029
2906 4016 2883
4007
5814
2883
2882 4030
4016
4029
4029 4016
4029
4016
3979
4040 4016
4016
4040 2883 2883
2155 1812
4016 4016
657 1572 4016 1812
4029 2906
5505 6252
828 5478
5406 1642 5409 6727 5402 3859 3806 2883 5810 1642
4016
4029
4030
2883 4030 4016
6189 3788 2736 2736 4606 3240
2883
4029
4030
2904
4016
5416 1704 3427 4030
4029
2883
4029
4029 4029
4029
4016
4016 2904
4016
3971
3226 6801 3254 830 2809 3556 345 3072 3394 6189 3426 4938 7181 5698 3796
4030
2883
4016
2904
4354 586 4376
4029
4016
671 1815 594
2883
1797
4029
4029
4030 3799 4016
2906
4031
4016
2906
4030
4029
4016
2904
4016
2906
1330 368 1695 1272 378 389 1277 1228 1268 389 1695 1330 1228 1277 368
4029
1812 1572 2736 1825
4016 2883
2575 3226 2696
1752
4893
4016 2883
4016
4029
4029
671 490 1658 4040 488 450 671 1664
3602 3188
4016
4181 2906
4016
6801 596 2709 1810 2713 4330 6539 6536 6541
2129
4029
4029
2873
1695 1729
4030
3978 2883 4030
5794 5810
4016
4029
2313 1663 2313 1663 6817 2313 1663
4030
4016
4040
4030 3978
2893
4016
2883
4029
4029
1572 1812 657 657 586 490
3323 4016
2906 4016 4016
6547
5436 1815
4029
1681 5671
2244 2148 2244
4029
3978
4029 4016
4040
3323
3978
2883 3973
1626 596 671
5810
2906
6801 2158 3806
4029
4029 2869
