4029
2883
5496 4039
1733 3784 5810
4003
4031
594
4031
1810 657 488
4003
2901 2130
4030
2795
3866 2741
4030
4029 4003
1650 1649
1579 2663 5630 5494 2307 4029 1579 4424 6801
4029
4029
4030
1754 6187
4029
586 586 1828
6803
2883 2883
3978 2893
4029
368 389 1276 1695 338 1332
4031
2795 1675 1782 384
1675 6199 6752
1626 1579 703
1810 692 588 658
1707 6504 2797
4603 1507 2588 4604 4202 1815 5504 3867 3189 6617 2699 5456 4621 4117
4030
5878 1972 1971 5404
3978
4029
4327
2884 2883
2883 2130
6726
2883
5501
2126
1807 6804 1794 6804 1807 1794 1807 6804 1794
597
4005
4041
4030
3234 1936 6558 1936 3798 6558
1695 676
3229 3227
2883 3411
4896 1695
7009
2310 1754
2883
3427 2287 4112 6738 5697
4030
6193 5506 3381 2313
2219 4331 6172
2794 593 671 1572
4030
673 597 1840
4036
5402 2354 6801 3226 3381 5630 1507 3227 6199 4526 6694 1754 4180 3381
4030
4030 6505
4029
3978 3978
1700 2198 5083 3788 5792
4007
4007
4853
1642
1778 1779
597 1840 5478 703
5713 2228 6193
2260
4030
4030
2883
2893
6532 3179 5478 1675
5513 5677 4203 2313 3227
4030
1579
4030
4029
1700 1733 1828
2592
4030
4030
4029 4034
2883 1724 1707
3226 2522 5631 1810 6150 1717 1812 598 1810 1717 5631 3427
4030
3196 3548 2696 1799
4029
6804
1626
3784 5505 2736
4029
3381 1683 3381 1683
4029
1807 5620 5619 692 5617
2850
4041
4525 3782
4030
1695
5619 5620 260
4029
2943 3427
5847 3867 3807 1507 2202 1705 2270
2313 2427 5495 1819
4031
5093 5093
4030
3427 1795 1794 5692 1794 2405 2475 1777 1786 1795 2454
2313 5084 3788
1579
3298
665 594 495
4034 4005
3978
4030
1782 2589 3196 384 3807 1734 2578
1571
2311
4029
1646 5712 260 2956
666 598 814 1572 661 814 598 1572 666 1133 598 814 666 598 814 1572 598 666 814 1572
4031
5495 3787 2575 3785
4029
5505 5505
4032
2883
4030 4029
2883
5394
4040
2269 1695 3226 814 1579 703
4029
3978
3190 3831 6559
1714
3818
4030
6508 5516 1782 384
4029 2883 5407
5622 4117 3799 5498 6559 2164 5209
3799 3426
260 3195 3196 5620
4030
4029
814 586
4029
1932 1935 1936
6818 260
4036
2883
4029
4029
4030
3298 1697 703 1579 3298
2790 3546
588
4029 2883
4041
392 5418 1579
4825 2798
4029
4030
489 596 588 1825 1021 403
703 1579
1695 4586 1778 1777
4030
4029
1695 3426 597
1782
1828 4835
3798 260 3787 260 3798 3787 1825 1840 588 260 260 3798 3787 4117 4115 260
6801 260
6196 260 6506 5698 260 3532 6506 6176 5698 6176 260 3533
4040
4029
2318 5504
4030
1734
5601 2085
4030
4030
3971 2883
4526 4030
4030
4029
4030
4040
1819
4030
4030
3298 3302 1717 3304 3226 3303
1695 1695
1007 1087
3298
4695 6806
1694 5210 1694
2405
4040
1660
4040
3473
3227
1812
2883
3298 3296 3298
4029
4029 4029
6655
4030
4040
2163 2933
3817 2575 1579
