3587
908 2321
2455 1419 1646
3565
2510 1542
3591
3611
3559
3612
4859
3551
3394 5161 4606 5008 3389 1355 1622
3612
3068 3521
4858
3616 2552
1211 2028 2004
5886 4402 3494
3589 2455 3589 361 361
3612 3389
3068 5500 2317 2317 3068 2997
2614
2455
2615
2455
2560 5514 2593 2316 3883
3611
3612
2455
3611
1962 5143 2528
3587 3617
3612
2580 5938 4048 3987 4053 3349
3611
3612
599 626 532 1469 532 1652 599 1639 626
3615
6048 2326 4629 3068 1532 526
3615
1901
5146 3611
2881 3872 2957
3613
3612
3617
3611
1551
1548
3612 1219 984 908 2064
4758 1586 5498
3611
2593
2455 3565
3615
2591
1930 3612 2455
3612
3611
3611 2614
5157
3613
2615
3589 3067 2865
2045 526 604 1666 526
5979 5977
2325 3068
3612 3612
3611
2863 4071 3766 5825 6037 1940
3621 3621 3621 3621 3621
3615
3613
2076 310 5489
2029
5157
5157 1576 1590 5094
3611 3587
3612
1548
2614
3611
5157
3611
5146
2603
2614
3612
3589
2455
4859
3612
3611
3615
3611
2316 2982
2615
2615
2164
3612
5793
3611
3613 3601
3614
3587
2528 1419 5073 2065 3611
3612
3556
3613
3612
2590
2614
3612
3598
5157
3611
5001 3437 3443
3611
2331 5562
5826 4778
2455 3591 3591
3612
3611
3611
2532 2316 2561 2807 5158
3611
3611
3611
524 1637
3589
754 741 756
2614
4890 2978 1551
3611
3612
3611
3612
2865 5825
4807 353
5510
906 983
3613
3621
3622
2550
2614
378 4522 1207
2614 2591
3615
2417 2181
4988 2905 915 983 1216
2615
2927 2020
4818
2313 2857
3617
5157
2455
5219 1565
2615
2615
3621
3612
2614
3391 3394
5157
2455
5157
983 921
3612
3613
3612
3579
5007 5146 2614
3284 4009 5568 2512
1466 739 1529
3565
2455
2591 3565 3565
3611
526 605 1413 2070
3622
3614
1492 6033 1568 1940 6033 1940
524
2614 4859
2591
2599 2590
2964 3756
3611
2593 2603
2855 2177 2007
4708 2683 3029 2780 3964 1601 6035 1355 4976 3875
5157
3546
3612
5135 2139 3556 2431 2591 1939 3068 2517 1985
2726 3747 2651
2614
3611
3612
3612
3611
3565
2591
2455
2455
3604
350 304 330 1192
2591
5157
3598 3598
5157
5146
5855
3611
3611
3611
3611
3615
2071
3614
3612
3615
1585 1543
3612
3612 3621
3611
3611
3612
3611
3614
3612
1577
3611
2065
2455
3613
2891 5065 2064 1413
3617 3617 3617 3617
2455
5157
2140 4988
3431 5776 5025 3690 5138 2064
3622
1606
2455 3612
5157 3612
1493
3612
4146
2455
3618
3882 1612 2131 2863 2591 2865
3611
4795
3611
2615
5157
1888
3587
3612
1862
3611
2615
378
2775
3621
3612
2614
3068 2979 2614 3611
4983 5069 4633 1492 3068
1419 1466 2325
2312
3621
3611
1466 637 1419 1646 1646 2952
2455
4858
4009 2161
3612
3614
3611
3611
3612
3577
3611
6189
1768 4894 1768 4894
3612
5432 5453
3187
3611
3357 2591
3622
3974
1493
3598
2857 1985
3612
2557 2881
2614 3612 5146
2591 1908
3612
2615
3612
3587 3617
3611
5826 5927 2885
5157
3611
2603
3589
3565
5135 5065
2455 3591
2927 2071 4070 2916 1355
3611
3612
2614
3577 1911
3611
3612
1637
3612
2455
3621
3612
3590
1542
2614 3612 5157
2064 4740 2919
5157
1929 1935 2488 230
4097
3613
3611
2324 2076 2806
5157
3612
5826
2614
3587 3611
3614
3612
2614
3612
3067 6089
5825 1203
3612
1623 6035 6035 1623 1623 6035
3612
3612
1963 1623 2860 2488 3399 2904 2857
5505 2881 5510 3067 2314
1903
5157 4857
3611
3612 2614
4624
5157
3612
5157
2325 1740
3611
3612
3612
3612
2591 3613
5157
2615 3541
3773 1953 2476
5157
1567 5065
2109 3068 3131
3612
5065 1567 1608
3614
3612
3611
1413 605 532
3590
3598
3611
3618
2615
5776 3182
4858
2455
3589
3587
5157
5157
3612
5413 3356 1585
3587
4873 2863 2114
3612
3611
746 374 754 5830 5552 5831
5070 3466 5826 2859
3614 2593
4274 4858 5932 2590
3068 2763
3617 3617 3617 3617 3617
3622
3565
5157
3611
4858
2865 3067 6032 3221
4097
3565
3611
3611
3612
2455
5157
3612
526 1601 626 605 4633 5065 2064 5065 2708 2957 2903
2593
1530
2455 4881 3404 3765
3611
5157
2455
3282 3289 3277 2070 3276 2314 4858 1355 3391
3621
4031 4702 3693
2614
3587 3587
3615
5157
3611
2065 3437 3421 2455 2455 1355 4785
3611
2551
3622 3622
3598
2455 3615
3565
3346 1911 2551 3612
3565
3612
3612
3565
4784 3614 2590 762 762
3612
3614
2591 4799 2615
3612
3550
3598
3586
2614
5146
1901
3611
3621
2455
3612 5146
3053 2591
2615 3621
5967 4822 3621 6018
3589
1587 2806 5186 3029 2110 5186 4890 3029 4988 3388 1355 2615 1587 1873
3612
3587
3611
3612
3611
1897
3469 2670 2064
765
3612 3612
3611
2615
2614
3565
4095 1419
3611 2611 2329 5440 5454
3614
3612
2615
2989 2155 3330
3611
4858 1355 3394 1961 4618 1535
3612
2591
3611
1873 1550
2593
3611
3883 2989 3883 378 2070 2040
5146
3029
3615
2982
3598
3612
4305
3611
3598
2948
1587
5825
2455
1639 636 605
5143 2482 3435 3423
2455
3598 2455
2070 2036
2560 3621
2595
4858 2064 4129 2885 3465
5157
2614 6048 2894
5098 2090 5932
2615
5778 1771 2455
3617
5825 533 5792 365 385 1082 433 379 1562 1082 364
2884 4858 5067
3612
2615
5146
5157 912
2071 908 2323 1222
378
3611
3612
5157
3611
5157
3612
3598 3621
2614
3395 2509
3598
4884 5058 2323 610 5007 3067
3617
2954
2615
1419 1529 1529
3612
2614
4988 2989 4514
5146
378 984 915 2455
3612
3621 532 608 626
3622
3611
534 1413 596
3170 2905 2431
3611
1862
2455
2593
3611
3621 3621
3611
3741
3612
4820
3613
3618
3589
3410 4128
3615
2455
1489
2614
3611
2455 2614 3598
2591
3067
2455 3590
2603
2593
3611
637 1529
619 637 1419
3621
2614 3598
3611
3612
3611
3611
2864 1945 2806
2615
4605 5792 5977
2455
3068 2071
230 2024 2076 2661 2644 1355
3611 1863
2571 3565
3543
2436 2860
2590 3621
3611
2591
1646 637 637 637
4742 2982 5795 5795 5795
3612 2615
3612
3565
549 1413 594 403 594 626
3612 4046 2550 3612 2555 2571 3615
4618 3388 5146 4878
2603
2614 5157
3611
637
3611
5157
1862
5157 3612
3611
2615
3621
4859 2614
2615
3612
2426 2028 2891 5146
2326
3612
3618
637 1529
2481 5825 3183 1355
637 1419
2512 2135 2076
2189 2190
2020 2028 1888
4858
3611
2455
2550
3611
3615
3618
3611 3618
3612
2455
2455 3391
3611
2455
2603
2321
4620 2331 2860 2863 2591 3589 3577
3353
3615
5157
3611
2582
3612 2615
3598 2455
5155
5146
3611
3615 3615
5157 2614
2806 3618
3615
3611
1534 3176 3387 3465
3612
2593
6035 3387 5143 3388
3612 1915
2455
3612
4191 4432
5161
2591
2110 2858 3427 2859 1355 2517
2551 3589
355 4809
3611 3587
3393 1590
5157
3617
3621
4807 353 5537
1768
5146
3611
3612
3612
2615 1493
3201
3598 3598
3612
3621
3614
3611
1419 350 5157 3068 637
4803 5028 5513 2482 2481 2858
3611 3611
5066 2071 4793 3886
5794 5146
1551
3612
3612
3611
3895
2455
5155
4861
3741
2064 5469
984 909 1216
5157 2593
5792 526 591 1469
5141
3612
3611
3612
2455
2615 3427 2509 2916 3067
906 1221
3184 5138 1655
3611
3612
3611
4883 2272 2277 5456 2071 3394 4882
2614
3612
3611
3613
3895 3068
3611
3613
2493
3612
3611
4859
2591 3611
3612
4784 4784 2591 3553
3565
1509 3068
3469 230 2507 2463 4547 1355 2463 230 3068 2463
3598
3598
3612
5883
3612
3617 3612
3611
3612
5146
3612
3612 2591
3612
3565
2615
1480
5157
3612
3612
3612
2673
3611
2957 3756 6050 6048 3756 2957
2614
3611
3568
4859 3598
3615
3611
3611
1466 345 524 1611
5157
2067 2561
2464 2064 5792
3611
3612
3972 1533
1493
3611
2033
3618
2614
2071
3613
3617 3616
2615
4859
3612
3611
3587
2064 3693 1984 3459
3616 3589
2614
4879 5181 2864 909
3611
2614
3613
3615 2615
2455
2615
3612
2591
2507 3411 1551
1769 1769 2614 1769 3620 4740 3343 3353 2569
2591
5157
3612
2455
3613
3068
3885
2614
3611
5156
2314 2232 3386
3612
3612
3766 3693 3172 3068 2426 3420 5927 3067 2440
3615 1883
3565
3611
2614
2591 5439
3612
3612
1906 2615
2614
5053 1623 2071 1615 2514 6039 1606 1565 2222 1623 2225 5053 5053 2065 1623 6039
4858
3565
3611
2591 3612 3338 5826
2603
2028 3407 1211 3427
1480 4916 1480 2004 2001
3611 3612
5157
2593
4766
2614
3612
3612
3611
765 1227 231
5157
1419 1530
3612 5157
4622 3435 5146
3611
2590
3611
3612
2614 3611
3611
3565 3565 3565
2455
2614
3827
765 766
2614
2455
3611
3612
3612
2615
3612 2603 2591 1869 4046
3612
3612
2513
3612
3612
721
3541
604 532
4858
5854
2614
3612
3233
3611
4661 1355 3479 2801 1872
2455
2615
2069
1203 378
3621
2314 230 3276 1985
2455 2158 5419 2569 3621 2162 2568 3612 4046 4046 3621
2489 4045 1355 2969
3611
2455
3973
3589
2614
3611 3611
2455
3612
526 532 4342 526 5074 1548 5826 4342 545
3611 3611
3611
2849 1622 5484 2070
3611
3972
3598 3598
2544 2544 2544
3612 3664 1500 4857
3612
3611
3611 3611
3612
5157
3611
3611 3611
2455
3621
4967
1867 5218
3612
3621
3565
5855
3611
765 1203 765
3612
1872 2530
2916
2455
2455 3598
3612
4071 2039 4880 3412
2455
2591
4858 5070 533 3612
3612
3612 2611 2570
3612
6032
5157
3611
3611
4132 2065 4274 5794 3690
2193
526 453 599
3612
2591 2989
2614
2596
1547
3611
3615 2615
3611
2615 3621
3611
3611
2614
2591
3612
3611
3615
3182
2455
916 1216 984
5220 2320 1901
3611
3612
3590
3611
2614
3621
2615
4784
3612
3614
3612
3611
3612 5430
2426
3611
3611
2071
3615
3621
230 4985 1622 1567
3612
1900
2455 2455
3611
1203 1222
3611
2455
1926 4766
3612
3611
2614
3613
3766 4070
3613
3612
3611
3618
1655 3598 637
5146
3621
3974 6032
3611
3615
3612
2434 230 2859 230 3467 3268 230 2434 3402 3268
5826
2614
3587
3612
3445 230 4985 1741
974 231 1227 972 1210 4013 4070
5883
3611
3613
592 1637 2916
3611
4890 5825
3613
3612 1493
3613
3612
2071
2916
3618
2615 2455
3371 3369
3565
5793
3435 3469 3870 5075 2662 230 5075 1737 3469 230
3565 3612
230 2270
1939 2927 4996 5825
3616 3611
2615
3611
2611
3611
3598
3611
4879
3618
3565
3612
3612
3611
5496 2221 230 3855
1551
3611
2603
4708 2071 5794 2997
3598
2313 3435 3411 2954
3611
2591
2326 4095
3611
230 3073 2004 2271
3615
1952 4858 230 3391 2416
3544
5157
2317 2434 3183 2916 3176
3612
3618 3618 3589
2615
3552 3615 3615
3612 2615
3338 2591
3615
3589
2590 2615
230 4978 1211 4976
5141
2463 4388
3621
3612
1147 330 1530 350 1664 1191
605 591 1413 1639
3612
3571
3067 2591
3612
3612
3613
1530 1413 532 604
3076
1586 1585 1586
378 230 1203
2316
5157
4799 3621
3381 3620 3616 2761 2077
3615
5181 5001 6039 1355 5038 2860 1623 6037
3621
2328 1538
5218 1947 3395 230 6048 4268
3612
3426 2859
3612 3611
3615 2615
2615
3587
5157
2615
5409 2331 230
3612
3565
3598
3611
3587
3172 2859 230 3172 5056 765 1222 230
2071 6033
3611
2455
3598
2614
3565
526 526 453 231 5825 5518 1613 230 231 435 600 526 438 1637 231 1495 1635 1666 549 231 1635 1495 1403 442 231 600 1495 231 3068 231 231 1655 1495 1403 2808
4956 4282
4859
2615
3180 2916
3591
2316 1921 3395 5464 3394
2614
3611
3612
3554
3459 2907 5880
5157 2273 2069
3611
2591
2455
1862
5157
5157 3615
1890
3612
5146 4881 5146
1493 5143 3611
1498
5910 2927 3464 2064
230 230 2912 2912
3587 3611
3612
3611
3611 3611
2894 2455 4837 3402 5071 230 1583 2925 2455 2274 345 1583 5071 1611 230 2894 5071 3068 5143 230
2614
1215 840 1203 838 1222 1208
5157
3612
4859
4859
3598
5157
3613
3601
2455 3598
1493
3395 2032 2964
3611
2593
5436
3612
2860 3067 5927
3611
5778 230 3158 3068 230 1615 4013 230 2644 2017 230 5880 3158
1576 5432 1590 5065 1590 1535 2546 1576 1576 1496
605 403 1646 3621 1666 1027 437 532 605
2455
4045 1626 3068
3614
3622 3621 2615
2711
3621
2591
4816 2593
5157 3612 3612
5157
3612
2071
5157
3618
3616 3613
3621
3611
3621
1634 532 636 2591
1551
2593
3611
3611
3611
2036 1530
361
3613
230 5489 5778 6039 2232 230 5505 2317 2859 230 5069 1355 5069 5143 2868 230 5505 1920 230 4837 3170 1623 230 4635 526 1652 231 403 1623 1355 2180 2317 230 4708 5505 230 2222 2232 2286
3611
2614 2455
3614
2591
2614 3612 2591 2065
230 3413 3395 3068 5055 2024 2507
3611
2614
3612
3598
3612 2615
2455
3611
1516
2601 2593
2615
6053 6052
3611
3419 4985 4985 3394
2455 3611 3587
3611 2591
3612
4858 2222 2158
5157
3010 3010
2024 5830
3068
637 1530 1419 1530 1529 610 1466 1419 1419 1466 1655 1655 2969
2455
1867 2561 3621 1872
2455
604 534
3621
2593
3612
3615
1219 5792
3611
3611
3577
2615 5157 3612
636
3612
2614
3611
3390 4857 2265 4740 2892
3612
3612
3611
3612
2575 2548 2547
3611
3622
3403 3459
3612 2614 3611
3612
3612 2591
4858 3612 3612
2885 2323 3692 2886 2193
3612 3611
3612
2859 5974 2443 2029 2443 1956
231 3068 526 1655 403 1973 3469 5068 5826 230 1974 5880 1971 3435 2868 230 2090 2894 5826 2851 5484 230 1742 3435 3464
2071 2366 2366 6032 6034 6034 2071 2885 2571 2299 3694 5218 2865 2877 2877 2571 1911 2070 2071
2591
2615
3618
3556
526 1655
3565
3612
1534 2317 2393 4766 230
3611
3612
3278 3437 230
3618
5157
5157
2614
2614
2455
3612
3613
3611
5825 6034 3394
230 2858 1749 4985 4986 3870 3972 5065 230 357 230 5504 5826 3402 2476 2894 4985 230 2485 3870 3176 2851 5507 3972 230 3972 5507 3177 3873 5930 5507 5928 230 5928 3854 4876 2452 5218 230 1952 3854 2683 5519 3224 230 5929 5929 2894 3972
3614
3611 2614
3067 2490 2070 4890 4878 6120 4633
3612 5125
3611 2614
2614 3565
3612
2455
4858
5507 5880 230 3157 3157 2931 1932 230 3068 230 1932 2978 2064 5880
4708 2325 3067 435 634 1530 453 231 605 230 4708 2155 2325 453 231 3067 4708 2325 230 2155 435 603 526 435 1530 231 603 231 1506 1073 1562 230
3613
5007 5793
4046 4046
4858
2455
2177 5157 1607 5510 230
3598
2614
3611
3612
2603 3598
5979 3138
5157
2733
2614
3068
3611
3612
3611
2064 1622 2489 2857
3612
3612
3614
3612
3029
2228 2159
3611
3611
3611
2591
1901
2593
3265
3617 3617 3617
2905
2819 1510 2397 1519
2591
3611
3614
4809 637 355 1419
3611
3612
3611
2155 2507
3611
3621
3053
2903 2322
3611
637 1646 1530 1419 1419 230
2957
378 231 1203 230 4491
2455
2919 3886 2436 2455 3885 4874 1355 1740
3620
2070 3589 3612 3598 1509 3598 2065 2512 1939
3613
1655 231 5928 1419 3565
378 1216
3611
1500
3621
2591
3611
2859 230 1932 5056 526 1413 1637 1348 230 2859 230 1413 1637 1348 526 1932 5056 230 2851
5778 230 5518 3409 4633 5778 230 3966 5146 230 5146 230
4314 838 974
4303 3395 2455 3693 4522
3621
1585
2591
2593
2591
1500 2455 5220
533 2455
3565
637 637 1621 2907
2324 2865 5001
2455
3621
2614
1868
2434 1858 2861 3394 2509 2892 5460
2455
311 6034 230
2314 230 2036 3173 5057
2455 4282 2918 1559
3565
2047 3875 5489 5932 1509 230 1508 2868 5932 3435 230 3068 1509 2417 2017 4154 5507 230 2868 230 2997 3182
230 2323 2323 2323 2640 230 3157 2640 230 1419 1466
2603 3615
2131 1526 3027 4808 2071
1413 434 1655 636 231 230 764 230 434 230 453 1466 596 435 403 591 526 231 434 441 231 231 609 549 1635 434 1403 526 231 1296 1217 764 912 1207 975 230 230 1060 1078 609 1403 230
2488 2036 5778 4622 230 3870 2040 5778 1551 2481 2036 230 1932 2039 1551 5778 230 5075 2039 2040 5778 230
3611
4859
3612
3558
1622 1622 2591 3611
3613
2615 1909 3611
2455
3613
3611
3598
2614
3618
3870 2071 230 1992 1605 1605 230 3870 4621 3870 230 2464 2071 230 1995 2463 5537 230 2464 5526 5507 2463 4132 5510 230 5070 2463 5836 230 2464
5070 230 2851
1577 3535 3534 3765 2393
3565
1646 1419 1419 1419 3182 1529
2614
5001 5069 2484 5070 230 3402 2321 230 2017 2047 230 5512 3157 3436 3402 230 2318 4574 230 4577
2077 2575 2026 2077 2070
230 2071 2916
3393 2416 3389 5826 2271 3390 4629
4859 3598
3612
3617
2591
3029
4595
3612
3434 2527 2525
3621
2591
3611
3565
3618
2591
3611
2615
2416 2455 6081 230 3390 4631
3565 3591
3611
3612
3611
605 445 526
983
3579 3598 2611
1985 5138
2957 3756
3611
3598
2309 3694 5825 5825 378
4875
1537 1543
2455
2615
5778 5065 5065 4839
2920 2859 2033 1741 4931
4046
3617 3617 3616
4002 3677
3615
3612
3611
3612 2591
5070 230 2891
3273 3272 230
526 230 231 4633 1929 5055 1962 5552 1931 230 1498 5146 230 4873 526 5927 4633 3067 3386 5927 5145 230 549 2919 230 5066
2591
2591
3611
3598 3613 3598 3587 3598
3611
3618
230 4154 1355 2997 1962 6048 6049 6053 230 1962 230 5069
2916 230 5071
1543
3612
230 2510 230 4858 2510 4858 230 2510 2510 230 4858 2510 4858 230 4858 230 2510
3612
1530 637 3068
2040 230 4622
2008
230 3134 453 5826 437 604 230 447 604 1974 5826 1494 3436 1355 230 453 1082 379 1049 3429 3435 1742 230 230 1561 1061 1562 2416 4620 1082 1737 230 2510 604 1506 403 230
1911 3621 1909
5127
1203 1222 765
3612
2455 2071 4191
3587
3621
3611
2920 2039
3616
3611 2592
3387
3611 3611 3611 3611 3611 3611
3612
3615
2071
2455
2593
3615
3590
5436
2591
3616 5441 3617
1419
2302
3618
2615
3068 2030
2507 1767 2483
6034 3388 2426 2865
3612
1477 2591
5040 2857 2177 1355 5568 2071 3172
3611 5507
3611
3565
2512 5501
3756
2957 6049 5066
3611
5218 637 1419
3611
5794 5146 6096 2029
743 720 647 655
6036 6037 5037
3612 2560 1603 4822
3612
3615
3611
3612
3612
3612
2024 3096 5058 2071
3611
4620 2916 2068
837 632 906
6031 1107 1107 1108
2316 2957 3756
3611
3611
4983 3171 5071
1903
3611
5071 6035
5501 2020
6032
4545 2670 1639 3429 2324 3176
3613
3616 3612
3611
1533
3616 3620 3613
3611
3611
3611
762
3612
2957 3878 2603
3393 2593 1774 4620 1926 3408 1940 1355
3611
3611 1334 1303 1328
1576 2806 1355 230 2849
1551 2416 3395 2957 1496 1551 3387
5932 230 2455 1954 3390
3590
3614
5053 5053 5053
3611
3565
3394 4326 4858 3734
3613
3617
3601
3566 2615
3589
3620
3390
3612
2323
3613
230 921 988 1023 921 1217 5558 5069 1930 1355 230 3870 230 5558 2979 5075 230 1355 5558 5569 5069 3870 230 5569 2978
2612 2560 3612 5804 2615
3611 5439
2845 1990
3618
2007
230 1962 2524 1639 1639 230 1652 1413 230 5143 1962
3560 2601
2455
2892 4743 1551
5883
378 231 1203
2615 4798
2320 2323
3611
3611
3068 1355 4986 1741 230 1741
3611
3624
3612
3611
3614
2591
3464 2326 2894 2476
610 230 1529 637
3618
1551 2455 2421 230 2421 2455 1551 230 2418 2418 2424 230 2416 5932 5932 230 2416
3058
4988 3390
4858
3615
5034 1929 2892 5038 5005 1929
3612
3611
3612
2923 5040 1355 3414
3612
3839 2032
2615
2163
5058 3756
2591
2584 2585
6003
2894
3611
