4985 2509 1947 1992
4047 1888
3611
2593
3611
1492
5416
1500
3612
2615
2064
3612 2560
3389 2859
3611
2134
3598 2614 3598
3611
1419 1419
3612
5146 2103 2857 5836 3170 3388 2064 2102 2858 5000 2693 2918 3067 3747 2958 2964 2957 5932 2467 2859 5836 2982 4999 5836 2416 3388 5146 5455 3747 2858 5001 3756 2102 2964 2896 2957 2958 5932 2859 2957 3756 2964 2958
2076 4766 4046 5776 2591 4046
2614
5180
3612
3587
3598
3577
4874 2071
4189
2590
3611
3611 2615
3612
3611
2615
3612 2614
3611
2591
3612
361
3611
1494 605
378 1203 378
3590
3620
4996 2737 4996 1939
3611
2615
3527
3176 2861 3177 2065 4036 2857
4097
3427 2481 2029 2455 2860
2614
2077 2069 2069 2325 2077
4803 2864 2865 2713
5853
3612
3621
2614
633 378 5831 2028 2028 5831 594 339 445 2988 330 453 3612 5799 5978 595 5794 605 378 5799 633 983 984
1493
2591
3611
1543 1537
3611
3611
3612
4349 5794 2070
3611
3612
3612
3611
4794
3621
3612
3612
3621
3611
5994
3618
3612
1567 4881 4795
2615
3590
2114
5157 3613 2560 4878 4878
3611
5191
3621 2591
3612
5959
1832
3613
3615
3613
3611
2591
3611
1655 1412 1419 1655 1419 1412 2806 2036 3395 1419 3395 5932 5932 3395 1655
2438 1962
3612
1465 1475 2539
1493
3611
2074 1497 230 2491
4869 2416 5218 1956 3390
3565
4630 2020 5932 6039 3393
2614
3589
3598
3612
3611
2596 2591
2614
3612
3612
3587 3611
5496 2510
3611
3611
3621
3611
3612
3068
2615
2591
3611
3972
2858 2416
3598
3612
594 549 636 534 636
3611
2243 2243
5826 1867 2070
2315 2317 3741
2064 1550 2064 2654 5098 3971 2064 1872
3612 3612
3612
6034 4607 4808 2029 2683 2076 2780 3964 3170 5187 4661 4660 354 1915 6035 4607 3964 2683 4660 3029 5187 4607 2780 1355 3875
3612
3067
3613
1568 1962 4797
4985 2892 1568 2028
5436
2986 6032
3611
3611
4769
5100
3612
3612
2614
2615
3612
3612
3611
3068
3613
4097
2560
3611
3612
3624
2614
3611
3615
3612
1921 1921 3976
2806 3182 2069 5558
3621
3612
4985 1419 1954 3175 1648 2993
3565
3068 3388 1497
2509 3691
3612
2614
4818 5825
3556
3612 3612
3201
3613
1532 1419
1622
3611
2593
3618
3612
2178
2615
3612
1867 2611 3611 1906 5803 1914
2614
2863 2863 2864 2916 4355
3611
3614
1915
2615
3067
3615
3611 3611
3614
3612 3565
3611
3565
3621
3587
3598
3616 3611
3612
3612
1567
3612
2139 230 1355 3067 2100 2952
2627 3554
3611
3612
3612
3611
3615
3612
230 1935 3273 5066 230 2916 2324
3517 5489 5146 1944
983 1217
3612
2615 3621
2614
5037
3612 5451 5435 2378 4796 3101 2982
2511 2614
3590
3612
3621
5419 230 4986 2068 1923
361
4793 2455
3612
3621
3611
2591
2314
3565
1884
3613
2417 340 1476
2455 5826
532 1419 5055 526 1576 5065 4545
3611
1492
2590 2325 2590 2615
3612
3611
2071 2074
5415
3615
3612 3067 2570 5431 2560
3617
3612
3613
2982
4881
2894 2865
5456 5033
3067 5219
2743 2418
