1664
1664
5496
3426 5502 3807 3552 3195
1664
2883
5496
4016 5496
2904
3196 5502 6821 1936 3182
597 1664
1664
5496 4016
4029
5502
1664
5502
1664
2904
4005
5496 4016 4016
5502
5502 4016
5496
4016
1664
5496
2891
1664
4040
1664
5496
5496 4016 4016
2906
2850 2884
4029
3266 3293 3821
5502
1664 4016
5496
5494
3460 2313 3220
1810 1664 5794 1729
1664 4016
5502
1664
4016
5496
4016
4040 2836
5502
2126
5502
1664 3776 2918 3776
5494
2883
5494
5494
5218
5494
1664
2893
2893
5496 597
5494
6559 6818 3252 1664 3196
5502
1664
1664
3978 5496
1664
5496
1664
4030
4016
4016 5502
5494
2906 5496
1664
5494
5502
4029
1664 4016
4029 4003
4812 5494
5496
4029
4040 1664 4526 4040
4016
4016 4016
4016
4029
5494
4029
2277 3680 5496 3259 3549 3549 3256 3426 3426 3256 3815 3549
5502
5496
5496
4029
5496
4030
4033
1664
5494
5496 1782 4029
5502
5494 2893
5494
4784 2153 2578 260
5502
4016 5496 4016
4016
4016 5502
4016
5494
4016
5502
5496
5502
5496
1667 381
5494
5502
1664
1664
5496 2883 4016
5496
4029 1664
4016 2307 1579
4030 5496
5494
5502
1664
5494
4029
4030
1664 4016 4016
4016 5494
4016 5496 4029
5502
4016
5494 4016 2883
5494
6820 1507 5620 2588 1646 6817 3664 3627
1664
5496 5494
1664
5496 4030
4030 2105
4016
2883 5494 3991
1704
5496 3978 4029
2883
5496
5494
5494
4029
1764 6547 1754 6558 2884 1754 1764
5502
1810 5494
4016
3784
1664
5502
4029
2883
5496
5502 4016
5502
1664
5502
1664
5494
1793 2883 5879 6802 5879
5502
2207 2589 3783 1507 3323 5622 2319
5698 2663 5218 3796 2175 6687
3426 5494
1664
5496
4016 5502
1664 4016
5496
2319 5165 3789 5218 3788 2694 3553 2317 4117 6565 3199
3427 3859 5502 3789
5496
5502 4016
5496
5502
1664
5502
5496
6797
5496
5494
5502
4016 5496 4016
5494
5496
5494 4016
1637
4040
5496
5496 4029
5502
2883
6093 2318 488
4016 2709 6565
3967 4016
5496
4016 5502
5502
4030
4040 2883
2883
1664
5496
5502
5496
5496 1572 588 671 671 597 1629
2883
4030
1664
5496
6817 3227 1507 2312 6147
2307 1972 5744 4016
5502 2904
671 488 3229 1812 1572
2313 3358 5496
3093 2943 6801 5177 2808 3789 2269 2623 5108 4421 3381 5622 1507 5496
5494
5494
2577 2736 2152
3978 5494 4016
5496
5502
5496 3788 2716 3243 4117
5496
5494
4030
5494
4016
4029 4003 5496
2883
1695 6558 384 1675 3866 1782
3978
5502
1664
5502
5496
4030
3989
5496
5494
5494
1664 4016
4016 5502
5502
1828
5502
1626
5496
5502 2883
2883 5494
424
5496
4016 1664
5494 4040
5494
5502
5502 4029
1664
1131 1360 424 843
1579 1818 1697 588
5496
2704 4118 6804
5502
5494
4016 1664 3978
4030 5494
6549 4016
5498
5494
5496 4016
1664
4016 2883 5494 4040
5502 1640 3327
4317 1695 1579
1664 4029
5496
5496
5502
4003 4003
5496
4016 4030
5494 2883 3978
2904
5496
5502 4030
2168 2312 4016 3784
3189 4335 2183 5181 488 1626 3553 2589 1828
5496
5496 1741
5502
5502
5496
5496 6720
5496 2765 6559 3784 4016 2883
5496
5496
5494
5502 2904
5496
5494
5496
4016 4016
5502
5494 2883
4016 5502
5496
5502
2882 4016
1664
5502 4016
1664
4016 5496
5496
5494
4029
4035
5494
2403
4016
1713 1650 3241
4029
6089 6147
2904 1664
4016
5502
4029
1781
5502
4016
5496 2883
1664
5502
5496
5494
5502
4016
1664
4016
5496 4016
1664 4029
1664
5496
843 424
5496
5502 4016
1664
5496
5494
4030
5502
2883 1754 5496
4029 5502
4016 5496
4016
5502
5496
4030
5496
4029
4016
1664 4016 4029
2883
4007
5499
4016
4016 5395 2736
2125
5502
2883
5496
5404 6194
5502
4016 5496
5494
5676 3781 5504
2906 3994
4030
5502
4031
5496
5496
5502
4030
3828 3227 6534 2850 2883
5494 4016 4031 4003
5502
5496
5496
4030
5496
3799 5496
5494 843 424
2126
1664 4016 3978
4016 5496
5496
5496 4016
6806 1664 6804 1794 6804 6809 6804 6809 6804
829 5494
2906 4030
6559 5794
3793 2306
4016 5496
4016
1664 4005
5316
1664 4030
4030
1664 4016
5502
4016 5496
2883
5494
3979 1754 1764
5494
1664 4030
3226 5713 2307
5494
5494
2850 2851 2906
1754
4029
1664
4032
2906 5502 3969
5496
2893 5494
4016 5502
5502
5496
4016 5478 6801 3239
5496
4030 5496 4003 4030
1664
1664
4016 5502
1664 2904
1664
1507 3460 3662 2578 1664 5696 5622
588 5496 4016
4030
5496
5502
5496 6548
5496
5496 4016
5496
5496 4029
2125
4016
5502
5496
5496
3776
5496
1664 4005
5496
4030 4016 5496
4029 5502
1664
5502
5496
5496
1664 2883
5494
5494
5496
2883
5496
2883
5496
5496
5494
5496 2906 4016 4016
5502
4016 5502
5494
4016
5494
4016 4016
1664
4003 5494 4031
4030
588 2318 2980 5878 1815
1664 4016
5496 1714
5496
5494
588 665 5708 488 6186
5502
1664 4033
5494
4016 5496
5502 4016
2894
3414 5502
4016 5502
4003 4003 4003 4003
5494 4040
4029
1664
5496
4016 5494
3218 4319
4016
4030
5494
4016 1664
1695
5496
5496 4016
5502 4016
5496
1664 1660
1664
5496
4016 1664
2884 3744 2630 3779
5502
4029
1819 2307
1664
1664
1664
5496
1664
5496
5494
5494 4016
4030 5496
5502
4007
3601 3781 2894 3226 1507 5695 3381 6806 3381 3049 1649 3744 2767 3244 5809 3381 3227 1717 6801 1810 6565 5794 6804 1507 5164 3049 4557 6801 6226 3381 5809 3240 6801 4285 3381
5494
5496
5494
1664
5496
4030 5502 4016
4016
5494 3324
5494 4016
4016 4030
5502
5494
5502
5496
5496 4016 4031
5502 4035
5502
5494
5675 1664
5494
5494
1664
1664
4029
2883
3980 2883 4016
5494
5496
1840 1812 495 491 1658
1579 703 703 1716 1579 1716
1664
5496
1705
2185 5496 2183 2313 3229
596 492 1695 657
5494
1664
4029 5502
5496
5496
5496
5499
702 670 586 5502 670 4016 1812 1810 1572 670
5502
4030
5496 2883 2883
2906
4016
5502
4016
4016
5494
2084 2884
5494
4016 4030
3783
5502
5502 4016
2126
5836 3298
5494
3190 2794 5503
1664
5496
4029
424 934 1089
4016 5698 2667 6558 3196
4029
5494
4016 1664
5494
5502
5494 4016
5214 6687 3783 2736
5502
1656 5494
3978
593 671 488
2883
4016 5494 4016 4016
5494
1664
2173 2312 5697 3426
4016 5502
3805 3240
5502
597 3426 703 495 665
1664
4029
5496
5496
4040 5499
5496
5494 2904
5496
5496
1664
1733
5496
4033
1664 4030
4016
5502
4016 3426 5494
1664
1664
5496
5502
3213 3292 3241 2311 3548
4029
1664 4029 4016 4016
5496
5494 1341 4323
4032 6089 2906
4016 3416
5502
5496 4030
5502
5496
2883
5494
4030
4016 3381 5514
5494
4034
3298 3305 5502 3298
5496
5496
5502
1664
4016 5496
4016
5494
6099 1754
4029 1664
1664
5502
5502 4016
4331 3227 1972 5879
4029 5494
4036 1664
5494
4016 5494 671 702
1664 4016
5494
5499
2312 5496 3782
5496
5502
4029
1664
5502
5502
5494
5496
4016 5502
4031 5675 1731
2886 4016
4016 1664
5496 4033
5496 4030
1664 4005 3978 3978
2883
5494
5496
5496
5496
5502
5496
5502
5502
5494
5502
5494
6570 260
5496
5502
2883 4040
5879 5844 3194 2721 3834 1655 1507
4016 5502 4016
5494
1664
5502
5494
1664
1783 5496
5496
5496
4030
5496
5496
5502
2882
3560 5494 5798 2175 3190 4016
5496
5502 1572
5496
4030
4016 5502
5494
2883
1664
4016
5494
5205 1508 3190 5184 3788 3807 3194 5786
4016 4016 2883
5494
4016 4030 4036
5496
5676 3195
1664
6801 1664 3781
5494 2904
5502
4016 5496
5502
4030
5494
5494
2906
5502
1782
5494
4029
5502
4016
5496 4030
4031
1664
5502
1664
4030
1664
1664
4016 5496 4016
4029
5494 4016 2883 4016
2736 3427 5642 3226 3783 6218
1664
4016
5496
2248 1819 5494 4525 2883 3342 6558 1507 2759 1819 2249
5494
5499 4016 2173 3782
2906 4016 5496
5496
5494
5496
2883
5496
2893
1664
1664
5496
5496
5496
5496
4029
1664
2307 1341
4029
4016
5494 4016
5494
4016
5496
5494
5494
5502 4016
3978 2884
5502
5494
5502
6804 3226 2883 3190
2882 4030
4016 5496
4034 5494
1664
4016
2193 2756
2883
5496
5496
5496
5494
5494
2883
5502
4030
5502
3180
5494
5496
4040 5502
4035
5502 4029
5496
4016
5496 4016
2883
2924
4016
5496
5496 6535
5494 2906 4040 1656 1656
5496
5494 4016
5496
5496
2471 3241 4525 5496 5502 3227 3254 3241
5494
3796 6559 3190 5494
649 672 692
1664
5496 4016
1664
4517 1572 586 671
5502
3426
2312 1734
1664
5502
5494 5387 5709 3176 2772 1697 2771
4016
3229 5494
1664
4030
5494
5496
2906 5494
5502 4016
6149 2883
5494
4016
1664
6093 5496 4016
5502
4016 1664
1664
5494
5496
2356
2883
4031
5496
5494
5496
5496
2904
2306 3219 2306 2306
1932 260 1935 1937
5494
1664 4016
5496 4040 2850
5496 4016
2893
1664 4030
1664
3776 5494
1664
4016 1664 1579 1695
4016
5494
5494
3196
2906
5496
5502
4016
1579
5502
5496
4030
1664 4016 4016
3734 4016 424
1664 4005
1664
2589 5180 1664
5502
5496
4016 1664
5502
1782
5502
5496
1664
5502
5502 4029
4029
5496
5494
5502
3280 4016
5494
4016
5494
4030 5496
5496 703 1579 703 2575
5494 4016
2313
6570 3829 2306
4016
4016 5496
5494
4029
3821 260 2772 260 1345 1367 1012
5502
5494
3426 1642 3806 5810 3180 5496 1507 3805 3805 3806 1507 3426
5496 4016
4032
5494
5494
5502 2128
5496
5496
4016 5496
5496
5502
5496
1664
1664
1664
1664
2883
1742
5496
1664
5496
4016 5502 4016
5502 4016
4016
5502 4030
5496
5494
1819 1664
5494
4016 5494
2904 5494
2181 2193 4029 2175
5494 4016
5494
2906
5502
5494
2883 5496 4016
4031
4016 5496
5502
5494
4029
4016 1664 6122 2850
4030
5502
5496
5502
4016 5502
5496
4016
5494
5496
5502
1664
5502 1695
5496
4029
5502 2904
5496
5502
4016 5502
5494 4030
5494
4029 5494
5496
5494
5494 4016 4030
4029
3859 6805
5497 2858
5496
4040
5498 5499
5494
4030
4029 4016
4016 5494 4016 2883
4029 5496
5494
1664
5496
4016 5496
1694 703
5494
5502 4016
5494
3196 2312 5405 5844
5494
4029
5496
2883
3408 4016
5496 4016 4016 4005
5502 4016
4162 3830 3832
4016 5502
5496
5496
4016
1694 5502 6189
5496
5502 4016
5496 1656 4016 2084
5496
1341 1345 1217
4016
3980
5502
4016 1782 384 5502
5494
5879 5502 2587 3195
2883
5496
1972 260
4040 5502 2883
1664
1664 4016 4040 4526 2860 2405 1752 2403 4040
4030
2694 3784 5877 2181
1664
1642
5798 5502 2717 4284 5798 4285
4029
3784 5496
1664
2883
5496
5494
5502
1664
5502
5496
4030
4040
5496
1664 4016 4016
596 1664
4030
4030
5494
4036
1664
5502
5499
4016
5502
5496
4029 5496
3226 3240
4029 5502 4016
5496
2307 4040
4016 5496
5494
5494 2883
4029
5496
5496
1664
5496
5478 3195
5502
5496
5494 4016
1819
5494
5494 4016
1664
5496 4016
3899 5496
5496
4030 1664 5176
1664 4016
1664
5496
2742 260 261 1377 1346 1345 1366 5789
4016
5496
5502
4016
5494
5502
5494
2906
1705 5205 3753 4016 5494 3675
5502 4016
5494
4029
5502
5494 4016
5502 4016
5494
5494
3189 4016
5502
1664
5494
4029
5496
5496
5502
1664 2904
1664
5496
5494
4029 2884
5496
4016
5496 4016
4016 5496
4029 4016 5496
2584 6149 6199 5502 2584 2125
4023
5502
4031
4030 4016
5502
5496 2904
4029
5496
5499 4016
5502
2906
1664
5502
4016
4029 4029
1664 2904
4029
1664
4016 5499
1664
5494
5502
4016 5499 4031
4030 5496
4016 5502 4016
5494
5494
4029 5494
5496 4029
4036
4030 5502
5494
5494
5502
1794 5494
2440
5496
5218 5496
5496 4016
5496
2906 1664 2850
4030 5494
5496
1733
4016 5496
1217 261 843
4029
6166 260 6189
5496
5502
3840 2319
5494
5494
5214 260 3453 1936 1708
1345 424 261
5496
5496
4030
4030
1346 261 1345
5494
2883
5502
5494
1664 4029
1345 1361 4016
6547
5496
2883
4034 4029
4016
1664
5499 5839 3196 2736 2209
5502 4016
4029
4016
6549
1664
4016 4030 5502
5494
5494 4016
4016 2424 5502
5494
4030
4040
5502
5494
5502
2544 260 1507 2546 2527 260 5511 2530
1664
6800
5496
1664
5494
5502 4016
5496 4030 4016
4030
5496
1579 1664 1695
2904 5502 4016
5496
4036 5494 4016 4005
1341 1089 424 1356 1016
2261 1579
1707
1819 5369 1677 5496
6817 3356 6822
5494 4030
5494 2904
4029 1664
5502 4030
5496
1664
4016 5494 4030
1325 368 389 5494 1272 1695
384 1664 1782 4016
6559 3218 5214 3219
5502
5496
4016
1752 2410 2269 1752 1752 2269 6558 1752 2273 2269
4030 5496
1664
1009 4889
5494
6209 6817 1507 260 2205 2206
2904 5494
4016 5494 4030
5496 4030
5496
4029 1664
2884
5502
5502
5496
4029
5496
5494
5496
5496
4030
4030
4029
4029 5496
5502
5496
5494 4016
1187 260 417 425 1728 2768 260
5502
5502 1664
4029
5494 597 5635 2529 4319
4029
4016
5502
5496
1812 3426 1658
4036
4016
5494
5496 4016
4016 5496
4016 5494
1664 4016
6527 1664 5714 3357 3652 6527 3357 3426 3652 5695
1664
5494 4029
5502
4016
1810
5494
4016 5494
4016 5494
4040 5502
5494 4016
5496 4016
5496
5494
4016 1664 4016 4029
2883
5675 5671
5502
5502
5502
1367 844
3978
1664 4029
1664
5502
5494
4040 1664 6559 2318
4016 5496 843
1341 424 1173 490 4016 5494 596 1695 672 5678
5496
5502
1579
5496
4029
5502 4016
5496
5496 1656 4016 4016
4016
5502
4016 1664
1664
5496 4016
5496
5502
5496 4029
6208 6196 260 6263 6643 260 6199 6209 2764 260 6199 2790 2790 260 2764 2161 2168 2773 2522 260
5496
4016
450 671 1664 4016 490 671 4016 597 671 1805 1664 2883 674 450 671 490 1810 488 671 490 450 1664
1664
4016 5496
4191
5494
4016
1664 4016 4016
4032
5496
5502
5496
4016
4016 1664
5494
1664 4016
4030
5494
5496
5496
2883
4029
1664
1664
4029 5502
5502
2884
5502
5502
1664
5494
4030
5502 4016
5502
5496 6687 2584 2571 3782
5502
4016
5496
1664
5494
4040
5502
4030
5496
3969
5496 5502
1664
4016
5496
4016 5494
6117
5496
5494
2883 2885 5494
4016 5496
5496
2904 5496
1579 1694 2194
4016
5502
5494
2893 4016
5714
4016 5494
1664
5494
5496
5496
5496 1700
5496
1664
4016 5502
4030 5496
5494
4030
5502
5496
5496
5496
4030
5496
5496
6215
5494
5496
5502 4016
6558 2663 3876 4180 1507 260
2883
5496
5502 4016
5494
5502
5502
5494
2904
5502
5496
4016 5496
5496
5494 4016
5502
5496 5339
5496
1664
5502
5496 2890
5502 4016
5496
4029
5496
4030
3968
5494
4029
5496
5502
3453 6559 6817 3426 3553 6222 1507 5497 5405 2277 3199 1507 6827 2471 2349 2812 260 1979 260 260 6196 2231 2471 6559 260 6817 1507 2349 260 4298 3182 260 3182 6827 3229 260 4317 6683 1507 5810 260 3199 2663
5494
5494
4016 5494
5494 4016
5496
3561 3460 5665
1093 1357 260 260 1086 4625 3603 260 3532 260 1093 1440 1013 1367 1005 1093
6801 260 2790 2156 5500 6249 3548 6801 260 2219 6246 6173 260 6250
4029
2883 5502
424 5502
4016 5494
5502 4016
3195 5494 3194
5494
2904
5494
5502
2904 4016
4016 402
3229 5672
2850 2902 4016 2906 1664
5502 4016
1664 2796 3785 5798 1792 5782 2623 3189
4029 5496
4030
4031
6558 2883 3782 1752
2709
4035
2402 2528
2405 5698 6262
5494
4016
4512 4462 4266 4270
4030
4016
4016 3519
5494
4029
4030
4035 1656
1695
4030
4029
4029
2796
5502
6113 1642
4016
4016
2906
4016
2906
4016 4016
3784 6803 3426 1782 2736 3227 384
4016
4029
5494 5696 6188
5496 703
1664
1675 5701 2164
5496 2904
596 1629 1840
4029
6726
5494
1664 1656 3978
4016
5494
4029
2883
4016 2883 5494 4016
1572 5496
5496
4016
1664 6147 5878 3196 2717 6199
2904 5494
5494
1664 2748
5502 2883
5502
5496
2906
3532 260 5414 260 3533 260 3532 260 3547 260 3532 3533 260 3552 2773 260 260 5414 6173 5496 2587 260 2938 260 3427 2774 260 3533 3532 3532 260 2773 3270 3323 260 2774 260 5414 260 2773 2168 4432
1664 5494
1663 2313
260 1180 1728 3218 5369 3218 1728 1180 1507 260 3218 1728 260 1180 3218 260 1188 260 1183 1728 1182 3218 1728 260 1728 3218 260 1184 3218 1187 1507 1728 260 1189 3218 1728 260
5494
4030
3969
1793
597
1664
2148 4016 1695 2261
260 4625 6263 6173
3298 3296
4030 1664
5502
6801 1736 260 2218 1642 5504 2219 260 6208 2718 260 2218 3270 2193 260 260 4429 2546 2147 6506 2161 260 5698 260 6506 2768 5698 2623 4337 1507 260 5711 260 3546 5794
5502
4030
4016
5502
4029
4029
5502 2128 2882
5502
2544 260 1937 6817 3182 1937 260
4029
5502
692 492 3783
2269 2736
6958
1664
5502
5502 2883
4040 4016 1664
5502
5494 4016
5494
5496
5494
5494
1716 6189 1675
4030
2354 1664 2709 3664 2547
2906 4016 5502 3985 3978
4016 5845 2312 1507 2759 2219 5496
5663 5218 4119 3813
1664
5494
1664
4030
5496 4016
3978 5496
4016
5504 1507 3229 3205 5798 3218
2882
5496
5494
5494
4030
5496 4016
5494
4016 4040
4118 3199 5494 2306
4030
4016 5496
5496
5494 2904
1664
5496 4016
5496
4030
4016 5496 4016 2906 4016
4003 4029 5494 4016 4003 4029
1664
5496
5496
1708
4016
5496 1828 1579
5478 260 3192 1707
2883
5496
5496
5494 2905
5496
260 3339 2522 5676 2772 6250 260 5516 260 5514 3357 2932 1507 3019 3357 260 260 2709 3062 2699 3339 260 1507 3323 3324 260 3357 4879 5677 3339
6150 2884 4068
5496
4029
4016
1664
4007 4035
5496
6775 2694 594
5494
4034 4030
1667
5494
1656
5494
1664
1664 1812 658 1572
5093 2265 2265 5218
5494
5494
4016 657 1812 4016 1572 4016
2313
5496
4016 5502
3978
5494
5496
2845 2850
4029
4016 5496
5619
2883
1664 4016
5494
1661 6804 1664
4029
5502
5494
5496
1664
4029 1664
4030
5494
4031
2313
5496
4040
5502
5496
5494
5494
5496
6806 4793 4127 5612
1664
4040 4030
1664
5502 4029
5502 2906
4016
4029
5494 1015
5093 2280
5502
2882
4029 4016 4030
5496 4016
1664
2148 1716 3227
5502
5502
3973 2893 2891
4016 4040 5502 4016 4040
5494
5494
3199
4029 5496
5494
4032
5496
3788 5696 1717 1664 3788 2736 6682
5502
4029
5502
1664
5494
5698 260 3194
4016
6803 2158 2483
5692 5692
4029 5502
5494
1664
5494
1579 1819
2640
1664
5496
5496
4016
5496
2148 5494 4016 2244
5496
5496
4016
1697
1664 4016 4016
4029
5496
5502
5502 4033
5502 4016
2904 5496
5496
3213
5502
4030
5502
260 1936
5494
4029
5502
5496
2904
4029
5496
5502
3548 1753 588 702 665
4016
2883
6687 2694 6687 2694 2696 2695 3973
4016 5502
5502 4016
4016 5496
5494
5502
4016
2883
4029
1664
4033
5494 4016
4030
5494
2219
5494
2890
4029
4016
5494
2577 2790
5496
4030
5343 6804 5494 6217 6804
5494 4016 4016
1664
5496
2851
5494 597 1815 657
1664
2884 6116
4016 5494
4180
5502
1664
5494 2904
1664
1664
5222 260 2565 260 4317
4016 5502
260 2159 5622 5635 260 6245 2159
4029
1664
5494 1656
3829 3796 260 2207 260 6559 3796 3831 2193 3859 260 2169 3787 260 1355 1010 261 1088 3450 2193 260 3787 6245 260 3859 6559 3792 261 3453 2193
5496 4029
5502
4031 5494 4016
260 2771 2168 1507 2219 2218 6245 260 5710
4030 1664
1664 3978
4029 5496
5502
4029
4016 5494
2125
4030 5502
5496
260 2534 6803 5481
5494
5502
4016 1664
5502
2883 5494 4016
5087 2576 3182 260 2568 260 5404 1640 260 2577 2576 260 6820 1932 1507 1640 260 2568 2384 2694 260 3803 6801 396 5612 260 6818 6801 6822 3293 5205 260 3258 260 5610 2313
4016
1664
4029
5502 2850 4016
4016 4029
5502
4029
2450
588 261 4322
2218
5496
4016 4029
4030
5798 3000 3082
1572 669 1191
2883
4016 2906
5713 3196
4040
4029
4040
6172 5478
2164 5696 5714 260 260 2584 5807 5810 1507 3603 6194 260 2773 6189 3601 2771 260 6201
260 6143 3601 2313 2577 260 2764 2313 260 2768 2736 6251 1012 1131 1440 260 1089
4041
4029
5798
3266 2696 4117
4030
1661 2772 2765 260 2764 2699 260 5640 5640 6245 6624 260 6173 4525 6624 260 6263 6208 3827 260 5714 5618
260 5504 2405 2152 2736 2409 5744 260 4317 2771
3781 495 2587 2402 1742
6548 2845
5671 3262 1936
3784 3254 3785
6263 2218 260 2219 2774 2773 6624 260 1507 4298 6624 260 6263 2218 260 2219 1507 2717 4651 6624 260 2717 260 5519 5618 260 5713 3892
3305 4191
4030
4029
4036
4030
1079 1016 3426 1355
5176
3782 2578 3797
2709 3241 5676 3219
6123
5478 2447
5500 1012 1016 6138 4337 1008
2906
5404
844
5571
1008 698 1089
