4801
4801
2904
4802
4040 4801
4800
4803
4802
4802
4802
3978
4800
4802
2905 4801
4803
4800
4802
4033
4016
4030 4802
4030
4803
4029
4023
4029
4036 2905
4802
4800
4802
4030
2893
2881 4800
3978
4802
4040 4802
4802 4030
4800
4800
2886
4802
3426
4040
4029
4031
4040
4029
4802
4802
4803
4003 4034
4800
4802
4800
4030
4040
2868 4800
4803
2468
4005
4029
4800 4030
4029
4030
4029 4802
2319 2736
4800
4029
4016
4800
4029
4802
4030 4801
2877 1724
4029
4801
4029 4801
4802
4030
4802
4016 2881 4030
4029
4800
4800
4801
4029
4029
4800
4801
2905 4029
4803
4031
4802
4801
4029
4800
4030 4801
4029 4800
4802
2845
4800
4029
4016
4801
4029
4801
4030
4800 4016
2904 4802
4036 4030
4802
2795 2858 5596
3984
4036 4800
4800
4800
4802
4802 4803
4802
4800
4802
4800
4801
4803
4802
4030
4802
2893
4802
4032
4801
4800
3934
4029
4803
2905 4802
4036
4800
4802 2797 4800 4801 3776 4802 4801 4800 4803
4016
4802
4800
4801 4800
4802
4803
4800
4802 2904
4800 6245 6743
4802
4031
4029 4800
4801
4802
4800
4801
2851 4040 4803 2852 2857
4802
4800
4800 4803
4030
4030
4030
4029
4802
4033 4803
4800
4800
4036
4040 4030
4029 4801
4030
4030
4029
4800
4802 4030
4030
4801
4029 4800
4801
4040
2794 4803 4801 4802
4029
3989
4030
4801
4802 4030
3128 6687
2905 4802
4801
2881
4802
4033
4801
4030
4801
2796
4802
6628 4801 4800
4803
4802
4034 4029 4802
4801 2598 2881 3420
4801
2904 4800
4802
4030 4532 2901 4030
4800
4802 4029 4029
4802
4802
4029
6510
4803
4800
4803
4803 2849
2799
4800
4801
2905 4801 4040
4016
2847 2849
4800
4802 4029
4800
4800
4802
6144 4801 6150
4803
2881
4802
4800 4029
4800
4030
2974 2904 3934 3426 2575
2904
4800
4801
4016 4800 4033 4800
4802
4800
4029 2880
4802
2901
4030
2600
4800
4029
4031
4802
4029
4802
4029
3402 3411
2893 4800
4030
4803
4030
4802
3057
4802
4802
4030 4800
4033
4030
3978 4030
4802
4030
4802
6822 2105
4802
2796 5696 3240 2313 2978
2905
4029
4030 4800
4030
4801
4801 2904
4030
4030
4800
6803
4030
4016 4016
4030
4007
4800
5343 6252 5672 5494 6149 1733 5676
4029 4029 2079 4029
4801
3380 6767
4016
2881
4029
4029
4803
4031 4034
402 4023
4800
3978
2881
2881
