4030
2871
4806
4030
4029
2859 3722
1498 1498
1498
4003
4191
1498
4029
6739 4805 703 1579 1654 1579 1828 1695 1283 389 368 5820
4030
4030
4030
4029
4806
3427 5877
2904
4804
3978
1812 5634 2306
4805
2319 3219
4046 1498 1498
6549 6547 1769 1770 1754
1498
5689
3180 3262
4016
3978
2908
2881 2883 4029
1498
2904
6506 4341 5842 2778 1968 4340 5845 6802 2277 6802 5207 5842
4784
4030
4032
4029
594 596 1810
4029 4793 2794 5501
3736
1498 703 1626 1498 1498
2908
1498
2527 1579 1819
4030
5339 5478
4030 4016
1498 1498
4029
4030
4029
4030
2310
4029
2893 4029
4029
3426
1579 384 1782
4016 1968
6804 6811 1807 6804
4805
2901 2903
3214
4030
4040
4032
4029
3427 3298 1579
703 3258 3254
2310
2881
3978
4806
692 665 1810 665 1572 1810 5708 1770 1731 659 1658 692
3194 4790 1675 2595
3785 3788 2694 3817 6559 4163 3190 2575 6687 5877
4003 4003 4003 4003 4003
4029
4804 4016
1498
4030
1498
4806 2904
3978
1498 1498 1498
4016
2881 4016
1498
3978
1572 1812 1812 1572 671 1812
4046
4030
3978
1498
1498
3978
4029
2883
1498
4005
2908 4035
671 1812 1629
1825 495 594 3426
4639 4805
1731 6199
2893
3967
4032
4029
703 1695 3244 3239
6758 6754 6524
5713 2772 2168 2771 2281
3784 5494 3788 5495 1775 6559 6687
1498 1498 1498
4029
1729 2904 6235 1729
4804
1812 1685 2695 1572 1825
4030
4029
3298
2577 5478
4016
4046
2904 1572 1133 6526
4016
4806 2881 1770
3978
4033
1498 2904 4029
4029
4806
2306
4029
2904
2904
5494 2312
4639 3800
1498
4005
4029
1498
1498
1498 1498
4030
2694 5820
4030
4029
3978
4030 4030
2886 4806
1498 1498
4031
5505
4016 2281 5836 2325 5836 6217
1498 1498 1498
4029
2908
4030
4029
1498
4029
4804 2326 3190 5209 1694 2326 1694 5209 3190
591 2736
3254 4337 4202
1733 5845 2306 3784
4029
4806
4029
1498 2904
2908
4030
4033
3978
4292 4293 5798 4284 4285 2278
588 1810
6628
3978
4805 4016 2904
4030 2904 4030
3971
4804
2908
4029
260 4337 2168
4029
1828
5714 1819
4029 4029
4029
4804
4016
4029
4029
4804
1498
1695 671 1572 1812
4030 3969
1498
3240 3196 3859
3229 2764 260 260 2699 1642 2790 3532 4317 2699 2699 2765 2904 260 2765 4317 2699 260
4805
4805
1498
4030
4030
2845 4029 3298
4046
4029
4805 1778
4805
4806
4029
4806 4016 4030
594 658 488
4805
5521 3237 3236
4029
4016 4030
1498
4077 6563
2904
260 2736 6559
2908 2883
1498 1498
4806 2881
4030
1498
587 488 2579 488
4046
2904 5642 6189
4889
2736 2384 3229 3818
2261 3229 3553 3264 3199 3562 3788 2264 2736 5176
4030
3553 3240 3426 5176 2696
4029
4033
5478 4127 3627
4029
4806 4117 5877 3556 2702
1498
4029
4039 5798
3418
4029
4029
3782 1818 1819 1697
4016 4805 4016 2904
5671
4341 3891 4331
2885
2869 2577 5477
2306 1507 260 3891 6801
1498
5222 6524 6739
2904
1498
3789 2189 3219 2306 1507
6734
4030 2130 4526 2850 3735
2334 6196 3556 2313
1498 1498 1498
1015
2310 2311 6644 1714 6632
3991
3978 4030
4030
4029
6213 260 6153 5222 1717
2794 2794 260
2861 2847 2130 4029 2861 2852 2848 2130 4030 3747
2587 1507 2587 260 2904
4092
596 1729
2904 3229 1579 3229
1716 1777 3328 2403
4693
4016
596
5622 3784 3783
4030
2812 4804 1579 4029
4031
6527 4341 1812 1812 4805 1812
4030
2736 2904 3805
5643 260 6804
5692
4806 4804 6682 5708 5453 6212 2409 5782 4805 1696
4804
5503 5478
4030
4029
5671 5494
4030
4046
6803
4030
3033 2798 3062 4046
1713
4805 4806 4804
1972 260 3427 1972
4005
4030 4029
5388 2883
4805
4047
1579 1695 495 1825 1572 1695
4046
2589 3218 5709
6801
4805
702 1695 1579 1626 591 1825 674
2881
3650 3658 4116
3196 4805
5387
4639
4029
3974
5787 3817 5714 3324 2767 3324 3323 3324
6802
5504 6250 5504 6250
596 671 1805
2717 5504 3342
3128 384 1683 6801 1782 5810
6801 6099 2745 3238 3237
4016 4029
4180
3807 260 1695 3565
4016
3327
7189
3203 3256 2702 3256 1626 703 1828 1626 1579 703 1579 593
384 1782 6236
2588 2482 260 2405
6746 6522 6742
1626 1626
5521 260 5714
2306
2998 2773 3426 4191 3016 6818
2908 4806
4030
1498
2736 260 2578 2587
1786 1778 1777 5798
4806
4806
4030
5494
2313 2880
4040
4016 703 1579
260 5794 3784 2482 260 1507 2931 5713 2623 5404 2587 260 1507 1694 1810 675 1572 5794 260 5713 5782 1825 1579 1572 588 261 3562 3558
6529
3727
2883
1742
4034
1498
1629 1825 1810
4804
1498 4047
6802
4806 2261 3552 1498 3195
4029
3978
1498
5676 5692
5395
3785
1498
1694
6811
