4016
702 1819 1655
4030
3783 2694 6559 2184
4030 2881
4029
5711 6687 3784 2736
1011
3295 1810 5794 2812 5794 5794 5810
590 2307 597 692 669 590 5511 2307
5711 6687 2736 3783
3254 2181 5205 1695 2311
594
2904
3260 5222 2231 3553 3758
4029
4033
4029
2736 5711 6687 3783
5456 2261
2904
4040
4033
1667 381
3785 2185 2694 2575
2904 3978
4029
4030
5663 5696 3189
2904
4030
4030 6687 2402 4029
2904
4029
6179
1810
4029
2883 4030
4029
586
4030
3788
2736 2694 5711 3784
5635 3327
2904
4030
4016
3969
5665 2904 1717 1734 1717 2845 2183 3789 2316 6802 1664 6802
4030
3358
2904
2902
384 1782 1695 6559 1695 6559
4016 2904
2904
2402 2441
6687 2736 3784 2185
2577 1695 2527
4030
2883
2312 6199
6248 488 1626 5696 4016 2589 3867 1828 2772 3305 3299 4189 1579
4030
4029
3788 2593 3816 3220 3783 4783 2594 3551 5622 6817 3830 5203 1507
4033
2881
1660
6089 2207
4030
671 1572 1812
2881
6199 5496
4030
3784 6687 2736 5711
2694 3785 2736 5711
5487 4016
3411
4030
4030
4016
2493 2883 6547 2845
1695
4030
4029
3427
4016
3785 6809 6804 2694 5711 6559 6811 6804 6804 1794 6811 6804
4030
5218 3818 2306
4030
5394
3985
5678 2173 4114 6687 3203 4068 2767 2482
4030
2904 4016
2312 6756 2313 6527 6526 1797 6801 6754 6739 3762 6758 6737 2307 2576 6744
2904
1507 5696 2575 3816 6559 3199 2715 6754 1937 3799 3241
3782 2579 384 1782
2883
2596 4586 3558
2883
2736 2484
5478 5478 3788 6199 3788 703 2312 3789 5478
3978
4030
5610 5662 384 1782 4783
4033
6114
4029
6822 6817 2904
1714
3426 488 1658 5708
4030
4003 4003 4003
4029
2881
4030 4016
4030
2307 2746 1819 2796 2227 2196
2219 1695 5847 6183
4016
2893
4030
814 1819 2883
4030
4029
4030 1714
5678 2306 2764 2709 3817 2193 4116
4016
4030
2883
6817
3788 5478 1507 3551 1700 2173
4202 3628 2704 3652
1705
671 1572 586 671 702 586 1572 669 1812
6682 2883 2494 2147
4030
2168 6758 5810 2261 5496
6186 703 6224 1579 2530
5503 3795 2792
5511 3229 2713 2794 3652
2881
424 1088 1080
495 1714 703 594 669
5368 3128
4040
4036
4031
4030
4033
4016 4030
2273 5842 1664
4030
2883
3219 5666 1507 2270
2904 4016
3199 2578 5344
4030
4030
4029
4029 4030
3789 2695 3831 1729 3831 6687 2575 2181 3785 4213 4216 4215
4030
2904
3968
4030
4016
4029
1819 2759 2250 3052
6189 3792 3784 1507 5635 5494 4558 3219 6209 3666 1698 3891
4016
3969 3978
5711 6687 2261 3784
6526 6143 2307 1812 490 669
2881
2883
4033 2883
2736
1828
2317 2306 3219
2881
5711 5215 2313 2410 3782 1507
4030
4030
3327 1683
4030
6687 6199
2904
5478
2904
2881 4016
4016
4016 4030 4029
4030
4340 3190 5622 3818 1507
2694 4029 2736 5711 3784
4029
3978 5181 2244
1729 2736 6199
3978
2736 5495
2147 2403 2547 3434 2529
6803 5696 2318
4030 3985 4030
4003
1672 3272
4029
1812 3785 5494 5711 2694 5478
2312 2402
5814 6196 2771
2904
4029
5697
4030 4030
2904 1729
2736 5711 2694 3785
4030
2905
2904
4030
4029
4030 2719 5798 2713 2707 1979 1976 2278 2707 5798 4281 4288
4029
5478 2402
2701 6559 2695 3240
2904
4016
4030
4030
4029
2904
3988
4031
3427 588
2883 4030
2269 2544
4030
3199 5665 3445 2994
2888
4016
2311 6214 4318 3254 3236 5218 4512 2310 3238 2384
4029
6801 260 2147 3195 260 1366
3978
1812 1714
1330 389 1278 368
2881
1782 1667 1782
4030
4016 2482
3969
4029
3782 2745 3427
5496 5478
3577
2881
4030 2883
4031
2312 5810 6199
4030
5478 2402
4030
4029
4041
4032 2857
2801
4041
3969 2883 4016
4029
4030 4016
6143 2792 2794
1677
3783 2736 6687 5711
703 1695
2883
1082
4016
4029
4029
2402
2736 5711 3783 2694
4029
6098 2193 3829 1705 1941 2265 3219 3185
4029
6508 3427 3558
2736
5701 5698 5176 5504 5478
4030 4029
4029
2904
2881
2893 3978
5176 1080 924
4030
5494
4029
4007 5798 6179
2904 4029
4030
1792 3785
4034 3201
4030
4030
4030
2132 2859
6803
4030
2736 1717 5515 3199 3219 5478 3782 4783
1655 2696 3219
5404
2136
4016
4039
2402 5478
4030 3956 5494 1810
1762 1664 4030
2719 5496
2881 4040
2312 2402
1695 1810
1664
2736 6199
4029
4029
3784 2736 2694 5711
4030
4030
4030
2904 5496 6199
2794 4429 260 1665 260 2794 5496 2794 260 260 2794 2794 260
2902 2881
3427
6199 4029 6801
703 5511 1579
2694 1572 3817
1660
4032
2736 5711 3784 6687 1729 596 5496 590 596 6687 1579 596 1579 2410 596 2715 593 5708
4016
4030
4040
3978
6822 1579
6687 2407
4030
3784 2694 2185 6559 2736 2695 1812
2577 6817
3980 2893
2269 1733 2155
260 5676 3243
5692
1819 1819 1819 6589 6590 6803 2994 1819
4029
260 3191 6558 5794 2578 2810 2193 2587 2904 260 2578 2572 2810 5794 260 260 5456 2810 2572 260 2572 5794 2810 2810 260 5453 1640 2810 260 2808 260 1652 5794
2880 4030
5478 6801
4030
4032
4029
3978
4016
1733 6255 2244
4030
4030
2310 2881
3244 6803 4030 3244 6803 4865 3229 5339 4865 3244
4031 4030
5302 2773 5176
4029
2883
4985
2091 4041 2883
2575
3191 5635 5713 2270 6624
4033
2527 2530 2531
4030
2883
1662
3978
2704 5696 5404 2696
5794 1734
4029
4030
3240 5174 1655 3219 2696 2736 5496
4032
3328
2313 5877 2261 260 2765
2883
4034
2745 1819
6559 3180 3240
2906
5496 2904
3978
4040
6118
2904 2893
1703 3258 5620 3801
2715 3254
3962
4030
4031
4031 2906
2312 5496
3195
2307 2575 1664 260
4030
2578 1733
4029
2881
6186 5091
1793 5879 2883
588
2904
6801 1708
3555 2719 5504 4558 6209 2270 3227
2717 3661 5478 2590 3784
4029
1572 2585 593 674 593
4526 2840 2883
3859 3789 260
4029
2402 2533
4030
1714 3258
2767 3227 3327
5478 1714
2126 2881
2883 2655
1810 2313 588 5494 6801
4030
596
3988
