3406 3413
3598
3611
3611
2618
667 378 725
3612
3612 3612
3612
5973 2139 3105
3612 3611
3589
2614 1348
3611
3612 4046 5776
2618
3565
3591
3611
3598
3612
3611
2071 2070 2416 5495 2070
626 599 584 531 626 599 445 531 591 626 531 599 531 626 599 445 5058
4890 1419 528
3612
2864 2020 3177
3565
2325 3693
2416 5569 3734 2919 2020
2614
637 1530
3615
3612
3612
3627
3598
2603
4289
3611
2881 5056 5826 526 2476 1530 5826 1952
2474
3617 3617
3613
5066 3467 2865 1646 1466
532
3621 3598
5051 2567
3555
3615
1530 1419
3611
4186 3598 2474 4884 3656 1867
2863 3388 3188 1740 1348
3611
3598
3598
3621 4050 3565 3621
3612
4097
3612 3612 3612
2614
2614 3598
3614
2591
1911
3917
3611
3598
3612
2923 2077 3464 2071 1975
3612
3614
1888 3618
3612
3621
3611
3565
3612
3611 3612
2900 3406 2070 2474
3612 3598
1493
3612
2614
3611
1899 3621
3612
3598
2614
2614
3598
2618
3611
3565
3587
1639 3182 5899
3611
3612
3612
3589
3554
3621 3598
3598
3618
1419 610 1419
3612
3598
4046
3611
3612
3612
3611
1227
3611
3591
3598
2603
3611
3612
5778 1531
5426
2614
3611 2614 3598
3598
526 1469
3598
3612
3598
3605
2650 1567 3407 5409 3692 5218 1355 2158 5218 1567 4633 3970 5218 5409 2924
3395 3068 2892 1939 2892 5220 3068 3390
3614 3201 2560
2552 5810 3612
3565 3598
5166 4269 3405 2865 2324 4795 4268
3598
2614
3598
3611
2591
3618
2614
2614
3388 2076 5070 2270 2892
2391 2070 2885 1944 2614 3407 1355 2489
3618
3598
2618 4566 3571
3611
3611
3611
1551 2232 1567 5166
2325 1492
2618
3621
378 1207
3611 2593
3598
3612
2614
3612
2618
3612
2071
3612
3598
2590 3612
3612 3598
3612
1820 2424 2418 2318 1548 3889 6033 6033 2950 1764 1767 2071 6033 1767 3067
2455 1637 1666
3612 3598
2288 4866 2158
3964 4268 4535 6032 2674 2139 2357 3395 2802 2518 4594 3693 2780 2396 3693 3964 2670 3105 1355 4594 1585 2395 2518 2517 2802 3074 6032 3394 3007 2357 1356 1984 1475 3074 2674 3394 2670 4594 4890 2029 3107 4900 3693 2865 1355 2391 3964 2780 5187 2518 2395 2357 6034 2139 1984 3105
3612
1299 1334
2618
3598 3598 3565
2614
2618
2329
5146 2517 4883 4490 5028
3598
3627
3611
3598
2919 3598 1741
3611 3587
2614 1585 1530 345 5826 1611 3872
3565
3402 3394 2885
2614
3598
1601 3413 2071 636 5001 5569
2591
2603
2591
2614
3611
2601
2603 2618
3598
3598
4278 3693 5482 2455 4743 2192
1500 4858 2236 1551 2725 4878 6032 2239 2758 2618
3611
3612
3598 6103
2618
3611
4618 3390 5218
2618
3598
3598 3612
2885 1634 2884 2455
3615
3627
2614 1952
2590
3598
1903
3612
3611
378
1639 1025 1530 2509
3617 3617 3617 3617 3617 3617
2614 3627
2614 3598
2614 3598
1646
3612
3627
3612
3598 1984 2155 2156
311
2614
5219 4858 5220
3611
3598
3598 3612
1888 1888
2591
2603
3598
5028 1548 1500
1348 1348
3612
3598
1655 2082 1419 2489 3886
3611
1348 3611
3611
3612
3612 2603
3067 2511
5978
2025 1637 2077
2071 4890
2614
3612
2603
3565 3612
2618
2314 4794
2618 4858
2618
2920 2509
3598
984
4858
3611
3611
3587 3616
3611
3612
3611
2455
3627
2614
2640 2849 2395
4097
2591
1888
3611
1639 2070 4839
3598
2618
5161
2618
2593 3612
3611
3598 3598 3598 3598 3598 3598
3590
3615
5157 3974
1107
3598
3598
3612
2614
3611
3611
2481 4858 3394 4988 4619
3621
2614 3591
3615
3551
3598 2618
2431 3274 3693
3612
3611
1548 2510 3598 1497
3598
4766 1558
2313 2863 5927 2855
3611
4976
3612
3590
2614
3556
2618
2618 2550
1348
3053 2548 2669
2614
2595
3565
3598
2590
3618
3612
2614
3459 3292 2083 4255
2603 3615
4717 2866 2982
2618
3612
3614
2317
3423 3067 1976
3612
3611
2590
3618
3612
3598
6035 6042 1635 6042 1635 2614 6042 6035 1635
5432
3611 3611
3611
3612
3611
3621 2618
3598
3424 1542 4980 4633
5932 2071 1143
3589 3589
3068
2591 3612
5166 2344 1534 4858
2618
1348
1601 1595 1595
3591
2193 2417
5418
2591 3560
2614
3612
2884 5025 4036 2861 2426 5826
4287
3612
2455
2618 3611
3611
3612
2071
3614
2618
3598
435 605 532 1635 605
3611
3612 3598
5825 3459
3598
2618 3612
3621
916 2476 984 5425 4132
3612
2614
3598
5439
3621
1646
1955 3097 5493 2028 357 1355 1956 2070 357
1637 1642
2644
3565
2614 3627
2076 2603
2211 2162
345 1611 378
3612
916
4858 3388 4881
3613 3598 3613 3613
637 1655
5065 3067 1740 3467 2919 1355
4961 2550 5493
3245 2313 3183
3574 3612
2596
3612 2618
6034
2156 2155 2177 1548
3615
3612
2437 2618 3598 2614
2593
3618 3617 3617 3618 3617 3617
5812
3612
3612
3598
2979 4788 2489
3882 3877 2455 4866 1496 5139 5133 1547 1549 2968
4881 3612
2614
3618
3076
2618
3611 1911
3598
2071
4287 3628
2614
3612
5186 5070 3027 3182 347 5070 1587 347 3027 3182 5794
2618
5419 5419
1348
3598
2618
5482 5526 5529 345 2131 1611 2071
3612
3587 3587 3587
3612 3612
3029
3611
230 1930 4858 5826 4765
2618
3612
1926 1582
3565
3611
3615
2603
3612
2618
3598 1348
3612
3612
2039 4622
3612
3598
2614 5161 2455 2857 5466 5161
3612
3598
3598 2614
5831 5066 230 4070
4119 3886 4287 5983
3051 2614
3621
3612
3611
3611
3612
3611
3612
3612
1920 1962 2614
3615
3612
3612
3735 2071 1974 3399
1637
2590 3612
3565
3611
3284 3298
2902 2064 5070
3598
2614
5409
526 594 626 1639 608 442
5493 3186 5068 3407 1535 1960 4858
2614
3277 3265
3612
3598
3611
2418 5794 5143
1550 1550
2070 599 437
3565
3611 3611
2509 1487 3068 2884
2993
2325
3613
3565 2618
5466 2455 2895
3577
3068
6032
2595 2593 2591
3611
3073 3073 3976 5432 5426
3616 3611
3598
3598
3612
2614
3598
3615
3611
3627
1530 5218 1532 5826
3598
1355 435 4583 3390 3068 1558 2865 3598 2069
3617
2614
1637 3171 5001 1652 1025
3611
3443 3692 2318 3411 2314 5072 3565
2614
3284 5070 230 1355
3589
5932 5510 3628
3598 2614
3565
5553 5927
2614
3612
3612
3598
2614
3565
5066 3387
3598
3612
2603 3565
3611
3589
3598
2591
3565 3565
2614
2614
3612
3612
3612 3598 3598
2614
3627
2614
3598
3598 3598 3598
1413 534 596
3612
3598
3612 2590 2158
2614
3612
3616 3589
2603
2036
3611
3612
3627
3613
3627
3621
3741 1576
3598
1497 3068
2614
2591
5441
3598
5157 2927
3224 2865 2982
3598
1612
3390 1549
3598
3616
2603
2591
2614 3598
3612
3598
3611 3587
3611 3598
3598
2591
2070 3598 2070 2070
3565
5979
3587 2575 2548 5915 1911
3621
3611
3068 5489 5521 3411 5219
2593
3598
2455 3412
1877 3611 2618
3598
3598
3612 2618
3611
2614 311
3587 3589
3587
2618
3627
2614
3598
4046 2550
2022
1644 1644 1419
2114 2114
3612
4579 4488
2616 3612
5825 3068 3598 2029 3648
4192
2603
3611
2070 2926 6048 5057 1355 1927 3875 4278 3421 5778 1355 2418
597 1634 524
3612
3611
6053 2916 1944 1355 6048 1944 2916
3612
3611
2614
5146 1413 532 593
3598
3598
3611
3587 3611
3612
2614
2614
3611
4879 5460
1615 5167 2618 2040
2614
3598 3598
3611
3565
2860 4268 6035
3598
3598
3598
2618
3611
2394
3612
3612
2881 2908 1476
1529 610 637
2618
3612
3611
3612
3068 378
4880 2316 2315 2434 2455 2265 3395 2218 1355
3591
3612
1551 2892 3389 3390
3612 2614
2618 3598
3741 3565 3612
3598
3611
2614
3598 3615
3598
3611
3615 5776 1582 3615
3612
3611
3598
2618 3598
3601
2614
3598
1902
4985 4619 3157 5778 1945 1355
3598
4287
637 1530
3598
3068
5167
4794 5562 5166
3626
5419 5460 5424 5793 5413
3612
2618
3615
2548
2591 3621 3598
3611
3610
3467 4794 1355 3175 5056 2916 2071 2416
2614
2614
2618
3622 3598
3598
3611
5161
4635 2952 4630 3698 2969 2396 3074 1355 1489
3419 4880 2317
2591
3611
3598
3598
1493 3621
3611 3598 3598
3611
3598
2614
2548
3612
3612
3611 2591
3277
3611
2022 5492
2614
3598
3598
1601 3598
1222 231
2613 4345
2618
3598
2614
5432 3612
3598
2271
3598
3611
2614
5181
6049
361
3598
3612 2618 2567
3612
1530 637
5523 4759 3394 1355 2032 6051 3395
3615 2614
3611
3627
3598
2614
3598
3613 3598
2395 5793 2954 3687 230
3621
3612
3598
3612
3611
5146 2083
2603
3618 2611 3612
2028 2618 3560 4740
3611
4988 230 3698 3390 1355 3402
3598
2618
5038 2691
3612 3598 2618 2614
1493
3598
1611 345
2618
5056 2489
3598
3611
3598 3598
3612
2162 1419 2163 1551 4787
3598 2273 2455
3612
3611 2865
3590 2618
3611
3611
3590
2071 2579
2614
3598 3611
3611
4287
3591
3614
3598
1348
3627
2272 2509 2916
3565
3612
2614
2614
3627
2591
3612
2614
3612
3598
3565 3611
4795 4795
2618
3598
2614
2455 3611
2611 3612 2618
3335
5456 5501 5825
4823
3598
3621
2614 3627
2431 4873 3068
3612
2571 2560 3598 2618 2591 2578
3565
3611
3615
3612
4794 4884
3598 2614
2614
2618
3598
3611 1867 5436 5434
2614
2489 3870
2591
3062 2618 3561
3067 5529 5831 230 5055 5834 5534
3598
3598
3612
3613
2618 2603
3565
3612
5791 5789 2806
2614
1480 3073 3556
3611
3565
3598 2082 2455
3621
2618
3598 361 3605
3565
1521 3068
3611
2618
3612
4288 2614
2614 3612 2618
3741 3565
3611
2614
1348 2614
3598
2916
3613
3598
3611
2614
3612
3598
3598 3598
2603 2591
2618
4268 2071 1578 2476 435 1494 1530 2071
3565
3598 3565 3556
2614
3612
2614
2618
2614
3598
5932 3184 2863 5057 3068
3621 3598 3390 3598
3611
3612
3233
6033 3287 2858 5784
3611
3611
4858 5038
3612 3598 3612
983 1216 231
345 1611
3612
2139 2858 2892 2064
3621 2614
3612
3612 3611
1576 4876
2662 1496 230 1963 1355
2614
1208 1207 5825
3589 3598 3612
3565 3612 3845 2968 3844 1025 2323 1563 526 605 1025 1523 1419 637
3611
2614
2557 3598
2618
2614
3591
3614
2330
3567 3565
3615
3565
3598
3611
3611
3611
2618
3598
3598 3620 2618
3611
5994
5038 5038 2618
2591
2614
3621 3598 2614
4884
3612
3612
2614
3617
3611
3598 3611
3612
3611 1872 2554
3616
3598 3598 3598 3612 3598
1227 231 1207
3558
2618
3611
3612
2614
3388
3598
4097
2618
3598
3612
1985 2069
3616 3618
3598
3598 3611
1227 1207 984
3611
2603 3565
3621 2618
4287 3628 4288 4288 3628 3627
2618
2614
2603 3565
3615
3598
2614
3598
5188 2858 4633 1355 2916
3612
3601 3614
3611
3612
2320 5466 5510
2065 6042
2591 3612
3612
4858 3097
3611 2603
2591
5826 2070 2069 230
2603
3612
4289
3621
534 1413
2987
2614
3611
3068 3068 1480
3612 1911
3598
3611
3622 3598 2073 6048
1607 5776 1542
3611
3598
3565 3565
3621
2591
3067 4337 2483
3611
2614
3598
3598
3598
3611
3189 3402 5501 1930 2046 230 2455 3393 230 5569
5218 230 2916
632 916 989 230
2614
3598
2071 1492 4985 1741 4884 1543 2071 230 1492 1741
1027 2071 230 230 1646 1634 2071 2455 1222
3565
3612
3613
3611
1222
2618 3567
2591
3611 2590 3598
3612
2320
3184 3435 3443
3598 3598
3598 3611
3598
3612
3612
3611
3598
3598
3598 3612
3413 1355 1857 3276 3429 3466 230
3612
2892
3611 3616
2603 3565
3598 3598
3611
3621
1903
1932
2591
230 5558 5825
3611
3612
3598 3612
3612
3612 3612
3598
3612
3598
3612 3565
3612
3068 1616 2314 2859
3469 1355 230 2455 3421 2919
230 3391 2325
3565
2489 3170 2324
3611 3611
1551 3291
3612
2613 3611 3598
3560
1902 2603
2614
3618 3589
2614
3105 3387 3067 5932 3598 5927 2476 3435 4881 1419 1530 1495 2314
3615
5072 2064
3621
3612 3598
3612 3598
3611
1939 2071 2904
3621 3355 2618
1652 1927 1413 1639
3617
2618
3598 3598
2901 3173 2859 1587 5825 2032
1348
2614
4594 4602 4605 230
3598
3612
2851 5181 1741 6042 6043 5189 1355 3225
6049 2484
3613
3611
2591 3614 603
3611
4875
4618 5161 2418 4839 378 378 5979
1911 2548 1872 1873 2618
2614
2614
5468 4881
3612
526 1413 591
3612
2614
2065 2510 2507 2923 1741
4911 4890 4880 4879 5456 230
2614
4884 2510 230 2890
5033 1534 1419 3067 6039
2437 3390 3176 4854 2022 2892
3621
2614
3591
3618
3611
3611
3611
3598
2614
2618
2614 3598
3598
3612
3598
3571
3565
3598
3621
1512 4873
3622
3587 3611
3612 5033
2596
3612
444 2071
230 3157 3068 3157 1927 230
3598 3611
3598 3598
3067 6043 230 5460 1355 6043 5157 5793 6042
3601
3611 3587
230 3870 230 4873
5439
3598 6032 1518 4194 3158 5218 6034 5166 1534 1929 1939 5166 6035 5162 6034 5166 3008
4876 3856
3598
230 2490 5507 5510 230 230 2495 1932 4132 230 4132 1932 2495
3590
3612
2560
605 3621 636 444 444 605 1634 1639 437 402 437 605
2591
2603
3621
3067
3611
3612
2614
2569 3612
2509
3628
3611
2614
3613
3620 2618
5143 2968
2614
3614
3614
2618
2614 3598
2904 2418 2073
2614
2884 230 3068 5935 2417 2455 2240 4837 6039 230
3611 2614 3611
3611
3617
5157
2614
2614
3612
2591
2618
3565 2614
3611
3612
1512 3387 3697 230
2233 3598 1582 2222 2222
3620 3616 3598 3611
2982 3524 3068 5157 3068 6004 2997 4900 3068 2997 5146
3598 2614
3612 2618
3598
3598
3587 2618
5855
2603
1634 437 1634 526 3598 2550
3611 2614
4900
1419 5825 1529
3618
3598
2614
3598
3612
2559 1872 2557
2323 5778
3598
1535
2894 2028 1605 3766
2440 2436 3598
2591 3621
3611
4635 3068
2289
2618
3612 3598
3611
6034 2901
2614
3612
3611
3612
2618
2032 3389 1975 2993 2313 2288
3611 3598
2618 3612
2591
2618
3598
3598 2591 3612
230 2490 1930 2491 4623 2071 2434 230 3067 3402 230 2416 230 2491 5558 3870 1932 230 1940 2418 2071 1932 230 2481 230 2071 3180 5505 230 2491 5569 2434
2618
3611 3598
3598
230 3698 3692 230 3171 2854 230 2865 2856
4879 5456 4882
3611 3598
3598
4858 1355 2509
3611 2548
5778
5033 2868 3424 3068
3598
1646 1979 1534 4620 3407 1518 3395 5826
5532
4046 1501 4046 4046 4046 3621 5907 2618 4188 3598 4046 3621
2614
3598
3618
2614
2614
1550 2065
3612
2614 3598 3612
2590 1923 2916 5058
603 437 2880
2905 6049 2528 6051
3612
3611 3587
3611
3612
2982 2859 3411
1550 1487 2858
3611
3565
3612
3590
3974
2156
2614 3590
1551
3611
3612
2550 3612
3612
1611 345
2591 3611 3612 3067
5790 5794
3612
2618
2614 1348
3611
6004
3565 3565
1646 637
3612
5146 2353
1901
2905 2509
2483 1540
2618
2614 3612 3612
3598
3611
3598
3612
2903 2514
2331 230 2507
1532 1466 610
2957 2982 2982 3626
6032 1550
5825 230 3423 1576
2618
4869 1935 1926
3611
2325 2455
3611
2325 3395 3394
5056 6032
1532 1645
3612
231 988 916
3612
3612
3586
3598
1500 1500 3617
3612
3612
2618
3611
3612
3394 5074 2969
3621
6037
2352 4988 5146
2323
3962 3242 3262 1355
3349 3335 2611
5055 230 5523 5523 5523 230 2859 5523 2512 230
5825 2418 230 2865 4875
3611
3617
4785 1543 2618
1348
2591
3389
3067 5157 6037
2029
3598 2614
2618
2323 5999 230 3435 230 2509 2323 3068 230 4875 4583
1496 2256
3611
3611
2463
1612
2982 5524 2982
3598
5548
3611
5470 230
3611
2900 2989 2904
3612
2614
2618 2560 5440
2614
5826
2614
3565
2325 2076 5166
3598
3612
3621
3589
3598 3598 3627 4289
5508 2859 6035
3611
2618
3611
2859 230
4186 4335
3611
1348
3598
3565
2331
3590
2614
3611
2670 2139 2954
4858 2071 525 1639 584
2603
2180 5794 2071 2994
3598
526 591 445
3621
4798 2591
3612
529 1355 4620 1413 5825 2139 3466 1494 3464 3693 3172 5825 3765 1355 2593
4873
2614
5936 3008
3613 3741
3598
2614 3627
2618
3613
2614 3598
3621
3611
4873
3611
3650 4364
3617
4288
1911 3598
5907 3565
2614
3614 3613
2603
1489 5493
2614
3598 3621
1535 1419
3612 2618
1915 2614
3930
230 1550
2618
3598 3612
3612
3612
3565
3611
6041
3612
2744 2495 2938
3598 3598
1910 1872 1910 1877
2614
2614
3068 3390 1962
1611
3621
2673 2691 2739 2648 2483 2265
3611
3612
4289
2570
610 1666 1419 1530 230 1586 2452 3384 231
2558
230 5826 2884 5826 2884 230 230 2884 2510 6049 230
3611
3611
2618
2614
3612
3612
1935 230 3008 230 1935 3157 5220 230 3435 2892 1206 1225 3008 1208 1204 1204 1207 3735 1225 3177 1952 1206 1204 1226 1204 1225 1206 1204 764 1204
2571 2550 2544
3754
2070
2550
3598
4289 2614 3598
4289
3611 3598
3611
3617
5441
2286 2969 3288 3598 3746
3611
2858 2614 2455 2455
2548
532 591 626
3611 2591 3611 2596
2071 3513
2614 3612
2618
1348
3628
3612 3612
2618
2614
3611
3612
3598
1551 1965 1551 2682
2614
3598
3565
1520
3611
5927
5558 2071
3616
3612
2616
3598
3598 2614
626 1764 626 1927 1923 4878 1925 1413 1666 5557 5526 626 5526 435 626 1995
3611
1469 2713 5143
3598 3598
3611
3467 5146 1940 4872
3565
3617
3598
4811 1503 352 342 3598
3598
2618
3598
3611
5528 2064 2325 2618
2569
3612
3612
3612
2640 4635 2022
3611
3587
1480
2591
3613
2070
3612
3611
3565 3598 3621
3067 5991 5051 2023 4858
2614
2614 534
3612 2614
3612
1537 1542
3598 5040 3687 3423 4071 4253 532
3612 3611
3613
5416 2025
3693 3612 1567 6032 3692 5219
2614
2618
3598
3338
3179
3611
378
3611
3611 3611
3612
4740 4794
3617 3618
3598 3611 3598
3598
1646 1646 1646
3565
3615
2618
3612
3598
1227 987 231
3598
3611
3263 3292 3281 6032
3565
230 1530 610 1419 1419
1348
3067 1348
3627
2614 3067 5157
3622 2618
3598
3612
4858
3611
230 4983 2919
6035
2611
2614 1530 637
5463 2916
2163 3180 2180 5456 3434 4759 3386
3612 3612
3611
4045 2969
3612 3622 1962 5056 5979 1480 5798
3612 2603 3598
3612
2578
3617 3617 3617 3617 3617 3617
3612
2593
3621
3614
3612
5218 2071
1207 1222 1227
2618
230 3452 4787
3601 3598
3621
3612
3464 3407
1551 1518 5979 3598 4858
2614
2614 2618
6034 2908 6032 5458
2618
3611
3565
2614
4481 4035
3598
3611
3565 3565
3612
3612
2325
3068
1150 1183 330 350
2593 3612
3618
1639 591 1646 603
2614
3612
1984
378
2614
3612
3621
3587
3390 230 1976 2424 1216 231 983 378 230 1976 3390 2077 2860 230 1741 2860 230 1741 3176 1742 2859 230 3177 231 983 1222 1296 230 1742 2860 3176 230 3177 1741 2860 230 983 1296 1222 1976 2860 230
3615
2603 3611
3612
3598
2571 3611
2614
3598
3615 2591
2614 3613
3612 3612 394 637
2618
5143 2489
2614
3598
2591 3598 2591 3565 2591 3598 2603
3598
1092 6032 3068 230 1613 1105 230 3693 6034 5825
526 230 1652
2593 2618
4633 4983 230 4881 1496
3598 2614
5883
3598
3067
2892
3598
3616 3617 3616 3590 3616 3618
3554 2595
2455 1551
3565
4357
3598
1413 610 637 1419 637 1646 1355 1419 1532 1646 1027 6347
3611
1419
5792 5793 1348 1480
3598
3612
3621
2611
6048 4881 2071 2881
3621
1348
3598
4633 1355 3434 4620 3962 2756 1932 1355 3068
5829 1742 2997 1355 230 5834 4988
3277 1952 1551 3395 3387
5501 2495 5056 2618 2548
2593
3612
2455 4593
1348
231 1226
3611
1355 6053 230 5157 2322 230 5157 2320 230 1355 5157 6053 6053 1355 2321 6053 5157 1355 5157 2321 2320
3611
3621
2614
3598
230 1487 2325 2455 1942
2618
3243 2093
3611
2591
1227 231 845 984
4858
2614
3612
2603
6035
5992
5143 5790 230 1355 230 5790 5143 5132 4579 5143 5790 230 4574 5143
1742 6043 4630 230 2323 6043 1355 1932 230 4620 6043 230
5806
5794 5985 1530 5790
2986 5464 5051
2591
3612
2618 2273 3225 5992 5006 3222
2482 1930 230 4574
1540 1538
3621
1469 532
4747 1465
3611
2614 3598 2618
3611 3598
3565
2593
3611
2618
3598
3628
4794
3617
1530 6042 3612 2313 3395 5007 2916 3612
6032
3612
3611 3612 3617 3612
3587
5927 2614
3614
2618
3565
1872 4961 2571
3565
3615 3598
3564
3613
3612 3587
988 378 916 835
3598 3598
3598 2614
3612
3591
5143 230 2925 2884 2455 230 6048 2884 4976 2851 230 2455 2894 230 230 2851 1355 6035 230 1551 230 1571 2868 5558 1355 2139 230 2851
3611
5431
4858 3284 2129 1622
3180 3854 1962 230 637 1419 1655 442 1355 230 5831 2894 3434 2491 3180 230 3886 1355 230 3854 3434 230 5098 4708 2490 4132 3170 230 2978
2618
2603
2614
3612
3612
2614
3612
3611
2618
3565
3612 3565
1888
3360
5793 5033
4883
3888 2323 230 230 3452 6032
230 2664 2490 3487 2640 230
1489
3628 3598 3627 2864 4858
2618
2618
5419
4890 4879 230 4900 230 2076
3614
2614
4884 2860 2069 2920
2618 3621
2614
1355
3612 3598
4196
1514 343 3067
5518 2614
3598
3611
3598
4576 5569 230 5157
2071
230 5826 6035
3611
3598 2614
1486
1355 3242 3184 3255 4629 1355 2756 1355 3247 5182 4117
1348
4046 2551 2550
2614
3612 2614
3611 3587
2590 3621
4088 442 1637
230 4872 2426 1927 4872 3068 5470 2271
4900 3598
4287 3628 4289 3627 4288
3612
2614
2983 2279
2618
3612 3612 2591
3614
3628
2614 3611
5220 2316
3611
3613
3612
605 402 445 1413 1637 636 594
5056 4765 2860 3390 2391
5482 6032 5562 2036 6032 230 2158
3565
5033
2614
3628
2614
1512
2618
2614
2614
3617
3598
2884 3628
3577
3612 534 636
6032
2982
3008 3158 5778 230 2969 2640 2884 1355 2323 230 2316 1985 230 4045 1355 4875 2488 2316 1558 5557 1985 1930 230 1355 5562 230 5521 4045 230 3435 4747
2071 2591
3621
3611
3614 3614
637 637 5025 2070 3268 1355 1466 1466 3598
231
3589
4872 230 2158 4900 5534 230 5056 4872
4766 230 5157 5507
3621
3611
1348
1568
3612
5413
2518 3068 2517 1563
3611
231 987 838 1215
5098
4983 4985 4986
1355 5056 6032 3068 2068
3565
5836 2332 2900
1466 1587
3598
3611
3611
2603
3622
5886 230 2064 2859 1551 230 5038 230 6035 1768 230 2064 5033
3611
5985 5796 3494
3612
534 598 1413
1962 3891
3613
5813 2618
3621
3565
3067
3611
3598
3611
3612
4070 2321 530 1469 608 532 4070 2316 4070 1469 608 1601 1652 530 1469 1413 3765 609 530 1413 609
2994 2071 4794
2455
3611
2988
3614
3615
2997 3734 2851 3247
3612
3574
3180 2309 230 4660 3870 5505 3735 5932 230 4545 3390 2455 5072 4857 4857 5072 591 1530 1413 2455 2640
637
3614
2455 3183 5074 1496
2036 5058
