4016 4016
4016
4029
5404
4005
4029
3978
3241 3293 3243
5794 586
2883
4030
590 5713 5511 597 2307 597 2307 5511 692 597 2307 590 5511 671
4030
1660 1714
3978
665 594 490
4030
4030
4016
4016
5709 4016 3196 3869
2883
4029
4016
2904
3978
4040
4030
1812 658 1815
424 407 690 482 1191
4029
4016 1734 1828 6143 2594 490
2927 1747
4029 4003
3978
4040
2883
4030
4030
4033
2893
3978
4033
4016 2904
2173 2745 2310 3782
2883
5794 4116
2884
4029
2904
2176 6687 3426 2765 3196
4016
2812 1819 3558 2741 1819 4016 1819 1819 4029
4030
4029
4029
2888 4016
2883 3782
2312 4317
4016
4030
2313 2311 6099 3227 2663 3240 6822
4016
4030 2405 2845 3737 2882 1669 2405 4029
5503 1758
4040
4016
5500
4030
4030
4029
4030
4029
4029
3978 4016
2884
2306
4029
4030 4040
586
2384 2802 3866 2306
4016
4029
2590 2319 3323 5511 5511 1507 1819 703 3323 2313
3190 6803
2312 4016 2312
1783
2904
3782 3226 5879
2531
3978 4016
4016
4016
2881 4035
4029
5810 5503
3978
2883
4016
2883 4029
2904
5504 5183
1572 588 671
1574 5642 6802 5478 6189 1717 2718
4651 2884 2250 2588
4029
2312 2193 3254 3783
4016 4029
6558
3978
2704 3241
4016
3978 4016
4033
4016
4016
4029
4031
4033
2904
4016
4016
4016
4016
2318 3652 1734
4032
4029
2883 3978
1818
3817 3806 2792
4030
4030
4029
4030
2774 3936 2790
4016
4016
4030
4030
4029 4030
5493
2943 2588 1579 4558 1626
4016
2313
4030
2384 3788
4029
2790 3295
4688
2313
2906
2792
4016 4558
4029
2765
4016
4016
4029
4016
4029
2881 4033
2883
4029
3218
1781 1781 6768 1781 1781
2904
2893 3978
424 1217
2957 3293
1698 3254 5369 588 5714
2883
4029
1656
4030
2884
4016
2696 4119 2794 3229
4385
4016
4029
4031
4016
4007
4016
4030
4016
4036
4029
4016
1764 5496 5316
4029
4016
4030 4030 4030
2838 4007
4030
3577 4016
6804 1815 6809 1815 6804 6809 1815 6804 6809
4016
1011
4016 4029
4016
4030
593 597 3258 4040
690 1193 407 427 648
4029
4030
4016
1812 671 5503 3829 702 5622
4016
4016
4202 2694 2173 4652
4690 4686 1708 2312
4016
1131 1015 1012
1812 4118 5622 488 667 5501 4203 673 3324 5633 5501 594
4030
2883
4029
2695 5798 590
2904 4016
2904
1770 1770 4016 6227 1753
4029
2851 2850
3974
4030
4030
2883
4030
2527 2588 3831 3258
4030
1661 5481 5708 5341 6252 6820 6682 5404 5879
2904
4030
4016
4029
4030
4030
4030
1695 3426 703 1579 1694
2310 2240
5708 588 692 659 1572 5708 669 588 692 665 2312 1810 5708
1006 424
1680 5514 383 3426 2771 3379 6168 386 5493 3784 2709 3379 386
3977
4016
4003 4003 4003 4003 4003
4036
4016 4029 4003
424 1015 1358 1088
4016
2616
4030
4040
4030
2904 4016
4040
4029
1819 6249 2307 1819 2746 2306
2838 2837
2893
2884
1009 1089 1440 1088 1358
4540 3883 1507 3796 4540 2745 4558 5842 2354
2883
4016
4016
2193
2883
2883
2883
4030
4016
4016
4016
4029
4029 2883 4016
4029
4029
4016
5478 2173 1700 3788 3551 1507 1700 2189 3789 3551 2736 1507
4030
4016 1716 1716 1716
6093 2312
4041
2883 3989
4031
3427 1697
2904 1579 2850
1810 702
4030
2883 4016
4029
4016
4016
2904
4029
4016
4035 3978
3298
5504 5500
4029
4034 4035 4035
4029
4030
3978
6570 4896
1656
2306
3839
4016
6656
5478 671 495 594 703 703 495 597 665 2312 2312 495 665 594
4016
4029
5504 1778 3978 2864 1778 2849
4030
3547 3459 5504 3789
2904
4030
4016 4016
4029
4016
4016
1700 1642 5708 5454
6801 5369 3227 2695 4016
2906 4032
4030
4016 4030
4040 4016
4031
4016
4030
4032
3298
4033
4030
1783
1695
2845 2091
4016
4029 4003
4029 2883
4016
2886
2883
1366 1364 1361
4029
2883 6717 2084
4016
4016
3819 5205 3190 3219 5083 2715 2174 1507 3784 2313
4003
2306 4030
4016
2883
3978
4029 4030
4319 2695 3243 1506 3240
5504
3789 1655 6508 4322 2312 5635
4030 2893 4016
2883
2577 2696 3789 5344
4030
4030
450 1629 671
4030 4016
4030
4016
4016
4029
4030
4036
4030 4036 4016
3789 4322 5838 1507 2307 5218
4029
3978
4030
4030
3427 2796
2904
4030
1572 5794 1812 379
1011 5477
4016
4016
4029
4016
4016
4029
2736 6500 2575 5501 1661 3789 2713 6218
4029
4029
2883
3254 3785 491 594
4030
2883 4016 2312 2884 3197 2173
2904
4030
1695 588
368 1817 389 1275 1330 1319 1272 1695
588
4029
598
4016
2904
3978
3978
6559
4016 4030
2839 2904
4030 2882
1579 2441 2229 5501 2695 597 5696 2230 5695 6559
2906 2850 6727
5844
4030
4030
1572
4030
2883 2884 3969
4016
4016
3394 4118 4557 3310 2667 1770 2575 4335 2410 3229 3817
4532
2904
4029
1656 4030
4029 4016 4016
1662
4029
2883
4283 3426
2882 4029
5502 2795
2904
2902 2850 5698 2522
5496 5878 5341 1664
3219 3190 3189 3227 6199
4030
2881
2883
4016
4030
2306 2792
4016
3243 3197
4016
2883 4016 4016
2883
4016 4030
5878 3977
5810 3185
4016
4016
3426
4033
4029
4030
4016
5695 5678 6199 3784 4117
1754 1366 1217 5493
4029
4041 2883
2884
4030 2906 4016
6808 1664
1656
4029 4016
3434
657 702 1812 6199
4016
4016
4016 2884
4029
3018
4016 800
6096 6802
4031
3186 5622 2384 2568 6199 2883 5478 6822 6793 5478 6822 2849 6793 3186 3072 3077 6196 4557 2261 5622 2906
4030
1840 1642 5717 2261
384 2575 1782 1828 1579
2313
2306 2746
4016
2893
4029 4030
5666 3122 260 1507 6682 260 2772 1507 3435
4029
4029 2883
3784 1507 3806 1507 3064 3805 3426 3805 3064
4016
596
4030
5203 6822 6558 2765 1131
4016
4030
4016
2883
4029
2848
6888 2904
2838 4016 2848 4532 2845
2904
4016
4029
4016
3978
2884
2904
4030 2883
4016 2904
4348 2886
4016
4040 4030
4030
4029
2851 4016
2845
4030
4040 3971
2906
4016 4029
4030
4003
3741 5432
3781 3868 3254 6168
4029
4040
2904
4029
4016
1345 1361
4030
3978
1366
4029
4031
4030
4030
2883
4029
2904
2881
2982 3240 1775
4016
4030 4016
260 1734 2588
4016
4030
3414
2845
2884 4016
3298
4030
2320 2767 3190 3220
5879 5810 3932 3226 3247 5810 5634 5879
3677 3635 2389 2766 1507 1742 3121
2128
4005
4040
3190 260
4040
4030
1507 3883 2240 4030 2883 2546 4030 4016 4030
4029 2882
4029
4036 4036
4007
4286 4284 4285 5798 5798 4286 4283 2707 4278 3019 5416
4029
4036
4003
3633 2173 1716
4036
2845 2091
4030
4029
4030
5501
4029
4030
2148 2261 4029 4016
4016
2904
1579 703
2884
4016
4030
4031
4016
4029
2313 5698 3785
1361
5210 1819
4030
4030
3978
4030
3978
4016
4016
2907 4029
4029 4016
2883 4016
2584 6199 2886 6224 2883 2584 6199
5697 3806 5697
4036 4016 4030
4016
2904
4016
4007
4029
4029
4016
4029
2880 4029
4016
4029
4029
4029
4029
2884
6802 6199 5404
4029
5677 4433 1733
3978
597 5710 1626 2281 1828
4016 4016
4033
4016
5501 5403
1089 261 1016 424 698
2904 4029
4030
2091
2883
260 1708 2312 1655 1936 1507 1936 260 1655 1507 1708 2313
4029
1507 2313 2736 2313 260
4029
4030
1507 3788 3191 3782 2713 3229
2881
2904
1361
1656 4030
4030
3324 1626
4016
4016
260 3789 2189 2264
4029
4029
4016
2904
2883
3991 3978
424 1131 844 692 593
1480 1438
261 1367
924 1016 261 1367 1364 2281 6822 6818 1664 2159 260
2883
4030
4040
4016
4016 4040
4005 4005 4005
4030
4016
6822 4625 6818
2168 5845 3187 5836 3186 2790 3185 5838
4029 4029
3519
4390
4903
4016
4016 4030
4030 4016
2269
4030
5670
4036
4029
4030
1936 2307 260 5212 5633
4029 2883
4016 4030
4016
3980 2884
4016
2869 2896
261 424 260 4163 3558 5696
4029
2881
2839
4030
2845 2091 2857
4029
4029
4016
4030
2174 3785 3807 4118 3259 4783 2704 5662 5622
4029
4016
4016
4016
4016
2881
2893
4029
4016
4016
4029
2312
2904
4033
4030 4016
4016
2318 2318
4029
4029
2279 3200 2376
4033
4016
380 1666
4016
4016
4693 1805 1825 1658 450 4016 4040 490 671 1658 1658 450 1330 1283
2839 2845
2522 6189 1695 2756
3298
6118
4016
4029
2265 5678
4016 4030 2482
4029
1507 3870 3793 2307 3794 5511
3427 1642 260 4235 4234 5665
4029
2906 4181
4030
1361 424
2904
4030
1697 260 1579 1626 1695
6173 260
2378
2650
2904
1357 1093
4016
6225 6106 1625
4029
1825 649 593 692 597 1810 703 1694 1694 1579 3828 3796 2696 2579 588 1810 3548 2193 3945 1579 438 1695 1694
1561 676 4016 814
4016
673 702 597
4497 2307
2904 4030 3191
3978
3978
4531 4029 1656
4030
2884 2884
4016
4030 4029
4030
4030
3188 2957 2772 5493 2904
4016
424 3426
4029
4016
4029
4016 2883
2904
4016
3978
5810 3199 2766 260 6822 1724 260 3453 6143 6818 6189 2790 1345 424 1093 2596 3229 2575 6822 260 6818 1507 5810 2766 6817 3199 2766 2159
3179 3128 5634 260
2472
4030
5401 5497
2904 4016
1699 1507 1819 1683 1572 3181 1683 6559
3340 6194
260 1665 2484 1708 260 2589
4040
260 2577 3549 5511
4031
4016
4016
402 2882
5500 3258 260
1714 3807
4029
5698 5798 586 3181 1507 5701 5698 5798 5701 5798 586
4003
1579 2385 1697
4030
4029
4039
4029
2425
6723
4030
4029
5798 596
4029
2861 2091
4029
4030 4029
424 1345
4030
4330 5207
4016 4030
1089
4030
2888
260 2790 3259 3426 1937
4016
4029
4030
4039
4029
4029
4029 2881
2522 1716 1742 260 2695
2156 260 2152 1507 6223 2156 260 2152 5798 1507 260
4030 1656 3978 1656
3807 3859 3227 3196 2704 2219 2578
4035
4030
4030
4557 5662
6527
4016
1507 4429 260 1778 6803 2306 2575
3552 260 6809
2883
2773 260 260 6195 2932 3533 3829 1935 5481 260 3532 260 3532 260 3533 260 3532 3532 260
3806
1742 2156 5500
4030
4029
3978
4030
4030
2850 2848
2837
3426
4016
2217 5395 2968 2950 2196
3991
4016
4031 6506
2849
4029
424 261 1345
4016
2530 2704 3549 2306 3680 1507 5175 4235 5051
2883
4032
6729
3991 2904
2575 5456 260 2736
4016
4029
6559 3426 3219 3427 3256 3218 2174
3978
2884
4016
4030
4016 4040 6537
3978 1658 594
5493
4030
4029 4016
6177 2544 260 2534 2531 261 2534 2529
4029 4016 2884
4016
4030
4033
4016 4029 4016 4003 4016
4016
4040
4016
2739 1626
2794 6818 260
2883
4029
1358 424
3533 260 260 3533 3333 3603 6212 260 3601 2699 4478 2509 2792 5879 260 2932 260 702 490 2717 260 2667 4478 6682 2773 2774 260 5711 2334 260 3357 6632 5502 3533 260 2544 5453 2242 260 2528 3472 4429 2244
4029
4030
2904
4030 4016 4034
588
1656
1660 1664 1660
4030 4030
3978
1626 1695
2838
1801 1702 2307
4704
3978
2904 4016
3821 5794 6558 5714
2316 2317 5697 2747 2546 3788
1695 492 669 588
4029
4016
4029
391 5422
1812
3305
4016
6801 1579 703 3546
4016
4029
702 657 598
4016
4029
4029
4029
2667
4016
4030
4029
4030 4029
4016 2091 2838
2310 3229
1717 4016 1675 1717
6166 1661
4030 4016 4016 4030
2709 4783 3784 3435 3259 3828 5222
4030
2883
2845 2838
814 1579 703
4016
2709 2716 2312 2265 6801 2159 424 5810 5798 3891 2716 5341 6803 2306 6801 5160 1660
4016
5692
4030
3199 3182 5634 4016
4030
2313
4030
4029
2904
4030
424 261 1011 1093
3864 4816
2838 2091 2881
3556 260 4525 2587 2587 3556 260 3342 3342 2587 3556 260 6218 260 2587 3556 260 3556 2193 5794 3556 3342 260 5794 3310 4525 260 3556 3310 3342 260 4320 5794 5453 260 4525
4029 2882 4029 2845 2091 2882 2091 2838
4030
5477 1810
4016
4016
4030
260 6222
4029
4016
2307 2265
5622 5635 2694
4016
4029
2904
5495 5478
4016
2883
3381
4016
2904
5343 6804 6217 6217 6803 6217
5481 4879 2719 2161
4016
2852 2850
4029
2904
1717 3227
4040
2883
4030 2632
4031
3227 2719
3784 3780 1572 5493 3196 3195
1088 1361 926 1010 1440 261 927 1012 1355 927 1361 1088 261
424
2883
4029 4016
2534 2161 5708 5698 260 2168 260 2534 5698 2534 2771 6209 1507 260 260 2534 5710 6096 2193 260 6093 260 2534 6093 6095 2764 5710 6245 260 6098
4030
3978
4016
2721 2318
4029 4016
4040
261 1012
4697
3189 2864
4032
4016
2906 2861
260 2226 3182 2228 2623 1507 2183 6527 2184 260
4030 4016
4030
4029
2904
4016
4030 4016
6121 3577
4040
1840 596 671
6801 5798 5714 384 1782
4016
4016
1695
4032
5801
4029
4029
2883
3240 2736
3978 4040 2125
3340 6801
1367
5500
260 5810 6822 1507 3128 6822 260 1507 6822 1507 5810 6822 5810 1507 6822 1507 2585
2882 4029
3298
3404
5696 6809 3187
2883
261 424
2589
4030
1783 1012
6818 260 2441 5744 1507 5403 260 4317 5794 2595 1507 260 260 2169 2168 2595 260 2277 4625 6822 6818 3827 3453 260 1507 3827 260 3453
260 5344 5714 2152 5344 260 2736 5610 5714 260 5205 6801 5205 260 2764 260 6684 1937 260 5205 2736 6801
3978
2904
699 1356 924
4029
5810
2159 3339 1507 260 2932 260 4317 2704 2159 260 6245 5503 2956 6818 260 1507 5794 260 2595 2156 3796 260 3827 5500 260 5714 4317 3453 6818 3827 6822 260 2595 260 5794 3533 260 6624 2932 5794 260 2159 2193 2469 260 4625 2716 260
4030
2808 3801 6754 2183 6687 2736 3601 2530 3784
3293 6209 4337 6209 260 3426 2765
2884
2185 3426 3221 4030
2864 2838 6247 2091 2845 1652 6801 2863
2845 2091
4030
1753
675 2718 597 1572
4016
4034 4016 5404
2850 1131 424
1361 1361 424
3978
1742 2736 1660 260 5477
4030
6534
1574 6173 6506 260 6506 260 6251 6199 260 5794 2386 260 6245
1819
4029
5877 3805 2175 3788 3661 2311
4040
4030
2736 3381 5404 1782 5477 2578 5879 2405 5505
1579 5843 3789 5842 3426 1507 5843 2771
1664 1733 5708 4799 4694
4031
6147 2575
1507 2771 2792 260 2772
3978
2447 2168 2440 1758
2883 3978
5394 2579
4030 4029
2883
4315 1507 260 2704 2774 260 5794 260 5696 260 2704 4272 260 2168 1758
5797 3783 5794 1935 5635 260 3819 4651 1935 260 1935 2587 4322 5612 1507 3546 2667 260 2159 5642 5794 2587 260 260 2161 2577 1507 1935 2944 6093 1935 260 3426 260 2695 6818 2161 6506 2148
4030
1972 5709 2709
4029
2313
588
260 2164 1660 6251 5341 6804 260 6251 260 5341 5877 260 6804 6251 6804 260
4005
2883
3978
3717 1664 1700 4030
5714 1695
1579 1695 3427
6655
2085
4007
3967 4036
2883 3978
6166 5671 5494 6803 5494 260 6803 260 6166
3227 5794 260 3840
4030
4029
260 3226 3840
2906
2587 4114
