586
4016
4016
4030
4016
4030
4029
6727
4016
4030
4016 4005
4030
4016
4016
4016
2907
2850 2906
4030
5403 4005
5794 5794 1729 1729 5794
2907
1377 4030
4016
3547 2307 597 590 5511
1695
596 491 669
5878
3776 3776
4016
4003
2904 4016
4029
4016
4016 3978
3978
4016 4016
4016
4016
5794
2907
2265 1361 5696 2769 699 2764 1131
692 650 1810
4030
4030
4041
4016 4029
4029
1695 703 1734 4090 1734 703 6822
4029 4003
4016
4016
2902 2850
4016
4016
4040
4016
2907
2310 2402 2169
4029
4030
4030
2883
4029
1643 597
2882 4030 2884
4016
4016 2313
4016
4016 3639 2189 5622 2389 2311
2883 4016
4016
2904
4030
1731 1742
4016
2883
2472 3186 4118 2737 4181
4016
4029 3558 4016 2307 3548 5695
4030 4016 4029
2893
6199 4030
1579
4016
4016
4016
4016 4016
4029 4030
4030
4016
4030
1011 1131 1089 698 424
1764
4029
4030
2907
3788 2184
4016
3978
5476 5502
3577
4016
4016 4016
4016
586
4029 4031
2904
2904
4029
424 1078 1366 1345
4016
4030
4016 3989
4029
3460 3459 4659
4030
5676
2904
4040 2907
4029
4030
4016
4040 2907
424 1357
4016
671 597 671 1572 597 4016 671 597 1572
4016
6802 4659 1717 2718
4016
2883
4016 2904
4003 4016
4030
4016
2883
4031
3868 3427
4029
4119 4118
3978
4117 3828 2306 5478 3189
3978
4016
5505 4016
4016
4030
1625 2774 5798 3558 3240
4016
2907
4030
3426 2904
4016 4029
2492
4016
4016
4016
4117 3789 3788 2307
424
4016
4016
4016 1348 3190 3859 1714 1507
3978
2893
1695 3426 6817 1695 1819
4030
3978
4030
4036
2306
2527 1695 1579
4029
4003 4034
3969 2883 3978
4029
4029
2265 2226 3866 3229 4164 2745 1507
5804 5404 3048 2589 5698 4335 4016 2588
4016
2313
4016 4016
2794
4030
2798
6726
4016
4031
2883
4033
703 1697
3978
4016
4029
1217 424
4030
4328
4016 4029
4029
4029
4016 4016
6768 1781 6768 1781 6768 1781
671 594 590 1805
4016
4030
3978
2884
4016
2883
4030
4016
4029
4016
4029
4029
4029
4030
4030
4029 4016
4016
4016
2883 2893
4016
6589
4016
1810 3427
4029
4029 4003
4016
588 488 671
4030
4029
5405 3194
2353 1009 1014
2907
2883
3991 2883
6805 4016 6803 6804 6806 6804 6805 6809 6804
3181 3821 4016
4005
4016
2906
4016
4040
2883 3799
4016
4016
4005
4030
4033
4016
4016
4016
4016
6186 3991
2669 5662 1729
4016
2240
1914 2883
5695 2770 5251 4652 3549
5222 4636
4030
4016
1361
1672 2077 5565 2845 2861
4016
4016
4016
4030
3452 4322 3813 2312 2184
4030
2904
1754 1753 6206 1773
4016
4016
2883
4016
4029
4030 4016
1579
4016 2907 3974
3218 6559 2745 3804 3868 2226 1507
3659
4030
4016 1656
4036
4016
4016
4030
3789 2306 5344 3672
5493
4003 4003 4003 4003
4029 4003
4519
1739
4016
4016
4016
4016
4033
3427 5671
4029
2313 1819 4016 2759 2313 4078 2796
4016
4118 4016 2709
4016
2893
4030 4016
4016
1764 4540 3743 6543
4016
2883 4033
4016 4016
4030 4016
4035 4034
4016
4016 2588
2904 4191
3978 3978 3978
5671
3320 1507 2313 5045 1507 4273 4234 4621 2851 5045 2852
4029
4016
4029
3980 2907 1501
1716 1716 1716 4030
4016
4030
4016
4016
1810 671 671 702 1812
4029
4030 4030
1501 2907 1501 2907
4016
4033
4036 4035
2883
2965 1694 3394 1507 3181 4553 2938
4016 4029
4036
1656
4016 4016 4016 4016
4030
4005
2663 2269 3256 5504 4202
4016
703 659 671 594 1840 671 4016 495 665 1812
4016 2904
4029 2904
6558 2313 3787 3859
5642 1784
4016
2883
4016
2883
3227 6801 2709
4029
4029 4016
2907 6727 2883 4032 5502
402
424
4029
4030 4016
4016
4030
4030
4040
4030
4016
4016
1840 4016 594 671
4030
4483 5662 3358 5663
4029
4029 4003
4029
5490 4016
4425 3426
3190 1717
4029
4016
2318 3220 4016 2746
4030
4030
2904 4016
424
2907
2721 3219 1507 6817 3199 1655 3357
4030
4040
4029
3057 4064 4016 4030
2883
1572 675 597 4016
2883 4030
3381
4016
4029
4016
4030
4029
4016
4033
4030
4016
4016
2883
3978 3788 3787 2851
4016
4029
4032
4029
3978 4030
4029
4030
3978
4036 4016
2869
2904
4016
4016
4029 4016
4030
4936
6558 1828 2193 1819 4525 1507
4016 4016
4040 6721
4029
1011 1089 1358 1006
4016
4030
3978 4016
4016
4016
4030
4016
4030
4030 2882 4016
4016
2812
4016
4016
4029
4016
2893
4016
4016
6199
4029
402
2893
4016 2904
4016
2886 3985 1656
2402 3394 3030 2709
4032 4016
4016
4016
4016
4029
4016
4033
2904
4016
4016
4029
4036
596 1629 669 1695
4016
4016
4030
2313 3784 2790
4016
3978 2883
5786 4117 4016 3227 5495
4016
2575
4029
6732 402
3978
2313
4016
4030
4016 2884
4016
4016
4030
1656 4029
4005
4030
593
4016
1016
2904
2568 4016 6793 5622 2261 5478
4030
1016 1088
4016
384 1782 1828 1579
4031
2772 3182 2801 260 1507 5738 5666 3182 2384 1507 2801 260
3342 2384
4029 2884
1507 3806 5810 3226 3806 3184 3805 3806 5810 6727
4016
2883
4030 4016 4029
4191
4029
2907
4512 4016
4029 4016
4031
4016
4016 4040
4016
4029
4030
3978
2893
2907
4030
4030 4029 5150
4040 4030
3985 2861 4016
1935 5496 3181
4031
4016
4030
2801 1695 2384 2270
4351 2484
2696 1812
4031
4016
2587 6189 6500
4016 4029
2907 2883
2907
4016 4029
4029 2904 4016
4029
3978 2904
2904
2883
1694 4030
4016 4016
4016 4030 4016
4016
2907
2904
4040 4016
3189
4029
3546 5879 3195 5810 5634
1507 3121 2228 2389 3635
2883 2084 4016
4030
4016
4030 666 1812
4526 4040 2648 4016 2630 4032 4016 3335 4040
4029
4525 2584 3324 260 6682 6226 5499 4525 3323 260
4029
6801
4016
4029
2522 2944 4016
3195 2306 5708 3219
4030
4003
2173 5214 1016 1346
4030
4029
3789 5709 4016 3784
4029 4016 4016 4526
4016
2907
3978
6559
4016
4016
4029
4016
4016
2907
4030 4030
4029
4016
4016
6801 3427
4030
4029 4016
2906 4016
2904
4016
4016
4033
662 596 1812 490 1670 495 650 663 674
4016
2584 5879
4029
4016
4016
597
5622 5879
4030
4029
4029 4029
4016
4016
4016
4016
4029
4029
2484 2529 2546
4029 3978
4029
2907 1501
4016
4029
1009 1364 3549 5045 424 1217 1341
4029
4029 6117 2850
4016
4040
260 5610 3219
4016
4029
4029
2312
4030
4224 3052 2766
4016
4031
4016
4016 2893
4029
4029
4016
4016
3978
4016 5475
4029
4030
4016
2904
4016 4016
4016
2477 2902
2904
4005
3978
6121 2085
4030
5671 3829 3788 4512 4878
4030
4016 4031
3978
4016
4031
2883
4016
2883
4016 4005
6687 2287 1507 3426 5500 1572 5794 3196
4016
2904
261 424 1345
4016 4030
5701 1778 3893
4029
2883
5395 3426
2696 3226 2736
1754 2269 1754 2273 2893
703 1695
6121
4029
3978
4016
4622 1006 2161
4016 4030
6527
2772 6166
4030
4003 4016 4029
2884 4041
2904 4029
2893
4016
4036
4029
4029 4016
4016
4016
4016
4003
4016
3357 3357 5635 4016 3357 3652 3357 3357 3357 5343 2579 3357 5635
4016
4029
4016
2765
4557 5456
4016
4016
6668 6114 5404 6147 6802
4016
5810
5344
4003
2919
843 5676
4016
4029
4016 4030
2618
2850 2084 5602 6541 5432 4016
2312 1642 597
4029
6199 2790 260 6199 3532 260 6199 2765 260 2764
4032
4016
1664 450 2128 4016 671 1658 1805 1695 389 1330 1275 368 490 702 1658 671 490 1840 1629 1805 450
4016
4191 4191
4557 3189
4032 4016
2882
4016
4003
2587 4203 3785 5495 4557 1507 4558 2704 4557 5676 3551 5641 6199 5493 5696 5798 3783 2265 4203 5610 5676
4016
2904
4016
4029
4016
3426
4016
4029
4016
4029
4016
4016
4016
4016 703 1694 703 1694 499 1810 593 1825 1819 703 1579 1694 703 3427 1579 1819 1694 1810 665 593 499 703 1694
4016 4016
4016
3969
261 1012 1355 1086
3801 3801
4016
4029 4016
4016
6509 1754
4030 4029
4016
5589 4016
4016
4030
4029
1717 1675
4016
4029
4016
5744 260 6252
4016
2907
2907 2893
5500 260 1661
5401
1507 5511 2883 1683 3978 2313
2883 4029
5714
3978
4298 1792 260 5713
4016
4029
4030
3978
3196 1717
2907
4030 4029
4035
2907
4029
4030
4040
1669
4033
4029
4030
4029
4030
3426 3218
4016
4016
4030 6727 3978 4030
4016
4030
3784 3196
4016
2764 260 6506 1507 1507 2156 260 2736 2152 5622 5642 260 5814
4029
4030
5834
1656 4029 1656 1656 3978
1708 1708
4029
5207 260 5208 6624 5207 6251 260 1507 3182 2608 260 4323 3532 260 260 2585 5477 3783
3978 2125
5676
6189 260 3532 6624 260 260 2587 260 2587 3533 260 1935 3532 2773 260 2773 260 3532 260 3533 260 3532 3533 2938 260 3532 3533 260 1507 6173 2587 3532 260 2773 260
2715 2349 2717 3601
659 597 702
1703 260 2746 4270 2746 260 2790 3426 2745
4030
4016
4029
4029 4029
4029 2847
6806 1015 1736 3785 1079
260 5056 3229 3227
4016
3978
2906
6729 4016
4040
4030 4016
4016
4016
3991
4040
4016
4203 3866 3807
4016
1656
3427
2851 4030 2901 6708 6785 5570 4030
4016
1729 3978
2158
4016
4016
4016 4016
6099
4016
3328 6211
2589 260 1664 5798 3199 2695 260 1733 260 2313 3258 1733 3199 2193 5695
4016 4030
4016
2310 593 2441
4016
4016
4030
4029
4016 4016 2893
4016
4421
4016
4040
1579 1819
4016 4029
2907
4016
5405
4016
1507 2932 3019 490 260 1507 490 260 1815 3324 2522 588 6199 2932 2667 260 5641 2709 2244 260 2709 3063 260 3062 260 2944 3357 2994
4016
4029
4029
4016
4016 4030
596
5494 5502 5494 5502
4030
4016 3978
4016
4016
2883
4029
4029
4016
3978
4033
4016
4016
4016
6525 590 4016 6179 2608 3532 2311 6196
4016
4016
2425
4016
2906
4029
2907
4016
4040
2667 5093
593 669 591
3192
4030
4032
4029 4030
4016
5878
4016 1675 1675
4030
4016 4029
5708
3199
4029
5738 1672 260 5619
4016
4029
4016
4016
4799
5692
4016 4029
4029
4029
2904
4365
4029
2148 2244
2882 4029
4029
4029
4016
4016
4030
2904
4016
4016
4030
4016 4029
4030
4117 3190
4030
5635 5622 1507
4016
3052 3019 3186
4029
4016
6218
4016
3226 3012 5635 2577
4016
4030
4029
5343 6803 3244
4029
4040
3657 2699 2311 2994
2312 5808 2010 2164 2147 2229 2312
4029
5149 2883
4029
2883 1677 1672
4016
2868
4016
6143 3787 1579
2307 3437 5207 4689 6504
4016
4029 4016
4016
4030
3784 260 2203 2193 3787 260 2193 2207 1088 1361 261 1010 1440 3240 260
2907
4031
1507 6245 6196 2764 260 6245 260 5708 6196 2219 6096 6570 260 5696 1507 2161 2764 4317 5698 260
2168 6262
2773
4016
4016 4030
5810 6222 260 2306 1507 6222 1507 5810 261 2306 5810 260 6222 1507 2306 2306 5810 1507 6222 2313 5810 1507
3978
4016
2884
4450 5456 2193 3324 6817 6818 6801 1507 260 5643 5159 6801
4030
4016
4029
4030
3953
4016
4030
1507 3667 5203 5617 3807
5801 5801 3381 3734 5801
2907 2484 4033 2403 3244 3199 5877 2851
2904
6125
6510 3786 6801
5846 260 2587 2193
4030
5782 1810 593 260 5810
4030
5698 3648 3426
2764
4029
4029
3180 3181 1714
424
2764 260 3453 3552 2764 260 2717 3532 6263 260 2482 3603 2718 3601 260 2709 6624 260 5612 2746 5496 2277 260 5612 4322 3827 5617 260 1642 5713 4323 260 5714
5879 5477 2577 5878 1664 3195 3810
1972
4016
4016 3980
4016
597 665
260 2746 1507 2745 2932 4272 260 1778 1792 1932 1937 1937 3552 5698 260 5344 260 6508
2159 2270 6506 260 6506 260 4557
2884
4030
4029
3978
4032
2736 3797 260 3914
2883 3978
5478 2408
1695 3427
2893
1015 1088
2790 260 1507 6262 3426 3533 260 260 2771 2312 2587 260 2280 260 5515 5516 260 2152 260 2156 4164 2771 260 2771 260 4323 1507 5798 260
2845
5668 6196 5667 260 260 5682 6624 3796 260 6251 5682 6147 1705 2667 260 1507 6147 6149 1758 6251 260 6251 3831 5306 2156 260
1662 6506 5477 5477 3182 260 3180 6632 5477
2852
4030
4191 3296
2313
4030
5505 1782 3381 5477 3240 5404 5879 2578 5794 2578 2454 5490 5477 2466 2736 2405 1782
1782 384
5478 6802 6802
5708 1733
2319 3533 2790 5714 260 2774 260 5668 260 1507 3532 2158 2771 2158 260 5612 260 3532 2158 2168 2774 260 4478 2764 5698 260 6624 1507 2164 260 2158 2771
1360 261 843
2790 260 3533 6624 675 703 260 2790 3426 260
3978
4030
2907
4030
6114
2694 4308 4314 260 2774 3819 260 4315 260 260 3339 2790 2774 3472
2907 2883
260 1935 1935 1932 260 3258 260 3547 2759 1507 5635 1935
703 676
382 3427 1679 1729
6682
4030
692 596
4035 4034
3577
6804 5341 260 1742
