1348 1348
1530 637
3591 3591
2614
3611
2614
3611
3620 3611 3612 3616
2621
2628
2593
3611
1419 637 1478 341 5534
3622
3598
3611
2614
3612
5456
3612
1348
1348 1348 1348
3612
1348
1348 1348 5143 2528
3587
3612 626 599 532 626 599 532 3612
4890 529 2065 626
3565
4046
3612
1348 1348 1348 1348 1348
3384 3384
3598
3598 3598
2614
3612
3598
2614
3615
2592
3612
1348 1348 1348
2864
3598
3611
3618
3578
3612
1419 1530
2614
3621
3598 2614
3883 3388 5166 1419 3598 2071
3565 3053 2614 3621
1355 2885 4580 3222 3970 1945
6035 3420 4620 5065
2614
1348 5157 1962 3068 1348
1348 1348 1348 1348
3598
3611
1654 626
3598
2614 2603 2593
3614
3611
3611
2621 2593
3565
3565
3598
3612 3591
3611
3598
3611
3612
3598 3598
1348 1348
3611
3612
3598
2593 3565
4742 5220
3598
3611
2603
3621
2593
3612
3565
3611
3613 3601
3612
3598
3612 2614 3611 3612
5090
3598
2594
3612
1952 3393 5826
984 972 1296 3435 2064 3393
2614
2614 3598
2614
3611
3618
2614
2614
3565
2555
3611
3612
3611
1348
1348 1348
3611
5492 1600 2879 5814 5826 1600 1587 5814 1901 2621
2614 3621
3598
3591
3611
3388 3189 2029
3611
3614
3612 3612
3598
2614
2593
3598
629 624 1078
4105
1348
3611
2357 2534 3598
1348
3611
3615 5808
1348 1348 1348 1348 1348
2593
3598
3598
3565
1207 378
3565
2593 2593
3613
2614
3565
3565
2593
2621
4624 5040 3621
3611 3621
3618
3395 1960 2023
3594
2614 3614
5007 3411 1355 5826 2434 1939
3598
3612
3615
605 1637 526 435
3621
3598 2614
3611
2071 916 6032
3693 2396 2802 1355 2068 1575 4594 2028 2850 4661 3007 3964 2029 1582 6034 2076 3029 1355 4660 2803 3395 2139 3170 2780 2357 5223 2518
3611
3598
3565 3565 3565 3565 3598
3598 2614
3612
2517 5027 3399 1985 5070 5146 5070 2780 2431 4546 5146 4793 1985 3744
2614
2614
3052
2614
3614
3612 3612
2614
1348
3611
2534
2614 3598
2509 345 1611 1476 340 5166 345 1611
3565
4046 1586 3612
2603 3613
2614 3612
2621 2564
1646 1419 637
3598
3611
3598 3349 2611 2593 2613
2621
3611
2535
3565
2614
1866 2593
3634 1348 1348 1348
3598 3611
3612
2593
3612 3616 3620
3617 3617 3617 3617 3617 3617
2614
3612 2614
3611
1355 2139 2950 2082 3459 3437
3612
3598
3612
3598
3598 3615
3611
3612
2593 3657 3656
2614
3566
2357 1496 2646
2916 2070 2866
3613
2614 3611 2593
1862
3612
3598
3598 3611
2614
3565 3565
1866
3613
2064
3615
3611
3612
3613
2594 3598 2614
3611
3598
4794 1413 528 2177 1488
1025 606 608 636 1639
2621
3394 2069 2868 1944 1355 1945
3611
2614 3598
3598 1348 3756 1348 1348 1348
3612
2614
3598 3611
3614
2621
2071 5794 5070
3598
2614
2614
3612
2621 3611 3598
4070 4593 5552 4633
2156 3598 1590 3598 5432 2281
3611
2614
2534
1610 6004 1610 1610
3598
3598
2593
4097
3611
4608 3413 2524 2426 3423 2431 3388
2614
3598
3611
2593
3598 3615
3612
3612 1493
1901
3611
2614
2593
3591
3598
1926 2071 4858 1586
4431 3598
2614
2614
3598
3621
3565
3621
3612
3612
1073 379 1062
3598
3589
3611
2621 2612 1866
1348 1348 1348
1866
361 1901
3598 3598
3622
2593
3611
4538 3598
3612
3598
3612 2614 3565
3612
3611
3556
2614
3598
3611
2593 3067 3188
2894 6040 6035 6035 2891 6040 6035 1635
3612
1348 1348 1348 1348
3611
3612 2614
2070 1565 2432 1952 1487 2416 1956
2593
2603
3598
3611
2209
2614
3589
5218 3391 3735 5932 2614
3612 3560 5470 3615
5966
1646
1567
3612 2603 1901
6016
3569
3611
2614
1348 1348 1348 1348
2070
3598 3611
2594
2614
3611
3970 2071 4071 4622
3367 2068 1355 3302
2614
3598
3612
3565
5523 2036 2679 3765
3612 3598
3611
3177 2916 2070 1355
3611
3598
3756 3068 1635
3598
3611
3559
3598
3268
1563
3565
2065
2593
2593
603 439 528 437 1530
3615
5826 1935 3464 2885
3618 3617 3617 3617
1348 1348
3611
3598
3611
1348
2603
2563 3611
3612
3611
2464 3970 1920
1487
3613
1348
3622
3598 1530
3598
2614
3598
3598
2614
3612 3611
3587
3598
3587
2603
3612 3579
2614 3598
2614
3611
1493 3615
3565
2614
3611
3598 2614
2614 3598 3598 3598
3612
3565
3565
3611
2614
4629 3399 2950
3612
3612
2593 2621
3598
2599
3565
3598 3598 3598
3598 3565 3598
3598 3611
3621
2593 2614
2621
1348
2614
3612
3612
3612
3611
1902
3617
3598
2614
3598
2321 4217 3292
3598
3611
4858 1945 1355 3394 1535 5073
3598 2621
2621
3612
3598
2070 1219 599 2070 2020 5416
1606 2071 1481 5809
1348
3543
3612
3611
3611
1348 3634 5431 5436 5434 1348 1348 1348 1348
440 1639 1639 440
3598
3612 3612
3073 3598 5420 4805 5439 3598 3598 3598 3073 3598 1491 3073
2628
3618
2593
3598
2534
3565
3611
4635 1216 4635 983 1222 983
4988 2684 2656 1965
3598
2614
3565
2614
1348 1348
3590
3598
3611
3612
3616 3616
3611
3611
3598
2614
2614
2594
2534
2614
3589
3611
3611
3598 2614 2593 2593
3370
378 725
2614
3598
3611
3612 3612
3612
3598
3598 3598 1348
1348 1348 1348
2593
2621
3611
3611
3598
3615
3598 3611
3613
1348
5047
3611
1348
2614 3598
2614
3611
3611
2534
1491 1492
3611
3614
3612
3621 3876 2993 1355 3574
3598
2850 4629 3765
2982 3105
3565
3598
2614
3622 2614
3616
1960 1510
1642 1945 528 529 2028 5000 5000 1642 526 2069
3598 2614
2614
2028 3402 2029 5027
1348
3612
3612 3598
2614
3612
3587
3611
3621
3612
3565
3611
3770 3770
2614 1348
2614
3598 3611
2560 5074 1355 3611 2593 2069
1565
1348
3565
5932 2395
2114 2114
2621
2614
3588
2593
3565
3611
1348
4278 1355 3419 1540 5778 6048
2593 3598
3612
2614
3565 3607 3957
2534
1355 2020 1548 3386 2863 5932 3459
3612
3611
3598
3611 3611
3613
3612
915 378 5146 1216 1023 2535
2438 3068 2859 3097
3611 2603
1902
3612
2614
3613
3598
3598
3615
3612 3618 3598
3565
3617
2854
3615
3612
3598
3612
3611 3598
1567 5065 1606 5066 230
2614
2614 2595 2596 2000
2614
2593
3611
3613 2614
2614
2265 2434 4880 2455 3395 4857 1606 1582 3395 5057 2455 2265 2238 2070 2434 4882 1355
3591
2614
1348
3611
3611
3390 2894 4858 2908 2892
2614
2997 5070 2011 1963 5825 1646 1963 3598 2744 1646 1962
3612
3598 2593 2845 1944
3598 3611
3611
2614
3613
3612
3598
3615
3598
3565
1945 3419 4633 1355 3008 4253
3598
2603
4756 4070 4754 1982
3611 1576 2621
3612 2592
3389 5055 1615 5826 2239 1355 5556 5521
3612
1413 1639 1529
2614
3565 3565
3612
2614 3598
2491
4097
3598
2621 3611
2670 2850 1962 2139 3176 3885 3173 2391
3598
606 1413 526
2621
2593 1583
5146 2534
1520
3612 3388 1543 1558 4785 2859
2614
2614
2614
3612
3612
3598
3598
2555 1872
2851
2614 3612
5781
3612
5836 2534 5482 5065
3612
2599
2614 3612
230 4893 4857 4883
3611
2614
3611
3598 3621
3598
2614
983 1222 231
2614
3612
2621
5432 1866
2391 1548 1563
2851
1348
3565
3611
3598
2612
1639 1642
3615
3587
3598
3612 2621
2614
2614
3620
3598 3598
2614
3614
3565
3554
2163 5580 5220 2156
2593
2614
3611
2614
3598 2593 3612
3598
2614 3598
605 739 583
3598 1348 3634 1348
3565
1862
3611
2614
3598 1348
3612
3693 5510 3598 2326 2670 6053 5507 4759 2849 6025 4858 4988
3612
2614
3598
3598
1348 1348 1348 1348
3611
3598
5967
3565
3616 3620 3616 3620
3611
2593
3612
2894 1962 4933
3612
3612
2392
2614
2593
3598
2603
3612 3565
2621 3611 3612
3598
3611
2614 2621 3565
2894 4794
1901
3565
1348 1348
3598
5500 5143
3611
2868 5024 4253
1348 1348 1348 1348
3612
1563
2534 2330
3621 3612
3612
1575
2551 2741 3360
2614
3598
1348
1348
3565
3613
3611
4253 1601 4253
2603
3598
4884
3611
1348
2614
603 532
2534 3970
2858 230 2455
1348 1348 1348 2894 2434 1348 1639 2455 2417
3598
2562 2557 5810
3613
3611
2593
3612
3598
3611
2064 1487 2391 1355 1960 3184 2517 4661
3611
3612
2594
2592 3621
2621
3598
3067
3622
1348
3612
1901
5809
3598
3621 3565
3612 3598 4052
1348 1348 1348
3598
3613
3621 1901
2614
3613
3565
3598
2534
3577
2614 3598
2144 2801 3860 3859
4983 2919 230
3598 3598
2614
2593 2567 2569 3621 4046 2569 3621
3598
3601
230 2481 1921 2320
2614 3611
3611
3612
3611
3612 4046 2593
3613
3591
3587
3598
3611
3598 3611
3598
3612
3611
3598
3612 2621
4052
3598
3612
3598
2614 3598 3598
3621
3598
2957
4099
6035 4070 3393 2076 5186 1355
3612 2593
3565
3612
3611
1348 1348
3612
3565
2212 2256
2603
3598
2232 2180 2155 3598 5001 3611
3612
2071 3427 2489
3391 2416 5157
2593
2614
3565
2603
2908
3565
636 1586 1670
3565
3611
3598
6034 3765
3612
3565
3611
3598
3601 3598
3598 3598
2614
2614 3611
2614
2614
3611
3621
3612
2614 3612
2621 2593
5033
3598 3612
3598 3611
1567 2865 3834 6051
2621
3611
3611
3612
2593
3598
5036
3614
3611
3617
2595
3970 231
3244 2071 2143
1601 230 1534
3611
3612
3888 2417 5154
1348 1348
3598
2593
3281 3172 3434 5826 3434 5826 3172 3459
3565
3598 3618
3611
2614
2512
3611
3598
3435 3407 526 3892 5167 524
3611
3565
3068 2274 6034 2139
3390 2071 2476
3611
2885 5146 2865
1355 2809 3467 230 3469
2158 2065 1489
3598
3613
3598
3598
3182 230 3183 3157 3182 3158 230 3183 3157 3870 230 230 3870 1956 230 3870 3183 3182 230
2627
3598
5081
3612
2593
230 2289 2240 2324
3611 3598
2614
3611
3611 3611
230
3612
3611
3611
3612
2614
1469 591 529 529 5058 2845 3186 1218
3612
3598
2614
3612
2434 4132 5143 5223 3420
3598
2535
2614
2593
3598
3598
3598
3611
3598 3598
3565 3611 3611
3611
3612
3611
6016
3612
5167 2858 2857 1587 3729
5510 230 5501 5505
3598
3618
1901
3598
3612 3601
2614
2621
3598
3598
4097 1498
1348 1348 1348 1348
3172 5056 2691
3612
531
3598
2495 230 1355 5886 1413 435 230 1469 1642
2593
1348 1348
1530 350 1664 330 330 350 1530 1664
2614
3612
1521 1534
3577
3598
3591
3611
3611
3611
2614
2581 3598
2065
3598
2593
3598 3598
5146
3598
4636
2614
3612 3612
3611
3598
3611
2571 4052 2071 2551
1583
583 439 606 609
3612 606 439
3611
3598
3611
2614
2593
5959 5432
3612
3613
5554
3598 3598
2595 5434
2455 5218 1733 1348 5539 1500
2621
3615
4618 3008 230 230 5510 5074 4618
2562 1906
2614
3598
3615 3598
2614
3612 3598
2548 2555 3598 4967 3612
3598
3565
3613 3616 3598
2614 3598
1634 636 532 1634 1634 529
3621
2614
2156 2417 5071 2455 1355 230 1529 230 1419 637 596 1466 1355 2139 2679 4545 230 5143 230 1530 637 1529 596
2904 5510 2866 5056 2690 5143 3068 2416
2614
4765
3598
2614
230 1478 3793
1866
2593
1348
361 2614
1866
3598 2614
2593
3611
2614
5091 2158
2621 3612
2982 2256 3524 2256 2256 3068 3524 2982 3737 2256 5463 2256 3068
3612 3598
3612
3616 3618
5961 2621 2621 2593 3060
230 1962 5826 2455 5534
5033
3615 4530 1532 1570 4279 1530
3565
3612 2593
2507 3386 2851 2421 3401 1355 1963
1348
3621 3598
2614
2614
5219 4795
2614
1348 1348
3612
6032 6032 6032 6032 6032 6032
2614
2954 2083 2424 4269 1974
3611
3612 3622
3611
5555 1567 3068
2424 3403 230 2455
3611 3612
2614
1348 1348 1348 1348 1348
3616 3612
3591
3612
3618
1348 1348 1348
3611
3565
3612
637 231 1637 1635 594 524
1976 4858 3427 1746
3412 1348 1348 1348 1348
3611
3612 3598
4098
1901 2593
3598
3611
3598
1501
3598
3618
3598
1646 637 610 637 610 1532
2859 2040
3612
3612
1551 2281
3611
3611
3617
3587
3611
3598
3526 3068 2881 4857 5531
3885 3438 2927
4890
3598
3612
3403
3611
1217 1216 906 981
3611
2614
3612 3611
3611
4516
6034
2558
4320
4857
2621
3611
2614 3611
2614
3598
5143 5132
3565
3565
1901
6032
3586
3390 4988 5143
3598
2352
3183 5066 2614 230 1355 1992 1469 531 606
1524
1348 1348
3611
3598 3598
3598 3611
3611
3051 3621 2614
3611
1508
3612
1348
3598 3621 2614 3598
3611
3391 3067
1348 1348 1348
3611
2614
2614
2261
2593 3611
3611
2614
3621
4765
2593
3612 1866
3598
3612
3614
2666 2445 2477
1348 1348 1348
3621
2614
3598
2524 4578 3690 1355 1491 2071 2417
2614
3611
2593
2621
2560 3611
3565
4794 3598
3612
3970 5826
3611
2139 3882 5146
2200 1498
3172 2916
4883
3612
2614 3616 3620
3611
3598 2593
3613
2979
3598
3612
3611 3611
534
3587 3565 3617 3617 3617
3611
2621
605 1639 435
3612
3612
3598
3612
3612
3598
2205 2155
3598
2593 3598
3598
2952 2071 4795
3611 3611
3598
3598
3611 3587
1419 1530 1419
3612
3598 3598
5425 5814
5439
2603
2614
3598
2614
3612
2614
1543
1551 3390 1550
2594 2155 5826 4390 2621 1980
2614
1642 593 2614
2510 2064
3565
3612
3612
3612
3180 339 350 3182
1355 2439 2674 4858 4268 1508 3691 1740
3611
3617
2560
526
3612
2594
1466 1639 591 3598
2593 2593
2593
3598
3612
4862
3598
3612
3616 3611 3620
3611
1348
1334 1294 1301
3565
3613
3598
1902
3612
2621
2614
3598
1642 1642 1642 1642 1642 2357 1642 2577 4883 1923 2802 1642 1642 1923 4911 1642
3611
1901
2535
3598
626 2029 5146 534 2029 3106 3464 2534
3598
2966
2594
3598 2614
3612
3565 2614
6032 5055 5567 5074 1939 6032
3598
3598
3598 3611
1222 1222
3613
3598
3565
2621 3598
3587
2593
1652 532
3611 3611
4890
3598
3598 3611
2868
2884 2426 3402
4097
5836
3611 3612
3613 3616 3620
6048 1543 2528 1940 2528 1940 6048
2614 1348 3613
3598 3598 2595
3598
1521
3611
3611
1480 4793 3567
5053
3617
4759 2163 2455 2029 2232 2029 2455
1646 1646 1419 1419 1646
3598 3611
3565
3615
3621 3565
3598
3611
361
3621 2593
2593
1529 1466 230 1466
4867
3598
2534
5189 5186 5191 2955 2958
1348
3613
1530 610 1419
3615
2614
2594
3611
3612 3618
591 1642 435 532
3612
2614
3598
5557 5041 5772 4839
3612
3598
4883 230 4890 4890 230 230 378 4879
3612
2614
2614
3598
3567 2621
3611
3611
3612
3565
3615 2593
1348
3611 3068
3621
6004
6032 6034 4742
3612
3598
2593
3565
3611
2069 4787 5548
3598
1646
3591
3565
4186 2324 2325 2324 1543 3886
1348 1348
2593
2161 1550
1962 5055 2476 231 5539
2071 2969 4045
3611
3621
5826 526 524
378 915 1219 231 983 230 1992 2860 378 983 1219 231 1296 231 983 378 2860 1992 230 1962
3598
3612
3613
4097
3611 5919 2552 2559 2549 2570
2766 230
5098 5527
3598
2071
3612
3911
1413 3172 2857
3612
230 5825 5143 2240 230 3693 5825 5886 230 5143 230
1419 610 230
3612
3611
3612
3598 3611
2593 3565
3618 3616 3617 3598
2022 3274 3268
3565
3611 3586
2612 2611
3666
3611 3587
230 3888 378 231 3394
2674 3437 230 4633 1227 231 3402 4633 230 526 606 1530 1413 1025 5555 3434 2674 230 1207 2859 4620 230 1355 1227 1207
2593 2611
2614
916 916
2581 3598
2321 1355 5157 230 230 5157 5826 1355 2321 230 5826 5157 1355 5157 2321 5826
2621
5166 3180 4635 1962 636 1419 1634 531 599 2093 2474 2391 2065
3598 3615
2614
3611 3612
3611
2534 2614
5489 230 2851 230 1355 5143 1355 230 2851 230 5778 230 2455 5074 1355 3876
621 624 1050 364
3611
3612 2614
3598
1639
3854 4879 230 3891 5143 230 3428 2065 230 3892 5070 230 1607 230 3876 5508 3854 2481 5539 230 4132 3008 2495 230 3876 5143 230 230 1355 3891 2851 230 5143 2851 230 3008 3876 3876 6053 3854 6049 230
3598 3611
3598 3611
3067 2884 5932 4881 5146
3613
3756
3598
3117
3612
3617
3611
3598
1866 1607 4778
2561
3611 3598
3612
5855
5156 1637 2431 5146 1607 1639 2806 5098 5154 2320
3612
3611
3587
3565
2621
2614
4132 230 2070 3435 230 2902
3611 3611 3611
3611 3611
230 2455 1740 3428 5219 230 5143 3170 5555 4976 230 2322 2884 4879
3612 3611
3147 2593
2872
1419 5186
3612
3565
3612
3612
1348 1348 2919 1348 3634
2593
2577
2614
1491 3598
2593 2593 3612
3616 3611 2614
3617
1523 2065
1652 525 636 1637 2534 2960 2903 2416 2455
3611
4988
3616
6033 5419
3488 4070 2859 1550
2569
1606 230 1741 2071 2318 1740 230 1740 2859 3436
3611
3611
3612
3598 1535 4805 4875
2581
3365 2756 2756 3395 1355 3735 1355 3469 378 1227
3577
1348 1348
442 599
599 1413
3612 4740 5825 5219 2455
2593
3587
3611
2614
3612
1901
2614
3611
1901
3598 3565
3613
2614
3611
4052 3612 2569 2571 2573 2568 2593 2667 2571 3040 2569 4753 2569 3356 4756
3612
2614
2614
2065 5534
5966
3611
3612
5880
3612
3618
2593 3612
2872 2908 1739 2313
3612
3598
5426 5419 2065
1348 1348 1348 1348
3618 3598
2864 2324 5555
3611
3612
1348
3068
4052
3565 3565
5065 1565
3621
3565 3614
982 1296 378
5435
3611
3395 230 1768 1768 5055 230 2064 230 5055 1768 2884 230 3395 5055 1768
4070 2859 3434 5826
3613
3612
3621
3615
3612
2321
2070 2994 378 1530 1466
3612
1348 3598
2593 2614
3611
3611
3611
3389 2437 1623 230 4874
3612 3598
5959
3598 3611
3611
4202
1862
3615
5136 4793 2316 754 1496 5220 5136 5136 1496 5220 5464
3611
3590
2614
2614
3611
3612
1646 230 2139 1642 2391 2101 5157 5157 230 2391
3612
3611
3565
1523 4052
1348
2593
2568 1872
2614 3618 2593
1348 2958 2958 1348 1348 1348
230 2068 3176 1500
3598
3611 3611
3598
1348
3612 3598
2614
3621
1348
3598
2614
3611 3611
1348 1348 1348 1348 1348
4098
3598
3565
534 231 1025 610 1652 594 532 637 231 1025 594 534 230 637 594 637 608 606 6034 6035 230
3565
3615
3590
3620 3616 3616 5138 3620 1500 1978 3616 3616 3620
2614
608 1413 1530 524
3598
1348 1348 1348 1348
2614
2603 3598 2621
1348
2614
2593
3543 2595
3611
2071 5418
3598 3611
3612
3612
1348 1348 1348
3612
5927
3612
1348 1348
3617
5039 3157
3611
3612
1348 1348 1348
1348 1348 1348 1348 1348 1348 1348 1348 1348
2906 2758 1547
343 1514
3611
3611
3612
3611
3123 5826
3565
3565 6034
3565
3917
2318 4884
3565 3611
3611
6034 2416 1509 2162
3615
2534
1520 1508
6039
3612
3612
1486 1486 2864
637 1348
3565
3611
3612
3586
3565 3565
2022 3387
5501
2630 1348
3756 2272 4882 5219 3487
2535
1503
3613
4785
4282
4781
916 1219
2275 5038
2438 2436 1985
