2457
3612
3598
1492
3598
3598
3612
3611
1646 637 1419
2614
3587
3612
3598
2964 5146 2864 3392 2858 3886 2312 2964 6032 2779 2957 2859 2964 2964 2957 6032 2959 2957 5146 2779 2858 2487 2964 6032 2958 2957 1500 2964 6032 2957 3756
3611
4046 2593
3612
3612
3611
3617
3611 3612
3611 1493
5960 3611
3598
3612
3611 3598
2593 3612
3611
3611
2614
3598
2177 6081 4708
3621
1487
4097
3598
330 339 1190 1530 4052 2029 350
3612
3615
3621
3611 3598
2614
3611
4873
3612
3611
2156 2455 2049
3351
3615
3598
3566
3598
3566
3612
3612
3611
3598 3598 3598
3598
3615
3598
5161 2903
3598
3598
2614
3598
3612
979 633 1296 835 633 987 835 987 633
1355 2997 2139 4095 5028
3598
2593
378 909 984
3614
3611
3612
3615
5932 3395 1655 1655 1655 531 5932 5932 5932 1563 1655 3437
3598
3598
2616
4934
3598
3598
3611 3611
4986
6039 1506 526 531
3611
5917
3611
3612
2614
3611
3598 2482 5007 1534 3029 3029
3598
2614
3612
4794 2510 2509 5562
3611
4858 5040 6039
3611
2593
3613 2614
3598
2614
3598
3614
3615
2555 3598
3964 3687 2780 3007 2357 4660 1355 3010 2452 3394 3029 6032 2029
3614
3598
4134 3565
2670 2029 2396 3435 2309 2952
3598
3598
2595
2071 5826
3598
5157
3598
3598 3611
3612
3598
3612 2592
3560
3598
3565
2614
2598
3598
3611
3598
3612
3611
3598
1607
2484
2074 3410 3598 2075 4037 2997
3598
3612
4133 5778
3598
3598 3565
3612
3571 3615 3571
3611
1496
1192 1530 330 350 1639 1112 1152 350 1192 605 1530 330 1530 3598 330 1530 1192 350 1152 1112
2614
3611
3611
3598
3611
3598
3616
378 915 983 3598
5466 5220
3598
3612
3611
3598
3613
3598 3621
1496
3611
3598
2985
3616
3621
3598
3612
3598
3612
1355 3437 4976 2455 230 3009
3598
3598
2614
3598
3598
2923 2483 230 4119 2923
3615
1626
3611
1543
3598
4635 3710
3612
3598
3615
3612
4883 3598 4620 1497 2858 2393 1741 3587 3611
3615
2316 2864 2884 3391 2978 2863 5880 3427 3283 2032 5005
3612
230 2464 4986 1990
1639 1655 4633
3611
3612
3611
3612
3611
2603
3612
3611
3067 5146 3598
3598
2641 2416 2659
3598
1639 2416 4875 2864 1639 5055 531 5065 5932
6049 6052 2316
531 599 4858 1530 2068
3598
2578 3598 2028
2593
3617
3598 3598
3598
3598
3598
3598
3611
3598
3621
3598 3598
3598
3613
2393 4874
3612 3598
3611
2416
3618
3612 3598
3615
3612
4070
3598
3598 3598
3612
3622
3073
3612
3611
3621 5967 5962
1622 5220 5220 1622
3613
3612
