4016
4031
3254 2893 3426
1660 1734 2155
3176 3305 3298 3299 3300 3186 5798 3190 3092 4287 3186 3199 3426 3080 5798 5404 3189 5403 3186 3300 3197 2694 1793 6802 6758 6687 3189 6754 6687 5798 4181 3197 4294 2571 6758 3189 5798
4030
4016
4029
4030
4016
4016
424
4030
2861 2130 2861
4029
2849 2845
1695 1695
4016
4016
5045 4475 1507 5049
4029
4029
4030
4029
4029
4029
703 3434
4029
3991
4029
4029
3831 3831 1828 1579 3180
2883
4040 2509
4031
2085 2883 6548 2850 2851
3323 1752
1775 5501 2193 2248 6177
3577
4016 2884 4040
4030 2883
1345 1217
2904 4016
1754 5501
2883
4030 2883
5341
4016
4029
3358 5250 3122 4421 1507 4118 2623 4350 5177 3357 3381 3093 2270 6801 5843 1770 5716 3788 3358 2335 3450 1507 2623 3318 2270 5306 3357 5185 5250 5184 3093 5192 5843 4117 4421 2933 3082 2965
1729
4016
3199 2792
3978
4030
4029
4040
4030
4029
1742 1660 1819
4033
2906
2883
5617 3262 5184 3819 3829 3258 2575
4016
402
4030
4016
4016
4016
3038
4030
2494
4030
4029
4029
4040
2904
4016
4029
3181
590
4030
2884
1819 703
4029
4029
2904
4040
5620 260 6559 2227 1665
4029
3298 4191
4029
2846 4040
5501 3807 2572
5187
3891 593 3788 5635 6687
4030 2904
4029
2884
4016
1572 663 1805
1819
2794
4016 2269 2261 2313
4030
1656
4209
4030
2164 4118 5619 2175
5713
5708
4016
4031
2403
1694 1805 4016
4029
1793 5879 1793 4030 5503
2845
4003
6536
1501 2907
4180
1695 703 1695
4123 2589 260 2405
