2904 5820
4016
4016
5819
2904 5819 2482 2402
5819
5819
6801 2405 5820
2881 2883 5819
5820
1707 1652 1708
5820
5820 2904 4016 2484 2424
5819
6801 2736
5819
2904 5820
6199 3978 2472 5820
1498 5819
4029
2460 1664 5819 2313
5798 5820 5496 4016
5820
4016 5820
4030 5820 4029
5820 4029 2402 4016
2405
5404 5820 5879 5820 4030
5820
5820 2424 2484
3292 3305 4191 3298 6801 5819 3197 6563 3292 5814 5820 2586 3195 5417 6559 5814 3195 6803 6563 3292 4191 6810 6801 3298 3197 3305 3292 4191 2326 6801 3299 6801 3292 3298 4191 3190 3327 3077 6563 4078 3197 2750 6563 6137 2326 6801 6512 3606 2154 3292 4624 2326 3305 6803 2325 6801 3298 6801 3305 3298 2326 5798 5690 2750 6558 3190 6687 6570
5819
5820
4029
5819
5819 2405 5819
5819
5820
5819
5819
2441 4016 5478
5820 2736
5819
5403 2312 2812 5715
5819 4016
5820 2405 3978
5819
5819 5820
6199 2736
5820
2424 5819 2736
4016 5820
5819 5478 4016
5820
5820 4016
4016 5819
5819
5820
4016 5879 2405 4030
2441 5819 2405 2904
4016 5819
5819 4029
4005
5820
5820
2736 2904 5819 2402
5819 2736 6199 2893 5819
5820
2484 5820 5496
5819
6801 5819 4030
5819 2904
2904
5820 2402 2484
5819
5819 5879 2447
5820
5879 5404 5819
5820 5879 2312
5820
2904 4016 4030 5820
2472 2405
5820
5820 6178 5433 2716 5449 4030
5820
5820 4016
4040
4016 2904 5820
2578 1660 5819
2883 4016 4029 5820
5820 5820
5819 2716 2441
4016 5820
5819
5819
2402
594 666 692 495 674 5819
5819
1752 1716 1716
5819
5819
5819
2904 2736
4016 5820 2450 2471
4034 4035
5810 2447 2904
5495 1733 5339
5819
5819 2440 2405
2908
5820
2403 5496 5820
6801 5820
2904
2482 5820
5820
4030
3190 2736
2933 3093 2384
5820 1498
4029 5820
2736 5820 2713 4030
5819
5819
5819 2736 3196 3327 5492 2482 2696
5819 1840 671
5819 4016
5819 2736 3971 5502
5820 3197
4029 2425 4003 2403
4016 1498
2589 5820 2270 4016 6610
2904
5820
2447 5819 6196
5819 4005
5819
2402 2736
2904 4016 5820
1572 3254 2585 5819 1797 1937 3254 1572 3552 1797 3254 2185 3254 2579 3254 2593 3552 1507 2173
5819
5819 5819
5819
490
4282 2590 2746
5820
5819
5819
3978
5819
4016 5819
4029
5819 5820 4029
5820
2881 5820 4016 5502 2908
2405 2468 5819
4016
5819
5820
3362
5820
5819 4030 4016
5819 2850 2097
5820
2447 5819 4016 1714
5819
5819 4029 4016
5820
5819
4016 2904 5820
3254 1660 3195
3978
4029 5820
5819
5819
5820
5820
4016 5819
5819
4016
5820
5820
5819
6801 5820 2402
4030
5820
594 596 660
5478 3180 6822 5622 2699 2590 3072 6793 2384 3180 5478 3072 2590 5622 6793 3029 4557
5819
1507 3426 1642 3254 3805 1507 3262 3426 3196 5819 6727 1664 3298 2719
5820
5819
5819
5819 4016
5341 6196 5809 5819 3188 2313 6199
5819
2904 5819
650 5502 488 594
5820
5502 2736 5819 4016
4030 5819
5820
5820 3240 5697 3549 4557 2736
4030 5819
5820
5819
5820
5820
5819 2403 5879
5819
2402 5819
5820 4030
2715 5819 4016 2713 5820 4016
4029
2881 5820 2881 4030
2306 6196
5714 4180 2990 3276
2736
4016 2736
5819
4029
2904 4029
5819
5820
4003
5820
5820 5449
5819
5820 4033
5494 5820 1664
5820 2904 4029
5819 4016 2904
5819 1729
5819 4016
5820
4029
2881
6801 5404
5819
5819
5820
4016 5820
2881 5819
2589 5819
5820 2410 2403
2307 2472 5819
5819
4030
2736 5819 4030 5820 4016
3340 5478 3301 3188 5820 4016 4280 2181 5798 3258
5820
5819
4030 5819
5820
5820 2736 2904 6199
5819 4016
4029
5820
1498 5819
4029
5819
4029
3988 2545 2522 3262
5819
4030
5819 5496 2908
5820
4016
6801 5820 2484
5820
4016
5819
4016 5819
5819
3298 6821
5820
4029
6801 5819
5820
4030 5819
4016 3969 5819
5820
3978
4016
5820
1498
1625 5820 2880
4029
4029 5819
1572 1825 596 5819 2156 665 1812 702 1572 2156 1812 657 1272 1695 1325 389 368
2736 4016 2716
2736 2402 5820 1754 2881 1769 5820 2901 2903 1754 2269 2269 1754
2709 2713 5819 4016
5819
4030
4016 5820
5820 5404 2402
5819
5820
3427 1647 3196 5819
6801 5820 5820
4016
4029
5820
5819
4016 5820
4016 5820
4016 5820
5820
5819
5820
4029 4016
5819 671 450 498 4040 671 490 5820 490
2908
5819
5819
4029
5819 2441 2440
5819 4016 5494 2904 2405 4029
5819
5819 4352
5819
4016 5820 2736
6196 2484
490 497 6801 450 4041 5819 497 586 490 588 490 450 702 4016 3227 3227
5819
5494 5820 2706
2904 4029
5819 4016
5820
2736 5820
2904
5819
5819
4029 4029
4040 2440 5819 2405
2904 5820 4029
2424
2482 5820 2402
4016 5819 4016
5819
2736 5820
5819 2402 2472
5820
4030
5819 1660
5820
5820
5820
3195 3196
3864
4016 2904
5820
5819 4016
6801 5820
4030
4030
6199 6196
5819 2908
5819 4016 4016
4016 4040
2707 5819 5404
6199 5820 1714
5819
3978
5820
2881 5819 4016
6199 5494 5819 4016
4033
4016 5819
5820
5819 2904
6687 3327
5819 4016
5819
5819
2472 1498 2736
5819
5819
1714 1625
4016 5820
5819
4030 1667 5505 1626 703 676 1638 2908 3989
2716 5820 2719
5819 4016 1717 2440
5820 2908
4016 5819
5820 4016 2148 4016
5820
2904 5819
5820
5819
5819
5819
2904
4016 5819
5820
4016 5820 2269 1922 2261
5820
5820
5820 5820 4029 2904 4029
5820 4032
5404 2736 5819
5819 4030
3978
5794 3259 4557 5794
5819
2410 5820 2904 3188 2694
5820
5820 2736
5820
5879 5794 5819
2715 5819
5819 4180
5820
6801 2405
5819 2446 2402
2904 5819
1714
5820
5810 1729 3082 5819 1729 3082 5810 383 5810 1680 3605 596 384 6687 5810 1782 384 3605 1782 5810 3601 5810 596
1498
5820
2904 5820
5819
2904
2312 5820 3189
1498 2156
3978
2736 3327 6559 5798
3019
