1498
4029
1579 703 1640 380 6225
2084
1498 1498
2883 4041
1694 5511 591 692 2884 703 1694 5511 1579
4163 3254 2695 1936 2171 2189 2261
1498 1498 1498 1498 1498 1498
4030
1498 1498 1498
4029
1654 4331 3782 5819 1579 4016 2313
4029
1498 1498 1498 1498 1498 1498
4016
1498
2893
3226 6687 1733 2736
3978
2884
4029
2883 4029
1498 1498 1498
3782 3565 2270
1498 1498
3788
4030
6245 3431
6223
1498
1498
4031
3427
3978 2883
4029
3978
4016 5207 1971 1793 5842 2718
2313 3418
2125 4035
2850 2883 2857
2792 384 1782
1819 1579 703
2883
1133 1812 1695
1498 1498 1498 4053 1498
4030
2904
1714 5500 4112
1498 1498
4030
1133 672
4030
4030
4557 5176 6245 5218
1498
2893
4984 4016
1498 1498
4029
6809 6804 6809 3226 6804 3229 6809 6804
1498 1498 1498
3788 6173 6245 6194 3551 3426
4040
3982 4040 6186 5388 3982
1498 1498 1498
3830 3665
1660 6153 5176
3651
1729
2883
4030
1498 1498 1498 1498 1498 5878
2893 4016
4016
3978
4030
6797
1714
4041
1498
4029
2883
4003 4003 4003 4003 4003
4030
4030
2277 3648 5622 5343
4029
493 1812 1812 493
4029
4029
1498
5478 3795 2263 5181 3219 5478 5511 2310 6236
4007
3381
2884
4202
4005
495 659 671
593 671 1572
4030
4030
1815 2174 590 591 2269 5634
4030
4030
2883
2883
1935 3196 2167 1733
4030
1729 593 596 593 6138 596 6138
4029
3185
4030
4030
4029
2522 2713 5501 2736 3789 5477 1777
1498 1498 1498
3227 4118 3023 3226 5478 3784 3227 4118 3185 5478 3185 3229 3784 5478 3781 4557 3227 3185 3244 5478 495 593 665
3342 5713 2249 2194 6558 1819 2194 4016 3052 1819 2193
4029
4016 4041 2883
5358 4557 5356
1579 1819 1845 1579 1819
2883
4030
4298
6817
2904
4029
671 814 649
3978
1498 1498 1498 1498
1498 1498
1498 1498
2893
1819
2084 4989
4029
3229 5404
2883
4030
2575 3785 4298 6687 3556
5495 3427 3226 2841 3049 3748
5181 3605 4317 2164 3324 586 5714
4031
1498
669 594
1498 1498 1498 1498 1498 1498 1498 1498
2904
2883 2883
2883
1498
2883
4029
4030
4294 5798 4286
4029
2883
2530
3298
4030
3978
2125
2718 6802 2709
2883 2587
3626 2313 2388
1498 1498 1498 1498
1498
260 4317 2194 3532 260 4317 260 5617 3532 3556 3558 260 3532 260 3533 3559 3556 3558 260 3559 3532 3558 3533 260 3559
5698
3978
4030
2313 4783 3868
2883 2883
4041
4016 4030
4030
1579 2313
4029 3783 3549
2883
1498 1626
6222 260 1498 2736 6559
2790 1694 2790
1498
1498 1498 1498
4030
1498 1498 1498 1498
1498
703 261 1810 1807 660 586
1498 3806
2173 4114 3240 6687
6255 260
4030
5698 586 5698 2318
4030
1717 2538
4030 4029
2883 4030
5511
4029
2848
3989
4030
2904
4030 3985
672 1629 1810 593 1626 593 703 1626 672 1572 261
1498 1498 1498
4030
4029
1498 1498 1498 1498 1498
2883
1498
1498
2575 5666 5404 4116
4030
2454 2402
4016 3789 5478 2694
2904
3293 2313 5405
2790 2155 2193 3784 6218 2307
2427 2402 1819 2527 6107 2084 2884 2402 6559
3978 3556 378 389 3558
1729 2972 4118 4116 596 4116 3229
1805 1695 2904
3978
596 1729 5708
1498
2126
4016
2893
4030
3978
1812 3196 1812 3784
2883 4030
657 596 702 1812 1572 669
4040
1819 1819 1819
1498
4029
3971
4039
2893
4029
4035
3244 6801 6803 3244 3244 6803 6801
2884 3740 2883
6559 588 586
4029 4030
3307
2883
4029
1815
6682 2736 2736 1733
3978 2883
4040
1498 1825
5847 3931 3327 3196
1815 1810 260 703 261 665 1133 665 261 1815 1133 593 702 703 665 593
1498
1695
5819 1579 3339
4029
4030
4030 2904
2084 1778 5387
2084 6116
594
3978
2883 4030 596 702
2282 2306
6099
4016
588 1498 1498 1498 1498
495 665
4365 6589 4353
4030
4031
3015 5405 1579 703 1579 5698 5511 1579 3936 5698 591 1810 1579 5698 1792 4317 1579 2152 2152
6539
1246 3427
1498 1498 1579 1672 1498 1498
4030
4029
2904
675 261 703 675 261 1810
2904 4016 4030
4007
1695 1133 596 1825 3830 3189 260 3830 2568 3122 260 1819 260 2384 1815
1498 1498 1498
4029 4029 4029
1498
4029
1498
4030
4016
1498 5477 1498 1498 1498 1498
596 261 1133 676 1825 660 594 703 261
5692
6801
4039 4034 4034 5789 2209 4039 4034 4039 4034 4039 4034
2410 2372 5344
674 1572 1695 586
1498 1498 1498 1498
4092
4030
4030
2889
1498 1498 1498 1579 1498 1498
1498 1498
6801
2263 5842
3493 6559
3978
4036
2410 6805 5403 2884 6803 2694 1673 2409
6687 3229
4030
3244
6148
4033
2922 1498
