2313
5820
5819 4016
4031
5820
4030
1498 5819
4016
4029
5819
3292 3305 4191 3298 6801 5819 3197 6563 3292 5814 5820 2586 3195 5417 6559 5814 3195 6803 6563 3292 4191 6810 6801 3298 3197 3305 3292 4191 2326 6801 3299 6801 3292 3298 4191 3190 3327 3077 6563 4078 3197 2750 6563 6137 2326 6801 6512 3606 2154 3292 4624 2326 3305 6803 2325 6801 3298 6801 3305 3298 2326 5798 5690 2750 6558 3190 6687 6570
4016 5820 2908
5819 4029
5819
3189 6559 3817 3190
5820
4016 2904 5820
5819
4029 1656
5810 5819
2488 4032
3220 3260 6506 5495
5820
5819 4016
4030 2881
5819 4029
1673
2207 2801
4029
5819
1695 1579
3191 5820 5810 6212 4118 2772 2704
2904
5819
5820
5820 4016
4029
5820 5879 2312
2904
5819
5819
4030
5820
4003
5819
5819 4030
4040
4030
4029
5820
2587 2716 2185 1507 2184 2593 3189 3805 4117 6808
2402
2904
5819
3258 5819 3256 3181 3813
5819 4040
5820
4032
5819
3236
4030
4029
4029
5820 3197
5820
5819
6028 5820
5819 2695 1658 5820 596 1729 2736 596 2908 588 1733 588
5819
4030
5820
4789 4790
4029 4003
2908
3814 5820 3426 3551 3195 5877 4525 3799 4557
5819
5820
4029 4029 4029
5819
6746 1736 6758
5819 2850 2097
5820
1498 5820
2447 5819 4016 1714
4030
5819
5819
4016
1695 488 500 1572 657
5820
5819
2908
5820
5819
5820
594 596 660
5819 4016
5819
5819
5820 5177 2663 3093 2623 5843 3236 2270 3435 2669 1507 4421 5222 2578
5819 4016 2904
5819
5819 2904
4016 4030 4016
5820 1694 3190 1703 1694 3190 2311 5819
5819
5820 4030 4016
4029
4016
2857
5819
5820
5819 4016
4029
2904
4031
1782
5819
5820
5819
5819
3459 3552 5214 5819 3426 2185 3796 2704 4784
2589 5819
2307 2472 5819
5819 4016
4030
4029
2402 1498 2313
6113 6628
1819 6255
4016
5503 3082 1639 2402 2409 2794 3190 4016 2572 5250 2589 3192 1507
4029
1498
5820 594
2904 5820
4029
3256 2313 4016
5819
3427 1647 3196 5819
5819
4016 5820
2904 2908
5820
4029 5819
4030 5819
5819 2904
4029
2704 2277 2403 3664 5879 6504 1507 1660
4016 5820 2736
4016
5819
2883 4040
5819
5820
4016 5819
5819
3293
4030
5820
4036
4029
3195 3196
4016 2904
2904 5819
5819
6199 5798 5820
5819
6199 6196
5819 2908
2917
5819
6199 5820 1714
5820
4016
6199 5494 5819 4016
5820
6687 3327
5819 4016
4116 5819 2247 5622 3236 3196 5622
5819
2908 4032
2695 5820 5708 1812 590 3427 2904 6153
4029 5820
6153 2589 5819
3259 3788 2578 5511 5478
4030
5819
2881 2840 2837
2136
2130
5819
2904
4016 5820 2269 1922 2261
3628 3821 5877 5174 5820 2589
2904 5820
5794 3259 4557 5794
5671 3331 5820 6806 6808 6808 6801 4286 3331 6500 5877 2840 3331 2579 4286 4337 5820 5819 5818
2908 5819 4016
1752 1695 1660 5820
4040
4029
5820 4029
5820
3746 3434 4873 2861 2846
4040
4029
1729 3082 5810 5819 5810 1729 3082 383 5810 1680 3605 596 5810 1782 384 6687 1782 5810 384 3605 596 3601 5810
5819
4029
588 3426
4007 4003
4029 4016
2312 5820 3189
671 1812 491
1579 703 703 1579
6512 5348
1498 2156
6532
4029
4790
1507 3339 5495
2587 5481 5538
3019
