3612
3622
3552
1224 2593 378 1222
3598
3611 3598
2614
2594
5534
3399 3378 2064 5519 4484
1646 637 1419 3612 1978 4805 4793
3612
4434
3587
3612 3611
6032 2958 2957 1500 2964 6032 2957 3756 1543 5539 2424 2858 1500 1576 2779 2312 2859 2317 4876 2959 2858 5543 5146 2964 2957 2964 6032 2312 2964 2957 6032 6034 2957 2958 6048 2856 2957 2964 6032 5001 2866 2864 2574 2467 1492 2959 2660 2957 2964 2416 2957 3756 2957 2958 2779 2855
2593 3598
2593
2614
2614
3611
3611
3171 5055 2863 3389 3399
3621
2555 2548
3611
3612
4097
3614
2594
3612
2617
2573 2548
3565
3611
3611
3556 2584
3565
1237 378 765
3571 2594
3611
3612
610 1419 1530
1488
2603 3612
3598
1216 984 633 4435 3612 1866
1540 1954 4130 3598 3598
3391 4876 5025 2265 4633 5501 2317 2452 1355 3391 5025 5825 2927 2064 3173 3855 4633 3394 2317 2418 1742 1741 2865 4858 5501 2273 5070
1929
1543
3621 3621
584 402 435
2573
2594 3611 3616
5431 3621
3611
3611
2614
3612
3611
2156 2455 2049
3598 3612
3566
3611
3611
3612
2614
3612
3598
2614
3615
3598
3613
3612
3598
835 987 633
3612
378 909 984
2616
3614
3611
1516
2614
1655 3437 2416 1655 3437 3437 531 3437 1655 1655 1872 1920
1639 524 528
3611
2593 3612
340 1476
2617
2614
3611
5519 2070 5521 2234
3615
2593
6039 1506 526 531 526 608 6039 2180 1506
3601 3601
3598 3598
3598
2617
3029
3612
3561
2614 3611
3611
3611
3612
2567 4894
3612
3611
3611
3611
2593
2593
3611
2614 1568
2594 3612
3621
3611
1516 1606 1509
3598 1872 2549
3598 3612 3598
3612
3613
3611
378 982 914 840
3615
2555 3598
3611
3614
912 984
3612
3598
2616
2595
2071 5826
2070 5423 3621
3612
2594
3611
3598 3612
2614
2189
2115 5972
3612
3611
3612
3611
3611
2614
3611
3612
3612 1872
3612
4738
2074 3410 3598 2075 4037 2997 2860 3303 4633 2997 4630
3598
2614
3598
2020 5826
2560
2594 3611
3612
2559 2555
361
3598
3598 2439 1355 1921 4895 2029 1481 1511 2394 1480
3611
3613
3598 330 1530 1192 350 1152 1112 350 1530 437 605 534 1152 605 402 1192 330
3611
3559 3577 2548 2597 3146
2070
1866 2604
2614
3612
2593
3612
3611
3612
3616 3590
3611
2560
2593
3614 3598
3598
3612
3612
3612
3598
3615 3598 3598
3611
4003
3611
2455
3611
3598
2594
3590
3598
3598
3598
3612
3009 1355 3437 4976 2455 230 3389 2020 2416 230 5068 1576 3389 5143 230 3473 1355
2426 3387 2614
4881
3598
3598
3612
230 2324 2923
3615
3598
3612
350 1664 330 1192 1530 350 1183 1158 1112
2548 2555 3612 3598 3598
3611 3611
3615
1741 1497 3611 3587
2316 2864 2884 3391 2978 2863 5880 3427 3283 2032 5005 2139 2412
3577
3598 3598
2514
3611
595 435 535 435 605
4875
1639 1655 4633
3611
4793
2177
3611 2617
1872 2555
2177
3598
2617
2047
3611
2071
3611
3598
3611
3425 5068 2659 2641 534 5068
1866
2547 2593
534 5065 528 531
3611
3612
1926
3598
3612
1530 2068 531 599 4858
3598 3598 3598
3613
3201
3612
912 845
2957
3612
3612
2614
3598
3612
3611
3611
4194
3601
2071 3598
3587
2150
3612
3612
3613
3598
3612 3598
4858 2070
3611
3598
3621
3598
2574 3329 2573 2551
2614 3598
3598
3612
3565
3612
3612 2563 1866
4583 5008 3598 4071
2465 1355 2650 5826
3611
2617
3611
5157 1111 350 1563 5157 1532 637
1940
2593 1622 5220 5220 1622
3612
3613
2594
3590
2858
