3598
3565
3591 3591
3612
1413 1530 605 525
3565
3097 1500 2317 3177
2417 2110 1492 2156 3183 2110 2139
2593
3612
3598
2593
3589
3611
2591 3565
3598
3611
2614
3615
3611
3612
911
2954 1637 5143
1484 1929 2074 2075
2593
532 598 437 532 5058 599 626
528 4890 605 626 535 2065
3598
1496 1548
599 532 437
3598 3598
3598
3612
3598
2593
3384
2614
3598
3615
2614
5066 3598 2865 3467
3611
3598
1601 5495
3612 3612 3598
2591
2614
3598
3611
5460 1655 437 2330
2614
3611
3621 3565 4046
3598
3612 3612 3612
3612 3615
3613
3612
3598 3611
3612
3615
3598 2614
3565
3614
2071
2593 3612
3612
3611
3598 2614
1944 2463 2068 3388
3612
2594
3612
3598
3391 1956 2416 2314
3371 3970
3611
2614
5932 3067 2482 2865 1947
3598
3590
3613 3601
5554
1646 1646 3611 3611
3612 3612
3611
3612
3611
5025 5056 2858
3612
2614
3615
2070 3870
3565
3390 4882 2064
3598 2614 3598
3598 3598 3612
2593
1601 2594
3611
3598
2592 1505 2158 3611 3612
4882 1590 1590
3611
3612
2527 2464 2071
5493
3598
3611
3591
2603 3613
3612
2594
2139 2518 3464 2064
3612
3612
3611
3612
1046 1078
3612 3612
4623 3395 3270 5027
2070
1355 4873 2489 5932 2064 2868 1500 4881
3611
4794
3611
3388 2891 5220
982 4918 911 1216
3394
3612
3612
3598
3565 2593
3621
3612
2591 3617
3612
5510 1500 3391 5146
3612
3565
2455 2861
3754 4983
3612
3598 3598
3611 3611
3611
3617
1529
1607 2232 2177
3612
1413 526 605
1945 3402 1551 5025 2484 2074 5027
3611 3598
4857 1940 6032 5146
3612
1497
3611 3611
3010
4490 5028 3068 2517 3388 5066 5146
2614
2614
3565
3611
3612
3612
3613
3598 3598
3598
3615
3611 3611
3598
1862
3611
3611
3612
5189 3090 3067 4623
2398 2261
2561 2560 2593
2593
2614
2614 3598
2614
3615
3598
3598
3613
3612
3384
3598
3611
3616
2076 3269 1568
3598
3611
3611
3612
3565 2593
3612
3612
2614 2076
3613 3611
4498 3802
3612
3591 3591
3611
3598
2614
3598 3612
1862
3612
3612
3598 2614 3598
3612
3565
3612
3612
3465 1655 2489 5555 435 1466 5056 3598 2325
3612
3394
3621
3614
2598
3622
3612
3612
3621
2614
3565
3613
2509
3612
3598 2593
3615
4879
3598 4071
3611
2482
915 983
534 437 532 1413
3612 2555 2555
3598
3598
3612
2591 3615
2614 3598
535 1469 1652
3611
3068
3611 3611
1610
2614
2614
2612
3612
3598
3565
2662 2952
3565
1533 2916 4766 526 5071
2614
4890
3590
3611
3621
3591
3611
2418 3694 2510 2894
3598 2614
3612
3611
3611
1932 5510
3612
3598
3598 3611
2614
2614
2614
3612
2614
3611
3612
3598
3067
3423 3445
4875 4717
3612
3591
2548 3590
3622
3615
3184 4988 2916
1092
3612
3598
3612
3598
3612
3391 6040 6035 2416 5068 5826
2548
3611
3598
3612
3353
1989 2916 2071 1355 2488
3614
5995 1111
3598
3598
3061
3598
2614
3621 531 535 2919
3251 2438 4661 1355 3280 3252 2858 1355 3252 3251 2438
3612
2780 1991 2952 1355 2071 2309
3612
2614
2603
3598
3565 3598
3611
3612
3577
3565
1639 605 4882 3435 636 4988
3612
3598
3765 2416 1944 4155
3611
2573
3612
2614
2593
2614
3598
1542
3565
2593
2593
3612
2313 2431 2455 740
2483 3272
2614
3598 5536 1586 1542 1587 3335
3390 3180 2313 4095
2679 2865 2163 2344 1960 1935 1548
3612
3621
2614 3598
1500 1902 3139
3612
1606
3612
3615 3598 3598
3612
2071 2894 3442 3269 2979
2614 3611
3611
3565
2614
3565
3612
3611
3611
3611
2614
4251
2614
2068 2004
3615
2979
3612
3067 435 1494 5065
3612
2488 3027 5484 347 4872 3390 2431 3027 347
3615
2596
3598
3598
3591
3564
3598
3612
2270
3598
3587 3587 3587
3621
3618
2614
3598 3611 3587
2351
3611
2614
3612
3612
3616 3617
3621
3612
3565
3621
1888 3565
1493
3598
3614
3615
3611
3615
2614
2892
3598
2614
1646 2464 2064
2548 2547
3598
3565 3390 2431 4629
5430 2594
3591
3612 3612
2603
2614 3598 3598 3598
739 1646 2593
2614
4057
2593
3612
2614
2593
2614
3612 3612 3612
3403 2978 1768 2416 3067
3611
2593
3073 3598 2511
5419 5413
2560 5439 4785 5439 4778 2614 3611
3598
3622
3611 3611
4858 1944 1535 3394 3175 1355 1535 1960 3395 3175 2455 1355
3612
1550
3612
3612
2139 2483 3988 2440 3041 5073
3598 3612
2614
3613 3598
1419 2560
3612
3611
5143 5434 1862
3616
3611
3598
3598
3612
3612
2614
3611
3611
1082 378
4883 4879
3598 3598 3598
3611
5038
3611
3598 4037
230 2193 2234 4881
3598
3617 3617 3616
2614 3598
3598 3598 3612 3598 3598
3612
3612
3598 3612
3611
3612 3598
5836 4363 2614
3598 3598
1493
2614 532
3598
3615
3598
4858 605 442 532 637 637 442 535 599 2070 2070 442 599 532 637 532 603 442 1548
3598
1533
2555
3598
3171 3096 4883 3395
3611
3611
3612
1862
3611
3598 3612 3612
3598
3598
2864 2865 5932
3612
3611
2616 3614
3598 3612
3621
2614
5431
3586 2603
2614
378
3621
725
2614
1356 1211 4578 5055 2234 3224 2265 2507 4577 3222
3612
2614
1612
3612
1530 1192 532 1153
3612
2555 1872
3615 4784
3611 2593
3611
4869
3612
2513
3598 3612
3611
3765 2509 4583 3872 2424
2614
3611
3611
2593 5959 1866
2591
2064 3612
4046 3612
2614 3612
2614
531 1530 605 1413
2614
2114 2114 2114 2114 2114
3612
1207 231
2594 3598 2596 3554
3611
3612
3395 1492 5780 3875 2070 5001
2603 3598 3612 2561 2611
3612
2614
3591
3611
2316 2418 3395 4743
4874 2071 2906 3223 3598
3612
2603
3617 3612
3617
3612 3598
3613
3612
1222
3612
3612
3611
3612
3598
3598
3612
2614
2614 4519
3612
3598
3598
3068
3611
3565
3612
3612
3612
2593 2611 3612 4046
3598
1337 2189 2190 2168
2614
3598
3613
2978 2424 5143
3565
3611
3611
2916 3391 438 532
6032
2560 1092
3591
2070 1529
3612
1646 2476 2012 2744
3598 2070 2594 2866 1944 2866 1944 2614 2070
3611
3615
2614
5501 3398 3390 1355 5001 4873 4071 2885 5519 3283 1533 3487
3612
2614
330 1644 350 1150 1192 1183 1147 1530 1530 1529 1939
3612
526
3611
3615 3615
536
3598
3598
3617
1903
3616 3590
3601
6032
2614
2614 3577
3565
3612
6004 5434
3606
3598 3612
2614
3598
2592
1413
3612
3598
3612
3611
3612
3614
3598
2594 3556
3611
3613
2614
2912 2863
3598
2593 3621
4052
3615
2417 2071 1496 1626
2614
3612 1493
2614
3598
2614
3611
2865
3611
3598
2614
1466 1529
3611
2592 3611 3611
4881 2511
3598
1496 4873
3579 3598
3598
633 2593 1226 1207
2885 2859 2858 2892 5510
3612
446 1646 1027 584
3612
2115
2591
2614
3613
2614
1655
3612 2591
3598
2907 2866
3598
3613
3598
3598 3612 3598 3598
2596 3565
605 1637 1634
5070 2071 1954
3067
3615
2603 3598
5055 5040 5510 3390 3692
3459 4873 2857 6032 4070 3420
3612
5932 3067 5826 5146 2235 5932 2614 5001
3612
2180
2581
3611
3618
1516 1524
2594
378 231 1210 1222 231
3612
6039 1500
2614
3612
3612
3621
2614
1612
3598 3598 3598
2593
2614
3598 3612 2593
2712
5416 6033
3598 3591
3613
2559 6025 2855 2760 2765 5507 4070 2020 4988 2616 4858 6053
3612
1355 4858 2024 2885 2424
3598
3598
3611 3612 3598 3612 3611
2416 2865
3611
3612
5825 909
3067 3411 2753 2764 3067
3611
3565
2591 3560
3612
2593
3598
2593
3565 4598 2007
3614
435 535 603
3612
3611
2558
5504
6103 2614
5455 5218
3598
4985 1568 3765 3399 4986 4765
3598 3598
3565
3598
4875
3611
3612 2593
3598 2614
3565
3611
3899 2596
2271 2065 2007
2614
3598
3598
2455 2077 3437 3261 5186 3269 2884 3436
3612
3612
2616
2510 2272 3598 1601 1603
2591
3598 3612
3612 3571
3612
5420 3598 5426 2356 2004
3598
2593
1494 603 446 605 1530 526 435 1506 603
2614 3611
3598
3611
3611
5483 2910 3073 3387 3466 2916 5484
3611
3617
3618 2614 3598
3622
3598 3611
2614
3598
3612
3598
3565
1226 2593
2614
2614
3611
3613
3613
3611
3611
2614
3598 3598 3598 2614
3611
3598 2614
1862 3612
2558 3340 3621 4046 2552 2593
1862 3621
2076
3056
3615
2555
3611
3612
2916
3613 2316 3613
3612
3611
3613
3614
5220 5157 3522 2891 2911 5157 5000 5220
1497 2029 1530
3621
2614
2859 230 2065 230 4490 1355
2614
3612
3598
3621
3612 3598 3612 3612
3611
3611
3618
3842 3839 5146 2429 3834 2713 4805
3611
3598 3611 3201 2560
3612
3598
3615
3612
3591
3598
526 3565 532 535 2591
3565
3615
3612
3250 1944 1550
3611
3613
2555 1872
3612
3613
2614
2614
1530 1497 2068 2071
5518 5220 2323 5510
3611
2614
3611
3612
2065 5825 1355 3074 2856 3465 2952 2927 1991 3469 2780 2927
3611
2423 5826 2417 2904
3598
3598 3612
3598
3741
4880
3611
2614
3598
3413 4593 5027 2858
2603
2614
3598
2571 5809 2530
2614
230 2481 1621 5825
1419 637
3598 2614
2591
3615 3357
3611
3612
3612
3613
3598 3598
3611
3611 2571
3611
4625 1646
3612
2548 2591
3611
3615 2593 2603
3565
3598
3611
2617
2614 3370
2591
3598 3598 1911 2548 3612
2614
3598
3558
3616 3598 3615
2627
2593 3598
2109
3612
3611
5057 5057 2071
3613
3621
3565
3611
3598
3611 3612
2868 5027 3082 2691
3598 3612
1575 3350
2598
3598
2590 3611
4872 4821 2691
3611
3598
3611
3611
3616 3620
3612
3612
4881 1500 4873
3598 2614
3612
4794 6033 5510
3598 3612
3598
3598
3611
1567
3611
3612
3565
3598 3598
3615
3598 3598 3598 3598
3611
4880 4793
3598 2614
230 2314 5932 3391 5068
3598 3617
6032 230 1920 2864 1655 1530 1466 231
984 231 916 378 632
3612
2614 3622
1872
2593
1741 230 1492 1355 1543 2071
1355 2071 2455 2455 2071 230
3611
3612
3611
3612
3621
3268 3182 5488
2591
2614
1222
2858 3388 2326
2601
3565
3618 3618 3617 3617
2979 1466
3598
3598
230 3395 1960 2023
3612
3612
3565
3598
3598 3598 3612 2614
3565
1954 1952 1956 1952 230
1646 2024 5418 4861 3612
2614
3598 2603 3565
3612 3612
3612
2593
2601
2071
2614 3598
3612
3614
2614
3612
378 1023 766 626 531
1331 1294
3612
835 916 231 1227 1224 2040 6053 6049 1500 1930 230
3612
3611
3611
1642 1637 584
3435 3394 1985 1355 3436
3598
3621
3612
3589 3589
3598
2455
2046 3222 3598 3399 3067 4882 1355
3614
2614
3598 3612
2614 3612
3611 3611 2614
378 3598 983 1216 983
3939
3598
3612
5510 1606 3390
3617 3598
3598 3612
3612 3598
2028
2614
4070 3068
3618
3620
2982
3613
3612
3611
2593 2612 3622
3611 2593 3612
3612
984
1530 1419
3598
3622
1992 230 5793 2069 4604 3487
3598 4878 1520 2982 2592
2614
3598
1413 524 608
3598 3598 3598
2579 2606
230 3734 3182 5056
3612 3611
3612
1583 1585
2614
3612
2603
3067 5927 1355 2507 4742 5505 2265
2591
2549
3612
2555 1872 2567
2517
3621
3591
3611
3611
3611
3367 2488 2927 1355 2070
3598
3614 3612
3598
3565
2603
5146 5220 5220 5146 5146 5470
3598
1512 4877 4878
230 4132 5507 2691
1992 230
3611
3598
3612
2614
3621
3611
3556 2593 3598
3615
3612 3598
3598
2076
3615
3598
5157 2481
3587
3611
3611 3611
3611 2614
3615
5558 2482
230 4978 4976
341 1502
3611
2614
3614
3598
1494 437 605 1192 1158 1494 402 605 437 402 1494 1634
3598 3612
3621
3598
2614
2614
3612
3618
3404 3883
3611
2418 4881
2593
3611
2024 5040
1639 1634 591
2603
3611
1355 3468 3399 2065 3400 4890
3068 1480 230 3794 3793 5027
3611
526 599 636
3611 3598
3621
3587
3612
3620
3621
3598
2593
3612
1903 1601 2158 3598 1601 2155
3612 3598
2593 3598
3611
3598
2594 3598
3796 230
2133
5431
3612
1218 988
2864 2904
1465 5534 5425
3434 3402 2418 2318 1529 1419 526 1637 1962 3172 3534 1419 392 1530 1529
3775 230 2614 3777 230
2855 2851 2032 2330 1403 610 3598 739
3598
3612
607 636 535
2614
3565
3598
3598
2603
3612
2614
2071 3934 3427 2426 3790 2555 2440
3598 3598
3598
3565
2614 3612
3617
3611
2455
2561
3612 3612
3611
912 5974 983 378 3068 906 837
2857 2662 2489 4872 2614 2482 4986 2065 3283 3442 3365
3618
378 3067
2069 4624 4070 2391 2885
3546
3598
5098 3278 230 2273 230 2274 230 3692 1615
4070 2455 230 2431
3394 2891
3613
2593
3611
2614
2560
3611
3598
2614
3565
1930 6048 2868 2483 3176 2894 1740 3177 5056 230 2317 2391 5531 3988 1615 6048 6053 230 2139 5058 5056 230
2848 2806 5000 230
3612
4791 4876 1102 4522 1207 378
3611 3611
2614 3598
3621
1413 2850 1518 5826
1501 2234 1543 230 2325
4046 2593 4203 3621 3335
3621 3598
2614
2614
230 2316 3173 4890 2288 4882 230 5456
2614
2029
4876 4890 230 230 4890 4869 2614
3613 3611
3598
2595
3615
2592
1548 3413
3611
5059 5146 524
3611
3598
5440 1496
3612
3611
2614
5220 2314
3620
2614
3611
3601
2603 3565
610 1646 1466
3614
3612 2548
912 378 837
3598 3598
3613
5964
3598
3612
3611
2455 3390
3611
5526 3382 1989
2571 1872
3611
3565
3611
3612
2603
3611
3612
3611
3598 3612
3617
3617 3612
3612
3621
3598
230 2507 2920 3067 1742
2614 1902
2560
835 916 378 983
3612
6034
1962 2065 1962 2065
5034 2029 5161 3459 2421 5145
3618
3201 3571
3612
3612
3598
2071 5466
2555 1872
3616 2870
3586 3586
1500
626 534 583 529 1635
3612
2614
3611 2591
3613
3611 3612
3612
3587
3612
3243 5066 3269 4874 1930 5066 3247 4874 4635 1962 5066 3269 3437 1930 3242 3269 1355 3262 3269
5917 5916 3612
3598
1493 3565 1493 3612
3615
1505
3611
2593
3565
4070 5024
3622
3598
5794
3612
1355 3970 230 1607 6034 2064 2314 1607
2593
2593
3157 230 230 3157 3158 230 3157 3157 230 3157 230 1466 447 1469 1419 1655 2490 230 2316 230 2323 1355 2331 230
5932
1576 1927 4879
3598
3621
3612 3598 4046
3611
3598
3612
3611
3614
3598
3565
3621
3621 2593
3565 3612
3598
3612
3612
3612
3615
4798 5814
2431 4045 5146
3403 1962 3068
2594
2560 2558
5826 230 2952 2851 2865
3612 3544 4873 1637
3612 3601
4785 2672 2656 4785 1965 2777 2592
3611
6035
3565 3565
1921
3577
3598
3613 5778
2559
378 378 231 1207
2614
3598
3591
4785 1926
2273 2426 3173 2064 3297 1355 4592 3794 4490
3611
3614
2614
6049
2314 4839 230 2455
3598
3601
3598
3598
3611
3613 3620 3616
2614
3598 2069 2426 5071 1742 5073 4633 1741 5932 2325 2426 3693 5569 5932 3694 6048 3394
3612
2163 2236
3612 3612
2616
2162
2614
3565 1494 532
3598
3612
3612
3611
3611 3598
3612
2614
2614 3612
1862
3201
3598
3598 1550 4635
3612
3615
3598
3598 3598
3083 2509 2916 3082 4585
5814 3201
5431 2969 5395
3621
2548
2510 3970 230 1501
6088 3612 1500
3611
1219 378
4858 357 4036 2309 3068
5559 5482
3620 3611
3616 3617
3598
3598 5058 2868 2679 2318 3173 6032 2894 2314 2561 1355 2271
3621
1493 3590
1496 1496
3612 3598
3621
3565
3598
3598
1466 1530
2548
4433
1567 1862
3611
3427 5143 5825 5071
2074 2075 5057 2465 2288 3394
3598 3598
1530 439 603 526
3611
3598
2029 6020 2464 4661 3612 534 739 531
3598
3621
4811 352
2964
6032 1419 637 637 3170 1419 6032
3598
3598 2614
3598
3598
2614
3598
3621
2614
3201 3598 3598 5538
3565 2614 2117
2064 4890 1927
3612
4985 4622
3587
2958
3611
3598 3612
3598
3612
3390 2416 1956 5826
3611 3612
3598
3616
3611
3598
1543
6048 2316
2614
2068 2894
4071 1355 4278 3410 2065 4577 3407
3598
1551 3621
3612
3598 3612
3598
2614
2431 2437 2070 2024 6032 1930 378 5157 5146 3487 2437 4740 6034 2064 6032 4577 1496
3598
3612
3612
3589
2593
3598
3615
3611
3598
2614
5510 5220 2713 4618
3611
378
3598
4046
378 231 911 988
2548 1872 2591 3598
3598
3611
2969 4045 230 2969 4045 3180 2969 2997 230 3873 5143 4045 5143 4837 230 4045 230 2860 5825 5143 2317 5143 4045 2614 230 2317 2526 1962 2323
2590 3611
5058 1995 6035 2440 6035 4882 2440 6035 4883 6035 2024 4883
4857 1637
3598
3598
4872 2065
2321 5460
3622
3612
2614
3598
2603 3598
3621
230 5531
3611
2068 5218 4794
3611
3611 3611
2614
3612
3598
2440 4890 230 5219
3598
2614 3612
2614
3565
2513
5967
3611
3559
2614
3612 535 584 1666 1639
2614
3612
2614
3565
2593
4874 4858
3598
4890
3612
3598
3612
3029
3598
2614
5815 6004
6034 5526 2908 6034 3612 2908
3611
3611
3613 3612
2178
912 4988 2482 231 913 1219 230 378
2614
3617
3565 3565
3612
2614
2593 3621
2593
3612 2366
3612
3613
3612
3612
3612
3598
4872 2865 2864
3598 3612 3565
3393 230 2927 231 910 983 838 378 1296 910 910 983 378 231 378 1216 3393 230 3402
378
3598 3611
5067 5552 230 5418 5510 5067 230 5510 3870
3612
3612
3611
3598
3598
1516
3612
3554
3612
3693 2512 5042 2193 2434 2068
231 912 231 5555 230 5143 5505 2614 230 4884 5143 5555
4196
3598
2614
3612
2858 2574
3598 3598
2614
3880
1548 4857
230 1990 2851 2357 2919 1992 2357 1355 1954 5794 1955 230 2919 2476 231
230 4605 5181 3876 4978 2421
3612
3598
3612
2593
3612 3598
3611
2612 2560
3611
2614
5439 3201
1666 534 605
3598
3598
3068 1529 1976 6031 4986 2859 1975
1530
4635 1355 3269 3262 3181 5055 1962 1355 1355 1962 3873 3243 3269 4635 1355 3437 5071 3269 3247 1962 2614 3180 1355
3614
5148
2614
3611
3611
2593
3068
2904 2455 2904 4591 1492 2885 2418 2455 4875
2483 2868 4633 2071 1355
1872 2559
3598
6053 5157 1355 6053 1355 2321
2957
3048
2614
3962 3242 3435 2997 3252 1355 3182
3612
3265 2464 6034
2455 3068
2593
2593
2561
2325 2331
2272
1612 912
2857
3612
1355 3433 3433 230 3090 1975 1355 230 3389 230 2438 2047 2439 2046 5143 2036 3224 3222 230
4976 5071 230 4620 6032 4620 230 2481 230 5929 1742 230 4620 2455 6032
3565
2616
2596
2614
633 1217 835
3611
5157
2614
6053 230 3090 6049 3433 230 5143 2331 5880 3158 230 230 2640 5143 1962 230 1930 2219 4132 2437 230 3433 230 1927 637 1655 1419 1469 230 2344 2691 3224
3612
2524 3407 5992 1954 5932 2455 3222 2273 3390
3598
3621 3621
3621
3613
2574 2548 5554 1872 2555 1489 6032 2573
3612
2555 1872
3613
4986 3407 1538 2919
3612
609 2439 535 1413
2614
3598 2614
3611
2614 2593
3577
3612 3612
3598
2560 1023 378
1222 378
3565 3612
1502 341
3614
1576 2455 1496 230 4857
3558 2593
3614 2614 3598
3612
2593
6032 4794
3611
1419 394 637 1419 626 5880 230 2139 5489 2140 2141 2455 2884 230 230 2141 2140 1742 5880
1932 5830 5831 1355 230 3854 230 3434 6048 4794 6034 4009 230 5831 1355
3611
1585 3612 2070
3612
1611 3029
5071 3157 230
3395 5186 3067 1355 5187 2488
3349 1872 2547 1520 2548
2317
3611
3613
3612
4795 1211 1211
3612
3565 3565
2614
2318
3559
402 438
3598
2593
230 2426 3829 230 1939 1590
3170 2395 230 1930 5007 1355 5143 2323 230 230 1932 2316 1355 1740 2651 5413 1740 230 3067 1932 5778 1921 230 2417 6049
3612
1520 5145
2557 2547
1768 5066 2431
5558 230 4740 5218 6035 230 5558 6035 230 1576 4622 230 6035 230 1935 5038 1576
2616
3611 3611
3185 3242 1355 2396 230 2801 230 2518 2802 2683 3436 1413 2321 531 3437 3242
2593
3565
3612
2851 2442 6048 230
2593
1419 1530 3068 1530
230 3387 3068 2859
3612
2367 2368 3612 3612
1867
2593 3565
3393 2884
3612
2865 3222 2455 230
3615
2892 5143 230 3443
3053 3567 3053 3612 3053 1482
230 2891 3443
3613
3171 4884 3888 3394
3612
3624
3622
3612
3621 3621
3612
3611 3612
