4016
702 1819 1655
4030
4030
3460 1664 2578 3553
3783 2694 6559 2184
4030 2881
4005
3240
4029
4016
5711 6687 3784 2736
1011
3295 1810 5794 2812 5794 5810 5794
4016
590 2307 597 692 669 590 5511 2307
2904
4030
3978
5711 6687 2736 3783
3776
2881 4029
2904
4029
3254 2181 5205 1695 2311
594
2904
2933 3194 5166 2759 6559 5215
4030
3260 5222 2231 3553 3758
5732
2736
4030
5810 3796
2904
4029
3978 4526 4040 4526 2091
6178 2472
4016
4030
2881
4033
2695 3055 3030
4029
2736 5711 6687 3783
2904
4030
5456 2261
4032
2904
5496 1707 6093
2904
2313 2313
4030
4040
1656
6701 2904
4033
1667 381
4030
3785 2185 2694 2575
6808 2402
2904 3978
4029
4030
4035
4030
5663 5696 3189
2904
4030
1812 671 4016 586 491
4030 6687 2402 4029
4030 4532 2845 4997 4991
4016
2317 2811 5217 5614
4029
4016
3978
4016 5814 2402
4029
4029
6179
1810
4016
4029
2883 4030
4029
4029
4029
4029
586
3868 2801 3978 2663 2306
4030
5478 5798
4029
3788
3978 4016
2736 2694 5711 3784
5635 3327
3648 2736 1664 5395
3978 2883
4040
2904
4016
4030
5496
4016
4029
3969
4040
4030
3195 2261 3196
671 588
2904
1734 5665 2904 1717 1717 2845 2183 3789 2316 6802 6802 1664
4030
3358
4016
2881 2312
2904
2902
6227 3225 2904 3781 5794 3821
2904
4031
384 1782 1695 6559 1695 6559
3978 3978
2881 6785 4030
4031
4016
3991 2891
2126
2904
4030
6803
4030
4016 2904
2312 4040
1355 698
2904
4030 2881
3978
2402 2441
3636 2584 3684 2715 1507 5812
1819 1695
1656
4030
6687 2736 3784 2185
2855 4016 2881 3444
2577 1695 2527
4029
4030
4030
4030
2312 6199
4030 4016
6248 488 1626 5696 4016 2589 3867 1828 2772 3305 3299 4189 1579
1579 1695
6224 2795
3426
4030
4029
3788 2593 3816 3220 3783 4783 2594 3551 5622 6817 3830 5203 1507
2904
4033
6682 5502 5496 5494 5222
2881
4016
1660
4016
2881
1717 2736 3426 4927
6624 2306
4016
4030
4016
2482 1707
4029
597 1629 1825
4029
3195 3840 5744
2904
4029
6768 1781
4030
671 1572 1812
2881
6199 5496
3229
3978
3254
3978
3784 6687 2736 5711
4029
2883
4030
2883
2694 3785 2736 5711
3784 2207
5487 4016
3411
2904
4016
4029 2904 4030
4030
4005
4029
4030
2493 2883 6547 2845
4036
4016
6793 2424 5499 3247 3184 4164 2446 6214
3817 3842
2880 5316 5316
4029 2736
4030 4030
4030
3427
4016
4036
402 2904
3977
3785 6809 6804 2694 5711 6559 6811 6804 6804 1794 6811 6804
2904
4029
3218 5614
4030
4016
5218 3818 2306
4016
2904
4030
3093 2227 3293 1507 2313 2568
5394
1440
3985
2240
4029
3991
4030
5478
2904 4016
4040
424 424
1015
4030
2904
4030
2312 6756 2313 6527 6526 1797 6801 6754 6739 3762 6758 6737 2307 2576 6744
2904
1507 5696 2575 3816 6559 3199 2715 6754 1937 3799 3241
4016 3978 4016
3782 2579 384 1782
2904
2883
2596 4586 3558
1707 1754 3722
2736 2484
5478 5478 3788 6199 3788 703 2312 3789 5478
4016
2979 3196 2410 2608 2189 2164 1714
3978
4030
5610 5662 384 1782 4783
2904 4016
4033
6114
1777
4029
2904 4029
2904 4030
4029
2904
4040
2313
4029
6822 6817 2904
2881 2845 5814 5798
1714
3426 488 1658 5708
6169 1754 5713 6822 6789 5514 5836
4033
4016
4030 2881
3978
4030
4003 4003 4003
4016
2904
4029
4029
4016
4029
4030
1355 1092
4029
4030 4016
2904
6558 2794
3227 2736 2713 2578
4036
4030
2307 2746 1819 2796 2227 2196
2219 1695 5847 6183
4016
2893
814 1819 2883
4030
4030 4016
4029
2904
4030 1714
5678 2306 2764 2709 3817 2193 4116
4173 4030
4016
4030
4029
4016
2482
4016
4030
2883
5701 5207
6817
2850 6121 5395 6121 5387 2904 4029
4029
594 495 692
3551 1700 2173 3788 5478 1507
4202 3628 2704 3652
4030 1716 703 1579 1716
1705
4030
4031 4016
5494 5502
671 1572 586 671 702 586 1572 669 1812
2904 4029
4030 5478
4016 2885
3978
6682 2883 2494 2147
4030
2168 6758 5810 2261 5496
4030 4030
4030
6186 703 6224 1579 2530
4035
5503 3795 2792
4016
4016 4512
260 2441 2484 5502
4016
4034 4035 4035
4029
4030 4016
5511 3229 2713 2794 3652
1656
2881
424 1088 1080
495 1714 703 594 669
2904
1724 1819 2261 5481 5481 598 2715 5344
3978
4016
1698
4030
5368 3128
4040
4036
4030
2694 3787 1507 3068 5708
4029
4173
2713 2736
3195 3196 6687
4030
4029
1758
4030
4030
4031
4032
4030
424
4040
4033
2904
1330 594 1278
2904
4029 2904 4003
4029
2904
4173
4030 4016 2078
4030
5490
4016 4030
2273 5842 1664
4030
4029
2883
4040
2881
3219 2270 5666 1507
2904 4030
2904 4016
2904 2736 5496
4016 596 499
1345 261 261 1345
2936 3533 2307 3347 3797
346 1508 6888
1089 1357 1088 1356 424 926
1507 4793 3851 5394 6506 5662 2594 4793 4322 2156 1507 3238
4030 2851 2901
2904
4029
3199 2578 5344
660 1629 597 3260 2185 3549 1935 3254 1572
4030
1361
4030
4030
1572 4040
4029
4030
4029 4030
4030
2904
2904 5090
2904
4030
3190 5478 6251 3789 1508 5642 3781 5342 3821 2965 2587
4029
2904
3968
4036
4030
3968
4029
4030
4029
4030
4029
1819 2759 2250 3052
3197 2173 2904 2312
4016 4007
6189 3792 3784 1507 5635 5494 4558 3219 6209 3666 1698 3891
4030 4034 2312 4035 5794
4016
3969 3978
4030
4016
2904
2904 3991
2174 5494 6624 2189 5619 5204 2778
2312
2880 4030 2880
5711 6687 2261 3784
6526 6143 2307 1812 490 669
4016
4029
4029
3427 3310
2881
2904 5494 5502
4033
2904
2883 4040
5494 1714 4029
2881
4029
2904
4029 4016
4030
3196 3784 2704
3780 3831
4016 4029
2904
4029
2883
4030 2881
4030
4033 2883
3978 4030 5505
2736
2085 5568 1753
4031
5496 5798 2959
1828
2317 2306 3219
4030
5502 5496 3978 5794 1664
2881
2904
5711 5215 2313 2410 3782 1507
4030
4030 424
4016 1717 2904
2880
2312 5481
2936 2356
2904
5798 5810
424 261 1348 1361 261 1480 1438
4036
4007 2906 4007
5494 5502 3192 4511 3190 5478
2904
4030
6687 5502 2184 3784 260 2736
1656 4029
657 1812 1572 2904 596 702 674 702 1812 674 674 702 596
3327 1683
4030
2312 5481
6687 6199
2904
2402
6822 3029 4016 5622 3186 6196 5478 6178 4557 2261 3180 5387 5388 5478 3089 5642 3072 2881
5478
2904
2881 4016
926 261 1356 1092 1355
4016
4016 4030 4029
2772 3821 260 1507 2568
4030
3076 3426 3426 4005 1507 3805 3806
5698 2572 4016
2904
4030
4340 3190 5622 3818 1507
1357 1009
2881
2694 4029 2736 5711 3784
4016
4029
3978 5181 2244
1729 2736 6199
4030
4029
4030
4030 2402 2312
4030 2881
3978
4016
4029
4016
2736 5495
2147 2403 2547 3434 2529
2440 4016 2410
3229
6803 5696 2318
1572 674 593
2881
4033 2881
3978 4029
2881
4016 4030
4030 3985 4030
4003
4029
1812 3785 5494 5711 2694 5478
1658 669 499 671 1695 588 488 1670
4016
4016
1367 261
4041
2312 2402
1358 1088
2446
5814 6196 2771
2904
4029
4030
4029 2313
4030
4029
5697
4029
4016
4016
2904 4029
4016 2904
4030 4030
2904 1729
4016
4029
2736 5711 2694 3785
4033
4030
2736 5493
4030
2261
5496 3426 3194 4016 3196
5251 4928 3121 2389 1507 4306 2306
4036
2905
2904
2904
4030
2770
3189 2313 5218 2568 3227
2904
4030
4030 4030 4040 3335 3978 3335 4030
2774 424 260 2584 4525 261
4029
4029
5798 2713 4030 2719 2707 1979 1976 2278 2707 5798 4281 4288
2313
4029
4007
4003
2565 2402 5878 424 6199 6217 1361
4031
4029
4030
2904
4029
2904
4029
2904
5478 2402
4016
2701 6559 2695 3240
4029
4016 4029
4016 4030
2881
4173
2904
4029
4029
4029
4016
3123 3260 6804 1507 4557 2318 2189 4202
4029
498
5810 3194 3195 1579
4035
2881 2885
5794 3532 3817
4029 2402 6199
4016
4029
4016
2091
4016 2136 2838 4030
4016
4029
3978
2918
4029
2353 5499 2575 2893
4029
2904
3988
4030
2484
4030
4031
3427 588
1088 260 1355 424
2883 4030
3978 6801
4007
6801 4033 4016
2269 2544
4029
4030
3199 5665 3445 2994
2888
3194 5125 3093 2189 3236 2384 5663 3869 2277 5665 2694 1507
594 702
4030
2447 2403 4016
2402
4029
2904 2472 5478
4029
2736
2904
6810
4029
2904
2904
2713 2736
4030
6801 260 2147 3195 260 1366
261 424
4029
2484 6199
2704 3191
2881
4030
698
2888 4319 4319
2193 4525 2194 3052 2778 2194 260
4030
1656 4030
3189 3782 2590
4040
3978
1812 1714
4016
4030
4016
2792 260
3829 2736 4790 260
4030
1330 389 1278 368
2881
4034 4029
1782 1667 1782
2183 2181 2185 260 2185 1507 260 2184 2181 3870 260 3871 2226
2851 4030 2850
424 1131
4030
2313
4016 2482
4029
2312 5481
4030
3969
4030
1507 4512 5671 4265
3899
4029
4029
4030
3782 2745 3427
4030 2881
4005
4016
260 6822 5714 5713
3577
2881
2904 4030
2904
6546
1825 1812 1572 2410
6768 6694
4030
1753 2269
2904
2904
4031
2312 5810 6199
4030
4030 2904
4030
1695 1579
2736
2881
5478 2402
4030
1006 1358 1355 698
4030
4040
4029
4029
4041
4032 2857
4029
2736 4016 2904
4016 4040 2402
6801 5810
2801
4016
4030
3755 2771 3266 1507 2312
2312 2482
4016
596 674 498
4030
4041
1361
260 2471 6196 5794 2534 5222 260 3427 2736
4033
4040
2904
3969 2883 4016
4029
5798 4016 4030 2881
4033
4016
4029
4029 2904
4586 5478 3218 3784 5205 5218 4784
4030 4016
5610
4029
260 2169 2161 6199
4031 4016
4032
4030
1805 671 490 450 1658 1664 3275 450 490
2904
1016
1812 1805 657
2893
1579 676 669 1828 1697 260
6143 2792 2794
4016 2904
4029
5494
2904
1677
4029 4016
3783 2736 6687 5711
2715 2904
4016 6801 2736
6199 2312
703 1695
4372
2883
4030
2766 6208 5496 3342 6558 3342 6527
4016 4016
6113
4016 5478 6801
1082
4016
4030
2893 1754
4029
2715 2736
4030
4032
4029
4029
2307 4016 6172 6255
2904
2893
4030 4029
3978
2402
2736 5711 3783 2694
4029
6098 2193 3829 1705 1941 2265 3219 3185
4029
4029 2904 2736
3959
4030
260 3560 2764
3552 3229 1935 3553 5696 260 2578 2663 6222 4450 1786 6817 6822 260 2384 5698 5696 260 2983 3199 5696 2577 260 1507 2579 1724 6222 2577 5696 2766 260 2983 6817 6817 2579 1507 2577 1642 260 2983 6822 5820 4331 260 6820
6508 3427 3558
4032 4030 2904
4030
6529 5845 3788 3238 6739 4016 2266 2594 4202 5086 6500 3532 1507 3219
2546 5503 260 6138
4029
2736
3189 4478 3190 3813 1507 3241 4265 5878 5697
5701 5698 5176 5504 5478
5494
260 5494 2771 3218
3978
4030
4030 4029
4029
2904
2904
2881
4030 4030
3978 3978
2893 3978
5176 1080 924
4173
4030
5494
2886 2886
4030
4029
4029
4030
4029
4029
402
4030
4035 4030
4007 5798 6179
2904 4029
2904 2126
2189 2174 2881 3199 1507 2704 6189 3194
4029
4030
4030
5620 3533 5208 2384 3182 6559
2313 6149
1792 3785
4030 2312 4016
4034 3201
4030
692 596 649 591 1807
4030
4030
2132 2859
4030
6803
4016
4030
4030
1655 2696 3219
4035 2847
5404
2136
4016
1695
814 700 492 1845 594
4016 4030
4016
2313
2904
3532 260 1626 500 1629 1579 1828 2773 260 2577 260 2587 1507 2595 260 3324 260 3532 3532 260 5496 260 3533 260 2773 3556 260 260 2773 5794
4039
3427 3426 5714
2850
2881
4016
2402 5478
2402 2312
2709 4525 5798
2881
4030 3956 5494 1810
3090 2882 5744 2736 5511
2719 5496
4016
4030
2881 4040
2312 2402
1695 1810
1664
3978
4030 2312
5516 6173 3052 2608
2736 6199
4029
2716 4016 2736
2794
2906
4030
6860 346
2904 2736 4016
6801
2749 3038
3784 2736 2694 5711
2906
4016 1716 5222
4030
4016 4029 4003 4016
4030
2838
2904 5496 6199
2904 4030
424 1345 261
2794 4429 260 1665 260 2794 5496 2794 260 260 2794 2794 260
6865 4030 1664
2902 2881
5478 396 4511 2568 3427
3427
6199 4029 6801
703 5511 1579
2716
4030
4016
4040
4007
2736 3242 3558 3188
1660
4016
4030
2568 5250
4029
4029
4986
2312 5481
4016
4033 3978
4016
4030
4040
2764
3869 6559
4016 2736
4032 4032
3978
2904 1717
1782
6822 1579
2904
6687 2407
4040
4030
3784 2694 2185 6559 2736 2695 1812
4029 4030
2313 5820 2733
2577 6817
3980 2893
1734 3195 2594 2593
4040 1716
2269 1733 2155
4016
2881 4029
4879 260 3291 2161 2588
260 5676 3243
1664 3785
2904
5692
4005
1819 1819 1819 6589 6590 6803 2994 1819
4030
4029
4317 260
4016
2904
4036
2148
6558 5794 2578 260 3191 260 2578 2810 2193 2587 2904 2810 5794 260 2572 5456 2810 2572 260 5794 2810 260 2572 5453 2810 260 260 1640 2810 1652 5794 2808 260
2880 4029
2904
596 2736 6199 2534 2527 2736 4016
5481 2312
4016
2880 4030
2310 5877 5404
2313 5879
5478 6801
4030
4016
4032
4016 4032
4016
2263 2736 3236
4030 2904 3978 1825 2736 596 488
4029 2838 2881
4030 597 650 1840 1812
4029
3978
4016
1733 6255 2244
4030
4031 4033
4030
2310 2881
4031
4016
3244 6803 4030 3244 6803 4865 3229 5339 4865 3244
2904
4031 4030
1012 5622 2765 261 1013 1358 260 424
4035
1227 1695 368
5302 2773 5176
6558 2589 5535 2947 3389 3602 3391 2589 2318
3806 3805 2595 3796 3831 3532 6558
2904
4030
4030
2883
3266 3787 260 424 1440 261 1010 1088 927 424 1355 1010 1088 261 260 3796 3787 1355 260 424 1358 1088 3781 260 3821 261 1089 1355 424 1358 260 3829 3859 6559 261 1361 1088 1355 3829 6559 260 3818
4029
6199 5710 260 6199 4317
4030
4030 2312
1681
4030
3787 1640 260 2796
261 260 6248 5502 6194 5794
4985
2091 4041 2883
3546 2771 2765 260
1572 5494 669 596
4030
2575
3191 5635 5713 2270 6624
4033
2527 2530 2531
2904
5502
2893
4030
2883
1662
3978
4030
5794 1734
4029
4016
1783 3437 4317
4030
3559 6559 5797 2593
4532 4016 2881
3240 5174 1655 3219 2696 2736 5496
3787 5222 5877 4118 2482 2694 5711 3243
6199 5642 2181 5845 5619 3789 3781 3799 4016 3565 5496 2904 1716 4016 2313 5478 2316 3565
4032
2766 3199 5218 2313 1507
4030
3328
1825 588
4030
5810 1507 6822 5847 1507 6822 5810 260 6822 5810 1507 260 6822 5810 1507 2736 260 6822 2586 260 1507
2906
2306 4016
2313 5877 2261 260 2765
4030
2883
4034
4029
2745 1819
4030
4030
6559 3180 3240
2206 1507 260 3783 260 2717 2288 2718 2287 5794 2277 3603 3601 260 4525 1507 2159 2577 260 3199 260 3601 3603 260 2778 260 5633 2159 6197 6263 260 3565 260 6197 6624
1810 260 1695 675
2906
2904
5496 2904
3978
4029
703 1828 1579 1629 3827 260 2156 3603 2994 260 2608 3052 2772 5798 1507 260 260 2161 5222 2577 2718 1507 260 6197 2608 2778 260 5633 4525 3323 2716 260
3979 384 6199 1782 3019 2665 1361
4016
2405 2484
2904 2893
5620 3801 1703 3258
2269 424
2715 3254
3962
4030
4016
1016 1778 5622 3532 6218 4337 5635
6219
1714
2888
4031
4031 2906
4030
2883
2312 5496
4040 2901 3738 6121
6624 260 2384 6173 703 1579 692 440 2385 2386 2736 3218 260 2386 2385 1937 6624 260 2219 6251 260 3547 6624 2164 260 6759 6624 6251 1935 260 1507 5798 6173 5798 6624 260 6529 3546 1937 1507 2766 5798 260 5478 260 3218 5478 260 5610 6251 6624 5794 260
5619
2161 6564 6565 1507 260 4298 260 3828 6817 5404 6803 4478 260 6565 1507 1507 260 2587 2790
2307 2575 1664 260
4030
1782 3381
4029
2578 1733
4029
4029
5515 6251 260 4203 4557 4558 260
3978 4016
260 1507 6196 2307 260 6801 2764 6196 1507
6189 260 6197 260 2587 6189 1507 260 6197 6197 260 2531 6189
6186 5091
588
2904
6801 1708
2883
2193 2161 260 3339 3218 2736 260 2716
3788 3562 2264 3821 1016
3555 2719 5504 4558 6209 2270 3227
4040 2881
6149 2797 2905 1797
4030
4031
2904
1742 5207 260 6804 260 2164 5676 1742 6804 1742 2164 260 2164 260 5502
4029
2906
4005
1572 2585 593 674 593
4030
4030
4526 2840 2883
6804 260 6506 3310 260 5782 6196 3532 260 3533 6801 1507 3796 260 5348 3533 1507 260 2736 260 6209 4317 1507
4030
4029
3787 3218
4030
702 1658 4033 1810 586 1805 588 1812 671 450 497 1695 596 490
260 1731 6801 5502 6166
3859 3789 260
4029
4029
2890 2881
2694 6523
4030
4030
2767 3227 3327
5622 5496 260 2587 260 3356 5744 6817 6251 260 1758 3532 6818 260
3238 5877 3780 3218 3265 2721
4030
4029 4030
5478 1714
4030
5640 260 6803
4029
2126 2881
5496 3782
2883 2655
1810 2313 588 5494 6801
4030
2764 6106 260 5710 4317 6199 260
5511 3821 4115
3988
