1348
1530 637
3598
3591
3611
3614 2593
3611
3620 3611 3612 3616
2621
3598 2156 2158 4881
2628
2593
3611
3622
3598 3611
3611
2614
3612
3614
5456
3612
2690 2481
1348 1348
1348 1348 1348
3611
1348
1355 3386 5056 2029 4753
1348 2528 1348 5143 5143 3634 3634 1348 2865 5143
3587
3612 626 599 532 626 599 532 3612 626 599 532
4890 529 2065 626 4890 626 2065
3565 3566
4046
3612
1348 1348 1348 1348
3384 3384 3384
3612 3598
3612
3598
3598 3598
2614
2614
3612
3598 2621
2614
3611
3615
1355 5107 5113
1348 1348 1348
2864
3565
3611
3618 3589
3578
3598
3612
1530 1419
2593
2577
3621
2070
3598 2614
2070
3565 3053 2614 3621
3612
3565
3565
3565
1355 2885 4580 3222 3970 1945
6035 3420 4620 5065
3611
3598
5157 1962 3068 1348
1348 1348 5850 1563 1348
3598
3611
1654 626
3464 2949 4858 1355 2483 4269
3598
2614 2603 2593
3614
3611
2621 2593
3611 2592
3565
3565
3621
3591
2180
3598
3598
3611
3612
4858 3068 3428 3398 4268
1348 1348 1348
3621
3565
3611
3612
3598
2593 3556 2548
3565 2593
3611
4742 5220
3598
3598
3611
3621
2593
3612
4884 5927
3611
3613 3601
3612
3587 3587
3598
3612
1348
5090
3612
3612
2876 2326 1743 3598
2548 2594
2603
3435 2064 3393
2614
3621 3598
3598
3611
3618
3406 5024 4278 1576 4858 2527 2344 1945 4071 3395 5466
3598
1348 2070
2614
2555
3612
3612
3598
3611
1348 1348 2070 1348
3611 2621
3598
1348
3611
5492 1600 2879 5814 5826 1600 1587 5814 1901 2621
2614 3621
3598
3591
3611
2029 3388 3189
3611
1348
3614
3612 3612
3598
2614
2593
5492 1489
3612
629 624 1078
3611
3611
4105
3611
2357 2534 3598
3611
3615 5808
1348 1348 1348
3611
3565
1207 378 2464 5008 1622 1975 4268 3765 2068 2954
3565
3612 4875 4873
3604
3598 3598
2070
3565
2563 2593
2593 2593
3613
3565
3565
2593
2621
4624 5040 3621
3621
3621
3621 2621
3618
3598
3395 1960 2023
3594
2614 3614
2070 1935
3612
1978
3598
3598
3598
2621
2614
3612
3615
3612
605 1637 526 435
2863 3176 2020
3621
3598 2614
3611
2071 916 6032
3613
3693 2396 2802 1355 2068 1575 4594 2028 2850 4661 3007 3964 2029 1582 6034 2076 3029 1355 4660 2803 3395 2139 3170 2780 2357 5223 2518
3611
3612
3565 3565 3565 3598 3565 3565 3598
2593
3612
3612
2780 2431 4546 5146 4793 1985 3744 5070
3052
3614
3612 3612
1348
2534
2908 2989
2534 3176 3473 4985
3598 5880 3611 2483 5548
340 1476 5166 345 1611 1611 345 5826
3565
3612 2621
2614 3612
5056 5058 3598
2621 2564
3598
2952 2534
3611
3612 2070
3598 3615
3598 3349 2611 2593 2613
2614
1901
3068
2621
3612
2330
3611 3616
2535
2614
3598
3612
1530
1866 2593 3612
1348 1348 1348
3611
2064
3589 2070
3612 3616 3620
4875
3617 3617 3617 3617 3617 3617 2070 3617
2614
2437
3598 5825 4881
4856 2593
3611 2592
2614
1355 2139 2950 2082 3459 3437
1529 2130
3598
3612
2596 2614 2621
4881 1962 3598
3598
3598 3615
3612
3611 2593
3612
3656 2593 3657 3657 3656
2357 1496 2646
2916 2070 2866
3613
2593
3598 3612
3565
1862 2593
3612
3612
3598
3598 3611
2614
5440 3612 5436
3565
1866
2621
2578
3613
3613
3612
2064
2554
2180 2162
3611
1630
3613
3394 2344 2884 3175 1944 3436 3421 4619 3422 2886 3427 3892 4988 3386 4618 4980 3422 5218 2883 3175
2594 3598 2614
3611
3598
3565
4794 1413 528 2177 1488
608 636 1639
3611
3565
2621 3612
3611
1348 1348 1348 1348
3612
2614
2534
3611
3614
2621
2071 5794 5070
3611
3598
3611
2621 3611 3598 310 2071
626 608 525
2065 4370
3598 5432 2281
2065
1348
3611
2534
2614 2067
3598 2265
3613
2162
1610 6004 1610 1610 1610
4633 1741 2854 1355
3598
1348
3615
4097
5538 3587 3598 3617
3612
3611
3611
2594 3571
4608 3413 2524 2426 3423 2431 3388
2614
3590
3611
3598 3615
3612
2593
1901
3611
2593
3591 3591
3598
1926 2071 4858 1586
2614
2614
3611 2614
3612
3598 1901
3598
2592
1939 4873
3621
3565
1329 1321 983 1217 975
3621
3612
3612
1073 379 1062
3598
3589
3611
2621 2612 1866
3612
2614
3598 2065
3598
3612
1348 1348 1348 1348
1866
361 1901
3598 3598 1419 1646 2982 1532 626
2416 5558 2851 1613 2865 2025
3234
2593
3611
4538 3598
3612
3612
4880 2621
3598
2614 3565 3612
3611
3556
3612
3615 3598 5809 3598
3613
3612
1222 1208 1219 378 3612
3611
2593 3067 3188
6035 2891 6040 6035 1635 6040 1635 6035
3612
1348 1348
3611
5808
3612 2614
2593
3598
3611
3598
3589
3621
5218 3391 3735 5932 2614
3560 5470 3615
1646
1567
5527 2076
3612 2603 1901 1901
6016
2071
3569
3611
3613
1348 1348 1348 1348
2064 2916 3407 4895 4858 3693 2850 5024
2070
2593
3073 4253
3611
2593
3970 2071 4071 4622
1901
3367 2068 1355 3302
3598
3612
3565
3565
2070
981 2621 1219
5523 2036 2679 3765
1543
2242
2603 3612
2064 2076
3611
3177 2916 2070 1355
3611
1348 3598
2593
2534
2982 2158 2161
3612 3598
3598
3756 3068 1635
3598
2067
3611
3559
3598 2065
3612
6034
1222
3598
2534
2064
3565
2065
3612
2593
2593 2593
603 439 528 437 1530
3611
3611
3612
5826 1935 3464 2885
3617 3617 3618 3617 3618
1348 1348 1348 2070
2621
3611
3612
3611
2621
2603
2581
3611
3565
3611
2464 3970 1920
3598 3612
1487
3613
2603
1348 1348
2594
3611
1530
4883 2323 4008 4872 3435 2885
3598
2614
835 983 1023
3591
2614
3612 3611 3598
2621 3612
3587 3611
3598
2603
3612
1989 2254 2268 2256 1962 5999
2020 2865 1496
3611
3611 2613
3612 3579
5776
2614 3598
2614
3565
3611
1493 3615
4783
3565
3565 3612
2614
3611
3615
2065
2614 3598 3598 3598
3612
3612
1496 3612 4873 4875 3611
2614
1348
2614
2614
4629 3399 2950
3612
1901
2614
3612 3612
2621
2599
3565
3598 3598 3598
3598 3565 3598 2621
3611
2603
3621
2593 2614
2621
1348
2534 3755 2489
3395
3598
3612 2560 3621
3612
3612
3612 3598
3611
3616 3618
2482 4793
2593
1902
3612 3598
3598
3598
2614
3598
4255 3231
2731 3611 4779
3613
3598
2134
3611 2071
4858 1945 1355 3394 1535 5073
3598 2621
2621
3612
605 526
3598
599 2070 2020 5416
1606 2071 1481 5809
1348
2534 1607 1615
3543
3612
3611
3598
3598
3621
3611
1348 1348 1348 1348 3598 1348 3634
440 1639 1639 440
3598
3612 3565
5529 3975 1480
4805 5439 3598 3598 3598 3073 3598 1491 3073 3073 3073 5441 5420
2628
2621
3618
2593
2534
2547
3613
3598
2614
3565
3565
2621
2614
1348 1348
3590
3612 3612
3611
3611
3612
2534
3616 3617
3611 2065
3598
3611
3598
2614
2614
2621
2534
3598
3611
3598
3370
3565
605 599 442
3598
3067 3396
3611
3612
3611
3612
3598
3612 3565
3598 3598 1348
3565
1348 1348
3612
3621
2621
3611
3611
3598
3615
3297 3278 3598
3598 3611
3565
2071 3611
4436
4274 2892 4070 4890 3400 3419 2316
3613
1348
2614 3598
5047
3611
1348 1348
2614 3598
2614
3598 3598
3611
2534
1491 1492
3611
3614
3621
3612
3598
3621 3876 2993 1355 3574
3598
2071 2964
3615 2983 2433 4858 1500
2614
2850 4629 3765
2982 3105
3598
2614
2612
2614
3616
1960 1510 1499 2870 2887 2031 5489
5000 1642 526 2069
3598 2614
2614 2593
1348
1751
3611 3587 3598
3611
2578 2068
1901
3612
3612 3598
3612
3587
3611
3621
3612
3976 2269
3598
3598 2593
3611
3770 3770
4967 2256 2365
3611
1576 4888 5470 3598 4870
2614
3598 3611
2560 5074 1355 3611 2593 2069 2592 2064 4257
2921
3564
1348
5065
3613
2395 4988 5070 2273
2114 2114 2114
2621
3598
3588
3565 3062 3621 3621
3611
1348
4278 1355 3419 1540 5778 6048
3612 3598
3598
2614
3612
3565 3607 3957
2534 1639 636 1639 599
3612
3598
3612
3611
756
3598
3613
915 378 5146 1216 1023 2535
2438 3068 2859 3097
3611 2603
1902
2071
2614
3611
3613
3598
3598
3598 3598 3172 1978 2593 1496 2858
3615
3612 3618 3598
3565
3612
1501 1920 1492
3598
1862
3612
3611 3598
1567 5065 1606 5066 230
3612
2614
2000 2595 2596
2614
2593
3598 3612
1866 2560 4765
3598 3611
3613 2614 3613
1582 3395 5057 2455 2265 2238 2070 2434 4882 1355 5157 4882 5057 3395 1355 2434 2070 5527 1606 4880
3615
3591
2614
1348
3590 3616
3611
3611
3390 2894 4858 2908 2892 2904 3692 2891 2849 4858
3612
3612
3598 2593 2845 1944
3598 3612
3598 3611
2593
3612
2612
3611
3598
2614
3067 2744
2065
3613
3612 3612
2621 3598 3598
3598
3615
3598 3857 3856 4875
3598 3612
3565
4253
3598
1982
3598
3598
2614
3611 1576 2621
3612 2592
2239 1355 5556 5521 3389 5055 1615 5826
1413 1639 1529 3388 2756
3611
3621
2614
3565
2548
2491 534 1530 605 636
4097
3598
2621 3611
2670 2850 1962 2139 3176 3885 3173 2391
3598
2621
361 2070
3611
2593 1583
2534 5146
3612
1520
3612 3388 1543 1558 4785 2859
2614
2614
2614
3611
3598
3612
3565 2621
3614
3611 4052
2616
3598
2555 1872
2614 3612
5781
3612
2614
5836 2534 5482 5065 1664 350 532 1664 350
3359
2199 5523
3612
1586
1639 532
230 4893 4857 4883
3611
3612 2593
3611
4793
3598 3621
3567 2614
3598
2065
983 1222 231
3611 3587 3598
2621
5432 1866
2593
2391 1548 1563 2391 1548 2232
2851
1348
3598
3611 2192 2288 2163
3565
2614
3611 4194
3611
2614
2071
3598
1606 2858 4893 6080 2860 4895
2612
1639 1642
3615
2614 3598
3611
3612
3612 2621
2614
3620
3598
2614
3611 3598
2614
3612
3598 3598
3565
3554
2156 5579 2270 5579 1509 1499
2621
3612
2593 3590
2592
6032 5056
2614
2614
3598 3621
3598 2593 3612
3612
3598
2614 3598
3598 3598
3565
4858 4895 2534 2156 4894 5470
1646
2593
3598
3598 1348 3634 1348
2614
1862
2552
3611 3598
4881 1535 2614 4873
3598 1348
3693 5510 3598 2326 2670 6053 5507 4759 2849 6025 4858 4988
3612 3611
1601
2614
3598
3598
1348 1348 1348 1348
3598
3589
3598
5220
3565
3616 3620 3616 3620
3611
2593
3612
1862
3598
3598
2894 1962 4933
3598
3612
3612
2392 3598
4438 3615
3612
3598
3598
2603
3612 3565
2621 3611 3612
3612
3612
3611
3621
2614 2621 3565
2071 2904
5464 5218 6052
1901
3565
2650 5065
3611
1348 5132
3612
2593
3611 5810 1866 2593 2560
1348 1348 1348 1348
5966
4045 2979
2592 3598
1563
2330 2534 1612 6033
3565
3621 3612
2070
3612
1575 3911 1575 2071
2614
3598
1348 1348
5090 3613
3613
4253 1601 4253 1587 2621 2222
2603 3565
3598 2177 1482 2199
3565
3565
4884
3611
2614 3073 5420
3621
3611
2534 3970
2858 230 2455
2894 2434 1348 1639 2455 2417 1348 1348
3621
3616 3616
2562 2557 5810 3612
3613
2592 3612 3068
3611
983 837
3612 2593
3611
2593 3612
3612
3611
2064 1487 2391 1355 1960 3184 2517 4661
3618
2594
3565 3611
6034 5808 2593 3327
2621
3598
3067
1348 1348
3611
1901 3611 2594
2614
2535
5809
3443 2476 2177 1956
2535
3612 3598
2070 3598
3611
3621 3565
1567
3613
2614
1348 1348 1348
2070 1639 531
3613
3621 1901
3621
2614
3613
3565
3598
2534
2070
3612
2614 3598
2144 2801 3860 3859
2621 3598
3598 2071
4983 2919 230
3598 3598
529 1530 1529 1529
2431 1208 3598
2567 2569 3621 4046 2569 3621 3598 3612 4046 1585 2569
2621
230 2481 1921 2320
2614 3611
3611
3556
3611
3612 4046 2593
3615
3613
3591
3611
3587
3598
3621
3598 3611 1940 5056
3598
5056 3612
3612
3611
3612
3565
3565
3611
3598
2621
3621
4052
2535 2535 1762
3612
3598
2593
3612
3612
3598
3621
3621
3598
3598
2621
2070 3598
5056
4099
2593
1419 1530 1646
6035 4070 3393 2076 5186 1355 5219 5186 3394 1355 1509 4070 6035 2076
2621
3612
3611
1348 1348
2212 2256
3598
2621
2558 3612
3598
2614
5510 5033
3611
3391 2416 5157 2418 1554 5157 3387 5157
2593
2614 3598
3565
2603
2908
3565
3612
636 1586 1670
1348
1348
5966
3611
6034 3765
3611 3598
3598
3612
3611
3598
3598
3611
3565
3598
2614 3614
3598 3601
1480 5538 5537 1482
3598
2614
3611
2534 2803 2139
2614
2611
2614
3612
4781 4988 5220 5489
3621
2865
3612
2534
2614 3612
2621 2593
5033
2065
5932 1576 5065
3612
3598 3611
3598 3611
3598
3611
2621
2071
2070
3611
3598 3598 3598 3598
2595 2592
3611 3587
3611
3611
3612
2065
2535
3598
5036 3977
3614
3612
3611
4766 4784
3617
2595
3970 231
4372
3611
3598
3388 2270 2861
3612
1208 3630 1208 3630
3888 2417 5154
5519
3598
3598
3611
3281 3172 3434 5826 3434 5826 3172 3459 5826 3437 3434 3459
3565
2071
3598 3618
3611
3611 3565 2065
2614
2603
2512
3598
3435 3407 526 3892 5167 524 1767 526
4756 3629 3403
3611
3611 2621
3565
3068 2274 6034 2139
3390 2071 2476
3611
1355 2809 3467 230 3469
2158 2065 1489
3598 5466 4794 1607 3965 3598
3613
3611
2558 2559 1866
3598 2070
2614 3612
3598
3157 3870 230 230 3870 1956 230 3870 3183 3182 230 3183 230 3157 3182 230 3870 230 3870 3157
1575
3612
3598
3598
5081
2593
3904 4890 3629 4839
3611 3598
2849 1621 2854 534
3394 4882 3435 1497 3436
3611 2593
3611 3611 2614 3598
230
3611
3612
1348
2614
1218
3612
3598
2614
3612
3618
3598
5910 4282
2535
3598 1516 3598 5220 2232
4147
2614
3598
3598
3598
3611
3598 3598
3611
3224 2455 3598 5826 4983 2894 2434 2436 5071 1920 2314 5778 2273 3734 2464 1749 2859 3173 2906 5189 2881 5218
3612
1962 5569
2865
3612
3598
3598 3612
6016
3612
5825 1587
5510 230 5501 5505
3598
3618
1901
3598
2614
3611
2621
3611
1498 2358 2202 2190
5419 3419 5418
3611
3611
3598
1348 1348 1348 1348 1348
3172 5056 2691
3612
531
1902
2495 230 1355 5886 1413 435 230 1469 1642 2489 2482 230 230
3556 2562 2593
1348
1530 350 1664 330 330 350 1530 1664
2614
3598
1521 1534
3577
3598
3612
2578
3591
3611
3611
3611
2614
2065
3565
3621
3612
3598
3598
3598
5146
1576 4881 4873
4636
2614
3612
3611 3587
3598
4805
3598
2535
3611
2868 5781 2193 230 5143
3579 3598
2614
2571 4052 2071 2551
378
3611
3598
1583
583 439 606 609
606 439
3598
3384
3611
3611
3618
2614
2593
5959 5432
6027
3613
5554
1901
3598 3598
5441
2455 5218 1733 1348 5539 1500
2621
3598
2614 3611
3615
230 5510 5074 4618
1348
2562 1906
2614 2417
3598 4794 3598 1567 593 1192 1158 1639
3598
3615 3598
2621
3621 3055
3612
2555 3598 4967 3612 2548
3598
3611
3565
1606 1498 1534 1543
3613 3616 3598
2071 3611
2614 3598
2614 4896
1634 636 532 1634 1634 529
3621
2614
3611
3611
1466 1529 230 1419 637 596 2679 4545 230 5143 1355 2139 1529 596 637 230 1530 1623 230 5071
2904 5510 2866 5056 2690 5143 3068 2416
2070
4618 2849 2850 1523 2884 3184
4765
3598
2614
230 1478 3793
3611
1866
2593
1348 3915
361 2614
1866
3612
3598 2614
3616 3618
3565
3611 2614
5091 2158 3598 2158 2155
4590 4589
3616 3620
2621 3612
3524 2256 2982 2256 2256 3068 3524 2982 5463 3737 2256 2256 3068 3096 2578 2256 5465 2256 2256 2509 3616 3737 2789 3096 3737 2789 3737 2908 2256 2234 3524
3612 3598
3611
3612
1902
3616 3618
2621 2621 2593 3060 2621 3551 2593 3551 3587
3629 1930 2455 5826
5033
4530 1532 1570 4279 1530
2481 4878 3598
2614 2950 2884
3565
3611
3612 2593
1963
3612 3598 3616 2592
3598
3621 3598
3611
2614
3598
2614
3611
2614
1348 1348
3612
6032 6032 6032 6032 6032 6032
1551 5070
2614
1348
2070
3611
2614
3616 3617
5555 1567 3068
3612 3611
2614
2070 2594
3598
1348 1348 1348 1348
3616 3612
3591
3612 3612
2535
3613
5508 3107 3106 3598 2644 3188 2859
1348 1348 1348 1348 1348
3611
3565
3617 3616
2561 2562 2455 2071
3612
3612
1976 4858 3427 1746
1348 1348 1348 1348
3611
3612 3598
4098
1866
3555
1901 2593
3598
2534
3611
1216 984
3598
1501 4188 1501 4988 4052
4858 4253
3598 2070
3598
3618
3598
637 610 1532
2593 2596
2071
3612
3612
2438 3388 5132 2904
3611
5070
3617 3617
3611
3611
3611
3598
1500 4793 3565 3612
3526 3068 2881 4857 5531
2070
3885 3438 2927
2070
3598
4052 3611
3916
3598
3612
4052 2560 5431
3612
3611
3598
3612
3611
2614
3612 3611
2614
3598
6034
3554
3611
4320
2621
2612 3621 2621 2548
3611
3542
3612 4881 5927
2614 3611
2614
3598
5143 5132 3617 3616
3611 3598 3587
3565 3565
3565 2064 1926
3586
345 1611 345 1611 342 1503
2076
3390 4988 5143
3598
3612
2352
2071 979 6032 835 1216 6032 4045
3183 5066 2614 230 1355 1992 1469 531 606 2094 3247 2396 1992 606 531 230 2101 3262 2094 2094 4635
1524
2070
2510 3394 5523
1348 1348 1348
3622
3611
3598 3611
3611
3051 3621 2614
3611
1508
2894 2417
2578
3598
2614 3598
3611
3598 2614
3391 3067
1348 1348 1348
3435 3428 230 2412 4545 230 2083 3158
3611
3611 3612
2614
2261 2261
2071
2593 3611
3611
3389 4883 2071 5146
6032 3648 2070 4858 2857 2866 1960 2140 2490
4765
2593
3565 3617 3612
2903 4933
3612 1866
3598
3612
5456
3565 3598
2416 3735 3404 2455 3390 5826 5932
3611
3598 2563
3598
3612
2535
3614
2666 2445 2477 2065 2672
4983 435 2070
1348 1348 1348
3621
3612
637 610
2614
1509 3541
2603
2070
3598
3690 1355 1491 2071 2417 2524 4578
2614
3611
2621
3565
3598
3612
3611
1498
3172 2916
4883
3620 3616
378 1219 983
3613
2614
3598
2979
3598
3612
3565
2265
3611
534
3617 3617
3611
2621
3598
605 1639 435
3612
3612
3598
3598
3612
3598
3611
3621
3612
4795 3766 2886 6032
3598
1413 591 534
2614
2978
3598
5136 5501 5056
3611
3598 3612
3611 3611
3598
3598
3621
3611 3587
1419 1530 1419
3612
5425 5814
5439
2603
2614
3598
2548
1543
1551 3390 1550
230 4858 4894
1567
4390 2621 1980
2614
1642 593 2614
4858 4883
2510 2064
3598 3598 2621 3598 3598
2557
3612
3611
2464
1505 4793
2265
3617
2560
526 524
3612 3598
3612
3611
1466 1639 591 3598
2593
3612
3611
3598
3612
3598
3611
378 984
1334 1294 1301
3565 3612
3598 3611
1901
3598
5420
2065 3598
3612
3565
2621
3565
3598
3598 4888
1642 1642 1642 1923 2802 2357 1642 2577 4883 1642 1642 4911 1923 1642 1642 1923 1642 1642 626 1923 4765 2636
3611
6032 4070
1901
2535
3611
3598 2270 2265
3598
2029 3106 3464 2534 2464 3106 534
2966
3565 2614
5074 1939 6032
2621
3598
3598
3598
1222
3613
3611
2593
4805 5432 5439
2455 2994 2621
2593 4202
2621 3598
3612
3598
3611
4890
3611
3598 3611
2868
2884 2426 3402
4097
5836
3611 3612
3613 3616 3620
5426 5418
4940
6048 1543 2528 1940 2528 1940 6048 4622 2534
2064
1867
3612
2614 1348 3613
3611
3598 2595 3598 2548 2327
3598
1521 3598
2614 3612 2070 3598
378 724
3611
3611
3611
3615 2065
5028 5057 3428 3434 2445 3393
1480 4793 3567 3590
3612
5053
3617
4759 2163 2455 2029 2232 2029 2455
3589
1646 1419 1419 1646
3612
2071
3598 3611 3611 3598
3615
3621 3565
3598 3598 2265
3611
361
3621 2593
2593 3612 3598 2593
2316 4867 4793
5809 5439 3611 2559
3598
2534
5189 5186 5191 2955 2958
3598
1348 1348 1348
3613
2621
3612
3598 3612
3615
2593
3612 2592
3611
2594
2621 3598
2162 5521 2436 2064 1355 2860 3667 3693
3611
1607 2239 2177
3612 3618
3612 3611
2614
2560
3621
5557 5041 5772 4839 3158 5041 5041 3435
3612
3598
3904 3698 3427 2431 4071 3389 3068 3390
3598
4883 230 4890 4890 230 230 378 4879
2614
2621 4439
3598
3567 2621
3613
3611 3611
3621
3611
3598 3612
3565
3615 2593
1348
2313 4795 230 1567
2614
2065
2560
3611 3068 4448 3611
3621 3598 2065
3598
6004
2614
6034 4742 2908 6034
3598
3598
2593
3611
2069 4787 5548
2323 3442 2416 230
3618
3612
3598
1646
3591
3565 3565
2324 2325 2324 1543 3886
2593
2593
1348 1348 1348
3612
3611
637 2323
1962 5055 2476 231 5539
3598
2071 2969 4045
3621
3565
3611
4623 3612
3621
3612
3612
230 2860 1992 1219 231 378 983 983 378 1296 231 2860 1992 230 1962 2860 1976 3629 5825 1992 1742 3629 2860 378 983 3630 1219 3074 3629 2860 1992
3612
3613
4097
3611 5919 2552 2559 2549 2570
3543 3598
2766 230
5098 5527
3598
3598
3412 3434 2509
3612
3911
3612
3598
5825 5143 2240 230 230 5886 230 5143 3693 5825 230
1419 610 230
3612
2558 3598
3598 3598
3611
3598 3612 3598 3598
3598 3611
2614
3598
2534 3598
2593
2476 1355 3469 2851 5556 4630 5556 2756 1355
2022 3274 3268
3611 3587
5143 1567 5143 1567
2593
3611 1348
3565
3611 3586
3612
3612
5037 3849 2621 1980
605 525
3621
3611 3587
230 3888 378 231 3394
1227 231 2674 3437 230 4633 3402 4633 230 526 606 1530 1413 1025 1207 5555 3434 2674 230 1227 1207 2859 4620 230 1355 1530 526 1025 231 1642 1963 2756 3242 3437 4584 2391 1227 1207
3611
2593 2611 3598
2614
916 916
2581 3598 2583
2321 1355 5157 230 1355 2321 230 5157 5826 1355 5826 230 5157 2321 5826 5157
2621
3180 4635 1962 5166 636 1419 1634 531 599 2474 2391 2065 2093
3598 3615
5440 2614 5432 3611
2070
3611
3459 2892 3394 2023 1945 2455 2849 3283
2614
2614
3611 3612
2578 3598
2951 4876 4911
3611
2534 2614
3611 3611
3601 3611
1355 230 2851 230 5778 230 2455 5074 1355 3876 2894 3891 230 3008 230 3876 4985 3188
3612
621 624 1050 364
3611
2534
3598
1639
3612
3854 230 3876 5508 2481 5539 230 4132 3876 3008 2495 230 5143 230 230 1355 3891 2851 230 5143 230 3008 2851 3876 3876 6053 3854 6049 230 2495 5143 230 4879 5501 230 1932 2488 1939 230 3870 230 4879 5143 2323 230
3598
3598 3611
3587
2753 2920 2136 2802 2780 2702 6032 3394 5932 4837
3598 3611
3613
3756
3598
3117
2614
3612
3598
3611
3598
3395 2071 3419 2069 3394 3419
2603 2070
3611 3598
3612
5855
4858
2621 2070 3598
1639 1637 2806 5098 5154 2320 5156 2431 5146 1607
3621
2621 3612
1508 2065 5836 1944 2022 2614 3735 2863 5000
3612
3587
2070
3565
2621
4132 230 2070 3435 230 2902 1355 2020 230
2593
3611 3611
2070
3611 3611
3428 230 2455 1740 5219 230 5143 3170 5555 4976 230 2322 2884 4879
3611
3612 3611
3147 2593
230 3180 5505 2029 2025 3854 230 2651
2070
2872
2065
3888 1866 2621 2614 1626
3612
5883 5923
3598
3171 3105 2064 2455
1419 5186
2071 3611
2070
3612
3565
3612 3612
3612
1348 1348 2919 1348 3634 1348 1348 1348
2593
3634
2577 2561
3565
2614
3616 3611 2614
230 3452 2064 2036 1355 230 3452 2192 230 1355 3964 1518
3964 2309 230 5558 3068 230
3598
3617
1523 2065 2065 5558 1355 5507 3469 4620
1652 525 636 1637 2534 2960 2903 2416 2455
3611
4988
3598 3611
6033 5419
3598
3488 4070 2859 1550
2562 4046
6037 5523
3612
1606 230 1741 2071 2318 1740 230 1740 2859 3436
2614
3611
3611
3612
3565 3565
3598
1348
1535 4805 4875
2581
1355 3735 1355 3469 378 1227 3267 2801 3074 6049 1355 2524 6048 3565 1355 2614 609 1637 3068
5065 1995 2238
3598
3577
3428 4976 230 3067
1348 1348 1348
2614 3611 3598
5041
5432
599 1413
2071
3469 3387
3612 4740 5825 5219 2455
1939 2239
2593 3598 3598
2437 6033 6033
3614
3612
1901
3611
1901
3598 3565
3040 2569 2593 2667 2571 3356 4753 2569 4756 3040 2149
3612
2614
2065 5534
3611
5966
3565
3612 2070
3621
3008 230
3611
3612
2860 3389 3394 2894
3577
3598 3565
3618 3616 3617
2593 3612
1923 4858 2070
2872 2908 1739 2313
378 977 1216 983 1217
3598
3765 1535 5000 2892 4983
3613
3612
3612
3598
5426 5419 2065
5436
3612
2593
1348 1348 1348 1348
3618 3598
2864 2324 5555
2596 6035 2592
3611
3612
1348
4986 4983 4985
2177 1492 1615 4883
3068
4052
3565 3565
5065 1565
3621
3565 3614 4869
2535 4635
2071 3598
982 1296 378
3611
3612
5435
3611
1768 5055 230 2064 230 5055 1768 2884 230 3395 5055 1768
2548 3612 2593
3434 5826 4070 2859
3613 3611
3612
3621 3565
3598
3598
3615
2321
1530 1466 3435 3388 4880 1222 1207 2994 2070 4880 2994 2865 2065 3435
3612
1348 3598
3611
3611
2593
2036 2851 2892
3611
2070
3565
3598
3612 3598
3598 3611
3611
4202
3615 3615
754 2316 1496 5220 5136 1496 5136 5220 5464
2614
3611
1567
3587
2614 5831 5537 2314 3612
3598
2614
3611
3612
5157 230 2391
3612
3611
3565
4052 3621
1348
5778 1551 4254 2418 2239 5033
2593
2568 1872
3598
2614 3618 2593 3617
1348 1348 1348 1348 2070
230 2068 3176 1500
3598
3611
3598
1551 534
3598 4890
3621
1348 1348
3598
2614
1348 1348 1348
4098
3598
3565
1025 594 534 230 637 594 637 608 606 6034 6035 230 230 5143
3565
3612 3598
2065
3590
3616 3620 1500 1978 5138 3616 3616 3620
3565
2614
2476 3870 5529 230 231 2022 3158 230 4985 231 378
230 2139 2139 2092 230
3598
1348 1348 1348
3565
3612
2603 3598 2621
3598 1348
5098 2020 2510 311 2437
2593 1585
1419 634 739
2614 3598
3612
2071 5418
3612
3612
1348 1348 1348 1348
3612
5927
3612
1348 1348
4582 2434 2535
3617
3598 1611
2071
5039 3157
5156 3888
2845 3279 3068
3612
5090 3612
1348 1348 1348 1348
1348 1348 1348 1348 1348 1348 1348 1348 1348 1348
3611
3611
3612
3611
1073 623 627 1047 386 391 366
3565
3565
3917
2318 4884
3621
3565 3611
3611
3615
2621
2534
378
2865 4858 1355 5419 4880 3068
3611
3565
1520 1508
3692 2431 2323 1355 2180
1925 4765
5040
3612
3612
1486 1486 2864
637 1348 1348
3565
3611
4623 1355 1607 4622 5776
3612
3586
3565 3565
2022 3387
5501
2272 4882 5219 3487 4988 3487 6032
2535
3611
1503
4785
4282
4781
3411 5932 3415
3565
916 1219
2275 5038
2438 2436 1985
