2457
3612
3598 3598
1492
3598
3598 3598
3612
3621
3612
3611
2614
3587
3612
3598
2864 5000 3394 3386 2779 3387 3386 1496 6032 3756 2957 6032 2957 2964 5146 2864 3392 2858 3886 2312 2964 6032 2779 2957 2859 2964 2964 2957 6032 2959 2957 5146 2779 2858 2487 2964
3611
4046 2593
3612
3612
3614
3612
2161 1465
3598
3598
596 536 1469
3612
3611
3617
3611 3612
3612
3611 1493
5960 3611
3598
5415
3598
3612
3611 3598
2617 3612
4097
3598 3598
2593 3612
3598
3598
3611
350 350 330 330 1143 1192 1140 1196
3598
4959 2612 2571
3611
3611
5505 2069 5065 5057
2614
3612
3598
3620 3616 3611
2177 6081 4708
4967 2563
4843
3621
1487
4097
3598 3598
330 339 1190 1530 4052 2029 350
2455 3388
3612
3598
3615
532 437 2029 584 531 363
3611 3598
2614
3611
4873
3612
3611
3351
3615
3612
3598
3566
3615 3598
3598
3612
3611
3598 3598 3598
3598
3598
5161 2903
3598
2614
3598
3613
3612
3612
361
979 633 1296 835 633 987
2065 3598 2865 3388 1355 2997 2139 4095 5028
3598
2593
2616
2614
3614
2614
2593
1498 2583
3611
3612
3615
2614
5932 3395 1655 1655 1655 531 5932 5932 5932 1563
3611 3598
3598 3598
2863 3459 2679 1551 3698 2455 2892
2616
3598
2616
4934
3598
3598
3598
6034 1939
3611
4986
3598
3611
3598
3611
3587
3611 3598
5917
3611
3611
3612
2614
3012 4879 1465
3598 3611
3598
3029 2418 3598 2482 5007 1534 3029
3598
3067
3598
2894
2614
3612
3612
2279 4794 2510 2509 5562
3611
4858 5040 6039
3611
3612 3598 3621
2511 3598 3598 2068 2614
3613 2614
3598
2614
3611
3598
3614
3598
3612
3598
3964 2357 4620 1355 3010 3395 2029 2518 6032 3029 2510 6189 2802 2780 6048 4594 3009 4976 4660 4594 3106 2510 2780 3394 2068 3698 6032 1355 4661 5187 2357 3029 3964 4534 2091 2452 3394 3029 6032 2029 3964 3687 2780 3007 2357 4660 1355 3010
3598 3598
4134 3565
3612
2670 2029 2396 3435 2309 2952
3598
2595
3613
3598
5157
3598
3598 3611
3612
3611
3598
3068 5836 3598 2860 3435 2864
2594 3612
3598
3612 2592
3612
2593 3612
3560
3598
3612 3565
2614
2598
3598
3611
3598
3611
3612
2617
2617 2614
3613
3598
3598
3598
2614
1607
2593
2484
3618
3612
4133 5778
3598
3598 3565
3612
3118 3612 2560 4390 5435
3571 3615 3571
3598 2598
3598 3612
3611
1496 1496
605 1666 1639 1192 1530 330 350 1639 1112 1152 350 1192 605 1530 330 1530
2614
3598 3598
3611
3611
3598 2593
3612
3598
3616 3611
2614
3598
3598
3616
3598
378 915 983 3598
3598
2243 1500 5466 5220
3598
3612 3598
3612
3611
3598
3613
3598 3621
1496
3611
3611
3612 3565 3598
3611
3621
2985
3616
3621
3598
3612
3598
3598
3598
3598
3598
3598 3611
3611 3598
2614
3598
3598
2923 2324 2483 230 2923 2483 230 4119 2923
1626
3611
1543
3598
4635 3710
2424
3598
3612
4883 3598 4620 1497 2858 2393 1741 3587 3611
1350 2617
3615
3387 1516 1740 1927 4743
3612
3612
230 2464 4986 1990
5505 2858 4633
3611
3612
3611
3612
3611
2603
3612
2593 2593 1568 2507
3598
3621
1476 340 3067 5146 3598
526 3598 3598
2641 2416 2659
3598
3598
3598
3598
3598
5932 2864 528 1419 637 3598 534 1563 534 1639 2416 4875 2864 1639 5055 531 5065 5932
6049 6052 2316
3612
2603 3598
2578 3598 2028
3587
3611
2593
3617
3598 3598
3598
3598
3611
3587 3598
3598
3611
3598 3598
3598
3621
3598 3598
3612 3598
2393 4874
3611
2416
3611
3618
3598 3598
3598
2614
3611
4983 3691 1935 4985
3612 3598
3611
3615
3612
3598
4070
311 3499 3494 6334
3620
3615
3612
3598 3598
3612
3612
3622
3073
3611
3612
2644
3621 5967 5962
3611
1622 5220 5220 1622
3612
