4016
4030
4016
4016 4005
2907
4016
4016 3978
2907
4016 4029
4016
2907
2882 4030 2884
4016
4016
4030
2907
4016
4030
2904
4016
4040 2907
4030
4003 4016
4030
4029
3978
4016
3978
4016
5505 4016
4016
4016
2907
4016 4029
2492
4016
4030
4036
4003 4034
4029
4031
4033
4029
4029
6768 1781 6768 1781 6768 1781
3978
4016
4029
4029
4029
4030
2907
4040
4016
5462
4016
4016
4016
4016 4016
4016
4016
4030
4016
4030 4016
4016
4029 4003
4029 4016
4016
4016
4016
4033
4030 4016
5671
4029
4016
4029
4036 4035
4016
4016 4029
4016
4030
2904
4029 2904
402
4029
4030
4016
4030
4029
4030
4029
3057 4064 4016 4030
2904
4016
4029
2906
4036 4016
4030
4030
4029 4016
4016
4016
4016 4029
4029
4016
4016
4016
4016
4030
4033
4016
4030
4016
4016
2575
6732 402
3978
4016 2884
4016
4016
4032
2904
4030 4016 4029
4029
4016
4016
4029
4016
3985 2861 4016
4016
4031
4029 2904 4016
4016 4030 4016
2907
4029
2884 4030
4029
4016
4030
4029 4016 4016 4526
4016
4016
4029
4016
2907
4029 4016
2906 4016
2904
4016
4033
4016
4029
2904
4029 3978
4029
4040
4016
4029
2312
4016 2893
4016
4016 4016
6121 2085
4016 4031
4029
4016
2904 4029
4016
4016
4003
4016
5810
4029
4032
4016
2494 1664 6149 5879
4016
4032 4016
4016
4016
4016 4040
4016
4016
4016
4016
4030
4029
4016
4016
2907 2893
4029
3978
4029
4016
4030 6727 3978 4030
4016
4030 4016
4030
3427
2851 4030 2901 6708 6785 5570 4030
4016
4016
4016
4016
4016
4030
4016 4029
4016
4016
4029
4016 4030
4016
4030
4029
4033
2906
4030
4029 4030
4016 1675 1675
4016 4029
4016 4029
4029 2882
4016
4029
4016
4016 4029
4029
4016
4029
4029
4030 4016
4016
2907
2773
4016
4029
4016 4030
4016
4030
4016
4016
2907 2484 4033 2403 3244 3199 5877 2851
4016 3980
4016
3978
4032
4041
2893
3978
4030
2907
4029
