3598
3598 3598
3598
3611
3598
3598
3611
3598
3611
1866
3598
4794
3621
3598 3598
3598
3565
3613
3621
5536
2905 2952 2907
3612
5143 524
3598 3612
5218 2330 4390 1929
2594
3612
2594 5070 4890 535 2065 528 535 2065 4890
3612
3621
1657 1548
3565
3621
2614
3611
2593
3612
3612
3611
3598
3598
3612
3412 2065 3388 3405 5562
2593
2614
914
3565
2594
3612 2614
3621
3612
5143
1639 592 1642 1639 2614 636 593 1642
378 364 624 430 1080 2593
3598
3611
3621
3598
3598 1568
2635 1581
3611 3587
3565
2593
3612
3612 3612 3612 3612
2592
3598
3612
3621
3611
2593 3053
3611
2594
2603
3612
2222
3611
3615
2158
2593
3612
5143 3691
3612
3611
3615 2548 2548
3611
3839 3747 2232 2855
3612
3601 3613
2528 1646 3182 2459 1646 3598
3612
4873 3967 1465 4875
2598 3598
3613
3611
2593 3388
845 984
3598
3612
3598
3611
2071 2069 5419 2892 2391 2904 6053
3598 3612
3598
3612 2158 2555 3349
3598
3598
3388 3882 5070 4999 3766
3598
3621
3598 3598
4879
3614
3612
3612
3612
3611 3611
3611
3565 3598
2593
2064
3611
1493
3598
2070
3612 3621
4784 4785
5426
3613
524
3598
2548 2573
2326 2077 2978 4890 4890 1355 1646 637 2978 2071
2859 6034 3598 3598 3598
3598
2070 3598
3612
1612
3617 3598 3587
2614
2274
3612
3612
3598 3598
3565 3598
3598
3621
3598 3598
2555
2201 4761
3598
3611
4875
5157 4882
2593
2594
3611
1646
3598
3611
3598
2593
3598 3611
3612 3612
2614
3621
4883 4600
3598 3598 2614
3612
1415 5007 6033 4858 5501 1551 2439
591 2070 1666 1637
4154 2594 2012 2324
5991 4988
3612
3613
2780 1985 4794 3068 5028 1939 5066 5135 5146 1985 5066 3399 2517 2139 5028 3068 4490 2517 5066 5146 5028
2866 4858 1944
2070 1962 2916 3389
3598 3611
5825
3565
2426 2905
2603
1355 4988 2509 2858 2455 3692
2593 3612
5966
3612
3598
3598
3565
2593 3565
3598
3614
3598
3598
3598 3611
2614 1530 350 1151 330 1190
3598 3598 3618
3622
3598
3611
3611
1994 2162 4883
3613
3621 3621
2614
3598
3598
3413 3407 2070 2418
3611
3614
3612
3617
3611
3565 3621
1645
3423 3412 2509
4875
1419 610 1530 529 1530
3612 3598
3612
3612
1419 1646 2270
3611
3612
3598
2594
2491 3526 2507
3598
3598
3612
3612
3611 3612
3598 3612
4872
2650 2324 1419 4071 1466 3598
2593
3598
3598 3598 3612 3598
2071
3612 3611
3612
2139 3394
2614
3611
4793 5826 1940
3612
3611
3611
3611
2507 2954
4187
2071
2616
2593 3615
3612
3612
3611
3598
3611
2703 2864 5523 6053 2865
1419 1419 1648 1530
3611
3618
2593
3617
3866 4293
2555 1872
2884
1610 1610 6004 1610
3612
3598
3692 2438
2603
378 1102
3615
3598
2593
3612
3611
5219
3565
3611
2573 2548
2593
1493
3598
3612
3611
3605 3598 3621 3565
3591
2594
3598
3598
2614
361
3612
3935
3565
3612
3611
3621
3621
3612
3613
1419 1652 531 1646 1902 1469
3612
3590
2616
3612
2438 1639 3403 4861 3282 3265 2438 4070 4861
3598
2548
3618
3611
3618
3598 3598
3598
3598
2593 3590
1595
3611
3598
3612 3331 2561 2600 3612 3612 3612
4880
3612 3591
2858
3612
2593
3598
3598
3565
3565 2593
3598
3201
6035 1642 6040 1642 6035 6040 1642 6035 6040
2916 437 4633
3605 3598
3598
3621
3586 3611
2593 4046 3621
3029 435 1403 3598 3598
911
3598 3611
3612
4890 2276 4872
4660 5836 2865
624 1082 364 381 582
3590
3612 3598
2596
3565
3612
3611 3611
3611
3598
3612
3598
3598
1537 4189 4185 1543 2070
2273 3068
3611
3598
1023 915 912
1639 3693 4988 435 601 4880 3766 607 2979 4999 4880 532
3612
3611
2464
3614
3612
1355 2064 3390 5836 1567 4624 2416
3612
3598
3611
3611
3622
2417 5146 528
2614
2614
378 1611 3746 345 378 3746
2614 3598
3565
1466 1655
3598 3598 3598 3598
1601 1601
3621 3598
3598 3598
3611
3611
3611
3479 2975 6033 5568
4794 378
2561 2560
3561
3611
3612
3617 3618
5008 3419 4070 3399 1567 2139
3611 3612
3612 2593
3612
2593
3611
2270 2324 3437 2919
3612
1497 4861 5065 4740 5559 6051 5927 4794 5220
2614
3612
3611
3598
3612
3612
3612
1530 3067 1530 637 1419 1529
2150 4251
2614
3598
3612
5065 526 626 593 1413 5065 603 526 626 599 2070 1637 5065
2614 4795 1994 1355 3774 4876
906 378
3598 3598 3598
1515 4893 344 3067
2455 5056 2070
3598
3591 3591
2603
2617
3611 3611 3611
3611
3598
3587 3587
3598
3598 3598 2614
983 915 1219 378
3598
1590 230 4219 2455
378 725
3611
3612
3612
3598
3612
2617
3565
3612
3612
2548
3598
762 2593 762 3598
2614 3598
3621
3598 3598 3598 4878 3067
3612
3613
2593
3612
3598
3598
3611
1646 5556 2065
3611
3612
3612
2594 3567
909 984 1296 983 1219
3029 3173 6032 2806 4056 4927 6032 6049 1613 4057 3029 3479 1355 3402 4056 2463 4071 5186 2110
2593
2603
3872 5058 2593
3598
3029
3598
3598
1962
2924
2593
3613
3611
3612
3615
3598
5883
3598
3598
2614
3611
3611 2593 3598
2463 4747 2915 2507 3067
3611
2325 2064 5558 1921
3598
3611
1551 5006 4858
3598
1960 1355 3175 4858 3397
3201
3612
3612
3598 1550 1550
5413 2070
3612
3598 3612
3622
3598 3612
2593 3575
3611
3613
3068 1532
2614
1637 636
2593 3598
3073 3073
3611
3622
3598
3598
3598
3598
3598
5510 2198 2487 4708
1219 911 984 975 835 845
3598
3598 3598
3598
3611
3617 3565
2957
3615
3598
3611
3616 3617
1872 1872
3611
3612
3565
2614
3598
3565
2592
2064
3442
3613
5808 5932 5534 4858 2904
3611 3598
5908
3598
2993
6035 3284 3389 4861 2920 1355 2919
3611
4883 1607 3565 2574 1607 2559
3612
2593
3612
3598 3598
3612
608 532 1666 626 608 532
2593 1872
3613
2614
3611
3598
3612
3598 3598
3598 3612
3598
3612
2614
2614
3612
3598
3621
3598
1535 1480 5065 4838 5065
6032 4766 2892 2417
3612
3612
3611
4881 2593
3611
3598
3614
3612
3621 3598
3613
3598
4882
3598
3612
3612
3598
3614
2594
2957
3615
3598
1535 4621
3598
3598
3611 3587
3598
3067
3615
3555
2596
2593
3565
1226 1224 1222 5501 2071
3611
3613
3611
3598
3598
3425 4620 2859 2885 4513 2436 1945 1355 3390 2071
3587
3598
3598
2593 2593
3598
1576 1496
3598
1586
3598
3588
3201
3598 3598
3565
3611
1508
3872 2417 2907 1354 2904
4883
3611
3612
3591
2593
3598
3612
402 1469 605
1622
5431 2594
3611
3612
3598
1512 1355 3008 3067 6032 5780
3611
3612
3618
3612 3618 3598
2603
3395 3875 5183 1355 2065 4633
2614
3611
3613
3068 2512
2614
3612
3616 3611
3614
1413 5143 1639 340
911 4857
3613
3598
1337 2167 2176 2168
2594
3613
3598
3611
1615 2234 2130
3598
3611
3611
2455 5772 2314 4880 1497 3395 2434 5527
3591
3598
2593
1576 6032 1576
1529 1655 1529
2593
3598
1530 526
3612
3601 3601
2614
3611
3565
3612
3611
2594
4432
2192 2548
2555
5826
3606
2549
1500 5489 3598 1927
3612
1419 2193 1993 4880 2417 535 5056 1994 5055 5826
2616 2560 5967
3565
5188
3612
3612 3612
3598
3612 3140
3612
3612
3391 2416 2314 5068 3391 5068 2036 5826 4632 2416
3598 3598
2593
3611
3598 3598
3598
3612
3598
3598
3041 3693 4070 2969 2395 1601 2314 3886 2163 2894 3423
3766 3067 4070
3587
916 984
3611
3611 3598
1498
3611
2593
3612
3839 3067
3612
2594 1664 6008 350 2108 1112 350 1419 1419
3598
1501 2593 2064 1568
2614
3611
2612 2560 5058 2265
2596
5219 4740 1500 4875
2560
3598
2593
3598
3611
3612
3621
1582 2064 2509
2578 1904
3565
2593 3598
2593
3598
5219 3564
5157 2854
3598
3611
3598
3287 6053 5220 2286 1355 3394 1956 3598 3394 4154 1355 4630 5068 2163 2071
3611
3067
3611
2614
3611
3612
3598 3611 3598
3598
3613
2614
3613 2598
3614
3612
3009 3008 3184
3905
3612
3598
3598
2593
2614
3488 5932
3611
3611
3612
5932 3624 5146 4337 2416 3352 5932 5146 2416
1587 1226 1102 4872
3622 2593
2593 1509
3598
3612 2616 3598
3598
1493
3611
3611 3598
3268 3277 1496
3073
3621
591 636 1639 5510
3598
3615
3598 3612
3612
3598 2594
2614
3611
3611
1637 1666 591
3614
3613
3612
2614
3598 725
3621
4988 2139 2309 5510 2593 4858 6053 6025 2855
3611 3612
1666 1480 5074 2020
345 2314 1611 1655 1419
2594
2071 2071
2854 1355 2916 2855
2064 2464
3611
2603
3612
230 1355 5028 2802 2489 1355 5927 3074 230
3611 2593
3390 1355 3412 1355 2753 3411
3598
3611
534
3591
3611
3612
5070 5825 5098 2918 5518
4618 6053 5825 2482 1023 534 5519 2512 4070 4618 5001
3598
3612
3612
3598 3598
2426 2077 3766 2139 3693 2064 4438
3612
2555 1872
2593
3615
5504
3598 3612 2548 3598 2558 4052 2555
2614
5218 5218 5218 3621 3598
3612
3611
2603 3598 2594
3598
3611
3598 3598 3598 3598 2593 3598
5143 3611 2570
2594
2614
3611
3598
3611
3598
3591
5439
3612 3621 3612
3612
3611
3612
2561 3598
2555
3598
3621 3558
1603 4785
3598 3611
1480 3073 1480 3073
3587
3353 4820
3611
3283 5928 3434 5188 3283 3434
3621
2614
3611
2593
3611
361
1207 1222
3612
3611
2592 3598 3598 3598 3598
3611
3587
3612
3612
2593
3598
3598
3611
2591
3598
2682 2904 1605
3611 3611 3611
3622
3598
3612 3598
230 1568 2324
3598 2614
3598 3598
3612
3554
2614
3612
3611 3598
1489
3598
2315 2416 2858
3613
2594 3598
603 535
2957
3565
3612
2078 2484 2859 2886
2614
2593 2603
3294 3252 2144 2483 1355 1576 2801
1904
3589
5038
3612
3622
3612
1355 3479 2004 3612 2593 2288
3611
3611 2592
4045 4878 2320
3611
3618
3590
3841 5146 3842 3840
2603 3612 3565
3612
3618
3565
3587
3612
3618
3611
2064 5531 4879
3611 3611
3621 3621
3598
3565
3618
3611
3611
3068 5024 3390 2860 5513 2891 3395 1511 3394 4861
3611
3598
3612
2593
3612
3621
1921 2020 3611 3598
3611
3611 3611
3612 3598 3598
3598
3565
2593
3611
2593
2594 2594
2593
2594
2594
1576
2593 3612
3598
3611
2614 3598 3612
2071 5058 3391
1222
3612
3598 3612
3611
3598
3621
3612
3370 3370
3612
3565
3598
3598
2617 3611
3615
3611 3598
3612 3598
2320 5510 5533 2593 2320 5510 2596
3612
3611
1918
3611
5057 3412
3618 3598 3618 3612
3598
2614
3598
3590
2593
3612
3612
1582 1862
3611
3611
4882 2490 5558 2969 1994
3598
3598
3611
2574 2594
3611
2594
2560 1906
5039 3974
535 5067 1466 2040 1655
3621
3611
2614 3611
230 1543 2070 1492 1741 1355
2271 230 2193
3611
2071 1525 1355 230
1355 3394 2860 3388 2434 2894
1493 3612
3612
3613 3598
3618
3589
3598 3565
3393 1355 3437 3403 1508 2064 3401 3436 3389
3598
3611
1419 1646 1563
3612
3611
1952 1952 230 1952
3598
3612
3598
2594
2593
3612
1586
2617
3598
3598 4988 2508
5968
2614
3598 2614
2071 3577 3565
3598
912 975 1218
3612
231 1227
5037
1637 1642 230 1413 1652
2593
3611
3612 2596 2593 2593
3612
3598
3598 3621
3391 2326 2344 3423 2865 2858 2509 2418
3589
5489 5489
3598
3613
3614
3612
3598
6053 4132 6049
1939 5189 2856 5181 2855 2507 2854 5183
3611
3612
3146
5850 5850
4369
3612
3349
3612
2614
5032
3591
3611
3611
1872 2559
3611
2614
2070
3612
1741 2065 230 4627 4999
3598 3612
3598
2614
3567 2594
2156 2509 5793 230
3598
5495
4282 4884
1872
4883 2436 2455 4794
3598
525
231 378
3611 3612
3611
637 1639 1646 634
2549 1872
3598
3598
3611
3611
3598
3611
3612
1945 3391 3413 3693 2920 4268 2426 5024 4988
3611
5070 1511
3598
2617 3598
3613
3598
2591
2555 2548
3612
1509
3611
3598
2424 637
3611
2070
3612
1329 1300 1328 1295 1334
2854
2076
5927 5038
3598
3598
3611
2593
3611
2038 2869 2131
3615
3598
3611
3612
2614
3598
3598
2548
3612
4873 4873
4192 1652 1494 402 1634 3598 3621
2549 2555
2265 5501 1530 2474
2957
5436
3565
2438 5825
1551 2064
3598 3598
3598
3612
3612
3598 3612
3598
3598
2242
3612
3445 5040 5040 3766 2071
3598
3612
3598 3612 2232
3611
3611 3598 3611
3611
3611
3611
1918
2616 3747
2596
1222 378
2548 3611
2614
3612
3612
2970 4766 4877 5776 2232 5056
3612
1227 1208 1226
3612
3598 3598
1532 230 1419 1466 1530
2594 2594 2594
5489 230
230 5532 5556 230 3796
3611
2380
3598
3598
3598
2614
2221
3598
3611
3598 3611 2560 2594
3611
1147 350 330 1529 392 1652 1652 583 531 626 535 1637 637 1529 601 531 1666
3612
4022 2065
2614 3612 2860
2614
3565
3618
4051 3611 1493
3622
3615
3598 3611
2594 2594
4194
5054 5054 3616
3611 3612 3611
2593
2548 1872
3612
3612
3612
2560 2562
3612
3611
3882 2158
5820
2567 2569
3598 3598
3158 2683
3611
3611
5058 1921 2198
2317 2860 2455 230
3611
3598 2593
5157 2868 6053 2483 230 1558 230 3090 5460 6049 5501 2507 1207 378 988 2332 2894 2314 6053 230 6049 1355 5157 2483
2222
3615
2614
1534 1355 1646 1518
3611
2995 5505
230
3621
4988 2070 3621 1595 4046 2070 4988 6032 4046 5895
3612
3612
5128 3598
1872
3598
3611
361
2919 230 4879
5058 5146 524 2850 1355 5059 5058 5146
3612
3587
1419 2140 1532
1567
3611
3398 3402 3068 3765 310
3612
3611
4884 5220
3611
3612
3587 3601 3601 3587
2178
2593
3622 2593
3565
3617
3612
3611
5146 534
3611
3598 3598 3598
4630 4635 5409 3487
3611
3612 3611
3611
378 1207
2352
3587 2593
3612
3068 3390 2864 2894
3882 4622
984
3612
2598
3598
2065 1962 230
3613
3611
4742
2594
3612
3620
3612
3611
3565
3611
2555 2548 1872 2574
3598
3621
2265 1550 1576 230 2417
3243 2407 5065 2409 1355 3262 3242 1930 3182 4635 3243 5552 1355 5146 4630 1355
3395
1927 230 1923 1355 5532 1927 230 1923 5146 1355 230
3615
3565 3612
3413 3459 2892 2865 2426 1985 2317
3617
3565 2593
3612
3612
3598 3598
2616
3611
230 1355 3176 230 6040
3612
2490 230 5506 2640 230 3158 3435 1740 4861 230
2256
1543
3412
3565
3598
3598
3611
3613
2528
1862
3612
1512 5058
3598 3598 3598 3598 3598 3598 3598 3598 3598 3598 3598 3598 3598
6004 3598 3598
3598 3612 3621
3598
3598 3598
3598
3611
3611
2547
3611
3067
3598
1983
3611
1576 3279 3276 5056 1355 2431 2316
3587
3598
3565
3611 4443 3611
3571
3611
3073
3612
1488
2548 2555
2593
3611
5969
3577
2316
4097
3601
3611
2578
5826 3067 2885 3068 2918 2884 1945
3616 3620 3613
3565
2594
1652 5569 1642 5073 1768 4119 2439 5569
3598
2162 3598 3335
3611
915 1219 977
3617
3598 3621 5804
4872
3612
3598
2489 2071 3615
3612
3612
3611
3565
230 5138 2395 2139 2979 5491 2286 230 2277 2274 231 2277 2272
3598
3611
2593
3612 1862
3611 3598 2594
3598
3612
3598 3611 3598 3587
3598
5814 5425 2593 2603 5426
3598
3611
2457 1466
2510 6049 230
3611
2593
3598 3598
3598 3612 2593
3598
3611
3612
3158 230 230 3158 2988 5521 230 3222 2421 3224 4009 2256 2509 5220 230 2640 230 636 437 2438 230 2395 4009 2490 2491 230 5068 5927 2090 230 3009 3158 230 5886 4881 2286 4837 2006 230 2271 3106 3970 2007
1637
3613
3611
3612
3770
2614
2560 2557
3612 3598 3616
5967
526
3598
1496 1500
3399 3394 2071
3612
3612 3612
3598
3611
2559
3611
3565
2582
3612
1630 1537 2065
3598
4202
5220
3598
3612
3612
3565
3611 3598
2614 3598
1862 5065 1872
2892 3694 2863
3598
3186 2434 2416 3413 5068 2314 4269 3391 3394 2140
5071 5143 2455 5071
1945 3186
5038
3612
3598
2464 3181 599 2029 1601 1639 534 531
3598
3598
2158 5776
3612 2603
2593
4060
3598
3611
352 4811
1639
3598
2614
3611
636 591 536
3612
3612 3612
3598
2593
3611
3611
3611
3565
5157 5825
2395
1475 1606 3973 1740 1737
3598
3612
3565
3611
3598
3598
3611
3611
3612
1537
3612 3611
3598 1872 2548 3598
3611
2065 6032
2603
3611 3598
2593
1551 3598 1511
5482 1497
3612 3598
3611
2431 4268 3390 3074 2920 3434 4635
3612
2593
2555 2548
739 1419 637
3598
5053
3612
2868 2851 5000 3598
3617
3391 2313
2071
3577
5507 2885 1355 4875 3067 2865
3612
2614
3612
230 1355 3391 2070 2436
3462 4296
3598
2592
378 838 1296 974 915
2614
230 2323 3180 2997 4045 230 2323 3180 230 3183 4045 2323 2323 2323 3180 230 5825 230 1962 2997 2323 2997 1962 230 3183 2323 3180 230 5527 230 2323 5527 3183 2323 4837 3180 1962 3180 230 3180 5143 1355 1962 5143 3180 2997 230 3183 1962 5143 5143
3611 2592 3611 2555 1872 2592 1872 2548
3612
3611
2614
2593 5220
4883 1872 2593 4858
3612
2603
2592 3612
2593
3598 3598 3349
3598
3598
3611
2071 3184 526 2326 1466
3611
2065 2024
4988 5001 2416
3598
3598
230 4214 3781 230
3611
3612 3612
2404 2406 2593
2616
2617
2593
3612
3598
2547 4944 2552 2547
3611
6034 2560 1906 4742 6035 5526 5526
3598
2525 3459
4861 4350 2440 1932
3598
3611
3068
3565
2562 2560
3611
1543 3598 3356 3046 5825
3598 3612
2555 2547
1551 2892
3621
3612 3598
2892 2440
3612
2616
3173
3390 3386 1413
3565
983 1222 837 910 1296 231 838 912 1216 838 1222 983 231
3612
2593
3611
5065 5058 230 2277 1932 1939 230 2277 5058 2277 2488 5519 1355 230 230 2277 5067 230 5413 1962 5416 5413 5415 2481 230 2277
3565
2358
2442 2076
3611
3612
2563
3621
4883 2489 230
3598
3598
3614
3598
3598
3565 3565
1478
2857 2860 2455 3175 2417 3393
2616 2571
230 2992 230 3389 5932 5068 3290 4858 4630 3365 2756 1355 2801 2756 2851 4630
3615
3612 2593
3612 3612
3391 2455 230
2863 1496 2904 5220 3405 3419 1590 4740 4278
1518 1419 2314 637 3068 1529 1962
3598
3598
3612 3598
3621
345 1611 6032 5146 5071
3612
3262 5071 1355 3041 1945 1355 3242 3269 3873 1930 3181
2593
3565 3621 1901
2995 6032
3591
3620
1227
3598
3613
4574 230 4976 2156 5506
720 4879
230 5157 6053 1355 6053 230 1355 2806 6053 1355 5157
1568
2592 3611
2601 3598
2919 1974 3242 1355 3962 6032 3041
2070 4801 230
3611
5056 6040 2856
3182 3180 5056 5568 2488
231 378
3612
2603
3611 3601
1927 5098 230 5880 2426 3854 2978 230 2273 6049 230 2193 5098 1355 4793 230 2331 1355 230 3870 5143 230 1940 1939 2331 230 2036 4132 6053 6049 3433 3090 230
230 4743 5071 1923 4743 230 2455
2603
2614
3611
3621
2614
1486
2617
1355 1939 230 3386 230 1930 2994 1355 2640 230 3870 2426 5552 4882 1930 230 2661 230 6049 1355 2331 1927 5143 230 3402 230 3433 3870 4879 230 5071
2614
3888 2952 5519 5519 230 3067 2482
3611
2594
3618
1509 2616
1637 1530 593
3398 2070 3398 2325 1535
1956 3067 2887 3612
3612
3612
6034 2256
2593
6040
1586
598 536 636
4740 2065
3598
2163 2314 3391
3612
3616 3598 4794
3612
3612
1222
3870 230 2416
3611
5801
591 626 531
3591
2139 3180 2481 230 1415 5489 5778 230 5778 230 5558 5510 230 5143 2141 230 5552
1646
5218 3411 1946 3394 3278 2069
3621
3612
2455 3029 4794 1611 4857 2317 5220 2158 4884
3612
1419 5187 1419
3611
1862 3566 2596
1500 1567 5065 4282 4193
3611 3611
5464 2314
1355 2488 2509 230 2489
2199 1939 2192 1590
2593
2593 3565
4784
3612 3611
2593
3868 1355 230 2426 2491 230 5143 230 5056
3611
3389 2321 3158 2437 230 1355 5145 3389 5143 1740 3425 4154 1740 5001 230 230 1740 2323 3875 4978
3612
3598
3612
3611
2071
526
5451
1935 1496 230 5558 4740 6035 230
4875
3612
1419 1655
2594
3589
3612
3888 3180 3173 2391 2391 2407 2040 1355
3330 1500 1535 3612
3611
3612
5071 1530
5143 2916 230 2919 3256 2071 230
3068 4876
5907 2904 5932 2858
3612
5100
3621
2560
3590
3554 3618
4738 4875 3611
3604
5482 5033 4873 6034 4873 230 6034 230 5482
230 3697 2857
3612
3611
5536 3967 3567
230 3246
3888 1498 230
2616
2323 3689
3611
5778
