4032 2883
4016 4029
2993 2764
4030 4016
4016
3978
2883
3978
4029 2882
4016
2845
4030
4016
4016
4029
4016
4030 5496 5494
4040
4016
4016
2883
3244 3334
4016 6624 4029 2766 6241
4029
2306
4029 2882
5502 2193 4016
6122 4030 6118
1801
4016
4016 6114 2538
1781 6768 1781 1781 1781
6229 4003 4016 4035
4029
4029
4029 2904
4016
2882
4016
4005
4029
4029
4016
6218 2318
2313
4029
4016
2493
4029
1498 4016
4016
4016 2307
4030
2306
4029
4016 4030
2882 4030
4029 2903
2904 4016
4016
1660 4030 5494 5496 4029
2765 5403
4016
3038 4029 5388
4016
4029 2313
6220 4434 1642
2837
4016
3978
2904
4029 2307
2313 4029
4016 2904
2902
2868 2310
4030
4016 2883
5599 2509 2631
4030 4016
4030
2313
4030 4036 4016
2904
4016 4030
4007 4034
2902
4016 4301 4300 5496
2904
6229
4029 4532
4030 2883
2883
2313
2883 4007
2882
6801 5696
4016
5502 1700 2904 5494
2883
4030 3978
4030
2313 3240
2882 4016
2307 4031
1741 4360 1741 2313
2893 3978
4016 2424 1644 2447
4029
4034
4030 2883
2307
4030
3978 4029
3978
4016
2313 4016
5696 4030
3978
4016
4532
2461 2509
2848 4030
4016
2904 4032
1642 6229 6228 1644
2904
2901
3196
4029 4003
5403 1660 4016 4030
4016
4029 3978 2307
5726
2883
4029 2904 4016
4030
4016
3196
4016 4030
4030
4030
4016
3994 4016
4029
6717 6114
6796
4016
2904 4029
1498
2313 4029
4029 2307 2838
3327 2509 3934 2509 2509 3427 3934 3327 4166 2509 6146 2509 3427 2509 6148 2509 3459 2868 2792 4034 4166 3107 2509 4166 3107 3459 2484 4166 3244 2509 3934
2764 5499 4016
3978
4030 2883
4030 4016 4034 2882
4040 4016
4016
4034 4030
4030
4016
4036
2313
4029
4016 2522
4030 4029
3954
2904 4029
4016
3978 2306 2155
2868
2882
3239 5561
4030
4016 2853
2522
4016
4016
4029 4029
4016
3978 4016
2838
4016 2911
1669 5403
2522
4030
3978
4016 2527 2522
4029
4029 4030
2306
1686 4016
2904 4030 2312 4016
4005
4030
2313
4016 4016 2522
2883
4029
4040 4016 2307
4029
4016
3955 4016
4016
4360
4029
4016 2904
4029 4003
4030
4030
2883 2901 4016
6122 2904 6114 4029
2868 4016
3292 5497 5534
4030
4016
4040
3978
2522 1669
2883
2307
2313 4029
3978
4016 4029
4029
4016
2313
4016 3978
4030
4016
4030
4029
4029 6117
2904 6565 6228 2575 4030
4016
2883
4040
6228
4589
4007
4034 4029
4030
4030
4016 1782
3978
4029
4032
