591 532 1634
3598
2614
3621
2614
2614
3598
4027
3612
5883
2614
3554
4881 2191
3598
3598
3621
5932 1944 2844 2065 3598
3586 3612
915 984
4097
3616 3587
1563
2855 2964 6032 2958 2957 2317 2858 6032 1927 4737 2866 2322 2312 2864 2958 6032 2957 2951 2958 2964 6032 3068 2951 2951 5829 2317 3226 2139 2765 2866 2693 2845
4793
3612
5552 3071
2614
6050
3611
2614
3612
2614
3598
3611
2614
2614
2614
3565
3618
3598 2614
3613
2593
3612 3598
3611
3612
2614
3067
3588
3598
2587
3612
1567
3611 2614 3611
3612
3598
3598 2614
4875 2165
3611 2614
2614
3615
3391 2858
2614
3598
3611
4097
583 1025 583 636 596 1413
2614
3029
3765
3612
3618
2614
2614
1491 2434 3384
2614
3612
3611
1334 2177
2593 2593 1901
1295 1023 1329
2614
3598
3612
3611
1563 531 534 531 5456 534 5456
3612
2614
3612
2614
3611
3611
2614
2614
2614
2593
2614
330 1147 1144 1183 350 3612 1143
2614
2614 3614
2614
3611
3621 2593
2593
3571
2614
3598
2614
2614
3565
3598
2614
2614
2614
3029
2135
3598
4619 1926 3394 4633 3390
3552
2614
1413 2614
3598
3598
4794
3612
3611
1530
3598
2593
3598
3611
3598
3613
2064
3612
3598
2594
3611
3612 2594
3598 2614
2614
2614
3618
3598
2614
3616 3617 3616
2614
2614
2614
3612
2614
2614 3598
2614
5927
3612
3598 3611
3565
3612
1944 2344 3452
3612
3598
3598 2614
3756 2593
3612
3612
2614
2614
2614
3384
3598
3598 2614
3598
2614
2614
2614
2593
3611
3621 3621
3598 2614
3611
2614
3598
2614
3565
2614
3612
3598
4873 5221
2614
2614
3612
5418
2594
2614 3611
3891 2979
3611
3575
2614
3611 3611
3611
1348
3611
2593 3598
3598
3611
3611
2070
3611
3612
3105 230 5539 4986 5539 5055 231 4980
2593
3612
4754 3611
3598
3598
2627
2177
3598 3395 4858 2416
2592 3612
2614 3598
2982
3598
1563 2674 3693 3691 534 3691 2894
534 1563 5065
3614
2614
3611
3598
2614
3615
1646 1112
2614 3612
3612
3613
3587
3611
3612 3577
3598
2614
3611
2966
3621
2614
3611
3612 2593
1348 1652
3612 3612
3611 2614
2614
3621
3611
2614
1348
3612
2614
3611
3598
2593 3612 534 636
2614
3612
2858 3598 2859
2709 4795 1419 637 1419 5058 4890 1419 3526 5058 529 1637 1419 5058 1621 3870 1419 1923 1923
2614
6004
3611
3611
3612
3598
3621
2614
2614
3524 1941 2614 2729 5527 2650 2046 2484 2265 2156 2729 1941 2180 3524 5527 2495 2950
609 231 637 609 231 1637
3613
3598
3612
2070 4754
2163 2127 4743
1348 1348 1348 1348 1348 1348
2960
3615
3615
3611
3618
5932 2894
3611
3613
5465
