2614
4097
3611
2614
3611
4287
3627
4287 3598
3611
3612
3130 2249 5136 2256
4289
4289
1639 5000 2064
3612
3621
3612
3613
4756
5138 6041 2958 2964 2957 3756 6032 2958 6034 2957 2068 6032 2958 6032 2957 3756 5932 2901 5146 2779 5991 2068 4740 2982 5051 2982 2068 5504 6032 2957 2951 2858 2958 2068 3747 3226 5829 2982 2802 2958 5146 5829 5932 2860 1558 2068 2866 4337 2982 6032
4287 4288
3621 3598
4289
5050
4287
2258 4858 3388 5066 2857
2614
2614 3611
2131
3617
3184 2904 4985 2426 4289 2865
1348
4287
3067
4289
3612
3611
5025 4629 3419 2919 1741 2069 2416 2509 2925 3395 5028 2855 2924
3611 3618
4639 3394 1932 2344 3184 3224
3611 3611 2603
3627
2614
3627
3627 4097
2614
3612 4784 5065
3627
2323
4289
3598
531 605 603 444
3620
3617 4288 3617
2614
4287
4288
2921 2924
1901
3612
1419 1611 345 1419
4287
2614
4288
2614
4288
3627
3611 3598
3621
4288
3612 984 916 1329 1298 1218 983 6048 2064 2919 5794 378 5992 983 633 1741 378 983 2064 2919 2892 2317 5992 3411 2321 2894
3587 2070
2614
3627
1207 4203
1542 2984 1630 1543
2560
1413 2022 605
4287
4910
3189 2082
3611
4253
3612
3612
3611
2614
4289
1926
2614
3068 2614
2614
3611
5793 1606
3612
3611
3612
378
3598 2614
3612
2591 3565
3565
2548
5098 5143
3612
3618
3598
2614
1348
3612
2614
3571
2581
3964 3183 2921 3419 5558 5056 5466 2344 1944 3224 1549 3419
1563 2614 5543 1563
2158 2344 4759 1944 3395 2023 2426
528 1639
4288
4287
3611 3587
3627
4288
2256 2989 5166 2986 5163
3611 3598
3612
3622 2614
3611
3611
3068 1935 3402
4287
3612
3561
2614 3612
3272 2071 1355 5028 3692 3173
3621
2860 2859 3029 4741 2071 3627
3612
6033
4287 3611
2614
3612
2593
2614
3565
3611
2603
3615
3565
1489 6035 5778 3394 2892
3627
3598 3598
1622
2591
2070 5419 6032 2070
3565
4287
4287 2083 2859 4624 1529 2083 1529 4624 2859
529 2455
4289
3611
3611
3627
3611
4288
2614
1925 2416 2614
5146 4635
2614
3611
3627 3375
3607
4288
3598 2590 2618 5090
3611
3734 1355 1992 3735 357 3096 5056 4752 5057
3612
1503 3612
3612 4289 3598
2507
3612
3598
2614
4858
2614
3618
3598
3598
230 1492 230 1492
2614 4287
3612
3598
3612
3618
3611
3053
2614
4289
3612 3618
3068 5157 2320 5789
3611 3627
2618
2455
3612
3611
3611 1622
3598
3598
3598
3627
3598
4287
3598 3627
2614
5980 5978 5792
3611
2595 3598
4289
2614
3627
2614 3612 3614
3612
3627
3611
3598
3452 3423
4289
4820
2614
3598
3611 3587 2614
4289 2591
394 1530
2952 1207 3224 2139 4883 2780
4287
3611
3612
3611
2864 2437 2858 4988 2321 2868 2416 2885 2317
1567 4881 1605 3464
2614
3612
3598
3176 1639 1530 608 2865 444 2020
4288 2614
3612
2865 3068 2919 2247
402 603 1530 534 597 437 445 608 1666 1634 1666
3611 3611
975 984 4500 4289 984 1218 977 1215 378 3411 1215 1219
4289
4289
4039 3627 3587 3611
5932 3389 2020 2868 2416 3389 1496 2455 2455
3627
4858 4635 1607 1733 2273 4289
3406 3693 5932 4278 2325 3388
2614
4289
3598
3611
3598
4287
378 1564 2879
2614
4288
3616
3395 1960 2885 2064 1355
5974
5826 5025 4986 5522 5027 230 4980 5826 230 5522 5424 230 4986 5826 230 5539 5027 4986 5025
3612
3612
5776
4289
3612
4287
2590
2614
4289
4288
3598 3598
3627
2614 2982 1476 340
2614 2894 1419 2894
2614
4288
1550 1606 2983 2156
2614
4288 2993 3824
3076 2463 3598
4289
2614
534
2614
3627
3611
3612
3577
3612
4349 610 1634 1762 584 3667 4636 529 1634 1634 1637 4001
3612 5826 2921 2886 2421 5166
4288
4288
1530 2040 1419 442 3611 637 2320 2952 3612 2331
3611
5794 5781
3617
4287
2317 3598
633 597 1648 626
4289 4287 5927 5065 4837 5521 2162 5132 4288 1531
3598
3612
3598
3611
6032
3598 2591
2028 2020 2614 2028 3612
4275 230 3452
1348
3567
2614
4288
3598
3587 3611
4884 2481 3628
2727 2514 2751 3627
1548 1574 5889
3612
3611
2644
1348 2614
4287
3612 3598
2614
3598
2614
3621
2510 2316 3222 3269 3224 3292
2068 2426
4287
3612 3598
4288
633 5556
3612
2005 2065 5798 310
3104
4287 2614
2614
3598
2614 3142 5107 4708 2036 1646
1989 3384
3561
3693 2418 4620 3421 2950 2316 3404 5218 2916 2025 3394 3173 1952
6032 3551 3551
4910
3628 4889 5157
5157 2317 5456
534 605 1634
3612 2618
2020 2083
361
2603
2455 3590
4288 3598 4288
2614
2982
6334
2872 2918 2424 2918 1466 637 1655 1466 1419 637 1419 531
4289 3611
2614
2324 2232 230 2158
3612
3068 3876 5074
5985 5789 5981
2614
3611
3612
2318 3394 3435 230
3621
4289
3589
3598
3611 4287
3612
5146 2071 1962
3391 2418 983 1219 2330 3224 975 5072 1575 983 1217
2904 2806
1931 3068 4347 2729 1941 2997 2464 2483
342 1503
3106 1355 2071 3428 230 3427 3068
1565 3413 3407 4794
3613
3387 2316 3875 4487 4988 2863 2894
2618
6032 3067
3612
2590 2555
3612
3628 4288 3627 4287 1348 1348 1348
