1812
586 2715 5490
2907
4003
3560 2759 3182 2206 3830
4029
2845 2838 6537
2084
2906
4005
2838 4030
2883
4016
6227
3427
1579
2883
2884
2883
4029
4016
3776
4016
6218 3215
3758
1014
3978 2906
3965
5794 6558 4625 5481 5794 4040 5794
3978
4029
4016
4029
703
2883 4526 2903 3978
4030
4040
2883
4032
2790 1972 5218 594 2189
4029
4029
2313
4016 2884
1088 1356
3788 1507 5478 3814 3189
1783
4030
2575 3780
4283 4181 2482 3186
2883
4030 4029
4030
2904 5494 4425 1625 5496
4030 4016
4030
4029
2884 6247
4029
4029
4029
4029
1656
1782
2101 2838 2100
2838 2863
4031
4016
4016
4016
2575 2306 3801 3782
4030
5341 1937 5798 2084 1345 1078 3788 424 2907 6558 3788 424 1345 1078
4029 2904
4029
2883
2883
3179 3195
1572 588 671
4030
6802 1734 5207 1574 1970 5642 4334 5207 6802 2718 1717
702 674 594 488 596 1695 660 657 671 1572
3194 5810
703 1626 2313
2623 5306 3355 2384 3187 4118 6804 1507 4421 3357 1770 3789 3093
4029
3964
2895 2882
4029
4003 4029
703 6559 6093 1812 491 673 1695 1695 6559 1626
3978 3978
3426 6558
2884 2121
2313 6263 6193 1770 6106
3978
2883
2884
4035
1979 1819
2853
4016 4029
4016 4016
4029
4029
4003 1695
4030
2904
1579 2527 1819 1579 1819 2527
4029
2884
2883
4016
2907
2091 2845 4030
4032 2838 2839
2845
2265 2226 2745 3867 4164 3784 1637
4335 2588
4016
4697
2883
2882
4016
4016
4030
2884
3807 3815 6093
4016
4030
4016
4040
4016 3007 3195 6214 6822 3196
4035
4030
4031
4029
2313 2189 3782 2403 2184 1935 4322 3789 1708 1507 4783 1736 2577 5695 6199 2175 2766 3196 2173 2319
1781 1781 6768
4029 4030
597 1805 671
2709 6559 3789
5503 5511 5203 5844 3793 1507 5878
4030
4005
3978
4029
2883
4029
4016
3180 4557 1812 5481 2717
4030
3577
4030
4029 3978
2851
4016
424
6804 6809 6804 6809 6809
4029
2904 2907
4029
1810
4036
4030
6624
5388 6186 3991 4033
4016
4030
2312 2883
2907
4040
5478 6166 3240
4029
4016
1812 1572 671
4030
4652 4557 2183 5695
4016
4030
4016
3978 424 1345
1507 2306 3784 6570 1733 5209 2694
4007
4040
2084
1828 1626
6726 5428
4016 2884
4029
2884
2883
4029
4016
5404 424
4030
1625 2865
2893
3991
2907
4016
4016 4029
4016
3011
2904
3776 3426
3932
2838 2883
4030
4003 4003 4003
3978
4016 2904
4029
2904
4030
4016 6504 5369
5717 2312 3305
2838
4029
1361 1089 4016
4029
1819 2307 2746
2883
6800 3381 5794 4030
4016
4016
4319 5698 2883
4016
4016
3784 5711 5877 4331 6687 2155
4029
2709 5180 2306 3806
2904 4016 4031
2884
3978 3978
4016
4029
1265 389 1330
4029
2883
3788 5496 3549 5478 1507 2173
2883
2696 2148 2530 5794 3460 2736 2335
1716 1716 1716
3519
4029
1695
4029
4016 5503 2312
2893
671 1812
2904 4016
4030
4016 4016
4030
4016 597 671 649 2884
4029
4033
4016 4035
1695 1626 4016 1821 1579
4029
2313
5503 3219 5478
2883
2883
4016
4035 4034
4016
4029
2883
4005
6591
2288 2312 5481 2264 2715
4029
4016
4016
2907
6218 2790 590 1812 661 1572
6803 2193 2709 1355
6727 5502 2883
2893
4029
4030
2883
2311 3789 5634 3819
4029 4003
2907
1936 3213
1979 2665 3226
2883
1695
4016
2792 6143
3577
4016 2904
2884
6209 2721 1507 3219 4322 3828
4030
4005
657 702 649 1782 1652 384
4030 4016
1268 1838 1334 368 2312 2181 3247
2446
4030
5798 2176 3560 3188 3831
4040
4030 3978
4030
2907
4030
5478 2164 6687
1660 3548 3190 3189 702 1810
4030 4016
4029
2907
1742 4557 260 5744
4030
2884
4016
4030
4029
3227 593 1810 1825 4016
2907 2084
4007
4030 4016
2883
4016
2883
4016 2578
2860 2837 3722 2861
2440 2838
4030 4016 2904
2882 4030
3577
1937 4421 3787 1932 3196
3978
4040
2904 3735
2882
2883
4029
2883 2906 1656 1656 4030 2883
4030
2883
2907
4029
4033
3426 2883 2766
2884 4016
4030
2904
4029
2884
4016
2850
1361
4016
2907
4029
4016 2906
2306 2792
1937 3552 260 6245
4016
4016
4036
3991
1655
4016
4031
4016
3426
1707
4016
4016
3892 6687
4030
2883
4030 2904
1664 2091 2845
2519 2175 1507 5877 3186 3185 3548 2772 5125 2014 2667 4118 2319
3978
2884
2240 2883
3018 4016
2845 2839
4016 3072 2384 3001 3089 3077 5478 3926 6793 6792
2313
3122 2076 260 1507 3093 1507 2076 2265 4783
5572 3181 3805 5810 4016 1642 2122 2850 6218 1642 3426 4005 3194 2312 3196
4016
2845 2838
5713 6558 5744 3256 6208
4016
3978 2904
4029
2704 2319 4203 2384 4118 2306
3019 5181 5222 6263
2883
2904 2845 2091
1742
2846 4532 4016 4030
4016 4029
6189 1714 1700
4030
5716 4495 1736 4557 4727
4030
2845 4030
4016
4016
1695 1579 5557 2883
424
4029 4029 6116
4016
2851 4040 4016 2861
2904
4031
2884
4030
4029
2883
2883
4030
4016
2882
4029
4016
2906
4029
2907
4030
1579
4029
1694 1695 4016 4030 4016
3967
4040
1579 1729
2576 2694 3189
1354 6222 3549 1008 4557 2568
4030
4040 4016
4016
3195 3552 5879 5879 3247 5810 3546
2084
2907
2311 5617 260
4040 2884
2584 6222 260 1507 3323
4029
4030
1642
4005
5798 4285 4284 4030 2717 2713 5798
4029
4016
4029
4030
4003
4016
4016
4016
4016
4030 4016
4030
4029
1695
4029
2097 2850 2078 4029 2849
4029
4029
1643
4030
4016
4030
586 596 488
3974
4029
2883
1672 2318 6803 1507 4203 1661 2175 4202 3258 5405
4029
6527
5810
2883
2884
2883
3978 2884
2427 2408 5809 4286 5664 4016 4284
3218
4029
2883 3748
4029
3978
4016
2838 2839
2904 5496
4016
4016
3402 3362 2653 6199
4016
3966 2906
4030
2156 1695 6801 3782 2965
5697 3780 3781 2313 6802
2907
4029
6229
4029
4030
4016
4029
2883
4029
495 5676
4016
2446
2883 2850
3323 2527 260 2148 3323 2158 2759
4016
6548 2839 4016
260 2313
2884
6249 5808 3323 3339 2218 2219 1778
4016
4030 4016
1656
2883
4016
4016 3978
2764 3241 2277 2765 5218
4034 4029
2907
4016
4016
4033
6728
5496
5622 3240 2884
2893 3991
4016
2849 2857 4016 2845 4040
2089
6726
2906
424 261
4016
4005 4005
6173
4558 260 5662 5709
4030
6589 6589 6589 6589
2883
2696 3226 2736
4031
3737
1754
1357 1012 424 1082 1356 1016
3784 3533 2736 3196 3189
4032
4029
4030
6547
4799 5505
3577
4016
3199 2158 1507 5162 6500 2719 3559
2869 2871 2211
4029
2838 2884 2091 4030
4030
4029
4029
4029
2906
2313 5713 4557 4016 3788 5635
2265 5878
4029
4029
2907
3357 5341 3357
2849 2845
4041
2702 703
2884
3978
4029
2530 2531 2544 260
3213
3181
2904 4016
3977
2318 2318 2318
1361 1348
2838
6827 3797
1265 1320 368 389 1838 1319 1695 1324
4029
4033
4029
2850 2884
4016
4029
4031 4016
2838
671 650 1810 450 490 1629 1658 702 488 490 671 450 665 1658 702 488 671 450 1658 490 1629
4029
4191 4191 4191 4191 4040
1717 2306
4016
2907
4016 4041
1812 5478
4040
6682 1677 1700
5676 6212 5640 260 3310 3323 5794 6212 2534 5671 2193 260
4181
3978
4029
2884
1828 1819 1626 1694
4030
2091
2660
3978 4029 3978
4029
4030
1642 667 593 499 1694 1272 389 368
4029
4657 2925
5744 5160
3189 3801
2719 2838
4030
4030 4029
6541
2883
2884
2838 2091
4030
4029
4030
424 1217
4016
4029
2770
4029
2907
3552 6559 2273 260 2579 6632 260 1507 2790 2764 5810 2983 1360 1345 6508 5500 844 1507 2790 2403 2193 6683 3229 3453 3182 3199 3229 6143 260 6817 2766 2983 260 1507 2766 6222 6143 5810 3229 4320 6683 4317
2527 5495 6222 260
4040
4016
260 1185 1189 1728 260
3953 2883
4016
4031
4029
2886 4402
4029
4030
4029
3859
1717
4030
3519
4035
4030
4029
3784 2709 2713 2306
2883
4030
4030
4029
4030
2883 4031
4030
6547
4029
2883
4016
2904
4030 2883
3664 4319 3868 3324 2181
4029
6173 2158 3338 3759 5879 2509
2845 2838 2091 2864
3219 3220 2736
6133 4029
5207 260 5814 2313 2156 1507 2152 260 5814 260 1507 2156 2764 3310 260 1507 2156 260 5814 2152 2585 5744 2307 2156 2152 260 5814 2584 2764 2585 260 260 4478 4480 2193
4030
2904
3978
4030 4030
4029 4016
4016
2906
260 1507
345 5764
3532 260 2587 260 2587 5481 260 3532 2587 6251 260 2773 1507 260 2932 6208 260 2773 260 2587 260 3532 260 260 6827
4029
2883
4016
3969
4030
2094 2848
4016
3524
2746 260 6263
4029 2845
3978
2883
4029
4029
1742 3662 3659 5696 1507 2709 2577
4016
4030
2883
2907 1501 3979 2907
2884
3978
2265 2883
2091 2864 6546
2884
3762 3760
4005
596
2091 2845 6183
666 588 488
1355 1367 1346
2772 2313
6682
3782 5495 3426 3806
1819 703
5695 3199 5789 3601 2739 260 2667 2384 3345 6194 3603 260 2699 2699 3345 2718 5695 260 5789 2667 2384 3324
4030
4029
4030
4016 4003 4029 4016
1971 5167 3186 2311
4029
2983 2623
2882
4029
4016 4030
2936 4030
1971 4525
260 3324 3339 6199 260 3357 5207 5643 260 3435 5640 260 2932
4016
4029 2907
4029
6727
594 596
4016
1660 1660
4036
4030
2965 2384
3978 1812 1626 1825
4032
2849 2845
4029
4030
2306 3199 5354 5847 6797 3190
2849 2845
4016
4029
3254 4118 5714 5794
4030
4029
4016
391 5422 5422 391
4016
2883
2695 2528
4029 2845 2838
4030 4016
3978
4016
4030
4030 2838
4030
4030 4029
2792
4029
2893
1675 1675
3341 3208 3246 1717 6138 3340 3197 2694 6801
4016
4030
657 598 2699
5692 5692
5478
4016
6196 3219 1507 5496 3426 3196
2883
4030
6208 6500 3427 2593 260
4016
4016
3978
2904
5453 3559 260 3310 3310 6558 4625 2838 260 2091 5794 6263 260 3558 6263 5794 6251 260 5794 4525 2193 260 3342 260 3310 5453 4525 260 3556 2587 260 2587 3556 3342
2882 4029
4016
2907
424
4035
2091 2845
5504 2091 2883 5478
2871
1656 2893
4029
4016
2882 4030
2883
4029
4030
424 2883
2871
2313 3560 588 2590 1626
260 3218
5622 5635
5222 6245 1797
4029
2883
2885 4016 3414
3295
2312
2891 2884
4016
6803 2850 2130
2809 3859
4016
2884 2845
2427 3188 1507 2696 2320 2534 1675
3427
4016
1572 659 649
4029
1672
4016
4040
1579 703
4032
2746 5709 2306
4016
4030
2207 260 6558 3784 1361 261 1088 1010 1355 261 1361 1010 927 1440 1088 3818 260 2772
4029
2161 2219 260 5708 2161 5710 260 2534 2534 5698 5708 1507 2161 260 1507 2161 2168 260 2161 260 5810 4317 2161 260 2168
3978
2853
4029
4030
4030
4029
2306 5810 5810 2306 260 2313 5810 5810 2313 5810 2306 5810 2306 2306 5810 5810 1507 260 2306 261 2306 5810 1507 5810 2306
2853 2845 2883 2861
4016
4030
3648 5404
3780 3781 5478 3194
687 1188 260 695 486 690 5794 2587 2335 1192
4016
2883
2884
3974 5810 2736
3776
4030
3427 260 1642
4033
5672
2883 3978
4030
5403
5157 260 5610 2403 6195
793
4323 6822 260 3356 6822 260 5222 6818 3627 3660
4029
2891 4016
4030
4029
2918
260
260 4272 2168 260 2206 6822 260 1507 2156 6643 4525 260 2717 3323 2156 5744 260 6624 2704 4298 3323 260 2530
3551 3093 2669
3558 3556 260 260 2587 5794 3310
4016
1648
2851 2857
260 6508 5500 5698 2156 6822 260 6173 6624 4625 1507 2472 6822 4480 260 2168 260 3780 1507
260 5125 3499 1507 4337 3839 260 2587
2907 4016
4033
2883
4030
6809
4029
2906
4041
664 598 702
2883 3978
5341
3214 5478 3012
1700 6682
3978
3077 2185 3426 2486 3247 4620
4040
4030
3978
2893
3083 2472
2736 6208 260 2403
5495 260 6764 260 4578 260 2312 260 2771 5717 2313 2771 260 1507 260 2288 2164 260 4317 260 2694
3426 2883 597
4030
2883
6624 3559 260 6245 2219 260 2152 6251 6624 260 5744 2219 260 1574 6251 260 5794 6624 5698 6251 1574 260 2384 3556 2764 260
4030
5404 1782 5794 5505 5879 3381 2405 2578 2736 5879 5404 5477 5505 1782
2883 5501
3546 3548 2429 1733 5496
6173 260 2219 1507 5715 1507 2595 260
424 1341 2840
260 1507 2765 2771
4016
1810 3186
2883
260 3426 1698 2579 2774 4478 260 6251 1700 3427 5612 260 2774 260 6801 2405 2147 1507 2534 3426 5713 4322 5714 1777 260 1683 2277 260 3533
2883
5877 5092
2882
4016
6801 1348
703 1797
4029
1935 4652 1507 1932 260 2161 1935 2313 260 4317 3310 1935 260 5794 3547 260 1935 3324 1935 260 3229 2579 2159 260 2161 1935 3783 2585 3533 2716 260 1507
1801
2907
2884
4029
4029
2696 3196 2091 1782
4030
6804 260 5708 6251 6804 260 6804 6251 260
2907
1579 1828
5481
4029
4030
5499 2139 6682 4526 4068
2736 5877 1758 1742
4016
5478 1695
2883
3427 5497
5502 2886
2119
