2545 2311 5048 4117 6801
4016
4035
3869 3196 5709
4016
3784 2318 6199
424
3787 3190
1358 3813 1440 4612 3797 2695 2771 4331
2904
4029
4029
424
4016 4030
4016
4557 1507 2169 2943 4337 2427
2312 2736 1507
4016
4040 1366 1361
3788 3471 4123 2741 4421 3266 2623 6804 3473 3355 3093 3180 3082 1507
5203 5205 5218
3237 3219 5478 3788
3741
4173
3859 2269
3991
4030
2904 4016
2904
4030
1741
2736
5504
2310 4784 4608 3821 1507 2269
4016
3293 2663 2965 5218 2482 1655 5666 3459 1507
4040
4030 4030 4030 4030
4016
2881
1708
2883
2402 3785 3190
2881
4029
2904
2881
1649 2904
424 1345
3379 3426 386
4016
3718
2851 4016
2169 4783 2313 3788 3553
3220 1716 5493 2796 3782 3551 4118 5642 3427 3323 3784 2168 3556 3546
3427
2893
2881
4016
699 1654 346 1092 924
4030
2158 2313
5499 5214 2181 2312 2594 3829 5622 6512 4793 1507
4029
4016
590
3194 2957 3219 3797
2908
3218 1660
5355
2904
4030
2908 2893 2893
1345 2528 424
2313 1366
1361 261
4706 4030 5878
4029 2904
4016
261 2669 4163
4016 6754
4123 2384 6801 2270 2623 2766 3381 5250 3186 3473 3788 1507 4421 2270 5844 3381 6255 5515
2904
5204 3788 2402 2269
5514 3831 3191 4784 2773 2575
2577
2594 6559 6568 2594 3093 424 3784 3333
4030 4016 4040 4030
2883
2904
261 1367
926 4016 1089
4030
4030 2859 2881 4526 4040 4040 4526 2881 4016 4040 4030 4526
2584 6230 2405 2482 2957 260 1507 2764 424
4030
4016
6248
2994 6527 2587
4031
424 1345 1367 261
424 2261
4030
4033
2908
261 1366 1361
2904 4016
4030
6149 5404 5502 260
4016
260 260 6093
424 261 844
260 5879 5715 1936 1708 1507 5879 1936 1708 260 1655
424 260
4016
4016
260 6172 2736 1507
260 6098 6099
4030
4029
927 6801 5676
260 2491 2403 2424
4092
2883
3973
1346 1356 424 1089 4016
1088 1355 424
261 424
2904
1088 1356
261 1361
2125 4030
3241 3807 2764 1810 3806 5642
4030
2908
6801 4330 4790 5478 5877 6241 1507 3176 3784
4029
2893 2883
2618
4016
4016
4030
698 1131 1088 1015
1360 261 1366 1440
2277 3564 3190 261
4030
260 3264 5610 2694 260 6263 2313 1507 260 5619 5610 4317 2579 260 6624 2764 2193 3556 260 2579 5610 5610 2696 1507 6245 2579 2313 260 5610 2983 2313 2277 2527 2713 5610 2579 260 260 2587 4317 260 2713 2764 2313 396 2193 2587 3556 260 2193 6173 6263 5619 2313 260 2579 5610 2193 6263 5619 260
6222 6822 6818 6817 260
4016
1695
5798
2918
4029
4512 4514 2318
5754
261 424
4016
3552 260 3829 2695 3829 2587 1935 1507 260 3552 260 3258 2716 260 2716 6822 6817 2587 2716 260
3123 2794 2185 6803 260
6199 1507 2983 260 6218
260 5695 5620 2287 3426 5713 2227 5620 260 261 260 5620 3426 6230 3291 3426 6230 260 5620 3426 6230 5620 260 5663 5614 260 5665 6230
2947 6189
4029
6547
4030
2384 5845 3082 3190
1477 1439
3236
261 6251 424 6263 260
396 5614 4514 3793 1654 5610 5203 5205
4030
260 5404
5633 6817 1792 2076 3310 5782 3356 1507 260 3342 3355 3427 1507 2932 260 5782 2326 3310
5798 2584 3427 3427 2718
4040
2313
4016
4029
4030
4016
1016 424
1367 1093 261
261 1366 844 1361
424
424 3978
3426 5494
2881
4032
1825 1695
2588 2868
2155 3220 2709 2270
5715 2207 260 3190 2205 3191 2207 260 1088 424 1355 2205 3190 2207 260 261 1355 1088 1361 2207 260 2205 3190 261 1358 1088 424 3191 2207 260
2904
260 6801 2491
2898 6655
1683 1348 1367 2193 5477 3427
1699 6506 2156 5798
4772
424
2482 1016
4164 5610 3552 2164 260 5620 1507 2313 260 6801 2771 5798 1507 2171 260 5610 2307
260 5619 2704 3229 2490 3796 260
260 5610 2313 2736 2313 3176 260
3262 260 6801 6803 3806 260
260 3866 2587 3828 260 1937 1936 2384 260 3093 2587 260 2306 3867 260 2306 3828
2893
3426
3182 2588 260 260 4611 3851
5794 260 1935 3218 3546 260 6245 2736 260 2336 1935 5610 2736 3190 260 5495 3806 6803
260 2587 5205 260 3310 3565 2161 2587 260 3783
2696
2904
3813 5262 3788
3123 260 3851 260 3851 2306
4317 2996 2587 260 2694 2667 2972 2932 260 260 4421 6251 2694 260 5640 1507
260
4030 3290 6744
4030 2893
4016 2156 5847
6525 2595 3238
5698
2904
4029
588 2771 1629 675 2164 1507
4029
5619 424 2319
1793 6812
5676 6178 3789 260
353
3978 3978
1683 260 1724 1662 1699 1681 6801 260 1793 3427 6199 260 3229 6801 2713
260 4337 5696 2587 3887 2736 1715 260 1778 4334
2881
2844 3737
4341 260 2594 260 2546 4341
1793
2306 3796 2702 260 6506 3548 260
3426 3805 3293 4512 3806 3817 5369
2736 260 6687 3785
4033
6559 5500
261 1361
6801 5622 3822 1742 2313 3196
3758 6089 3775 3760
6726
