4030
4030
4029
5478 1715
4030
2168 1717
4016
4005
4029
4030
4029
4016
5798 2169 3978 2893
4029 1656
2488 4032
4029 3978
402
4030
4173
4029
4029
4029
4005 2736 6199 4005
6810 4040 6803
4030
4016
4173 4016
4016 2904
4016
4016 4005
4029
4173 4033
2169 5404
4016
4035 4034 4035
4016
2904
2881 4033 5502 5502
4030
4040
2736 2168
4029 4003
4173
5432
5478 2169
1673 6098 4433 1683 4016 6107 6113
4030
3978 4030
4016
4029
4029
2904 4030
4031
4031
4029
6803
4029
1656
4030 4016
4007
4030
4029
4016
4036
4016
4029
4016
4029
4030
4016
2704 2708
2904
4031
4030 4029
2902
4029
5478 2904 2168
4016 2169 1717 4016 4029 4003
4007 1656
4035
2307
4040
4007 4003
