2317 1655 2455 3882
3622
361 4097
3611
2857 3892 2876
3068 2594
3598
3612
1419 1530
5552 3029 1646
3614
6034 2957 2958 2416 2957 6032 2845 2957 2955 6032 2958
2614 2070 2509
3692 2418 5098
2614
3618
3598 3598
3612
3565
1190 1158 1141 350 330 350 1192 3621
5825 4975 3105
3616 3618
3598 3598
1530 1466
3598 2603
3598
3611
3394 3068 2884
3614
2593
3611
3598
3615
3612
3565
3394 2417 4872 3411 916 1622 5007
3598
2593
2614
3612
3611
593 1976
4659
3612
361 4097
4719
2614
3598 3615
1563 1563 534
3621
3611
3598
2594
1508
5070
2592 5451 2240 2595
3598
2614
3616
3611
3611 2593
2593
3598
3612
2614
3611
2614
2550
3612
4071 4870 2518 2028 1356 4070 2517 2076 2029
3598
2614
3391 4619 2865
2994
3598
2603
3598
1500 2614
2614
3614 2593
2592 2594
3613
2438 4045
2614
3611
2614
3618 3612
361
3621 2590 3579
230 1992
3611
3612
3565
2561 2511 2870 5431 5458 2560
2591
3565
3611
3577 2591
3598
4099
2593
2593
4890 3188 1491
2614
3613
3598 2614
3565
3598
5932 4794 3612
3598
350 440 330
3611
3611
3173 5880 3598 4890
3611
2614
3612
3621
2614
2601
1348
2614
2614
3611 2611
3612
3611
5539 5424 230 4986 230 5539 5426 4986
3615
3612
2614
2603
3612
3601 3611
2593
4438 3611
2314 2416
3598
3891 2281 5500
2614
2614
3612 3612 3612 3612 3612
2593
3612
4574
3068
3611
3611
2614
3598
3612 2560
3611
2232 2163
3612 4989
2065 3465
4071 1582 2289 3413 2344
3612
2596
3612 2618
3067 2302
3598 3598
2614
2561 2859
2614
2614
3611
3612
2071 636
3620 3353
609
3598
5883
1348 1348 1348 1348
1590 1576 1768 4853 5167 4361
3614
2593
1338 5825 1484 3068
