586
4016
4029
6727
4016
4030
4016
2850 2906
4030
5403 4005
5794 5794 1729 1729 5794
1377 4030
4016
3547 2307 597 590 5511
5878
4016
4003
4016
4030
4030
4029
1695 703 1734 4090 1734 703 6822
4029 4003
4029
4030
4030
2883
4029
1643 597
2883 4016
4040
4030
1731 1742
4016
4029 3558 4016 2307 3548 5695
4029
2893
6199 4030
1579
4016
4029 4030
1764
3788 2184
4016
586
4029
4030
4030
4040 2907
6802 4659 1717 2718
4016
2883
4016
4031
4119 4118
4030
4016
2907 4030
4016
3978
2527 1695 1579
3969 2883 3978
2265 2226 3866 3229 4164 2745 1507
5804 5404 3048 2589 5698 4335 4016 2588
4030
2883 4030
2883
703 1697
4016
4030
4328
671 594 590 1805
4030
2884
4030
4016
4030
4016
2904
6589
1810 3427
4029
588 488 671
4030
4029
5405 3194
6805 4016 6803 6804 6806 6804 6805 6809 6804
4005
2906
4016
5599 2853
4033
4016
6186 3991
2669 5662 1729
2240
5222 4636
4016
1579
3659
4030
4036
4030
4003 4003 4003 4003
4033
3427 5671
4029
2313 1819 4016 2759 2313 4078 2796
4016
2893
4030
6543 1764 4540 3743
3978 3978 3978
4016
1810 671 671 702 1812
2883
5814 3239
4005
703 659 671 594 1840 671 4016 495 665 1812
4016 2904
5642 1784
2883
3227 6801 2709
4029
4030
4040
4030
2883
4029
4425 3426
3190 1717
2318 3220 4016 2746
4030
2904 4016
2907
4030
3381
4029
4030
6687 3789 1828 1828 1828 593 6687 6687 6687 1729
4016
2883
4016
4032
4029
3978 4030
4029
4030
3978
2904
4016
4016
4936
6558 1828 2193 1819 4525 1507
4029
4029
4016
4030
4016
4016
3381 2696 4016 2765 5642 1699 3381
3229
2536 5404 2794 2792 6255
4016
4029
2313 3784 2790
3978 2883
4030
4030
593
1016
4030
384 1782 1828 1579
4031
4029 2884
2883
2907
3978
2893
2907
1935 5496 3181
4031
4351 2484
2696 1812
2587 6189 6500
2907 2883
2883
1694 4030
4016
2904
3189
3546 5879 3195 5810 5634
4030
4016
4030 666 1812
6801
3195 2306 5708 3219
4003
3789 5709 4016 3784
4016
2907
4030 4030
2888
4016
6801 3427
4030
4016
5622 5879
4029 4029
1778
4016
4016
2767
4029
4016 3978
4029
4016
4016
4030
2904
4030
3985 4033 3985
4030
3978
4031
5701 1778 3893
703 1695
3978
2884 4041
4036
4016
4016
4016
4029
4016 4030
2312 1642 597
4016
4191 4191
2882
4003
2904
3426
4029
4016 703 1694 703 1694 499 1810 593 1825 1819 703 1579 1694 703 3427 1579 1819 1694 1810 665 593 499 703 1694
4040
3801 3801
4016
4030
1717 1675
4016
4016
5744 260 6252
1507 5511 2883 1683 3978 2313
5714
3978
4298 1792 260 5713
4030
3196 1717
2907
4030 4029
4035
2907
4029
4030
4040
1669
4033
4029
4030
5222 4137
4016
4030
4030
5834
4029
3978 2125
5676
659 597 702
4016
4029 4029
4029 2847
260 5056 3229 3227
6194 3189 5218
3978
2906
6729 4016
4040
4016
2589 260 1664 5798 3199 2695 260 1733 260 2313 3258 1733 3199 2193 5695
4016 4030
4029
4016
4016
4030
4029
4421
1579 1819
2907
596
2933 2694 2953
5494 5502 5494 5502
4016 3978
6687 3195 590 1579 703 4016 596 1729 596 1812 2694 5496 3195 1812 5695 593 5708 6687
4016
6525 590 4016 6179 2608 3532 2311 6196
4030
4016
2868 4016 2269
4030
5708
3199
4016
4029
5692
4029
4029
4365
4029
4029
4016
4030
4030
4030
4029
6218
3226 3012 5635 2577
4016
4030
4029
5343 6803 3244
4040
2312 5808 2010 2164 2147 2229 2312
5149 2883
4029
4016
6143 3787 1579
4016
4030
2168 6262
6222 260 2306 1507 5810 6222 1507 5810 261 2306 5810 260 6222 1507 2306 5810 1507 6222 2306 2313 5810 1507
2884
4029
1507 3667 5203 5617 3807
4033
6125
4030
5782 1810 593 260 5810
4030
5698 3648 3426
4029
3180 3181 1714
4039
5477 5879 5878 1664 3195 3810 2577
2884
4030
2736 3797 260 3914
2883 3978
5478 2408
1695 3427
2852
4191 3296
4030
5478 6802 6802
5708 1733
1793 5879 5879 1793
4030
703 676
382 3427 1679 1729
4030
4035 4034
