3460 1664 2578 3553
2904
4030
3776
2933 3194 5166 2759 6559 5215
4030
5810 3796
1812 671 4016 586 491
4016
3978
4029
3978 2883
5478
3195 2261 3196
6227 3225 2904 3781 5794 3821
2904
4031
4016
3991 2891
2126
4030
6803
4030
4016
1355 698
6199 3254 3259
4016
1579 1695
3426
6682 5502 5496 5494 5222
1717 2736 3426 4927
6624 2306
4016
4029
597 1629 1825
424
3195 3840 5744
3229
3254
2883
3784 2207
4016
4016
3817 3842
4927 2904
4030 4030
3977
2904
3218 5614
4016
3093 2227 3293 1507 2313 2568
1440
6793 3194 2409 2244
2240
4040
424 424
1015
4030
2904
2326 699 4888 424 2902 2881
1777
2904 4029
2904
2313
6169 1754 5713 6822 6789 5514 5836
4016
4029
2904
2904
6558 2794
2904
5794 1717 2736
5701 5207
3427
4031 4016
4016 4512
1724 1819 2261 5481 5481 598 2715 5344
3978
4173
699 1084 924
424
4040
2904
4029
4030
4016 596 499
1345 261 261 1345
2936 3533 2307 3347 3797
1089 1357 1088 1356 424 926
1507 4793 3851 5394 6506 5662 2594 4793 4322 2156 1507 3238
4029
4030
1361
3190 5478 6251 3789 1508 5642 3781 5342 3821 2965 2587
4029
2904
2174 5494 6624 2189 5619 5204 2778
3427 3310
2881
2904 5494 5502
2883 4040
3780 3831
4030 424
4029
4016
5798 5810
424 261 1348 1361 261 1480 1438
5494 5502 3192 4511 3190 5478
6687 5502 2184 3784 260 2736
926 261 1356 1092 1355
2772 3821 260 1507 2568
5698 2572 4016
2904
1357 1009
2881
4029
3229
1572 674 593
1658 669 499 671 1695 588 488 1670
1367 261
4041
1358 1088
2446
4030
4033
2261
4030
3189 2313 5218 2568 3227
4030 4030 4040 3335 3978 3335 4030
2774 424 260 2584 4525 261
2565 2402 5878 424 6199 6217 1361
3764 2904
2904
4173
4029
3123 3260 6804 1507 4557 2318 2189 4202
5794 3532 3817
2353 5499 2575 2893
4030
1088 260 1355 424
3194 5125 3093 2189 3236 2384 5663 3869 2277 5665 2694 1507
2904
261 424
2704 3191
698
2193 4525 2194 3052 2778 2194 260
4030
3189 3782 2590
4040
4016
2792 260
3829 2736 4790 260
2183 2181 2185 260 2185 1507 260 2184 2181 3870 260 3871 2226
1507 4512 5671 4265
3899
2881
588
1006 1358 1355 698
4030
4030
4016
4030
1361
260 2471 6196 5794 5222 2534 260 3427 2736
4040
4033
4586 5478 3218 3784 5205 5218 4784
5404
260 2169 2161 6199
4032
4016
1016
4030
1579 676 669 1828 1697 260
4029 4016
4030
260 3560 2764
3552 3229 1935 3553 5696 260 2578 2663 6222 4450 1786 6817 6822 260 2384 5698 5696 260 2983 3199 5696 2577 260 1507 2579 1724 6222 2577 5696 2766 260 2983 6817 6817 2579 1507 2577 1642 260 2983 6822 5820 4331 260 6820
6529 5845 3788 3238 6739 4016 2266 2594 4202 5086 6500 3532 1507 3219
2546 5503 260 6138
3189 4478 3190 3813 1507 3241 4265 5878 5697
260 5494 2771 3218
4030
3978 3978
424 1131
4030
2335 2857 3191 3551 4030
2904 2126
2189 2174 2881 3199 1507 2704 6189 3194
5620 3533 5208 2384 3182 6559
692 596 649 591 1807
4103 3514 1508
814 700 492 1845 594
1695 586 596 1840 2904 1812 649 1695 1840
4016
4033
2904
1626 500 1629 1579 1828 3532 260 2773 260 2577 260 2587 1507 2595 260 3324 260 3532 3532 260 5496 260 3533 260 2773 3556 260 260 2773 5794
3427 3426 5714
2881
2709 4525 5798
6099 2261 260 6104 4102
3090 2882 5744 2736 5511
4030
3978
5516 6173 3052 2608
6860 346
424 1345 261
6865 4030 1664
5478 396 4511 2568 3427
4040
2568 5250
4030
2764
2904
4040
3821
2313 5820 2733
1734 3195 2594 2593
4879 260 3291 2161 2588
1664 3785
4317 260
2310 5877 5404
4016
2263 2736 3236
4031 4033
1012 5622 2765 261 1013 1358 260 424
1227 1695 368
6558 2589 5535 2947 3389 3602 3391 2589 2318
3806 3805 2595 3796 3831 3532 6558
3266 3787 260 1440 261 1010 1088 927 424 424 1355 1010 1088 261 3796 3787 260 260 424 1358 1088 1355 3821 3781 260 261 1089 1355 424 1358 260 3829 3859 6559 261 1361 1088 1355 3829 6559 260 3818
6199 5710 260 6199 4317
3787 1640 260 2796
261 260 6248 5502 6194 5794
3546 2771 2765 260
1572 5494 669 596
4030 3236 5341 3926 2173 3602 2185 2904 3219 2579 5671 3926
5502
2893
1783 3437 4317
3559 6559 5797 2593
3787 5222 5877 4118 2482 2694 5711 3243
6199 5642 2181 5845 5619 3789 3781 3799 4016 3565 5496 2904 1716 4016 2313 5478 2316 3565
2766 3199 5218 2313 1507
4030
1825 588
4030
2206 1507 260 3783 260 2717 2288 2718 2287 3601 260 5794 2277 3603 4525 1507 2159 2577 260 3199 260 3601 3603 260 2778 260 5633 2159 6197 6263 260 3565 260 6197 6624
1810 260 1695 675
4029
3827 260 2156 703 1828 1579 1629 260 2608 2994 3603 3052 2772 5798 1507 260 5222 2161 260 2577 2718 1507 260 260 6197 2608 2778 3323 2716 260 5633 4525
3979 384 6199 1782 3019 2665 1361
2269 424
5635 1778 4337 1016 5622 3532 6218
1770 2485
6624 260 2384 6173 1579 440 703 692 3218 260 2385 2386 2736 2386 2385 1937 6624 260 2219 6251 260 3547 6624 2164 6624 6251 260 6759 1935 260 1507 5798 6173 6529 5798 6624 260 3546 1937 1507 2766 5798 260 5478 260 3218 5478 260 5610 6251 260 6624 5794
5619
2161 6564 6565 1507 260 4298 260 3828 6817 5404 6803 4478 260 6565 1507 1507 260 2587 2790
5515 6251 260 4203 4557 4558 260
260 1507 6196 2307 260 6801 2764 6196 1507
6189 260 6197 260 2587 6189 1507 260 6197 6197 260 2531 6189
2193 2161 260 3339 3218 2736 260 2716
3788 3562 2264 3821 1016
4030
1742 5207 260 6804 260 2164 5676 1742 6804 1742 2164 260 2164 260 5502
4030
3978
6804 260 6506 3310 260 5782 6196 3532 260 3533 6801 1507 3796 260 5348 3533 1507 260 2736 260 6209 4317 1507
4029
3787 3218
5622 5496 260 2587 260 3356 5744 6817 6251 260 1758 3532 6818 260
3238 5877 3780 3218 3265 2721
5640 260 6803
5496 3782
2764 6106 260 5710 4317 6199 260
5511 3821 4115
