1498
5671 5505 5404
2904
4016
4029
1579 703 1640 380 6225
2084
4016 4029
4029
1498 1498
2883 4041
1694 5511 591 692 2884 703 1694 5511 1579
4016 2883
2904
4163 3254 2695 1936 2171 2189 2261
1498 1498 1498 1498 1498 1498
3776
4029
4030
1498 1498 1498
4016
4016
2904
4029
1654 4331 3782 5819 1579 4016 2313
4029
4016 2904
3978
6178 3805 5217 2310 2489 3781 3780 3553
1498
1498 1498 1498 1498 1498 1498
2883
4029
4016
2883
4016
4016
1498 1498
1498
4030 4016
2904
4030
2893
4016 2883 4016 4016 4016
2904
3806 6804
3226 6687 1733 2736
3978
4030 2904 4029
4029
2884
4029
2181 3787 6559
4030
2904 4016
4029
4030
4030
2883 4029
4029
6726
1498 1498 1498
4029
3782 3565 2270
4029
1498 1498
2893
4029
2904
4016 3978
3788
4029
4030
1498 1498 1498 1498 1498 1498 1498
2883
4016
6223
4030
1498
4029
1498
4031
2883
3427
3978 2883
4029
4016
3978
2904
4016 5207 1971 1793 5842 2718
4016
671 488 594
2313 3418
2125 4035
2384 3460 4118 5126 3788 3381 1507 5250 3556 3435 2663 3471 6804 3122 4421 2669 3473 3185 2270 6558 3186 2623 4610
4016
3978 3978 3978 4016 3978
2904
2904
2904
2850 2883 2857
4029
2904
2792 384 1782
3978
2893 4031
2882
1819 1579 703
2883
4031
1133 1812 1695
1498 1498 1498 4053 1498
4029 4016
2893
2904
4030
4030
3979
4029
3199 3131 3781 3219
2904
1714 5500 4112
4030
1498 1498
4030
4016
2895 2882 2884
1133 672
2882 1741
1498 4016 4191 1498
4016
6624 6197 6208
4030
4030
4557 5176 6245 5218
2403 4016 1758
1498
4029
2904
4029
4029
2893
4029
4016
2883
4003 4035
4016 2904
4016
4030 1656
4984 4016
4029
4016
4029
4029
2904
1498 1498
2889
4030 3991
4003 4029
4029
6632 1345
6809 6804 6809 3226 6804 3229 6809 6804
1498 1498 1498
3788 6173 6245 6194 3551 3426
4029
2904
4005 4005
1656 4029
4040
1342 1344 1573
4029
3982 4040 6186 5388 3982
1498 1498 1498
4016 2883
2904
4016
3830 3665
4030
1660 6153 5176
424 1348 1361 424
3651
1729
4016 4030 4016
2883
4029
4030
1498 1498 1498 1498 1498 5878
2893 4016
4016
3978
4030
5810 5880 5809 5787 5790 6099 6107 5708 3309
1498
4029 2853
4030
6797
4016
1714
4041
1498
4016
4029
2883
4003 4003 4003 4003 4003
4016
4030
6114
4016 1748 6179 1748
4029
4030
4029
4030
4016 2904
4040
3978
4031
2883
424 261
4030
2277 3648 5622 5343
2883 4029
4030
4035
6122 4029 1682
1716 1754
2261 2746 2312 1358
4029
1498 1498 1498 4053 6113 6118 6116 1498
493 1812 1812 493
4029
2904
2904 4030
3180
4016 4016
4029
2904
4035
1498
5478 3795 2263 5181 3219 5478 5511 2310 6236
4035 4034
4007
2884
4191 3189 1498
1656
4005
495 659 671
3194 2261 1660
4030
1498 1498
593 671 1572
4031
2904
2904 4016
2893 4029
4030
4030
4030
1815 2174 590 591 2269 5634
1088 1356
4030
4331 3323
6121
4040
2904
4030
3978
4029
4016
2904 1498
4030
2904
2883
2883
5634 6506 4793 6817 4793 6506 1507 2883 2594 3851 3471 3473 5709 5844
2904
4030
1935 3196 2167 1733
4030
5478 1015 844 5798
4016
4030
4016
4016
4029
4016 4030 4036
4016
4035
3185
2666 3978
4030
4030
4029
2904
2522 2713 5501 2736 3789 5477 1777
1498 1498 1498
4031
3227 4118 3023 3226 5478 3784 3227 4118 3185 5478 3185 3229 3784 5478 3781 4557 3227 3185 3244 5478 495 593 665
3342 5713 2249 2194 6558 1819 2194 4016 3052 1819 2193
4029
424
2883
4016 4041 2883
4016
4016
4016
4016
2883
5358 4557 5356
4030 2882
2904 4030
1579 1819 1845 1579 1819
4016
4040 2883
4030
2883
672 1572 588
2883
4030
5405
2883
2889
2904
2904
4298
3979
3254
2883 4003
6817
2904
2904
4040
4029
4030
4030
1093 1086 1358 261 261
671 814 649
3978
4030
2522 4181 3176 4180
1498 1498 1498 1498
1498 1498
1498 1498
2893
6727
1819
2904
4033
2084 4989
4016
4029
4030
4016
3229 5404
1498
2883
2883
2904
3199 5662 4767
2883
4030
4029
2575 3785 4298 6687 3556
2594 4879 6802 6808 1783
4040 4030 4030
3038 4030 2902 2903
5495 3427 3226 2841 3049 3748
4016
5181 3605 4317 2164 3324 586 5714
4031
1498
4016
669 594
1498 1498 1498 1498 1498 1498 1498 1498
2904
4029
2904
2883 2883
5222
4016
4016
4029
4030
4016
2893 4029
4016
2883 2883
1498
4029
4016
2883
4030 4016 4532
1498
4016
4016
2883
4016
2883
2904
2904
2904 6726 4030 2883 4532 3978 4016 4040 4033 2883
4029
4030
4294 5798 4286
4029
4003 4036
4029
4030
2587 4287 3001 4016 5798 6173 4284 2307 3603
4016 2904
4031
4030
4030
4029
2883
2988
4016
4016
4016 2125
2530
3298
2318 6804 4203 3219 5842 1673 4557 4557 5663 5662 1507 2318 6804 1673 6208 4557 2589
1498
4030
4164 3182 3327
4030
4016
2482 2427 2402 4016 5635 4029
3978
2904
3978
2893
2843 6546 2838 4016 3434
4029
6589
4016
4029
4029
4030 4016
4029
2125
4016
4029
1507 4586 4202 3871 3180
4029
2718 6802 2709
4016
2883 4029 2850
2883 2587
4029
3626 2313 2388
1498 1498
1770 260 1699
4029
1498 1498 1498 1498
2904
2904
1498
2904
2904
1361 424
2904
260 4317 2194 3532 260 4317 260 5617 3532 3556 3558 260 3532 260 3533 3559 3556 3558 260 3559 3532 3558 3533 260 3559
2883 4030
6726
2588 260 2547 2491
4156 3189 2575 3190
4030
5698
3967 1652
4030
3978 4029
4029
2893 4030 2904
2575 3226 2696
4016 4030
4030
2904 1754 5820 3189 3188 1754 4157
261 424
4029
2904
2904
4016 1498 1498 1498 1498 1498 1498
2313 4783 3868
3262
2883
1498
3426
6549
1660 1094
2904
4016
2883 2883
4016
4041
2904
4029
4030
4016 4030
4030
4031
4016
3471
260 4323 6196 5203 6196 3356 4323 260 5205 260 6196 5207 3356 260 5203
4016
490 2883 671 4040
2904
5395
4032
2313 1579
4016 4029 4016 4030
4029 3783 3549
4016
4016
4392 4366
1819 2584
1498 1626
1498
2904
3107 2509 3427 3240
6222 260 1498 2736 6559
4029 4016 4030
5344 5493 6153 1753
2904
2883 2904
2790 1694 2790
2904
2904
4030 4016
4016 4005
4029 5878 5405
1498
2861 4388
1498 1498 1498
2904
2904
2702 3797 260 2736
4030 4030 4029
4030
4016
1498 1498 1498 1498
1498
2904
4035 4034
4034 4036
703 261 1810 1807 660 586
1498 3806
4030
2173 4114 3240 6687
2904
1819 703 676
6255 260
4030
5698 586 5698 2318
2884
4030
1717 2538
4030 4029
2883 4030
2904
5511
1729
4030
2883
2904 4016
2904
2848
5477
4030
2084
2904
4016
2904
6106 6107
6801
4031
1006 1346 261 260 2263 2312 6683 6559
4030 3985
4029
2904
1498
672 1629 1810 593 1626 593 703 1626 672 1572 261
1498 1498 1498
4030
4030
4030
1498
4030
4029
1498 1498 1498 1498 1498
4030
4029
4029
2902
2883 2901
2187 2947 2961 3050 2947 2988 2196 2949
1498
3796 260 6803 1642 5715
1498
2575 5666 5404 4116
2883
4040 5404 4016
4030
4030
4016
2454 2402
4029
2883 4016
2904
3293 2313 5405
2904
2904
4029 4003
2790 2155 2193 3784 6218 2307
2904
4030
2841
4016 2883
2427 2402 1819 2527 6107 2084 2402 6559 2884
4030
3978 3556 378 389 3558
1507 2718 2972 5478 4783 1672 4116 1935
4053
2904 4029
1498
4007
1805 1695 2904
3978
4029
3426
1498
3978 1498
2126
4016
2893
1815 2231 4016 2764 1815 1815 1815 1729 3122 2084 1815 1815 1815 1815 1815
4016
4030
4016
2904
4016 2904
3305
1361 844 1361
4029
3978
4003
1812 3196 1812 3784
2883 4030
4029 4030
4016
2904
5617 3180 260
657 596 702 1812 1572 669
3978 5695 2263 2154 1642
2307 2193
4040
2883
4005
1819 1819 1819
2883
4016
2904
1498
4029
3971
4039
4030
4030
2904
4029
5810
2904
4016
5680 6214 3828
2904
2893
4029
4035
3244 6801 6803 3244 3244 6803 6801
1498
4030
2904
2884 3740 2883
2904 5535 2588 4687
2883
6559 588 586
1358 1088 1361 261 2765 3191 260 424 1355 1088 261 2207 260 3190 2228 1355 1015 424 1088 261 2228 260 3190 424 1015 1358 261 1088
3978
2313
4030
2168
4029 4030
2893
4030
488 1695 1825 586
2883
424
261 1440
2883
2904 4030
2883 3978
1815
4029
2883
4029
2883
6682 2736 2736 1733
2902 2901
3292 3107 2370 3208
3978 2883
4040
5847 3931 3327 3196
3379 386
2904 1695
1507 2585 5810
2893 4016
4016
1815 1810 260 1133 703 261 665 1815 1133 593 665 261 703 702 665 593
1498
2904
4036
1695
5819 1579 3339
4323 3229 260 4323 260 3533 1828 260 1629 1832 1133 4340 260 3182 6173 260 1507 5794
4029
6821
4030 2904
4003
5844 1662 2312 5505 3180 1498
260 3182 2736 5698 5794 5794 260 5500 5794 260 3182 260 4525 4298 5794 4298 5500 260 4340 5794 260 3822 2307 260 1778 4341 5713 260
3093 260 2384 3546 1695 703 260 2306 3813 2576 260
3130 5642 4284
4030
3426 3218 6687
4035
4030 2904
3978 4016
2084 1778 5387
2312 4016
3978
3431
4016
2904
4003
2883
2904
3182 260 5794 5794 6251 3546 260 5794 260 5610 1935 260 6149 5495 2159 5511 6147
2084 6116
594
3978
6806 2307
1654 4016
2883 4030
2384 260 1507 2384 260 2568 1683 6230 6208 260
260 3182 4421 260 2759 2402 6251 3122 260 2944 260 6251 1507
2282 2306
676 1819 586 587 702 389 368 1276 1325
4034
6099
260 4337 5493 2713 260 3783 5809 4337 260 5782 5794 260 2792 6173
2709 6744
1498 2883
2904
4016
588 1498 1498 1498 1498
4575
495 665
4365 6589 4353
2904
4030
4029
4029
4031
4029
2904
3885
6539
3978
1246 3427
4040
4016
1637
1498 1498 1579 1672 1498 1498
261 261
4030
2904
4030
4031
1782 384 1782 384
3789 260 1972
4029
2904
4030
2883
4029
2527 5208 3829 3782 2313 2312 3339 424
4029 4016
2883
6173 1685 260 2589 6173 260 3783 2716 1794 260 5495
6717
2904 4016 4030
1664 5403 5787
4007
4016
2904
1695 1133 596 1825 3830 3189 260 3830 2568 3122 260 1819 260 2384 1815
1498 1498 1498
4029
657 1812 702
1498 1498 6104 1498 5820 1498 1498 1498 3299
4029 4029 4029
1498
3978 3978
2904
4029
1498
4030
4016
1498 5477 1498 1498 1498 1498
4589
596 261 1133 676 1825 660 594 703 261
5692
6801
4039 4034 4034 5789 2209 4039 4034 4039 4034 4039 4034
261 424 424 261
4016
674 1572 1695 586
1498 1498 1498 1498
4092
1754 1754 2904
4030
3426 1660 5403 5878
4030
1498
4030
2883
2889
4016 4029
1498 1498 1498 1579 1498 1498
4031
1498 1498
6801
1348 1345
1498 1498 1498 1498 1498 1498
1498 1498 1498 1498 1498 1498 1498 1498 1498 1498 1498 1498
3242 3070 1713
2263 5842
3493 6559
3978
4029
4036
2410 6805 5403 2884 6803 2694 1673 2409
4359
4030
2893
3244
2853
4033
2922 1498
4191
