4070 5218 5991 3892 1355 3391 2859 5982 2916 5792 2868 3390 1551
5458 4881
4097
4881 2196
1583
3611
2614
3611
2614
5146 4346 2314 4134 5146 5489
3612
2613
3165
2614
3616 3616 3587
2614
3612 3611
2957 2958 6032 5146 2312 5000 2866 5166 5146 2951 5507 2866 5829 3226 5525 2964 6032 5829 2957
5825
3612
4196
3598
2614
3598
3598
4858
3612
3611 3598
3611 3612
2614 4097
3589
3614
5423
5510
3598
3598
4881 2153
2593
2443
3543
3611
5409 1976
3612
2866 2881 1626
3611
3612
3598
1512
2614
3067 5425 5424 5056
3598
1530
3613
4386 2614
3611
3611
1990
2614
2175 5157
5098 5534
5040 1944 3689 5932 2872 3648 2484 2232
3612 5523
1219 984 909 2567 838 972 3612 637 1419 1495 2083 633 6032 5992 5831 5995 5166 3067 339 1767 339 350 1190 1413 439 1112 1140 330 5780 1190 605 4356 378 2612 2591
2593
3618
2614
3611
2591
584 2029 532 437
3577
4349 2517 2309 3528 5792 1579
3612
3598
3612
2614
5070 3350 2418 6051 6048 6051
2455 5143 1551
3611
3068
3621
3611
5528 4878 2162
2614
4861
4873 2175
3394 5516 3390 5555 3692 2527
633 979 835
2232 2614 2201
3598
4914
3587
2849
2923
4875 2166
3612 3598
1541
3598
3612
3598 3615
3611
3437 1563 3437 3391 5932 2314 1952 3776 3779 3778
2614
3612
3611
3598
3587
6035
3598
2614
2133 3612
3598
3389 5068 2416 2455 2416 608 6040 2180 526
3621
3601
3612
3598
3612
3611
3612
2356
3613
3611
3612
3621
3598
3598
3611
3611
4881 4875
3598
3614
534 1634 636 594
3612
2222
3613
4875
3598
2421 5055 4873 3222 3224
3612
5510 3598
3612
3598 2614
3612 3612
5426
2168 4875
2614
3598 3598
2614
3375 2614
3598
2614 3612 3598
3598
3612
3612
3598
3612
3622
3611
3611
3598
2198 2070
3611
1217
1939 4881
1546
5432
3598
3615
1606 4738 2614
2069 5523 3871 2916 2900 4633 4037 2068 2902 2139 3298 5471
5883 5883
2590 3565
3598
4785 2983
3614
3353 4566
4875 4858
3611
3612 2593
2614
3598 2591 3621
2614
3611
3612
526
2614 2626 2590
2591 2591
3612
3612
3612
3622
3611
4794
2614 3598 3384
3613
2614 3612
3598
3598
1940 5510
3598
3612
2614
2591
3611
3598 3621
594 230
2153 4875
3612
3611
3621 3621 3621
3598
3598 1940 5143
2509
2211
3613
3612
3598
3598 3598
3611
3612 3598
3598
2325 3411
3621
378 1023
3611 3612
3598 3611
3612
2091 2567 2860 3175 3612
2892 2317 2314 2860
3598 2614
3587 3611 1356 3678 3142
2455 1551 4894 2868 2885 4858 3388 4268
1639 583 1530 1666
3615
4861
4393
5419 2020 230 5424 3677
1593 1500 3612
3598
3970
3598
3611
3612
2070
3611
3601 3601 3611
3618
2221 2070
3611
3612
3612
3611
3612
4873
2614
2416 1413 3423
3598
3614
4875 4858
534 4875 528 534 5932 1419 534 1419 2163 534 2436 531 5065
3598 2065
3611
3612
2318 3067 2318 5523 5523
3612
3612 1921 2155 5776 5772
3598 3598 3598 3598 3598
3427
3617
3611
3598
2614
3612 2614
3612
2614
3614
3598
3611
3598 3612 3598
2591
3587
2028 2020
2614
4875 3388 2424
3612
2614 3612
3384 4635
3587 3611
3612
3612
3611
3598
3612
2994 4858
3612
1493 3612
2455 6032
3612
3612
3621
3612
2900 4740 3517 1944 3223 1956 2614 2885 2318 5033 3517
3612 3598
3598
3598
2426 5056 4794 2418
1492
3080
3612
2591
3612
2562 2561 3611
3615
2590
3598 3611
3621
5436
5145 2222 4740
2614
2437 2455
2864
534 5157 5157 3225
2591
3611
2614
1622 5220 2593
3611
1500
2438 3278 4858 2326 3390
3565
3612
2590 3611
3612
3613
2155 2276 5220 2158 2287
3612
534
4858 2713
