3560 2759 3182 2206 3830
2838 4030
3427
1364 2883 424 1361
3776
1014
4016
4040
1088 1356
6225
5341 1937 5798 2084 1345 1078 3788 424 2907 6558 3788 424 1345 1078
3179 3195
2845 2838
4118 6804 1507 4421 3357 1770 3789 3093 2623 5306 3355 2384 3187
4029
2882 2895
3426 6558
2884 2121
2884
2884
2883
2882
4016
4016
3807 3815 6093
1377 424 843
2313 2189 3782 2403 2184 1935 4322 3789 1708 1507 4783 1736 2577 5695 6199 2175 2766 3196 2173 2319
2709 6559 3789
3985 2884
3577
1650
2851
424
4029
5478 6166 3240
3978 424 1345
4016 2884
4029
5404 424
4016
3776 3426
4016 2904
4016 6504 5369
1361 1089 4016
4016
2884
4016
1265 389 1330
3519
1695 1626 4016 1821 1579
4016
2288 2312 5481 2264 2715
924 1092 699
424 1009 1089
3577
4016 2904
1507 3219 4322 3828 6209 2721
4030
5798 2176 3560 3188 3831
1812 586 590
2904
2440 2838
3577
2882
2850
1361
4029
1937 3552 260 6245
4016
4031
4016
4029
2883
2519 2175 1507 5877 3186 3185 3548 2772 5125 2014 2667 4118 2319
2240 2883
2313
3122 2076 260 1507 3093 1507 2076 2265 4783
6189 1714 1700
424
2904
2884
2883
2882
4029
3967
1354 6222 3549 1008 4557 2568
2311 5617 260
2584 6222 260 1507 3323
4016
1695
4029
586 596 488
4029
1672 2318 6803 1507 4203 1661 2175 4202 3258 5405
3218
2904
3402 3362 2653 6199
4029
2883 2850
3323 2527 260 2148 3323 2158 2759
260 2313
4030 4016
2764 3241 2277 2765 5218
6728
4016
2089
4016 2718 1507 2148 5516 2270 1643 1675 2666 1642
424 261
6173
2883
3737
3972 3991 2838 2887 3519
1357 1012 424 1082 1356 1016
3784 3533 2736 3196 3189
3577
2904
3199 2158 1507 5162 6500 2719 3559
2838 2884 2091 4030
4030
2265 5878
4029
3978
260 2530 2531 2544
1361 1348
6827 3797
1265 1320 368 389 1838 1319 1695 1324
4029
5676 6212 5640 260 3310 3323 5794 6212 2534 5671 2193 260
4471
4657 2925
5744 5160
2719 2838
4016
4030
5502
424 1217
4016
4016
3552 6559 2273 260 2579 6632 260 1507 2790 2764 5810 2983 1360 1345 6508 5500 844 1507 2790 2403 2193 6683 3229 3453 3182 3199 3229 6143 260 6817 2766 2983 260 1507 2766 6222 6143 5810 3229 4320 6683 4317
4030
260 1185 1189 1728 260
3859
3519
3784 2709 2713 2306
4030
2883
6173 2158 3338 3759 5879 2509
3219 3220 2736
5207 260 5814 2313 2156 1507 2152 260 2156 2764 5814 260 1507 3310 260 1507 2156 260 5814 2152 2585 5744 2307 2156 2152 260 5814 2584 260 2764 2585 260 4478 4480 2193
4030 4030
4029 4016
260 1507
3532 260 2587 260 2587 5481 260 3532 2587 6251 260 2773 1507 260 2932 6208 260 2773 260 2587 260 3532 260 260 6827
2883
4016
2746 260 6263
5496
2883
2265 2883
2091 2864 6546
2884
3762 3760
1355 1367 1346
2772 2313
1971 5167 3186 2311
2936 4030
1971 4525
260 3324 3339 6199 260 3357 5207 5643 260 3435 5640 260 2932
4030
3978
4016
4030
2792
6208 6500 3427 2593 260
1012 934
424
4029
424 2883
5222 6245 1797
2885 4016 3414
2809 3859
1572 659 649
2207 260 6558 3784 1361 261 1088 1010 1355 261 1361 1010 927 1440 1088 3818 260 2772
2161 2219 260 5708 2161 5710 260 2534 2534 5698 5708 1507 2161 260 1507 2161 2168 260 2161 260 5810 4317 2161 260 2168
4029
2864 3716 2863 2841
687 1188 260 695 486 690 5794 2587 2335 1192
2884
2883 3978
5157 260 5610 2403 6195
260 4272 2168 260 2206 6822 260 1507 2156 6643 4525 260 2717 3323 2156 5744 260 6624 2704 4298 3323 260 2530
3558 3556 260 260 2587 5794 3310
6508 260 5500 5698 2156 6822 260 6173 6624 4625 1507 2472 6822 4480 260 1507 2168 260 3780
260 5125 3499 1507 4337 3839 260 2587
664 598 702
5341
1700 6682
3083 2472
2736 6208 260 2403
5495 260 6764 260 4578 260 2312 260 2771 5717 2313 2771 260 1507 260 2288 2164 260 4317 260 2694
6624 3559 260 6245 2219 260 2152 6251 6624 260 5744 2219 260 1574 6251 260 5794 6624 5698 6251 1574 260 2384 3556 2764 260
6173 260 2219 1507 5715 1507 2595 260
424 1341 2840
260 1507 2765 2771
260 3426 1698 2579 2774 4478 260 6251 1700 3427 5612 260 2774 260 6801 2405 2147 1507 2534 3426 5713 4322 5714 1777 260 1683 2277 260 3533
6801 1348
1935 4652 1507 1932 260 4317 2161 1935 2313 260 3310 1935 260 5794 3547 260 1935 3324 1935 260 3229 2579 2159 260 2161 1935 3783 2585 3533 2716 260 1507
260 5708 6804 6251 6804 260 6804 6251 260
4029
2736 5877 1758 1742
2883
3427 5497
5502 2886
