2547
4029
4030
4893
424
1708 6801 3237 3305 6801 3327 3298 3299 1742 5404 5708 5798 6801 3189 4191 3191 6803 2306 6682 5798 3189 2586 2699 2694 1660 3195 6801 3189 2586 6153 3292 3189 6801 3292 3299 2571 3305 6801 3327 3299 3188 5634 3298 4930 3299 3197 6801 2694 3299 3305 4181 4181 6512 6801 4191 3298
5689 5689
2880 1498
5203 5205 5218
4029 4036
4016
3978 4030
4016
6149
5504
4016
4016
2881 2883
2904
4016 4030
4029
4016
2904
4092
4040
4030
2904
699 1654 346 1092 924
4030
2158 2313
1807 1658 490
4016
4029
1579
590
4030
4029
2904
4029
4029
4016
2313 1366
1838 1269 389 1320 495 650 1812
4040 4016
4029 2904
4016
4016 2904
6255 260 5490
4016
4033
1498
4123 2384 6801 2270 2623 2766 3381 5250 3186 3473 3788 1507 4421 2270 5844 3381 6255 5515
4030
2904
5204 3788 2402 2269
1733 2934 3324 1731 2168
5514 3831 3191 4784 2773 2575
926 4016 1089
6245 2336 1507 2384 1971 1683 5511 5205 5634
4029
4030
2904
2883
4030
4031
4180 3305
424 2261
2908
2904 4016
4016
260 260 6093
4016
2904 4029 4016
586 671
1088 1356
2881 4191
2125 4030
3241 3807 2764 1810 3806 5642
4016
2881 1673
4029 5787 2584 4319
3427 5533 4030
4029
3546 3190
3807 2405 5404 3784 3218
4016
2901
4030
2918
4040
2904 4016
260 5695 5620 2287 3426 5713 2227 5620 260 261 260 5620 3426 6230 3291 3426 6230 260 5620 3426 6230 5620 260 5663 5614 260 5665 6230
2904
2904 4029
4030
3661 5478 6559 2227
3805 1715
396 5614 4514 3793 1654 5610 5203 5205
2904 4040
596
4016
596
4029
4029
4016
4030 4030
4029
4032
1498 4016
2883
4772
703
2904
4029
4030 2893
4007
3188
4016 2156 5847
2883 2881
4016
3239 2704 3254
4029
4029
2746 2160 3934 2381 6230
6559
1840 703 1694 675 3789 260 4557 3426 261 692 1810 2904 692 594 675 675 4783 260 4163 3427 260 2931 5125 3533 3427
3805 5782
4041
2306 3796 2702 260 6506 3548 260
4029
7019 7006 5717
6559 5500
4029
3758 6089 3775 3760
4033
2881
