1348
3591 3591
3405 3262 3413
3611
3612
2969 2892
3611
3621 2593
3587
3611
3559
2391 1413 4633 636 5188 5001 1639
3612
3611
3067 5776
3612
3692 6032 2287 2069 4487
2594
3598 3598
3598
2455 360 3734 3412
2614
3598 1903 3598
3598
3621
1348
2614
4752
1348 1348
3611
3598 2614 3611
3612
1897 2593
626 599 4743 626 599 531 3612 599 626 4743 3612 3556 532 1652 1419 626 532 626 599
3612
1530 330 350
1413 532 1530
3616
1530 1419
3612
3598
3611
1348
3598 3565
2156 4839
2614
2603
2591
3598 3611
3565
3617
3611
3467 2865 5066
2614
1348 1348 1348 1637 1348
2040 3389 5778 5529
3552
3598
3612
3598 3612
3618 3618 3618 3612 3589
2326 5825
624 620 629
2069 4620 2859
1355
3598 2619 2620
3621
1419 3892 1491 1530 1419 610
3611
3565 2593
2593
3598
3612 3612 3598 3621 3621 3612 3598 3612 3612 3612 3621
3612
3611 3598
1348
3611
3612
3598
3393 2859
3598 2614
2618 3612
2590 3611 3612
1348 2591
2603
3589
2614 3612
2180
3611
3611
3591
1348
3612
3612
3186 1944 3394
1296 983 1222
3598
3612
3598
3598
2593 2591
2455 1491 5056
1348 1348
2614
3612
3611
3598
3587
3612
3612
3611
2614
2614
3598
3611
2808
2614
3598
3621
1348
3622
1601 5814 5492 5814 1600
1637 2614
3611
3591 3598
3611
1348 1348
3565 2591
3598
3598
3611
3614 2614
5040
3618
3598 3611
3611
3598
3612
3598
3598
5825 2474
3589
3388 5220 3883
3565
1348
1348 1348
3391 1963
2614 3612
3611
3612 2614
2614
3611
3598
2614
3598
3611
1348
3611
3068
1348 3565
2070 2455 1355
1484 2071
3612
1348
3611
3612
3611
3618
1567 2076 2438 4095
2614 3423 3388 3413
3612
3598
3598
2818 4795 2156 3598 2819 2418
3598
4858 3411 2421 4629 3765
2614
2927 3390 1930 2325
2426 4743 6035 3387
2614
1872 1906 2619 2071 4858 2859
3611 3598 2614
3388 2885
2518 6035 1515 344 3105 3964 3419 3007 3107 3698 1355 2357 2802 4870 3107 1355 4661 3964 3105 2855 1926 3693 2357 3419 2029
2012 2070 1567 2071
5794 4988 3765
3612
3598 3565 3565
3613
1985 2517 1939 5028 5066 2860 5146 1985 2022 4490 5146 5028 2780
3614
3612 2593
1901
3565 3565
3612
3611
2614
3565
3598 3598 3589 3598
3565
3598
2614
2614
3565
2614 3611
2591 3598 3571 2603 2603 2591
2614
2674 5558 1348
3571 2593
2614 3598
3611 3611
3611
5090 3612
3613
3611 3565
3612
1530
2068
1348 1348 1348 1466 1348 637 1348
2550
3598 3611
1489
2618
3617 3617 3617 3617 3617 3617 3617 3617 3617
4794 2022 4839
2614
3577
3598
3611
3612
3598 2593 3598 3612
2865
3591
3611
3577
3611
1888 1888
2614
5808 5432
3612
3611
3612
1348
3612
4874 2509 2923 1211 2029
2894 2022 3465 1575 5552 1990
3612
1348
3612
3612
2614
2593 2071
3612 3611
2614
2618
3612
2614
3611
3612
3598
3611
2593
2603
3598
3598
5826
3614
3598 2071 1216 916 1222
2178 5521
3611
3611
3613
3612
3598
3617
2614
3598 3598 3598 3598
2603
3338 2555
3611
3611
3598
3598 3615 3598
4097
3598 3621
2614
3565
3589
3615 3598 3598 3598 3598 3598 3598 3598 3598
3598
3612
3565
4432 3598 4194
2614
3587
2627
3611
1550 4884 5220 2025
2614
3611
3598 3598
2614
3612
3590 3590
2744 3170 2865
2593
3598
3598
3598
1348 1348
3611 3587
3598
3612
3612
3621
3621 2593
3611
3611
3611
3612 3612 3612 4843 3612
3612
2660
2627
3598
2065 1655 1530
2593
6035 6042 1635 6042 6035 1518
1348 1348 1348
3598 3612
1494
3598
2550 4052 5810
3245 2069 5831 5057
339 1150
2108 5906
984 1224 766 378 633 1224
330 350
3612 3598 3598
5498 1596 5497
3598 3598 3598 3598
1872
3611
3598
3565
3565
2614
3598 2614
3614
3598
3612
2603 3612 3598
4743 5219 230 4882
1639 439 1530
2614
2603 3577
1530 1419
3598
2614
3618 3616 3618
3598
2431 2083 3394 2076
2591
3598
2892 5143
3598
3612
5070 2978 2923 2919
3618
4880 4488
751 2436
3611
3612
3571 3611
3612
3565 3611
1413 599 1494
1962 2988 3612 4883
3611
3617 3617 3617 3617 3617
1348 1348 1348 1348
3621
3611
3612
3611
3598 5136 5157 3880 5140 5157 1551 2968
3611
1348
3617
3598 2591
3612
2614
633 1216
5038 4765 2152
3598 3612
3578 3598
3598
2614
378 1207 1466 1530
1530 330 347 3027 350 1664 1147
2614
3598
3591
3612 3598 3598 3598 3611
3587 3587 3587
3611
3611
3612
3245 4858 4766
1944 1960 2023 3411 5066 2849 2865 2851 3598
3622
3613
3611
3612
3611
3565
2614
3565
3565
3612
3612
2614
3612
5804
2590 3571 2596
1607 1567 4878
3611
2593
1348
605 1637 435
5430 2593
2591 2593
3611
3068 3405 230
3611
3618
5776
3335
3611
3420 3693 2391 4858
2614
2614
3611 3611
2518 2064 1355 3183 5927 1963 5005
3612
3612 3612
3611
3565
3612
3970 4522 4893 2064 2239 4894 4741 4895
3617
3598
2614
3612
4203 2071
3615
3598
1940 4268 2071 3394 3177
2614
3612
2614
3395 4999 1348 3434 2858 4858 3598
2612 5804 3598
2071 3615
3598
2416 2314
1550 1466 1419 1550 637 1550
745 756 742
5419
1606 1481 2065
3598 3598
1348 1348
1820 2139 2923 1355 5073 4071
3598
2455
524 1637
5826
3598
2597
3598
3073 3073 3073 4805
3611
3598 3598
3618
3598
3598
2583
2593 3567
3598 3612 6032 3598
3615
2614 3598
3598
3611
3598
3598
2614
3612
1348 1348 1348 1348 1348 1348 3565
3621 3487 2025 2859
2590
2071
3598 3598 3598
2614 3598
3616 2614
3579
2618
2548
2071 5219 2904
3598
3598 3611
3611
3612
3565 2618
3598
2618
3551 445 532
3076
3598
3565 3565
3598
3612 3598
2892 5191 3598
1348 1348
2614 3611
1637 608 626 608 1634 532
3611
3598
3613
3598
3611
2618
1348
5055 5521
2071 1488
3611 3598
1348
3613
3598
1576
636 636 526 605 1637
3612
2614
3612
4880 2022 3598
603 532
3612
3614
3613
3598
378 667 720
2464 1622 2670 2286 4882
1944 3452 2512 1543
3598
2507
3443 2614
2614
3611 3587 3611
3598
2070
2614
3598
3587
2614
2864 2020
4387 2025
4890 3411 3412
3611
3589
3587
4619 2919 3466 2920
3053
2114
3621
3598
3611
2593
2070 4623 4278 2330 4988
2455 2614
3611
3612
3598 3612
1901
3612 3616 3617
2614
3612
3612 2614
2245 2070 230
3598
3611
3598 1478
3621
3613
3598
5143 3388 230 5555
2591
3612
2614
2614
2614
3613
2614 2394
3598
3598 2614
3614
5005 2065
378 2317 3402 3436 230 230
3598
2191 1337 2175
3611
2614 3613
2614
5400
2603
3612
3611 3598
2614
3335
1348 1348 1348
1586 4070 5907 2431 2065
2614 2593 3612
2614
2892 5001 2854 2916 2455
1348
3612
3598 2593
2593
3611
3611
3598 3611
3611
3598
1348
2614
2614
3612
2614
3612
2614
3598
2593
2593
2270 230 2289
1355 4875 5826 2417 5055 2865 3389 1355 5826 3222 2437 4999 5556 3222 5826 5056 5008 2687 3389 5055
3598
2560 1550
1025 5510 2070 4593 2474 1974 1976 2474 3891
3598
2071
3598 3598
3612
3565
1112 1183 1151 350 330
3611
2591
2620 3612
2603 2591
2313 1207 2271 378
3612
3598 3598
3622
2614
2613 2611
2614 3611
2614
2614 3598
3611
5161
3598 4192
3565
2593
3612
3565
2614
3571 3621 1493 3575
3612
3598 3611
2591 2603
3611
3612
1111 532 5146
2593
3598
3615
2614
3598
2593
2614 3612
3598
1222 231
3611
2614
2591
2614
3565
2614
1348 1348 1348 1348
2064
3598
3611 3598
3598
3598
2274 3001 2020 4622 1419 2083 2064 6053 1355 5507 3754 3394
3412
3565 2591 2561
3612
3598 3598 3612 3598
526 1634
2918 2022 1492
2614 1348
3612
3613
3612
2614
2614
3598
2614 3598
3620
3598
1348
2560 3621 2614
1509 5219 5464
2614 3598
2593
3577
3611 3587
3612 3598
3612
2614 3598
2330 2880 2864
3611
3612
3613
3612
5039 5034 5455 2416 2968 5042
3598
3558 5157 2618
1348
4988 2670 2844 4759 3006 5510 2647 6053 4858 6025 1552
534
3611
1348 1348 1348
3612
3598
1348
1348 1348 1348
3611 3611
231 2396 3734 3734 230 4268 2926 2490 230
3067 3390 3412
1655 3389 2039
3598
2614
1348
3614 3598
3612
2597
1419
3565
3611
2614
3612
3612
3598
3598
3598
4629 2865 5220 2426
3613
5466 5218 3891 1769 5136
2614
3612
3587
3598
3598 3598 3598 3598
3612
6039 4875
3612
3611
3577 3565
1639 5825 3170 1637
4039 4253 4039
3612
2591
3029
5146
1348 1348
3612
3598
2316
3611
5834 2330 2780 378 3390 2988 1530 637 2330 1208 838 4879 1612 5834 5826 5825 3068
3612
3612
1506 599 531 5136
2613 3598
3598 2614
1348
1615 6039 1542
3613 2591
1906
1603 3577 2552 2548 2614
2593 3598
1348 1348 1348 1348
3598
3073
3598
1348 1348 1348 1348 1348 1348
3611
231 1227
3611
3615
3611
3598
3611
3611
3598
2560 3360 2593 2612 2611 1355 3621 6032
3611
2614 3598
3565
2614
3598
3611
3611
3622
3598 3611
3612
3612 2591
3621
2065 3560
3611 3598
2614
3621
1348 1348
3613
4878 5466
3613
3612
4787 4794
3565
1419 2859 3388 2025 2484 2313 1634
3589
3612 5033 3612
2614
4046
3611
3565
2232 2662 230 1355 2481 378 2481 1480 231 2662 5146
3565
3598
3598
3612
3612
3843 3834 5146
3611
3611
3591 3591 3591
3611
3587 3587
2530 2567 2571 2569 1872
3612
3613 3611
3565
3611
2614 3598
3612
3565
1348 2614 2551 1866
3598
3598
2614
2591
2614
3598
3611
2571 2593
2614
2614
1348 1348
340 1476 2455 1476 340
3598 3621
3598 3598
987 1216
3612
3612
2591 3612
6042
3598
3577
4046
3612
3611
3611
5157 1419 1466 1655
3612
5218 5501
3611
3612 2614
3612
3598 2614 3611
3612
3612
2417 2614
3612
3598
6032
2620 5094 2619
3611
3201
3611
3611 3598
3611
3598
3598
3621 2591
3611 3611
3598
342 1503
3565
2614
3611
3598 3615 3598 3598
3612 3621
3611
3565
3598 2614
2591 3565
3611
3621 3598
2614
3611
3612
3598 3612
3411
3612
3565
2614
3611
3565
2614
2591
3598
5218 2416 3734 3391
3617
378 231 766 5218 5529
3611
3621
1348 1348
1355 5220 1741 1543 230 1492
1486
3611
378 231
2614
5464
5470 1496 3067 3423 2949 3435
1348
378 230 231 378
1493 3612
1348
2325 5927
5090
2614
3611
1903
1348
4197 4194
3605
3611
3892 444 5042 532 3892 437 3892 5033
3577
5801
1606 2314 5548 2158
5825 3693 2904 4988
3611
2614
230 5418 5419 3574
2614
3598 3598 3565 2603
2612
3613
378
3611
5776
3598
3613 3615
1348
3870 230 2482 230 2482 230 2482 230 3964 3964 230 1480 2507 230 3964
3612
3598 2614
3612
3598
3598
3598 5033 3598 3598
1348 2593
2068 5927 3598
3667 3667
2603 2597
3611 3611
3291 4858
230 3423 2679 5132 3268
2613
3612
1217 378 984 3598 378 378 1217 984 1216 3067 378 4633 5776 3598
3598
3614
3612
5501 230 5456 1497
3598
3598 3612 3598 3598
3598
2603
610 637
983 1216 378 983 3598 2614
2614
2028 1585 3756 3756 2957 2028 2065 2565 2028 1586
231 378 378
2603
3598
3611
2614 3598
2614
3614 2593
230 2064 3766 5005
3611
3612 3612 3598
3565
2525 2317 2855
2603 3598
2614
3598
3612
3612
1348 1348
3611
231 1222
3612
526 2065 5519 1590 2509
2593
230 3068 3068 230
2614
3598
3598 3598
3621
2316
4889
3611 3611
3611
3611
3157 1497 5932
2593
3611
2614 3598
3612
3598 3598
3598
5436
3611
3611
3611
3612
3612
3587
3615
3564
2603 2593 1222
3598
6032 4933 6032
3565
3598 3598
3616
2614
3611
2614
3598
3622
3565
2614
4132 2858 5146 4879
3611 3611
3008 230 4618 3876 4630 230
2560 2561
532 437
1348
5770
3621
3598
4095 3398 2289 3389 1355 3766 2071
3054
3598
3565
3588
632 1023 983 915
2614 3598
1498 3598
3611
3611
6016 3612
3598 3565
2421 3690 2071 3389 3697
1221 231 1226 1296 230 1216 838
3611
3611
2593
3565 3565 3565 3565 2603 2603 2603 2603
2614 3598
2614
3611 3611 2614
3598
3611
2222 5776 4858
2614
3524 3068 2256 3068 2256 3068 2555
3598
3611
3612
3565
3612
3598
3551 2618 6018
2455 5534 230 5826 230 2455 5531 5826
2978
2614
3598
2325
2603
3612
637 1529 1419 392 1646 601 1025
3615
3399 3395 3394
1348
230 3413 2418 5218
6041 6032 6032 6032 6041
3612 3598
3388 4858 3427
1995 230 1531
4268 2083 4117
3622
3598
2969 4837
3612 3612
3598 3587 3611
3612
3611
2614 2163 2162
1348 1348 1348 1348
3612 3612
3598
3611
1348 1348 1348
378
4985 2071 230 2318 4976 1962 5569 4985 230 230 3180 4976 2683 3067 230 5569 4976 5558
2614
3268 4839 2489
3611
3621
3598
3612 3612
3615
2614
2614
2593
3611 3611
3612
2614 5070 3387 2509 2020
3598
3611
3598
2593
4046 1542 1543 5894 5893
1348
3618
2614
3611
3611 3598
3612
3612
3612
3621
5973 5143 3389
3611
2318 1355 4633 5778 5189 2489
2614
3621 5883 2614 3565
2614
3617
2614
1563
3611
1348 2438 1858
3612
3611
378 1206
3612 3611
3875 3964 1930
3611
3612
5526
3005
3612
3598
3611
2593
2591
3598
2614
2957
1623
3590
378 1296 231 984
3611 3587 3611
2591
5425 1926
3611
3611
2614
2593 3614
2455 3765
2455 2903
3029 605 526 1025
3611
3611 3612
3611
3621
2094 2391 4546 2396 2094 3247 1992 2094 3180 3247 2094 3242 3262 2101 3182 3242 4546 1655 231 526 1469 1466
330 1183 1147 350
1526 3395 5523 2510
1348 1348 532
3615
4742
3611
1348
3611
2614
3598 3612
1622 2489 3464 2418 1355 3388
3622
1551 2020
3598 3598
3598 2614
3612
3612 2614
2614
3598
3611
6037
3611
3552
1348 1348 1348 1639
2323 2437 230
3611
2803 2510 1956 6034 230
3067
1348
3577
3601
3612
3556
3621
3612
2218
3008 2324
3612
3611
2614 3612
3621
2591 2612
3612
1348
4784
3621
3611
3612
3565
2614
3541
3611
4858 442 5098 5932 605 1637
3621
2591
3621
3612
4097
3611
3435 3395 2064 3419 2612
5146
2614
2614
3613
2438
1348 3634 3598 3634
1348 3565
2236
3611 3598 3598 3598
3612
3611
3617 3616
3598
3617
3611
2614 3611
3938 3902 4520 3943 1530
2850
3598
3615
3612
378 5569 230 231 5558
3391 5826 5932 4873 2139 1858 2954 3180
3612
3598
1901
3611
605 532
3611
3612
2614
3611 3598 3598
2614
3598
5413 2603 5817
3598 3598 3598 3598 3598 3598 3598
5033
3598 3598
3612
2593
3678 230 230 3678
5826 5569 230 2510 230 230 5826 5826 230
3611
2614
3591
3598 2593
378
2865 1742
1563 3598
4622 230 5510 5778
3611
3613
3611
2560
534
3598
3621
2614
3590
3611
2614
3612
3621
2865
3612
3611
3611
1348 1348
3611
3612
3611
2071
3067
1746 5073 2070 2139 4629
3615
3611
2509 3766 4858 1768 4858 2861 1576
3590
2600
3598
3598 3611
3611
1530
3612
2978 6033 5070
2614
3611
3611
3598
2330 4778
3598
2324 2463 1540
3611
3598
3612
3598
1222
3612
2916 4620
2614
2614 3598 3598 2591
3053
3612
3617
3611
3611
3611
2593 3612
3611
3565
3598
3590
2614
2614
3612
3611
3556 3621
1542
3611 3612 3612 3611
3616 3611
5979 1550 1511
3068 6048 1543 1940 4522 1534
2314
3598
3618
3611
2614 3612 3612
3611
2892 230 2034
3611
1348 1348
2036 1488 1487 2064 357 2022 3565
5179 5053
3622
3615
3618 3617 3617
2614 3598
3614
3612
3554 3543
3598
3598
2614
3612
3612 3598 4046 2618 3565
610 1655 1529 1466 230
3621
5439 3611 2559 2571 1348
2007 4253 2614 3598
3611
2865 4633 2488 1355 2507 2593 2864
3613
2614
4882 1548
2614
2614
3565
3598
3611
3611
5166 6037 4874
1502 341
2614
3612 3611
5825 3390 5510 4633 4785 4095 1355
4858 4794
3611
3598
4881 1496
2603 3598
3598
2455 3390 2416 3734
3612
3598
3567
2618
3611
3612
2614
3612
1217
3612
2614
1355 2314 3435 3281 1940
3598
2908
3612
3394 2005 1550 3598 1615 3452 2418
3611
3565
3598
3598
2325 1543 2325
3612
1348 1348 1348
3612
3611
3565
1222
1348 5078
3598
3621
231 1219 983 378 2860 1976 230 983 1219 231 378 2489 2859 230 231 1219 1222 983 2859 2395 230
3612
3611
6041 1606
3612
3612 2593
3613 3068 2911 1956
3612
5132
3612
2614
2281
3598 4873 5932 2455 3391
2614
3612
3598
2614
2662 230 2139 6032
230 526 1652 1469
2593 1586 1585
2863 2076 2865 5528
231
3598
3598
3616 3590 3617 3616 2614 3616 3618
2591
2614
2614
2555
3598 4629 3390 4633
3611
3598
3612
2916 1741 2983
3615
3566
1532 637 637 1419 230 610
4793
3612
374 378
5146 1355 1942 230 4976 2065 1355 2488 5460 4976 230 3222 3910
2591
5883
3611
2603
6032 230 6032 1355 4633 3171 3172 3106 3107 1355
3611
3598
3614
3598 3598
3598
3611
2614
4070 3412 6032
3612
3611 3611
3598
378 1210
3891 5005 230 3870
3612
3612
2620 3598 3617
5058 3008 1939 230 230 3224 3891
2139 230 2780 2323 230 2064 3465 230 2064 3434 230 2032 230 4577 230 3180 2891 2969 1963 230 5136 1768 3170 3434 230 230 3106
3621 3621
3611
2596
3612
3621
2603
4253 1921 4095 4879
4046
3612
3612 3611 3611 3611
2065
3611
5825
3611 3611 3598
2045
3067 2916 2673 3839
3601
2614
3617 3612 2614 1348
2590 5090
1227
3618
2593
3611
230 1740 2851 230 2005 4252 2344 5167 2396 230 3173 1740 5880 5098 5558 4873 230
2455 2614 3008
3611
2614
526 597 2614 1530
3612
534 1652 1530 1413
1348
3587 3611
2455 3390 1222
3565
3612 4054 3612
3611
1348 1348 1348 1348 1348 1348 1348 3634
3611
5033
3587 3611
230 3870 1355 230 2803 4119 2309 6032 2286 1355 230 2323 3888
230 3964 5558 2416 230 5005 1355 2034 4858 2323 1355 230 1419 1645 1530 1466 2193 230 2268 1355 2155 1963
3394 1419 4858
3611 3612
3611
2591
3611 4740
3598 2614
3565
3621
3611
1563 3068
3598
2950 3891
2593
2614
3549 2596 5090
3452 2803 4878 230 6053 2674 2474 230 6049 2309 6053 230 1355 2683 6053 1355 230 2674 6048 2683 230 2309 6051 2683 230 2309 6051 230 2525 2683
5470
1348 1419 1348
2593
445 526
2614
2581
3598
2561 3587 3053
1222 1207 2481
3598
3611
5033
2614
3395 2022 1355 2440 3406
4070 3598 3693
3616 3620
3612
5492
2618
3612
3598
3611
1529 231 1419 2431 3158 230 3068
3598
5090 3565
2028 3598 1491 2028
2569 5038 2568 2554
2894 3872 2982
2614
378
2614
3621
2593
3587
3621
3612 3068
6032 2580
2614
2614
1222 1208 1226
3598
3612
3612 2614
1901
1348 1348 1348 1419 1348 1348
2071 3245 4070 2863
2162
2591
3611
3565
3598
3612 2598
2591 3565
1348 1348
3612
3613
3621
3612
5038 5492 3395 230
584 636 526 584 636 532 584 444 584
4795 2071 1488
3611
5812 2591
2614
2969 2949
2863 230 1355 2865
5510 2325
4873
2455 230 1520 2851
3612 2614
6032
3612
1207 1222
3612
3612
1419
3612
2593
2593 2614
2614
3611
5189 2892 1550
6032 230 1622 3068 5510 230 2894 6032 2434
5070 1355 1355 4870 2904 5070 230 1932 1355 5057 5501 2904 230 5136
2282 6039 5033
230 3888 5056 2323 3483 2455 1549 230 1607 3885 4858 1856 230 6049 3097 3068 5005 2525 230
2593 5432 2561
1543
5543 2314 4882 5543 5495 4883
3612 2593
3612
2618
2614
4881 2083 5526
3611 2596
2071 3565
3622
4046 1872 3621 3068
1348 1348
3565
3612
3565
1348 1348 1348 1348 1348 1348 1348
1348 1348
3916
1348 1348 1348 1348
3565 3565
3565
4037 3412 3423 4766
3589
1348
3587 3616
2323 2892 2437 5886 1355 5136 3419 1932 3459 5501
3693 3766 3892 4070 3692 3892 230 1767 4070 3892 230 3765 3068 4070
3615
2455 230 4873 3391 5932
3612
3565
3565 3565
378 1296 974
3611
3974
3615
3590 6033 6033
984 6035 837
1348
5065
1655 2507 5081 3559 6048 5493
3611
3068 2916
5770
3611
3598 3611
5482 230 5456
5456
3611
3565
1348 1348 1348
1348
2603
3611
3612
3611
3565
3587
1348
3170 2396 2314
2593 3565
1348 1348
1348 1348
1549 343 1514
