3627 2614
3615
4288 3598 4287
5793 5978
3591
2614
3612
2864 2313
3627 3612
3598
2581
3611
1355 3411 2426 3393
2614
1413 534 1652
4289
4287
3612
4287
3589
1493 3611
3612 3598 5776
3628
3612
3068 2866
3565
3618 3628
3598
3577
3591
3611
3598
3611
2569 3335 2082 2070
1348
2614
1348 1348
4289
4288
3618
599 1025
3598 2614
2562 3622 2560
3598
3598
3565
1530 637 603 1413 1530 526
3615 3598 3615
764 981 766
3598 3612
2512 2416 2864 3176 4873 1497 2020 3389 2644 2314 2920
1348 1348
2416 3834
3587
3598 3621
3756
3627
3611
5033 5039
2614
3613
2590 3621
2065 5066 3399 4288 1856 1530
4289
1348
3611
3612
5518
3615 4288
4288 3598
5495 1586 2596 3618
3589 2614
637 1529
3598
3611
3565
4289
1548
2614 3627 3598
3598
3612
6032 2455
2614
2076 2644 2919
2885 2859 3281 3697 2860 3276 2438
3621
5979 4288 637 1419 1491 1419 1655 1530 1158 350 330 5167
2614
3611
4288
3621 2591 3359 2562 3359
3598
4288
5065 5792
3621 3598 3621 3612 3621 3612 3621 3621 3612 3621
3612
3627
3620
3612
2417 3067 5510 2905
5799 2064
2618 4288
3611
3611
3612
3614
3598 3598 3598
3612 3612
3598
4287 3068 2865 2507 3388 3598 4858 2859 5794 1496 2020
3611
3611
2614 2603
4289
3598 3612
2071
3612 3598 2591
4287
3612
2614
4287 3598
2865 2883 2916 2921
3612 3611 3598
3611
2614
4288 3598
3068 5218
3612
2591
2614
2416 5932 3390 2864 2868 2907
2614
2614
3565 3598
4289 3612
3612
2614
3615
4287
3598 3579
2618
3565
3613 3601
3612
3611
2309 2434 3180 3096 2139
4289
3612
3612
3611 4289
4288
3598
2077 2885
4884 1207 378 378 4880
3611
1902
4287
4289
6032 3400 5979
3176 4985 3395 4983 4269 3598 2859 3184 3295
2614
3598
4288 2614
4287 3612
4542 2976 3628 350 330 5488 4288 1149 3627 1190 2981 1192 4538 4289 5552 1157 5056 1140 2020 3222 5001 2070 1356 3693 2028 3395 2324 3475 2437 4071 3692 2981 4275 1965
3611
2614
3598
3611
3611
4288
2590 2548
3614 3598
3621
3627 1348 1348
5816 5814 1600 1601 1587
3612
3598
3612
3598
3565
2029 5167
637 636 5981 5799 5792 637 1655
2614
3611
1348
2603 2603
3565 2591 3067 3882 5880 2265 3393 2640 3435 6032 3598 3565
4287
2065 3386 5836 2858
3571
1939 3184 2857 3627 2330
3611
3611
4288
5492 5493 1489
2849 2923
5995 5991 1579 5979
3611
4289
3611
3611
3565
2591
2950 2325
3598
2614
3611
3598
3765 2325 2180 5218 3395 5056 4045 2865 2325 988 838 342 1503 3067 2650 2391 2155
3598 3612 3598
3615
3612
2482 2065
4858 6034 5135 3384 6033 5146 2155 2954 4275 3765
3598
2614
3618
3627
3598
3611
3565
3601 3601
2614
4288 2614
2614
3611
3611
2870 2068 2865
3068
2618
3598
2614
5040 3464
3611
3611
4635
2850 1955
378 1207
3693 4132 1210
3612 2555 4046
2591 2593 3611
3618
3611
3621
3627
3612
2603 3617
4288 2614
3612
5007
3292 2662 4880 3402
3622
599 4289 1639
4288 3598
3598 3598
4288
3611
2614
2614
2614
2614
3615 3615
5778 3892 5186 2495 1764 3891 5189 6033 2036 6033 4622 5186
3612
3405 2850 3413
4269
2614 3611
3612
3598
3612
3611 3611 3598
4858
4288
4858 5218 2614 3883 3068
3565 3598
2614 1419
4288 3598
2596
3615
3627
3614
3611
3598
3598
3598 3612
4144 1508 5143
532 534 1637
5071
3598
3611 4278 2510 4880
3628
3615
4288
4289
3348
3611
3612 4287
3388 2863 2455 2431
1939
4046 3612
3598 3598
3611
2077 2069
3598
2614
3565
4287 3565
3621 4046 2569
2618
3565
3611
3615 2596
4289
3412 2614 2076 3389
3627
3611
4288
3621
3692 2884 2861 2438 3067 5482 1500
5816
3616 3611
3612
4287
3565 3598
4287
3612
2032 3698 2863
3615
3411 2069 4884
1348 637 1466 1348 1348
4097
3565
3394 5456 2039
3612
3598 1348 3627
2614
3613
3611
3627
4288
2618
3627
3617 3617 3617
3575
2591 3612
3225 2082 3247 1355 3442 3225 3443 2082 4619 1355
3382 4668 4037 2025 357
3590 1530 1530
4289
3105 1590 4287
3612
3612
3773 3657 3627
3612
1348
3628
2614 3591
2270 1419 1646
5146
1646 637
3612
1888 1888 2591
3598
1348
3612
3615
4738 4858
3612
3612 3598
3598
1348 1348
4890 3598 5143
2554 4824 3612
5932 5932 2858 2858
1492 1568
3552
4287
3611
5970 5962
3598
4287
3611
3612
2614
3611
4288
3598 3598
3611
3598 3614
2591
3615 3565
3598 402 437 3000 1742 2916
5071 5998 4287 3265 4025
2614
2614
3612
3388 2455 2614 4620 3390
3611
3612 2614
3442 2317
3598
3598 3612
2614 4288
3612
3612 3598 3612
3611
3612
3612
3612
3611 3598
3627
3598
2155
3068
3617
2068
3613
3605 2551
3611
3611
1497 2289
4287
4288
3627 3611
1610 1610 6004 1348 1610 1610
3612
4269 3452 2916 2344 3186 3390 2919 1992 2426
4288
4606
3615
2070 3412 3693 2438 2902 3388 3387 3157
1637
5186 3435 3394 2858 5186 5793 2326 5979
3612
1348 3627
3612
4289
3611
2603 3611
2591 3062
2614
2614 3598
3627 3611
6033 1511
3561
2314 2416 3404 3411
3611
3614 2591
3591
3612 3106 3565
3627
2614
4287
2614 4743 2510 4546 5826 1497 2510 2396 3690 4661 2927
4287
4287
2614
3627
2614
3601 3601
4288
3612 2614
3612
3612
3612
2614
4287
3612 4288
4289
2614
3611
3618
3589
3067
626
2979
647 720 378 638 378 720 647
3589
2614 3612
4630 3412 4858 4857 3389 5218 3394 3390 5001
2590 2117 4717
4288 3611
3612 4843 3612
4288
3612
3628
1639 2076 1530 610 1419
3598 1764
4289
2614
2614
3611
3627
2615
3394 2859 2857 5521 4752 2662 3400
3067 1489 5493 3183 2593
2618 3564
4633 4268 3427
6035 6042 1635 6035
3494 3442 2071 3412 5932
3612
2591
1878
345 1611 5995 5992 1140 2071 2614 339 2431 5995 5992
2323
3611
2117
3612
2614
2613 2611
2614
2614
3627
2880
2614
3598 3612
3598
3612
3598
3621
4288
3558
3612
3611
3621
4287
2260
3612
3612
4287
3598
3612
2590 3614
3611
4287
3627
2603 2614
2317 2158
3565
3598
3627
3614
3611
3598
3068 2957 1419
3612
2614 3612
4287
3621
3611
3627
3565 3598
3598
4633 4618 2926 1355 2069 1741 2923 2082 3096
2614
2603
1222
3598
3611
3419 4633 1492 2070 3875
2865
4287
637 2919 2916
2068
2614
1222
3598 2614
3612
311
1742 5825 6042 2879
3611
3617
3612
3598
1742 4196 1976 3391
3627 3598
2591
3565
4289
4620 2884 3427 3435 4630 3474 1355 5826 4661
3612 1547 2330 2455 2329 1551 2968 5139
2614
3611
3612 3627
3611
4287
3565 3598
4287
3611
2591
3598
626 599 1637 599 1413 1637 5065 1601 1565 593 1494 626
3598
3611
3611 4288
3598
2614
3591
2863 4275 1511 2331
3598
3612 3598 3611
4287
6004
4288
2416 3423 5826 3734 3391 2859 2314 5932 5218 3394
4288 3621
3565
3587 3587 3587 3587 3587
3612
3611
2593 3611
4287 3598 3598 3598
3612
2614
3565 2618
3616
3612
2863 2614
3621
1348
3621
3612
3565
3565
3611
3615
2603
4767 1493 5816 3615
1348
3612
4288
3612
2614 3612
3612
1570 5166
2591
2561 4046 2561 2562
4288
1348
3067 4633
4289
4289 2614
2071 2885 2884
4288
3617
3627 3551
2591 2593 2591
3565
4858 3068 230 378 231
4577 2331 5007 3029 1355 5143 2325 4067 6031 4056 1356 2806 4071 2463 3029 5826 3387 5973 6032 3029 5190
3611
5146 4857 5979 3627 3693 5974 5793
4288
1348 1348 1348
3388 3885
3598
3598
3598
3612
2591
3612 3612
3598 3598 3598 3598 3598 3598
2614 3611
3892
2614
3598
4289 3391 3419
2591 3598
3611
3613
4288
2614
4288 3611
2591
3598
3611
4287 2614
2614 4287
4288
1637 532 596 526 2809
1550 2614 2591 1550 4850
1475 1549 2483
3598
4289
1348
5073 2023 3452 1944
3612
3627 5426 2162
3598
3605
2077 3068
3565
1413 1639 1639 1413 605 1639
3612
3598
3073
3616 3611
3611
3627
3559 2591
3612
3598
2614
3612
2614
3627
3627
2064 1348
3565
3611
3565
3621
3617
3598
3565
3067 3627
1348
4289
4288
3612
2927 4620 2916 4765 4289 2318 4214 2329 2046 3411 3388 2082
3618
3617
2591 3612
2614
3611
3413 3407 2036 2032 2329 2892
3598
3612
3611
4787 2020 5932 3391 3393 3735 1348
3612
3565
3612
3612
3598
2614
3598 2614 3598
2593
1348
3589
2591 3612
1601 2064 2431
2693 1548 4884
2618 3617
3611
605 1639 1469
1652 442 532 3067
1497 1558 2070 1530 5136 2070 3870 4880 1940 1558
3565 3565
4145 4288
3612 3598
2614
3612
3612 2603
3628
3612 3611
3598 3612
3611
2591 3612
3613
1565 5510
3402 3402 5136 2434
3612
2614
3612
3598
2614
2603
3611
4287
4288 3611
2614
2554 3615
647 378
4793
3175 3697 2854 4269 4117 2253 2259 1355 1742 3406 5932 2416
3621
3621
3554
3598
3613
1872 2568 2555 4967
4288
3746 2614 2957
2614
3614
4132 3906 4287 1355 5558
3565
2548
5434
4288
3612 3598
2591
3611
4288
3611
2614
4288
637 1530 1530 2908 2903
3587 3611
3598
2614
5146
3612
3589
3611
3612 6034 3612
2892 1958 3391 3387 3395 2440 2863 2344 2438 1356
3598
3611
3598 3634
3068 3412
3611
4287
3598
5181 5188
3589 3598
3589 2614 3587
3611
2590
5090 3598
4289
5923 1500 4793
1348 2156
5995 5992 5791
4289
2325 5131 1930 2158 2065 5010 5166 2512
3613
5070 2489 1939 2488 2040
2114 2115 2302 2114 2114
3615
2507
4287
3390 4873 3394 4874 1605 5826 5932
3565 3555 2614
5070 230 5070 5071
3598
3611
3612
1355 5778 2614 6022 5001 2330 4278 1492
3612
3598
3612 3598
3565
3611 4287
3621
2273 2158 5501 4910
1348 1348 1348
4288
3598
3627
3598 3613
361
4287
3612
3611
4289
3612
3612
3611 4287 3598 4519
1098 1089 1235
4287
402 437
3612
3598
3565
723 378 230
3554
3611
3612
3612
4287
2805 6028 5138
1639 1639 1520 2417 1413 1652
3565
2209 4875 2176 2166
1207
3627
3598
3612
2603
2069 5167 4858
3612
4046 3613 3613
3612
3598
3591
2204 2336
3612
4288
3611
4287
3395 5218 2920 1496 5189 2924 2416 4873 1944 2020 2344 3390 3735 2863
3598 3598
2069 5558 2904 1952
2614
6034 5157
2614
2957
2578 2578
2561 3598
2591
2076 4784
1767 2317 3891
2316 4858
2614
2614
4288
3571
3611
3598 3598
2979 2614 3598 2950
3598
3598
1563 626 526 591
3611
4289
3601 3587 3601 3601
3892 3892 2155
5126 3566
3598
5980 4253
3627
5527 2326
3612
6032 3394 3405 2858
2593
3598 2591 1530
3627 3618
2611
2614 1413 1025 5793
3598
3598
3598
3565
2591
3628
4288 1567
4288
3612
2885
2603 5056
4288
4287
5932 3297 3287 2064 1548
3598 3611
4288
4289 2591 1601
3613
3598
3598
2614 5161 5161
2614
4287
3613
3565
3565
2618
3565
3611
2070 6033 4875 4288
1355 2391 2865 3469
2614
3565
4288
3627 2614
3612
2614
2614 3615
3611
3612
3613
5825
3611 2591
3615
3612
3612
2591
3598
3627
1348 2614 3611
3611
2071 1535 1500 4287
5927
378 231 1226 378
2591
2614
3627 3598 3598
3628 3598 3611
2512 3854 3390 3407 4985 1491
2618
4289
2064
2313
3505 3405 3157
4288 3598
3598 2614
1530 637
3611
2591
2077
2614
2614
3611
3598
2614
2064 3411 3171 3423
3611
3621
3627
3627
4287
3598
3611
2614
3612
4873 2070
2618
4287
2614 3598
1070 622 386 365 1082
4145 3406
5146 2416 5146 5146
2559
3598
2591 3612
3598
2614
3611
3598
3598
230 1530 1530 637 1530 3390 230 2314 4873 5932 231 1217 983
2614 2115
4287
1646
3612
3612
1348
4288
3627
4288
3589
3627
3611
3611
1888
3598 3621 4046
2614
3565 2560
3627 3611
3598 3612
3390 1637 5932 2314 3734
5188 5188
2591 3621 6053 2020 6025 4988 4858 4778 4759 5492 5510 2326 1741 2855 4858 2326 3598 6053 5510 2670 3698 4988 2855 6025
3628
4287
2614
3612 5432 5815 5439 2614 1925 5493
3611
1348
1348
1348 1348
3598
2614
3612
4287
3611
3614
3403 2884 4879 2455
3157 3494 2614
3892 2900 3413
3598 2591
4289
3611 3612
2416 5167
2614
3612
1888 3621
2614
5065 4875 2068 5218
3614
5070 3068 2921 1211
5001 2865 2028
3614
3598 3612
3612
2591 3612
3621
3598 1348
3590
3612
4287
3612 3598 3741
3611 3587
2603 3613 2603
5218 3589
4287
3612
4288
4288
2603
3612
4287
3612 3612
3618
2982 5834 378 2510 2859 1612 5167
3612 3621 3612
3612
2851 2894
2614
2614
2591 3621 2596 4289
5791 5992 3621 2593 2193
3627 5065
3598
1348 1348
3614
3577 3565 4288 3621 3598
3613
5492 4785
4793 4884
3613
3598 3073 1480
3598 3598 2040 5181 2082 5181 5526
3598
2614 3611
1348 4858 2434 3698 4635 1348 1348
3391 3007 3008
3611
5157 2614 3617
2560 1860
3611
4288
3598
3598
3627
3611
2548 3068
3586
2618
4289 1576 6033
3612
1530
2770 2025 4999 2952 2396 1932 3067 2193 1929 357
3611
1348
3627
4287 5070 3158
3611
3627
3627
2071 1920 3390 4879 2431 4858
1413 593 526 524
3613
3611
3598
3621 2591
2916 3888 3765
3565
5434
2614 3622
4287 3598
3565
3598
1567 5189 2064 3390
5090
2614
3611
3611 4289
4287
2509 2316 2064 4857 1606 4795 2614
2590
3611
3621
3611
3615
3613
2070 2326
2591 3565 3565
2614 3546 2626
3621
2071 1540
3627
3613 2316
4287
2614
2071 3390 4633 2859 3172 1926
1530
3611
1348 2614
2256
5426 5424
2614
2314 3389 2437 5932 2155 4766 3390 4873
2591
3611
2618
5038
3612
2614
3621
3615
4288
3627
2614
3611
3615
3565
3848 3849 5146 3840 3841 2037
3611 3598 2560
5055 5007 2036 3222 2069 2065 2919 5055 5056 1355
3611 4289
3591 3591
2614
3612
3612
3612
2614
526 1637
3612
3565
3611
3612
3611
2855 2289 2952 2331
3612 3627 2614
3565 3565
5883
1563
4288
3612
3627
3565
2591
3598 3611
2618
3611
4287
3611
3598 3611
3627
5781
3598 3611
3611 3598
3612
2591
3598
2593 3612
3612
5794
3612
1348
3612
4288
4288
4288
5802
3627
3612
3067 5041
2064 4794 2071 4794
2920 5932 3469
3598 3611 2614
4287
4288 3598 2614
3598 2614
3611
2618
3612 2614 3612
1550 2968 4095 2065
4289
2614 3565
2591 3621
4287
6032 1496 3970 2020 2865
3558
4287
2618
4288
4288
4289
3612
4287
3405 4117 5834 1355 4269 2083
3598 3598
3068
3598
3613
2614 3598
2614
3611
2614
3622
5814 5816
2591
2005
3047
5418 5426 378
2614 3598
2614
3612
5056 3885
2322 2455 2455
3068
3612
3370
2603
3598
2071 5167
3615
2614
3598 2591
3612
230 3888 1939
3614 3601
3611
761
2025 4890 1965 753 2438
5146 1952 2916 2911
2614
2856
3614
3612 3612
4287
3627
2614
4287
3611
3565
5826 2507
1655
2581
3613 3627
3611
3615
5071 1646
3612
3611 3611
3591
3612
2614
3611
3627 3612
3612 4287
3598
4289
3611 2590
4288
3612
3587
2217
3611
3598
3611
3611
4289
3611
4287
3611
3565
3611 3627
2591 3612
3612
3612
3611
5886
1992 230
230 4884 5219 4742 4794 5466 1535 4794 5219 4884
3611 2560
4988 2431
2618 3612 2596
4743 4255 230
3627 2614
3611
3598
4287
3617
378 633 231
3611
4287 3612 2614
1348
1741 2921 230 2921 1741
4288
3621
1222 231 1419 231 1646 230 2071 1921 1355 2314 1107 2490 4522 2071 1413 4890 5978 1530 5978
4795 2232 2614
3598
5510 230 2850 3886 2193
5831
3611
3741
378 231
1348
2865 3394 5826 1960 1974 2434 2344 3406 2083
2591
1530 605 1413 1639
3617
2614
3565
4288 3598
3598 3598
3621
3612 3556
3598 3598
1530 1529 634 610 394
4287
3612 3565
4619 3394 5510
3627
3611 3616
3611
1348
2614
2603
4288 5793
3621
378
2614
3068
2904 2865 3459
3598
230 2894 2481 2507 230 2421 1480 3157 3870 2421 2482 2614 230 2421 3870 2421 230 2482
1565 4287 2455
4289
3621
2591
3598
3611
2567 3598 3612 2555
2614
4288
3598
3591
3598
2555 3598 3612
4288
3612
2614 3611
6032 2904 1355
230 2005 2240 4257
5470 5927 2314 2854
3611
4288
2614
3621
3611 3611
3291 1551 230
3611
3598
2614 3598
3611 3611
3612 2618
4288
984 6032
3589
4288
3598
1348 2864 2866
2614
2614
3622
1355 230 4795 2329 4983
2614
3611
3612
3598
3611
1348
3611
5813
4288 3565
3172 3171 3427 4869 2916 1956 2863 4288
3612
1639 1927 1413 1652
3621 3598
4875 6032
3627
2891 2416 2314
2029 1586 2603
2326
2860 3420 1550
5789 5794 5995
5066 2988
4858 2859
3612
5470 2904 2488 2426 1355 2924 5055
3598
3565
2555 3611 2957
4288
3612
3613
3615 2591
3612
3565
3598
3611
3565
1227 1227 378
2614
3598
5065 1992 1488 5529 230
1150 350 330
3598
2614
3627
3611
3611
4288 1607
3598
3628 977
3598
4288
3591
3611
3611
3611 3598
4287
2552 2548 3340 2567 4288
2614
3598
3627
3598
5146 5470 2324 3612 2324 5463
4288
3598 2555 1348
5154 4144 2330
3612
4289
3612
3611 3587
4287
2614
2455 230 3402 4837 1923 230 3157 3068 3157 2455 4837
3565 5436
4288
2614
4288
5441
4630 2069
3565
3611
3611
4289 3598 3612
4287
2614
2614
3611 3598
3598 3598
2982 4859 2431 2418 2578 4988 2982
3611
3591
2455
532 592 435
605 444 3621 4794
4288
6032
3565 2591
1768 4740 3105 230
3612
4900 2901 2900 4070 5220 1622 2901 4858
1639
3598
3598
3616 3613
3598
3598
4287
3612
3598 2614
3611
3611
4287
4289
4275 2455 610 529 529 1645 230 5143 1920 3416
2969
3611
3598 3612
3598
3611 4288
4288 2907
3611
3611 2614
3612
1348
6032
5432 3598
3612 3612
3611
2618 2417
3598
3611
4289
3612
5065 3424
2325 2067
4288
2614
1939
3628
4289 2614
3611
3598 2614
3628
3612
3612
5091 5776 1927 5776 4765 3693 2314 2036 2884 2155 2885 2904
3656 5829
2997 2997 2313 3068 2298 2997 2256 2997 3645 2904 2256 5154 2997 3068 2997 3068 2256 2997 5157 3068 2997 3068 2997 3737
3186 3765 4278 3388 3393 2064 2950
3611 3611
3614
3611
3565
3598
2618 3598 3598 3598 3598 3598 3598
2614
230 2455 5826 2455 5826 230 5534 230 2455 5534 5826
1634 2904 4874
3611 3598 2548
3598
2618 2593
4287
3598
4288 2952
3611
2614
3612
3615
2020 1496 2313 3885 2863 230
3612 3611
5218 2509 3390 3394 3885 3395 3395 3885
4873 2416 3390 2640 2314
3611
4288
1348 1348
3612
6041 6032
2864 1741 5218 3698 4071 2178 3891 2920
1348
3612
2324 2512
2614
3611
3565
3598
4287
525 435 2318 435
3612
3612
3613
2614
1348
2591
2614
3611
4288
3627
5794 230 1944
5558 5569 5055 2323 2925 230 1932 5558 2481 230 230 2925 4976 357 5569 2491 230 2434 3180 2071 438 437 1419 1530 637 1655 230 5409 230 5880 3157 2318 2483 2925 230 2646 1940 3008 230 1355 230 4976 2925 1655 637 2071 230 2416 2318 5518 3008 1355 230 2646 2064 3854 4794 3008 230 3180 2323 230 4985 230 1962 5569 2434 2925 6049 230 5558 2416 5569 230
3611
3611
2780 2396 4287 2952 2431 2770
4289 5007 4045 2969 2614 5007 5501
4778 1537 5418
3612
3618
3611 3612
2614
2591 3598
3612 4288
3611 3612
4500 4039 4288 2077 5831 4988 1355 4037
3611
4357
5886 5826 1355 230 5829 1227 766 974 2851 1208 3177 1607 230 1355 2322 5531 2949 1615 5055 230 1355 5531 3176 2851 5531 1509 3176 5826 2662 230 2434 766 5531 5831 5829 984 1208
2455 2139 2894 3424
4287
2515
524
1216 984 1023
5138 2351
2591
3621 4046 6032 1543 1542 4046 4187
2020 2894 3177 2925 2868 3186 3394 2023 2455 4593
3598
2416 1501 4268 3411 2077 4883 5556 3403 1768 2509 4857 1356 2396 2901
3618
4287
4288
2071 984
3627 3406 5070 4275 3854
3424
3616 3611
3611
1550 5166 2903 2528 5825 2905 5166 2916 5778 2905 2323
3611 3587 4287
4289
3611
3590
2957 3756
3627 3565
1481 5533 2284
4288
3612
3177 2904 3067 4593 2418
1939
3756 1465 2699
3173 2894 3068 3176 3412 2891 3184 2892
3611
3615
3612
3621
4389 5772 1613 2474
4289
3612
1883
1355 3297 5098 5189 5191 3261
3612
4288 2614
2591
3598
1321 1334 1294
2614
3598
3384 5510 4273 2905 1355 2234 3097 1548 2178 5826 3388 3487 3693 4794 3389 1768 4857 2065 5501 5219 3370 2424 2904 2863 4275
5778 1935
2434 2431 4858 3702 3245
2614 3611
4288
2614
3611
3692 5218 3180 2424 4289
3611
1348
4287
3611
3565
4793
2020 4890 2614 5826
4289 4287
3565
1921 4430
378
2512 4546 2509 2886
3611
5482 5066 2614 3067
4289
3611
3611
5146 1211 5501 2424 2437 4070
2591 3598
3598
3598
3587
2969
2550
4288
2028 3612 3067 2040
3565
3565
2603
3611
3612
1348
3620 5146
3611
1348 3411
3611
3612
3060
3611
3611
3393 4873 3173 2020 2919 2416 2916
3560
3612
1646 1419
2437 3424 2320 5161 3403
3612
230 3386 2864
5189 5427
3598
3388 1645 1646 1532
1992 3243 3242 1355 3962 3182 3243 3262
2618
3598 4288 3598 2614
1348
2614
3565
3622
5425 3611
3611
3598
5033
3571
2614
4144 2234
4289
3892 3487 3883
5979 4858 2591
2595
3621
3588
2579 2316 4857
3067 5166 3067
3611
2614 3068 3755 3754 2064 1355 230 3487 6032
3598 3615
3611
1348
4289 3627
3627
2614
5431 1550 3598
4635 5791 5979
4288
230 989 378
230 1355 5056 4872 4872 5056 230 1355 5558 230 1355 1939
2614
2603
3598
3598 2029 5033
4289
3598
1348
3598
4289
2980 3875
4289
3598
5167 2866 2904 4795
2885 2256 2431 1355 1548 5220 5831
5489 4794 5160
3598
1742
5157 3693 5501
3565
2064 2313
3611
4288 2611
3598
2816 1355
3612
2923 230 3172
3598 3106 4288
3612 1906 4046 2560 3347
2023 2455 3391 3395 1944 3390 2344 2139 3394 4873 2416 5826
3611
2071 2090 5507 3180
4838 6035
1348 1348 1348
2614
915
1646 3068
1548 5886 2068 2069 5897
1872
3577
3565 3612
3612
3598
2614
1496 2020 2865
1550
4287
3598
2614
3601
5928 5825 6053 3693
3617
4287
5932 2323 1639
3487 3419 3388
4635
3598 4287
3622
2614
5533 5529 3067
1530
2455 2870 2569 2239 2163
3612
3612
3611
4289 4288 4287 3598
3611
3617 3617
2614
3612 2614 3598
2614 3598
2070 5464 2863
4287
3612
3612
230 1530 1495
3612
5522 230 5470 4635 1551
3612
2416 3627 3734 3391 5826 3390 5826 3734 5932 3735 5932 3390 2020
3617
4288
3611 2614
2614
2614
4288 3598
4287
3611 2614
3612
2614
2591
3627
3611 3598 2614 3598 3587 3598
3612
3612
2591 2567 3627 3347 2611
5814
3957 2581
3611
3612
2892 5505 3395 4287 3402
230 4890 1927 230
3598
2510 2510 230
4288
3611
1222 3565
3612
4289
3598
2571 2557 1906 3611 2571 2562 2558 1906 3612 3359
4873 1500 2028 5927
5218 3749
2323 2023 231 603 1027 5132 2950 5071 5070 230 5071 5539 4873 230 1025 5539 230 1963 2640 230 2083 605 439 231 3106 230 2969 5510 5527 230 5829 5831 5834 3177 4976 1225 764 1206 764 4545 1204 2083 2082 1222
4288
2323 1355 2323 1355 230 2323 2614 2093 1962 5143 1355
4287 5027 3067 3225
3627 3598
3613
3394 3393 2416 3734 2023 5218 3395 2455 4289 310 365 2023 622 1944 3394 388 3391
3667
2614 3598
3612
3611
3611 3616
3621 1914 2591
4288
3612 3612 3612
3394 6032 3277
534 1563
3627
2034 2325 3467 2326
3621
4289 2614
3611 3611 3611
3399 2071
3612
3565
3598
3612
3628
4192
2591
3612
3598
3598 3598
3613
4988 3390 3389 4988 2065 1211
3598
3611
3565 3612
5157 2876
2614 3598
2614
4287 606 1639 1469 1637 3598
4288 6048
2334
3598
3598
626 1923
626 599 534 531 3106 1940 3180 2029 5070 2265 3467 3106 2029 1940 3106 1940
3741 3614
3612
3565
3617 3617
2614
2528 4287 1419 3611 1419
3565
3611
2591
2548 3598
3611 3627
3598
4287
2614
2464 5794
3612
5814 3598 4288
3627
3068 2323 1355 2323 3068 230
3053
3612
3613
2603
2481
3598 3611
3627
2507 2039
3612
2614 3611 4287
4288
2614
5794 3892 1639 1639 4288 1639
3611
3565
3627
3611 3612
3613 3616
3611
3627 3628 4289
2614
3598
3612
6032 2071
3611
3612
3587 4288 3611
5220
4287
2614
3611
2614
2455 2614 3411
3611
1548 637 3885
2614
3611
2614
5008 230 6035 230
4288 2614
3612
3612
2618
5053
3068 2859 4287 3621
3617
387 365 1082 4794 622 1068 627
2863 3693
3627
2614
3589
4288
3598
2618 4288 2592
4287
3170 2092 1491 3068 2391
3613
4287
3598
3612
4873 4288 5977 1550
3612
3627 3598
2614
1990 4287 1991 3452
3598
2239
4606
3611 2590 5090 3611
1902
3558
3611
3618 3616
3598 3590 3598
2614
3612
531
4288 5136
3598
4882 4858
3612
2032 2036
2618
2591
2919 230
3067
3598 3598
3611
3611
3611
3627
5033 4873
610 1652 3995
3598
3611
4288
3612
3598
3067 378
2858 2163 4858 4287 5025 2064 2326 3391 2287 2865 2434
3627 3611
3612
3598
3611
634
3621 2591
2591
2614
3612
3612
2614
3613
3612
3598
3627
3598
3598
2618 3627
3627
2618
6034
4287 2614
3616
3565
2023 3970 4910 2329 2330
3565
3612
3388 6042 5001
3565 3565
3612
3612
3621 2593
5829 3388 4985 3488
4288
3598
3404 4857 5466
3612
2614
3612
1547
2614
3741 2614
4288 4289 4287
378 231 1216 983 230 1976 2860 231 983 1222 1219 230 1974 2860 1976 1222 1296 231 983 1974 2860 1976 230 1219 231 1222 983 1740 230 2860 3176 231 1219 983 1222 837 1974 230 2860 231 983 378 230 1974 1976 2859 983 231 1222 1216 1974 230 2859 1976
3615
2614
230 1768 3068 1768
3612
4289
2982
3616 3620 2438
378 1207 1208
4288
3611
2982
3589
3068 5146 1355 2489 5132
3612 3611
4289
2614
3598
3598
4287
3612
2868
4099
3598
4289
5825 1092 2139 2670 5826
230 610 526 230 230 1469 444 1652 610
6041
4779 2593
4874 6032 3157
2863 2885 3172 3407 1921
230
3612
4288
4287
4289
3612 2591 2614 3612
3628
2997 230
2646 2424 1355 230 6032 2925 1497 1355 6032 2646 230
4618 4619 1355 2851 2090 4618 1355 230
3598
2802 2952 2083 2949 2517 1960 2065 2139
2614
3587 3611
2891
3611
4288
2614
2614
4287 5220
3068 1962 3068
2614 3598
3612
3565 3598
1348
3618
4288
3627
5162
5493
3242 2851 1355 2851 3242 1419 1530 442 1419 1355 2925 3962 1652 1413 1530
3627
2614 1606
2955 3755 2325 2884 5066
3276 4857
2591
2614
3598
1652 531
2614
3616 3618
6032
610 1419 1530 637 3657 634 1530 230 230
4288
3611
2481
4287
5033 3689 2711 2881
2093 1355 3172 3262 1355 4858 2916 636 1530 1419 1419 3876 2238 3172 6032 2455 3399 1466 529 1652 608 2756 4633 1355 3242 3172
2863 4269 3427 2865
2591
2591
2277
3612 3611
3612
3267 3275 3691
4287
1627 1672 1641 1633 1657 1654 591 1608 1638 1638 591 1607
3628 3544
3598
3621
1355 5143 2969 2064 230 5880 5508
230 4633 4976 2455 230 4976 1512 4633
3598 2550
3068 3068
915 4288 5038 3612 2331
3613
2316 5051
610 637 1529
3587
1492 1491 3068
3870 5143 5132 230 5143 230 3876 3876 3402 230 357 6034
2618 2618
230 2640 2780 2309 2853 3870 230 3870 230 4545 230 2323 3870 230 1741 230 2856 2064 1516
3598 3611 3587
2614
3598
2614
3068 4858 3627
2068 5051 2455
6032 4360 3970 4358
2591 3571
526 4288
4858 4268 1955
2865 4288
2614
4288
3406 4070
3611
3612
3565
3405 2065 3407 4288
3615
3598
4778
3615
3611 3611
3627
3611
3598
3741 3612
6032 2163
3611
4766 3172
3612
3627
3068
4145
3068 1489 2489
3601 3601
3622
4287
5526 5464 5189
4287
3614 3613
3611
3565
3615
4875 5157 3976 5932 2418 2806
3611
5880 230 4976 5834 5829 230 3870 230 435 230 1655
3564 2591
3611
3615 2560
2591
2891 5464 3067 5188 1465 2901 4740
2614
3611
230 4976 2851 230 5143 5510 1740 230 2925 5510 230 5098 5143 2455 230 3177 1740 4976 230 4119 2884 1549 230 2851 230 1935 3188 2851 230 5143
3611
5006 2803 3693
3434 2969 230 1355 3170 2318 526 230 442 438 2071 2065 6048 230 2969 6048 2488 5519 2022 230 1355
4207 1587 2593 3598
5136 3423 3269 3278 5071 2979 2484 2979 2978 2979
4287
2614
3598
6033
4883 5557 4883 5557
5160 3389
3067
4288 4289
3565
2618
3577
3611
2438 4883 2997
3598 3628
3587
2064 2509 230 3428
5218 3394 1227 5218 2865
3598
3598 2614 5436
2960 2959
2806 345 1518 6032 1611 5157
3627 2591
6032 5419 2463 2902 2901
2614
3565
4288
3598 3611
378 724 378 378 720 667
3746
3628
2614 2618
2025 3395 4894 2883 1550 1945 2997 2023 3443
3598
3413 230 1530 3189
3628
4288
4288
2158 3598
4287
3247 3962 1355 1974 1355 3242 3242 3298 3962 1355 3243 3242 1355 6053 1355 3247 2756 3387 3067 3242 1355 3258 2756 3247 3428 3247 2853 1355 3074 3242 1355
2614
3611
2614
3598
4287
3612 5403 2313 2618 2416
3614
2507 2271
3062
2569
3612 3598
3627
3612
3612
3598 2614
3598 3598
1348 3612
3621
3612 2587
4251
3611
5994
3611
3611
3612
3627
2317 3419 1960 1576 3394
4288
3627
3611
2614 3589 915 983 1216 3598
3611 2326 3612 3556 4070 4912 3326 4289 5470 3621 3556 2510 5826 3560 3612 6050
3612 3618
5110 1615 5070
3521
3598
3627
3612
345 1611 5544
3627 3611
3411 3475 2919
5980 1965 5974 3068 4576
3614
2860 2324 1939 2885
3424 2455 230
2614
3612
2028 2508 4873 2028 2028 2028
2614
230 438 637 1530 1419 2481 2507 1930 3008 230 4988 3170 3008 1355 230 5778 3173 230 3184 2488 6032 230 2032 442 1588 230 1466 1355 2323 1419 2323 1645 230 3170 2309 2032 230 2316 2323
2028 3598
3627
5793 3483 5995
4287
2455 6034
3614
1466 1466
3621
3616 3617
4900 230 5071
2064
1915
6032
1486 2964 2959
3612
2695 2490 3067 3756 2710 6049
2809
3613 2591 2548
2902 3393
2618 4289
3612
5985 5790
6032 2068
4288 2614
1530 1646
1348
4288
230 3427 231 766 1226
3488 3427 3690 4288 1355 2802
4891 4787
2455 230 2317 2323 4577 2950 4985 2950 3387
1615 1607 1606 5146
4289
3611
3068 2020 2868 3176
4287 3614
3598 3612
4289
4521
4287
2603 3615 3613
3612
3612 3627
3395 1551 230 3427
1639 584 532 584
3612 4289
3612 3612 6032
2614
3611
3180 2323 2438 1742 2640 2426 230 3176
3565
3598
2614
230 2865 1355
4873
4288
3611
3621 3621
2071 2590
2455
2978
2071 3302 5055 2416 3278 2326 2314 2416 4873 3391 3404 3735 230 2314 2416 1512
3611
6032 5166 2876 5470
1562 1082 366 622 378 390 1060 384 623 1047 365
1901
3400 2029 2028 3621
3067 3188 2507 5070 3189 5070 3611 5070 4136 2474 2852 2718 2093 2718 3037 2093
2317 5146
3566 3567
3611
3598 637 1419
2806
4747 5791 3012 5789
3612
3614
230 5143 3390 2232 378 3882 231 1355 5132 2969 230 5143 230 1355 2639 5070 2357 4794 2969 230 5132 2323 230 1355 378 1529 1637 609 1413 1355 3253 5070 4545 2904 2272 2323 5143 230 5070 5132 1355 1652 1419 1413 526 1413 231 2064 2919 4633 4635 2919 2064 4633 1355 4635 2851 4986 2277 1355 3186 3182
5796
3598
3402 2317 230 2036 2323 5005 230
1902 3611
1518
5456 4879
3340
1867 3327 2561
2593
5432
3423
3611
2591
3611
1576
3616
3611
2804 2904 2865 3006 2904 2865 3006
3611
2071 230 3389 2418 3008 230 5519 230 3883 1940 2418
3612 3614
3067
2923 3302 2034
3068
1348
3611
2618
3612
2527 2455
3611
1469 1469 1652 1637
3621 3741
3612 3612
4287
3565 3565 3565 3565 2603
1348 3628
6033
1975 2330 4269 4268
4289 2020 3176 1348 2864
4717
3552
5831
3611
3565
3402 2455 230
1348
1419 637 1419
2618
3693 3411 5040
5038 5053
6032
4785
1355 2316 2245 6035 1939 2455 2438
3611
3621
3391
1939 2919 1355 4635 2490 2919 4618 1355 4618 4619 4620 4618 4619 1355 4618 4620 5995 1355 230 6032 230 4618
3616 3617
1348
1529
6042
2614
3618
3612
