3591
3611
1639
524 2436 4869
3068 2527
3611 3598
2617
3587
3184 2476 2851 1975 3436
3611
2555 2548 5804
1475
3565
2139 1548 4794
2616
3589
5776 1866 2548 3612
3614
3565 2024
3591
2593
3598
3611
2593 3356
3611
3068
2071 3097
1419
3598
2488
2593 3612
584 5058 1666 5489 535
2593
3611
3598
2593
3384
3611
5527 2881
3598
3612
2548
3565
2593
3565 2616
5541
3618 3618 3617
3552
5825 4132 4861 5143 3621
3565
751
3598
3611
637
3598
2617
2593 4046 2613 3565
3565
4443 3611
3612
3611
3612
3611
4803 3425 1954 2071 1355 5928 5512 3459 5028 4629
2593
3614
2507 1768 4633 532 1960
3598
3611
3611
3611
5501 2510 4999
2071
3598
3612
2593
1211 2865 5188 2509 2825
3598 2594
2603 3201 2222 2222 3598
3611
983 1217
3394 1355 4858 3420 2858
3598
3612
2614
3612
2593
2314 3386 3394 5070 2854
3611
2593
3613 3601
1646
3612 3611
3612
3612
3611
984 845 915
3611
3612 3598
2593
3612
3611
2593
2594 5554
3611
3611
3598
3611
3611
2616
1882 2548 1881
3613
378 1082 1046 1046 2455 1646 2076
3598
2592
3598
3613
2314 2064 3407 3388
3612
1866 1207 973 3394 378 2617 5825 3394 378 1207 973
3612 2593 2593
3617
3611
3611 2614
3598 2593 4820
2549 1872
5070 2071 2489
3611
2593
3611
2483 3394 5505 2071 3390 2679
2593
3611
2593
3611
3565
534 601 1642 1494
2848 2864
2234 1481
3612
1413 526 605
3612
6033 1568 4622 1415 1766 5007 3885 4622 6033 2439 1551
3612
636 608 532 435 534 1530 594 591 605 1413
2863 5157
637 1466 2071
2605 2555 2555
3613
3693 6035 1355 3964 3009 1601 3395 2780 2357 4708 3007 2139 2856
5794 2591 5799 5979 5991
3611 3611
2614
3551
3598
2605 2592
1866
3598
637 5826 5413 1530 1639 438 607 1530 5826 1466
3565
3621
2593
3067 5825
2594 1898
2071 5569 5504 1601 5425
3565
2594
2594
3611
3611
3565
2599 1496
3571
3598
3765 5961
1774 1646
3598
3598
3598
3611
2563
3598 3611
3598 3598 3598 3598
3612
3611
2614
3613
3611 3611 3598 3611
3611
2614
3618 3618
3611
2135
3587 1530
3612
2614
3591 3598
1419 2270 1646
3611
3612
1862 1862
2614
2864 2863 5776 1582
2593
3565
2617
3615
1872 2555 3612
3614 2548 2549
2555
2024 1990 2463 3465 3735 3390 1475
3886 2324
2548 1872
2593
3598
4196
2593
2592
3598
1222 984
3598
3612
3611
3611
3614 3598
3598
3598 3598
2594
3413 3421 5413
3612
3611
1486 3560 2894 2070 2806
2020 5427
3598
3598
2593 2593
3617
3612 2593
3565 3565
3617
3611
3586
2071 1960 3388 2156 1955 1740 3875 3395 1543 1355 4268 1570 2316 5055 5510 1946 2483 2865 1944 2077
3598 3598 3598
1610 1610 6004
4046
3611 3612
535 1634 605
3565
2593
3611
5188 3399 1355 5219 4882 4890 4618
3612
5466 3589
3611
2593
2614
5569 1497 2507 5071
3612
3611
3612
3612
3598
2849 4070 1639 4861 2438 4578 3041 2426 3281 3405 5143
3612
3201
2593
3611
2593
3598
3598
3598
3612
3598
3612
3611 3565
3611
2561
3598
3598 3611
3390 2863 2865 5056 3068
378
6035 6040 6040
3611
2562 2560 2548 2561 5808
3612 3598
3621 2593 4935
2614 2617
3611
1637
3618
2614
3598
3612
2548 2555
3598 3612
2594
5880
4779 5498 3577 3615
3591
3612
2593 3621
2070 2593
2617
3594
2614
3621
4858 5482 2904
3611
4820 2593
3611
3598
1639 1413 605
3612
3612
1355 3173 2068 3397 2916 1929
4155 4070 1954 5055
3611
4046 3590
3598
3598
3565 378 1207
3612
3614
3598
1904 2594 1904 3598
3598
3590
3598
3621
2614
1466 637
3598 2594
3611
3612
2594
2593
3598
3618 3617 3612 3598
5814
3598
1465 2575 1465
4839 4874 3440 1355 2431
2603
5157
3598 3598 3598 3598
3611
3577
2593 3575
2617
3565
3598
2070 2436 2265 5826 3765 4883 2068 3765 2483
3598
2593
3598 3611
3598
2707
5070 2954
3598
3612
3611
2617
725 1601 3073
1216 909 984
3611
3591
3611 3611 3611
2548 2593
3621
3587 3587
3565
1095 1095 1228 1235 1094 1096
2614
3611
3598
3616 3587
3612
2614
3615
3612
2593
3565
5074 2070 2964
3598 3598 3598 1586
2064
3611
3612
5157 1500
2593
1222 984 3598
1872 2555
1646 2065 2464
3586
3612
983 912 1215
3611
3598
3598 3591
2593
3612 3029 5186 2463 6049 1587
3598
3598
3390 5068 5218 3883 5932 1926
3611
3412 2431 4597 2064
3598
3612 3612
2614 3598
3591
2280
2594 4435 1866 3076
2603
3565 3565
3598
3611
2614
1140 350 1192 2593
2614
3611
2593
3394 4875 3173 4858 1355 1944
1297 1334
2593
3612
4942
2418 1921 2273 5143 3097 2455 2091
1550 1550
3146
3201
3611 2593 3598 2614
3611
1530
3598
3611
3598 4882 2070
4881 1576
3611
2603
605 1639
2614 3598 3598 3598 3598
3612
3598 3598
3073 3598 5431
2064 5513 5071 4858 3611
3598
3556
3612
2614
605 583 2594
3611
3615
3611
3598 3617
1530 1466 3598 1648 1419
3611
2071
4882 2885 4858
3612 3598
2593 2593 5966
3598
2593
3617 3616
3612
3598 3598
3611
3598
3611
4046
2593
3565
5065
3589
5852
3598
2614
2047 2070 4861 2023 2436
2596
3286 3389 2919
3611
3612
3598
3598
3621
3612
3613
3390 2064
3611
2617
5527 2507 528 1639 595 1413
2593 3882 3885 5918
3621 2601 3335 3621
6034 1962 2431 1216
3611
3598
5967
2603
2593
3611
3612
3612
2593
3586
3612
2593
3598
5430
3616
1526 1512
2069 3395 5000 3425
3598
3611 3587
2617
3967 3067 3067
3598
2593
3561 2617
2593
3598 5436
3612
3611 3598
3611
1530
3611
3612
3612
3598
2114
1866
3598 2614
1512
3598
3611
2594
2130 1481
3591
591 636 583 636 1611 1489 345
4795 4187
3598 3598 3612
5219 2071 3393 5001 5219 3459
1143 1664 1196 330 2070 1952 2911
3612
2198
3612
5146 1947 3184 2857 3437 5146 599 1403 524
3621
3612 3565
3612
2617
636 636 1637
3598
3411 3412 6035
3598
3615
2617
3598 3598
2209 2200 2166 2175
3611 3598
3598 3611 3598
3612
2594
3598
2206 2189 2204 2196
3612
2603
3598
3621 2548
3611
2892 531 1637 1652 3598
2593
2617 1866
3590
3612 3598
3612
2593
3598
3598
2593
3615
3613 3587
2593 3598
3615
3598
1576 3278 1548 3459 5070
2555 2563
3598 2317
3611
2570 2547 3335 2571
3612
3612 3598 3598 2614
3606
2593
2592 3612
2617
3201
1530 1419
3598
3565
2548
4986 2064 4622 3393 5507 1355 2313
3565
3613
3621
2614 3347
2592
3611
3615 2593
2593
3598
3612
5161
2559
5564 4070 3068 1985
3612
3614
3611
3598
3611
2593 2616 1493 1493 3612 2593
3612
3612 2593
3565
2593
2617
3611
3615
3612
350
3577
3612
3067 2593 2483
2594 3598
3612
2614
5007 5024
2594
2594
3598
1222
3598
2617
3611
2616
3388
2064 2509
3598
3598
3618
3577
2593
3598
3613
1904
3694 4660 2309 1355 5073
3612
2865 2593 4988 3394 1497 3888 1355
1904 5498
3598 3598 3598
1542
4961 1911
3598
3598
3612
3612
2982 5932 2416 5932 4337 3068 5932 2416
2548 2555
1516 4884 1516 1509
2593 3598
3612 2614
3612
1500 1872 2555
3612
2263 1946 1355 5218 2855 2854 3172 2489 4545 1806 2854 2395 3693 2077
2865 2864 2863 2992
2594
3611
2004 2593
2712 3598
2555 2549
2603
3591 3598 3598 3591
5033 6032
5188
3598 2776 2765 4858 3517 6025 6024 2760 2139 2698
2614
2780 2802 1858 230 1355 1355 1858 2024 4268
4943 2850 3411 5157 3598 1480 1899 2560 5527 1480 3067 3589 2863 2070 2865
3598
3611
2614
2593
2614
3565 2614
2594
3611
1576
3611
3612
2593
4794 4858
3612 3565
1576
5504 2548
2455 1355 1497 5932 3397
2556 4052
3598 3611
5775 5218 5218
5501 1548 1535 2593
3598
1208 1226 378
3611
2593
2614
3612
3611
5073 4021 1570 4070 4219
3612
2555 3612
3598
5932 1221 4070 2313
2593 1530 1419 4929
378
3621
3611 5434 3611
3598
4045 1208 3170 2548 2555 3544 1613 4187
2561 3621 3598 2571
2614
3612
4928
3613
1603 3598 1603
3565
3614
3598
1480 3073 1480 3073 5420
2593
2158 3068
3615
3598 3611
2594
3612
3283 5182 3425
3611
2593
2482
2593
2548
3611
2616
3611
2617 3615
2617
3612
1419
3611
3612
2603
1903 3621
2885 2330 3425 2071 2850 3560 3734
2513 2199 1576 4875
3621
1419 1419 1563
1215 5531 3173 908 4070 2309
3612
3621
3598
3621 3598
3598
2864 3176 5220 5220 2911 5157 3170
5033
2069 4983 230
2155
3618
3621 2594
2320 5531 230 1355 2978
3611
3612
1480
3612
2594
3589
3612
2438 2434 5146
3611 2614 3598
4046
3615
2594
3591
3598
3598
3611
3612
3587
3598
3565
3598
2593
3613
3598
3598
3598
3612 3598
3565 3598
2555
3611
3611
1530 1530
2614
3611
3611
1878 2560 1860 3611 2559
3611
3201 2593
3611
3611
3598 3611
3611 3598
3612
3598
3612
3612
3611
3612
3612 3612
3611 3612
524 534 435
4099
2560 3612
3565
3611
2593
1508 2076 6034 1355 3766 1497 1946 3765 2919 4795
3611
5415
5794
3614
3612
5157
2593
3565 2594
3613
2180 2161 5156 3842 5026 3598 3840
2884
3611
2881 1637 1639
3611
2593 3360
311 1963 5057 6326
2614
3611
3598
3611
3598
3566
1637
2548 2549
3611
4875
3598
2559 3598
3615 3601 3601
3598
3598
3046 3013 2383 5510
3598
3553 2616
3612 3612
3612
1927 1530 6032 3388 2670
3598
5057 3386 3387 2071 6033
3611
3611 3612
1872
3611
3598
3612 1896
1518 230 3068 6040 1540 634 1530 637
1866 2615
3598 3598
3598
3613 3598
3553 3598
3598
2593 3598
3611
3598
5038 442
3598
3612
3598
2241
3068
3565
2593 2560
3598
2978 2270 230 1921 2978 1929 2476
3598
3598 5815 2549
230 2071 2071 230 4883 4883 230
2594
5556 5155 2978 2994 1984 1985 1607
3598
2181
2593
3612 3598
1493
3611
3611
5519
2559 3615 2593
3612
3598
3618 3617
2481 2905 2036 2482 4633
2593
3612 3565
3616 3611
3611
3565
3598
3598 3598
1586 1585 2428
3598
2593
3598
3615
4875
4045 2455
4988 2904 2594
3598
3612
2559 2567 3598 2555 3621
1870
3612
3856 2863 2315
3611
3598
3612
5966
2863 4857
2603
3612 2593 2593
2614
2616
378 231
1906 3611
3598
3612
3589
3611
3612
3598 3612
3612
5850 5850
2593
2418 2891 2455
3613
1587
3598
3601
3615
1218 912 378 977 1217 916
3598
2858 3390 3158 2455 2865
3614
1866 3598
3611
3612
5814
3611
1872 2594
3598 3611
3612
3201
525 637 525
3598
3598
2868 1929 1355 4579 5772 2440 3183
2579 2581 1980
2158
3611
2548 2594 1872 3612
2614 3611
3612
3611
2563 2551 3612
3611
3611
1207 1218 975 916
2616
2071 5070 4070 3598 3394 5001
2024 5219
3591
2617 3556
3611
3611 3598 3598 3598 3598 3598
3611
3567
3613
2614
2555 2548 3598
3612
3009 4740 3009
2559 2555
3598 2614 3615
3612 2617
3598
3622
3611 3587
2594
3565
2070 1355
3598 3611
3611
2879
2850
2614 3598
3564
2076 2076 2076
1222 1210
2548
3598
6057 3403
5065 4805 4875 4873 1500
1140 1184 330 350 1664 1183 1530 1664 1186
2614
3611
3612 3611
3615
2560 2594
3598
3598
3611
3613 3613 3598
3612
3615
636 435 437 605 402 599 1494 1469 605 402 1494 437
3621
3611
3756 3756 3756 3621
1228 2510 1095 1234 1092 1095 1094 1229
3612 3598
5810 3335 3598 3612
3613
3621
2617
2593
2603
3598 3598 3622 3598 3598
3611
3611
1639 4858
3613
3611 3611
3621
5927 1512 1535
3598
2978 5038 5521 5005 230 2969 1962 230 5143 5521 2277 5033
3747
3611
1509 1509
3612
2593 3612
2617 2181
2617
3611
2594
2180 5776 5779 5776 2158 2593
2555 1872 2593 1866
4522 2070
1655 1646 1466 1529
2617 3618 1863 2593
1872
2390
3565
2603
3611
3565 3611 3565
3591 3612
3611
3612
1529 330
230 3781
3598 3598
3611
4158 2633
3612
5098 4577
3598
3598
4805 5434
3591
2548
3612
3612
5808
2593
2594
3598
3611
2234 1496
3612
3613
3612
5072
2548 4966
378 1102
3598
2487
3611
3598
2593
3598
2617
2593 2593 2560
2481 5157 2683 1221 1207 766 5780 4879 1355 2894 3090 2507 2156 1962 5928 2851 2868 2894 5460 230 6048 2483 2683 230 5157 2894 1355 2483 5531 5460 5928 3870 3873
2270 4874 5531 230
3611
2555 1872
3621
3598
1496
5027 3404 3697 3598
230 1074 1078 1562 230
3598 3621
4046 5055 4813 3598 3598 5966 2592 3598 4812 3621 4046 1595 4988 3621 4046
2617
3598
4890 4890
3598
3613
2593 2595
2614
3598
3611
2596 3948
3611
2528 6032 2908 6048 5138
3612
3611
3459
1551
3612
3146
1866
3617
374
5057 2391 2396 2952 3250 2110 1355
3612
1496 2241 1962
2603
3601
1207 2593 1227 633
1530 1419
3612
3590
3611
3613
3612
2593
3612
3611
3612
2593 3613
2548 2548
3611
2561
3612
2594 2593 6017
6034 5219 230
5814
3621
3598
1532 610 1466
3611
3612
3612
2593
3598
3598
3611 3587
2614
2614
2594 3612 2593
3281 3872 3466 2979 1952
1500
3611
5489 1929 2993 3370 5220 2256
2614
2885 2886 2455
2614
5451 3611
3612
2593
2640 1534 4794 1606
5161 230 1355 1927 2481 2969 230 1355 1927 230 5161 1923 2321 5098 2065 1927 1923 230 230 5161 2320 2481 2321 230 230 4009 4011 1962
1872
2614
2555 2559 3598
3565
3612 3612
2024 1092 4879
4522
3621
3611 3598 3611
2594
2616
3598
310 5116
230 3157 2323 5558 230 230 2490 1355 2640 5518 5518 230 2490 230 2323 230 3157 230 230 6057
2256 2256
3611
1866
2593
3556
3598 2614 2604 4046
3613
3612
1875 2558
3598
2935 2560 2561 3411 4852 3150 4850 2560 1355 6032
2464 230 5569 5569 446 593 446
3622 2020
3611 2555
3565
3598
3598
3620
2593
3612 3598 3598
3598
5146 1767
3612
3553
3565
2593
3590
2616
3612
2593 3613
3615
3613
912
2593
1350 3566 2617
2594
3611 3587 2559
4878
3565
3435 3387 3388 4623
2024 2593
4861 1576
1872 2574 5813
3612
2594
2593 3598
3612
2455
3611
3373 3371
3589
3611
534
3617
1872 2555 5495
3598
600 526 435
2594 3621
3598 3598
3621
3565
3388 4874 3067 3412
5055 2868 5138 3222 2457 230 2395 2139 3000 5505 3224 230 2421 2421 3000 2439 5055
3598
2548 2548 3598
3612
3611
3552
3612
2593 3612
3587 3611 3598
1767 4584 2855 2069
3618
3611
2683 2357
1568 2070 1530 5071 1355 4633 3420 2483 2071
2592
3611
4622 2177
3587 3612
2644 3612
1767 4045
3621
2979 2994 230 4622 5510 230 3009 5008 230 3074 5005 230 2640
3598
3611 2617
3611
532 534
3621
5157 3946 2418 1480 1355 3690 2954
1496 1496
3618
2071 2855
3612
3611
3566
3565 1639 1466 1652
2559 2555
3611
1496
2868 4752 5191 6028 2859 2064
2559 2555
3613
3443 3442 6035
2690 2897 3067
3598
2617
3598
3577
3611
3611
5007 4070 2916 3693
3611
3598 531 599
3598
5776 1540
3621
4811 352
2593
3598 3598 3598
3598
2614
4620 2916
2593
2417 2271
2593
2603
3611 2555 2548
2614
3612 3598
3612
3612 2548
3612
3612 3611
3613
2509
3598 3598
3611
762
1511 1511
1611 1530 345
3612
2594
2996 2876 2910 1551 5456 2995 2866 2416 6032
3598
3612
591 536 2421
5053 5053
3617 3617 3617 3617 3617 3617
3612
4858
3598
2593
2603
2593
3612
1576 634 1419 1530 5518 3067 230 230 5518 3068 5518 5772 3068 2329 230
3598
5220 2594
3598
3565
3183 5569 5143 5143 5569 230 3182 4132 5569 5143 5143 5558 230 3180 2969 1962 5143 4045 1962 230 5527 5143 2997 230 2969 4837 4045 4045 230 3180 230 2323 3180 2323
2592 3611
1089 1092 1100 1089 1236 1026 1092
3611
3598
3617
3612
2617
378
3598
3617
1866
1872 2555
3611
3598
2581
1493 2603
3598
1530 1413 531
3611
3612
378 2593
2581
2600
4988 5001
5070 5071
4635 5552 1626
3612
2593
3612
2595 3598 3056
4624
637 1419 1419 1530
3612
3611 3615
2070
3598
3612
6004
3565
3598
3618
2594 2555
3598 3598
3612
2180 2857 1355 2418 2078 2277 1511
3598 3598
1413 593 583
3611
3565 3565 3565
1508
3598
2594
3621
2614
1419 637 1419
3612 3598
5500 2735
3614
4948
2464 5066 2064 5071 5066
534 596 535 593 1413
3598
3598 3565
3612
231 1222 910 838 1296 983 3424 230 2489
5927
3611
5065 1355 1932 230 2277 5058 230 1355 1932 1939 1932 230 5157 1939 3870 1932 230
3613
3870 1939 230
3565
3611
3612
3612
3598 3598
3612
2064 5157 230 5157 2064 2071 5157 5157 2071 5157 2064 5157 2064 5157 2064 230 2064 5157 1355 2064 5157 231 5157 1355 2064
2563 2555 2593 2571
2548
3598
3612
3265 4794
3386 3387 4858 2863
3617 3617 3616 3616 3617 3598 3598
3598
3027 1092 347 2555 2573
621 1077 230 629 433 624 5143 2323 2091 1081 230
3598
3290 3299 2277 3290 1355 2277 230 4556 3290 1355 1355 3290 3365 3365 2851
3067 3279 4857 2524
2593
3598
2594
3561 5157 2455
3611
3384
2064 2954
3612
1939 1898 5967 6048 1904
1963 3242 1955 5033 1962 3242 2491 230 2323 1355 3242 1963 1945
3615
2583
5034
2593 3565
3612
3591
6053 3876 230 6053 230 4635 6049 3008 3245 3277
2593
3598
3611
2391 2851 2065 3262 3184 3242 1963 2919 3172 6032 3243 3180
3612
3612
5803 2560 4566
3611
3598
3611
2627
1612
2603
230
230 3829 1939 230 1975 6053 230 1355 1927 5896 4045 230 2438 2978
3175 2780 2396
2617
2594
2561 2567
2233
3611 3611
5780 230 4879 5058 1927 6053 230 5489 5489 5880 4011 230 4132 1355 2222 6053
4861 6032
3129 1355 4545 3888 230 3442 230 2323
3611
2617 3598
2614
1509 1509
3613
3598
2593
3612
3611
3622
2593 3565
2594
2880 4858 2708
3612
1535 5927
3565
2765 1956 3067 2236 2911 4127
3621
3565
1535 5219
3565
2603
2771 2222 3615
3565
2617
2455 5518 230 2156
1074 1562 6000 230 4090 230 2070 230 2488 5074 2071 2488 230 1355 230 2047 1935 230
2593
3611 3611 3611
3067 2593 535
3612
2593
531 591 626
4196
1985 230 1923 5558 5880 230 5098 1985 230 1415 5558 230 5143 5880 5058 5558 1415 230
3565
1615
2617
3612
2317 2455 5220 4794 4857 4884 1611
2593 4880
3612
341 3068 1502 2491
2182 1567 4875
535 595 1413
3612
2593 3611
378 1203 2550
3612
2617
230 1355 2482 2488
3598
1637 2855
2626
4009 230 5558 1535 3068 4978 230 2491 230 6032 2158 1920 1355 2277 3067 5070 3875 5071 1606 230 1518 2036 230 3158
2593
5218 4521
2592
2593 2593
3598
6032 1210
637 1626
3612
4155 1355 1737 230 1740 230 3870 1932 1740 2071 2969 1740 230 5143 3171 230 1740 2979 1740 230 2894 2318 1930 230 1932 1740
1484
3201
2617
2594
3611
2418 2865 1872 1611
3612
230 5065 6035 5558 6035 230 6035 5558 230
2617
4861
3611
1355 2040 2526 3437 230 1492 2856 1355 3184 2923
2593 2628
1607
2593
2455 5218 1590 1576
4858 1530
2593
2593
3565
6099
4881 2596
3616 3620
1896
