1656 4029
4806
4016
4046
1714
4040 2881 3747 2852 3747
4030
4804
4804 4016
4805 4016
4030
4029
4029
4804
3978 4016
4029 4036
4016
2904
4804
4806
4030
4046
4804
6730 6721
4806
4805
4804
4805 4029
2905
4030
4040
3971
4804
4016 2904
4030 1713 2594 2736 2593 1717 3309 5790
4804
4033
4030
4016
4805
4806
4016
4030
4030
4030
2844 4033
4016
4030
4005 4016
4016
4804
4030
4029 4003
4016 4016
4805
4804
6558
2313 1700 1664 4804
4032
4030 4016 4173
4805
4046
4804
4029 4806
4030
4805
4030
1498
4030 4806 4016
4804
4029 4046
2850 4029
4173
4016
4005
6546
4805 3978
4016
4016
2904
4805
4029 4016
4806
4029 4805
4046
4806
4804
4016
4806
4805
3985
4806
4029
4030
4806 4805 4804 4016
4029 4016 2904 4016 4003 4016
4016
4173 4032
4035 4035
4029
4805
4046
4805
4173 2904
4806
4029
4173 4030
2736 4007
4030
4046
4032
4029
4040 4173
