2904
5819
5820
2312 5218 3254 6199
5496 5505 5820
5819
5819 4016
3323 5819 4016
2168 4016 2307 2908
3776 3776
5819
5819
3978 2924 2908
4016
2402 5819 2736
2869
2904
5819
4034
424 1089
4016
5820
5819
4557 1972 2424 3240
5819
4030
4030
3194 6558
5820
5404 5819
2904
3189 6559 3817 3190
1734
2904
2904
5819
5820
5819
3859 3883 4118 2713 3259 2881 3813 2608 5820 3851 2173
4030
5819 4016 2904
5617 5341 5878 5845 6568 5663
5819
5819
3806 2704 3797
2269 2886 2883 5819
1733 5820 1507 3191 2587
6199 5820 2312
3220 3260 6506 5495
5819
3807 4789
2908 2269 4478
4016
5819
5820 4016
2717 2667 2736 3237 3082
5820
5819 4029
4030 5496 5819
6888
3870 5819
5819 1498
3782 2269
3978
2812
5794
1673
1821 1695 2313
5819 2440 4016 6196
5820
1082 1006 1355
1088 5819 698
2207 3784 5663
424 1345
5819
5819
5819
5819
1695
3788 2270
4016
3191 5820 5810 6212 4118 2772 2704
2904
3830 3240 1714 3828 3817 5478 2709
4030 5810 2168 4030
5820
5819
5819 5820 3427 4016 2184
4016
4029
2126
2405 6559 2482 6559 2704 3196 5662 1507 3220
1015 1131
5820
5820
2851 2850 6655 2904
5879 2904 5820
4016 5496 1664
4793 5820 5405 3868 5798
4016
3978
2904
5819
5842 6687 3194 3426
844 424 261
5819
2373 5820 6504
5690
5820
4016
5820
4879 260 6230 6230 260 260 6230
6199 5810
4016
2716 5404 5511 5820
2587 2716 2185 1507 2184 2593 3189 3805 4117 6808
2578 5342 4478 5844 5642 2796 5493 1572 596 5642 5843 1716 1133 3788 6558
2904
5819 2904
3258 5819 3256 3181 3813
699 424 844 1345
5819
5820
4029
5820
5819
6558 1661 1695 1724 5487 5820
4029
5819 2312 2904 2908 4016 2312
4029
2881
2318
5878 2771
5819
2269 4451 5514
1652
4029 5820
5820
5820
4016
5820
5819
6028 5820
2325 5306 4793 6817 1507 6506
2588 2587
4789 4790
5820
3241 5819
2908
2908
5820 6199 3266 3829 4123 6568 1507 2306
5819
1507 3548 3190 5713 2306
5619
2155
2904
6746 1736 6758
4030
3426 5820 5361
3738 2085
4030
5819
5820 2904 4016 5810 5794
1695 488 500 1572 657
5819
2572
261 699 1655 260 3227 3240 1507 5622 4122 424 1348 261 1348 1361 261 1361 261
5820
5501 5819 260
4016 5819
2904 2881 4016 5819
424 1356 1354 1089
5820 5177 2663 3093 2623 5843 3236 2270 3435 2669 1507 4421 5222 2578
5819
4040 4030 4030
2266 6558 2264
5820
5820 2402 2484 4016
4016
5819 2904
5820
4030
5819
5820 4030 4016
4016
2893
5819
4029
260 3052
4030 3335 4526 2859 2881 4040 4030 4016 2908 2859 4526
260 6251 2774 1355 261 5810 6173 260 2771 2219
2482 5478
2904
2898
4031
5819
2312 6199
3459 3552 5214 5819 3426 2185 3796 2704 4784
5819
3426 5663 5819 2264
5820
5819 5820
261 1367
5819 4016
5819 1367 1473
5819
260 1477
2908
1695 594 657 649 497
2193 260 1708 1655 1936 2313 260 1655 5879 1708 1936
424 261
424 260
5819
2796 2168
2904
1086
4016
261 424
5676 2306 260 2425
2772 5671
5503 3082 1639 2402 2409 2794 3190 4016 2572 5250 2589 3192 1507
5677
5819 1498
5819
3601 1507 5533 6687 5496 3426 5516 6199 2287 3195
3427 2403 5819
5820 4016
5820
4016
2908
5819
4016 2736 2695 5477
5820
260 5533 3548 5696
3996 2902
424 2528 5697 2193 260
5819
2881
261 1361 1660 261
2534 2491 260 2530 2313
3426
2904
5819
260 2773 6199 2169 260 6820 2169 6199 2161 6263 260 4298 6196 5744 260 6199 260 4323 4625 2778 2161 6218 260 2790 5714 1362 260
4030
4016
5819 2904
2904 5798 5819 5878 1683
2904
3851 5819 3788
2893
5496 5820 4016
2893 4173
5798 6195
2489 3796
2908
260 3471 1797 3796
2313 5404 5810
5847
2484 5794
4030
5819
260 664 260 4317 5405 3556 2713 4317 2307 260
2402 5810 6199
260 6817 2572 4180 6220 5125 5348 2983 2334 2983 2319 1360 6817 2778 1507 260 6563 6568 5820 5819 2588 5491 5534 260 6223 3199 3553 4317 3552 260 6220 2778 2759
5819
2881 4029
2893
4335 3185
5819 5810 6196 4030
4334
1131 1089 1088 1356 1015
2904
4180 6153 2965 1507 5306 5814 2667 3445 3355 6806 5681 2568 5672 6804 4557 4203
2281
2168 5698 5515 6199 5819
260 260 698 1006 1082 1131
2306 2792 5504
5819
2908
6801 3427 5820
4029
2904 5819
5819
5819 3978 3978
5820
588 500 1695 657 260
5819
5819
5820
5610 260 1640 260 2936 260 1935 5610 5496 3829 260 2936 2484 5487 5794 3427 3176 260 3829 5820 260 5819 260 5487 2489 3532 3238 260 5487 260 5398 2587 3829 260 2587 3829 260
6096 260 1189 1728 1194 3218 260
4696
5820
5820 4016
260 4270 6230
3532 6209 260 6624 1579 488 1133 5794 2587 260
4016
2968 2968 6263 2947 6230
3190 6856 3189
5622 5477
4030 5819
6558
6143 5696 5620 5207 2593 6199
4030
5820
4016
692 1812 669
5819
5820
261 1355 424 1080 260 4489 4484
3324 3533 6173 260 3230 260 5487 2790 260 260 1507 260 5125 3310 2587 2161 5680 6199 260 260 2587 6153 3796 4611 260 6558 1705 260 3019 1365 1346 1342 2932 1344 1345
2312
5709 5820 2546
5820
3866 6245 2745 4016 3254
3799 2326 2173 4783 4610 3789 2206 2594 2264
4029 5820
3259 3788 2578 5511 5478
5820
4484
1277 368 389 1334 1838 1283
4030
4016 4040
6801 3784 3426
3829 3427 2713
5404 5879 4697
2168 260 5640 2281
1812 3988 2881 5819 2904 672 1695
261 424
5819
2886 424 1345
675 488 1695 260
5819
2313 4557 5662 3219 3978
396 2313
2194
4029 4016
5820
5614 5820 591 665 2586 1320
1088 1355 261 424 3829 3797 2319 260 260 1088 1355 1361 260 3266 3782 927 1088 1361 261 1088 1355 1361 261 260 2207 2702 3787 5847 3190 260
2904 5820
4016
2125
4016
424 261 424 261
3717 5820 4173
5671 3331 5820 6806 6808 6808 6801 4286 3331 6500 5877 2840 3331 2579 4286 4337 5820 5819 5818
1084 1354 1358 1089 1357 1079 5819
6196 2156 5714 4337 5214 6506 6255
6563 260 1507 5622 6565 6568 260 1507 6563
260 1507 2713
6173 4525 260 2972 2972 4525 260 4317 260 2790 260 6565 5782 2595 2699
260 5714 3564 5610 260 3565 3828 1507 2695 260 2161 260 2746 5205 2161 260 3184 6812 1941 260 6817 4612 5205 5205 6818 260 5214 5714 2736 260 5205
3565
1752 1695 1660 5820
5820
260 6624 4317 1507 6197 6251 1832 498 1629 1133 2587 5794 260 2972 5348 260 6197 6624 1507 1629 260 1840 1133 260 6197 4337 5794 1832 1807 1629 260 1133 1840 2579 260 6197 6230 6624 260 1792 1507 260 5794 5782 4317 2778 260 2313
2759 5125 6687 260 2759 2587 260 2587 260 1683 2765 3891 260 3184 2736 260 3254 260 2159 2587
5820 4029
2861 2846 3746 3434 4873
4040
5820
5610 260 2152 5610 260 3556 260 5819 5610 6173 260 6173 5610 5819 260 6197 5610 3356 2152 6251 5713 260 6173 5744 260 260 2152 2794 3218 6173 2152 260 5610 260 5495 2794 2152
5819
260 1507 4298 6817 3828
4115 4117 1507 2771 260
4016
6263 6801 260 3339 5696 3323 2313 6801 260 2759 2790 4525 260 674 491 1807 1629 260 6801 260 1683 5696 6251
260 2147 5453 5698 260 6189 1572 1133 260 2667 2587 260 2242 5798 260 1507 2932
3789 5635 2608 2736 3821 2174 5203 2189 1736
5820
4016 4030
5820
2164 260 6804 1742 260 2281 2164
260 2587 1572 1133 692 1695 1629 2696 6820 260 6208 1507 5610 5348 6801 260 2587 2904 260 5782 260 1507 5782 5794
5633
3196 1508 3195 3219 3241 5666 6558 2702 3240
6512 5348
4029
2310 260 5744 5348 5711
6532
2587 260 5782 2576 6189 260 6263 260 5782 4269 2932 5477 5348 3019 260 2587 260 6818 3831 3182 2790 6506 1507 3356 260 1758
261
3978
6093 5218
6526 2608 3195 3562 391 2261 6758 3194 1782 3789 6744 5422 384 2959 3788 3553 6523
2908
2306 5511 260 3789 1717 260 3839
3978
