4016
3978
2904
2904 4016
2893
2313
2904
4016 2908
4016 4029
4016
6744 2694 5798 3189 3292 2750 1498 1498 3305 3298 4191 3196 6801 3299 4181 2589 3292 3327 3186 2571 6153 6563 6811 4865 2997 6810 3300 6801 1498 3305 3298 6563 3305 6810 6671 3299 3298 2273 4181 5798 6563 2310 6153 3092 3292 3197 2209 6810 2590 6558 3292 5404 1793 3299 3298 3190 6810 3292
4029 2904 4016
4029
2904
2881
4029
2893 2908
497 1810
1819
4029
4016
4016
3259 2792
4016
2881
4033
2904
4016
4030
4029
6179 5390 5449 6179 5593 2840
4030 4030
4029
4016 2904
4029
4030
4016
4016 2558 2904
588 660 692 1812 674 495
4030 1716 1716 1716
4030
4016 2885 2883 2881
4016
4029
1507 488 5166 3784 3427 1724 3196 4016 2311
4034
6246 6682
4016
4029
3227 6687
2904
2904
4016
4029
3603 3196 3327
1840 671 588 4016
2893
2904
2904 4016
4029 4003
4029 4016
4016
4016
4016
4003
4029
3254 2577 2173 3552 2173 6822 3254 1507 6817 2173 3254
4029
5404 1731
2904
2908
3978
4029
2666
4030
4029
2908 4016
4016
5809 4016 5810 6768
4030 2880
2881 2881
2881 4040 4016
2908
4016
4029 4016
2904
4029 2881
6801
2908
4029
2904
4040 2881 4016
4030
2908
4016
4016
2590 3186 4016 2699 1714 3072 6822 3546 6793
2904
2695 1758 3547
2904
2904
4016
4030
2861 2845 2851 2861 2850 4016 2908 2881 2868
2904
1758 3324 2934
4016 2904
2904
3420 2908 3974
2904 4030 2908
4029
4016
4016 4016
3978
2904
1579 3003 2904
4040 4016 3784 4016
4030
4016 4029
1742 5497
4005 4016 4030
4003
4033
4016
4029
2904
4016
2908
2904
2904
4016
2904
2881 4030
3785 2623 6532
1498
596 1572
4016
4029
4029
2881 2881
4030
2313 2589 2306 2589
4016 4029
4016
4029
4016
2881
4030
4016
4016
4016
2904 3427 1787 2575 3190
2881
4029
4029
1825 2156 1572 1812
2908
1754 2269 3549 3190 1754 6558 2273 3237
1498
4030
4030
2908 2908
5671 1699 1579 3426 6808
4029
4029
2904
2904 4016
4016
4016
4030 5671
4016
4029 4003
671 4040 702 497 1812 497 671 1805 490 450 671 490
4016 4029
2904
4016 1498
5810
2904
4016 2904
4016
490 1805 588 4016 2840
4016
2547
4029 4016
4016
5696 6173
4030
5500 6138 5503
4030
4029
4030
4030
4030 4030
2904 4030
2696
4016 4040
4029
4030
2904
4029
4029
2904
4040
2908
6655 6655 3978
2904
1700 1579
2904 4016
2904
4029 4016
3189 2904 2736
594 657 692
2908
4029
1717 2196 2982
3978
488 1572 692 1968 2156 692 2152 5499 2154 1572 1840 6217 6250 692 6217 488 692
4029
2904
4030
2908
3978
4032
4029
2261 2269
4032
4016
2904
4029
4029
4030
4016
4030
2881 4016 2881 3978 2881 4016 2893
2286 4337
4016
1498
4016
1498
1498
4016
6682 2904
4030 4003
4016 2904
703 596 5810 586 1729 5810 5810 4035 5810 3290
4030 4016
2881
1498
2904
2908
2904
1662
4030
671 450 498 1572 1810 702 660
2904
2904
2904
4035
4029
4030 596 702
4029
4029
1498
1626 1754
4016
1498
5671
596 664 1572
1936
4029
2736
