4805 4016 4804
4030
4046 4030
4016
2871
1572 596 1825
4806
4804
4030
4804
4005
1656 4029
3427 3197
4016
4029
2859 3722
1498
1498 1498
4806
4805
4016 2904
4016
3978
1498
2694 4278
4003
4191
4046
4029
2307 5709 3793 4805 2074 1695
4806
1498
4029
6208
4805 4016
703 1694
4016
4029
1714
2904 4046 4016
6801 2736
2904
4040
6739 4805 703 1579 1654 1579 1828 1695 1283 389 368 5820
2904
4040 2881 3747 2852 3747
4016
4030
4046
4030
2908 4805
4032
4016
4030
3196 2790 3782 4016 5478 3190 6527 1660 2261
4029
4029
2904 2893
4806
2313
4804
4804 4016
4030 4029 4016
4805 4016
3427 5877
4030
2904
4804
2908
3978
4030
4806
4805
2319 3219
5505 1345 424 5501
4029
4016
4804 4030
5117 3321 4047 389 368 6172 4805 1274 4046 1328 3326 1330 5112 4806 6245 1282 5696 1265 2261 3601 5635 2312 1508 4118 2269 3789 2588 3879 2716 4558 4117 3326 4790 2196
4029
4029
4046 1498 1498
6549 6547 1769 1770 1754
3978
703 702 6742 6532 6525 703 1828
2904
4029
1498
3978 2881 3426 4330 6624 2522 3787 2932 3829 6801 4016 3978
4804
2307 3780 6570 3189
2168 3560 3188 4046 2594
4029
3180 3262
4029
4029
3291 2589
5696 4525 3196 2589 1093 927 381 1667
2765 2307
5478 6803 5786 3776 6802 5798 2402 3295 4790 4202
4016
4036
4046
4016
3978
4029
2908
5678 3866
4029
3181 2184
424 1345
4118 4625 1348
2881 2883 4029
4036
4046
4805 4016
2904
2904
2904
6506 4341 5842 2778 1968 4340 5845 6802 2277 6802 5207 5842
4784
2904 4029
4030
5478 5877 2904 4331 3427
3978 4016
2886
4046
4032
4029
4016
594 596 1810
4029 4793 2794 5501
4805
4806
3736
4029
4016
2904
3978
3806 2904 2318 3783
4117 3218 3192 2717 3426 6166 1664
4804
4033
1498 703 1626 1498 1498
4016 1498 4046
4046
2908
4046
3989
3774 5262 4512 2266 396
4007 1695 1695
4806
4030
1498
2527 1579 1819
1498
4030
5339 5478
4030
4030 4016
1498 1498
5511 4016 5794
1734 1655
3965
4804
6730 6721
4030
4805
4029
3345 1937 3254
3782 2736 2904 5205 3784
3839 2578
4016
4030
4029
4030
4030
2310
4031
4023 2841
4029
1661 2547
4805
4046 4029
1781 1781 6768 1498 1781 1781
4805
5189
2312 3806 4118 2717 3238 3782 3781 3532
5842 3829 3788 3189 5842 6526 2590 6739
4030
4046
4806
4029
2893 4029
2881 3420
2904
4046 4029
2575 2694 3798 3805
4029
4804
4804
4030
4036
3426
692
3324
2904 4030
5215 3806 5478 5477 3783 5877 3788 3784 5635
2880 2361 5316
4805 4029
4030 5462 4030
1695 676 1579
4016 1968
2904
2905
3788 3190 3188 6212 5354 2957 3794
2908 3977
5218 4783 3821
6804 6811 1807 6804
4029
4030
2901 2903
4046
3214
4016 4030
4030
4040
4805
3971
4040
4030
4030
4804
4046
4046
4032
4029
3427 3298 1579
2904 4030
4046
3978 4016
3813 5218 1655 2312 4322
4804
703 3258 3254
2310
4016 2904
346
4029
2881
3978
4806
5205 3218 3821 3829 5215 3877 1507 6559 5251
4030 1713 2594 2736 2593 1717 3309 5790
4029
4030 4046
4029
4804
4804
692 665 1810 1770 665 1572 1810 5708 1658 692 1731 659
4016
2904
3194 4790 1675 2595
4016
3817 6559 2694 4163 3785 3190 2575 6687 5877 3788
4003 4003 4003 4003 4003
4029
4804 4016
4030
4040
4033
1498
4030
4030
1498
4806 2904
2313 3219 3218
4805
4046 3964
2881 2883 2881
3978
5478 3427 260 424 261
4029
5798 5477 6739 4046 4118 6734 6526
4805
1498 1498 1498
4016
4016
4030
4016
2904
2881 4016
4029
4805
2904
4805 4029
4029
4805
1810 594 662 588 3131
1716 2904 2881 1716 5470
4806
1498
2319 3427
3978
1572 1812 1812 1572 671 1812
4030
4016
4046
4030
4046
4046
4029
4035
4016
3978
1498
4036
4035
2881 4030
4029
4016
4030
1498
3978
4030
2883
1498
4005
2908 4035
671 1812 1629
1825 495 594 3426
1661 1724 2312 1695 5787 2312 4317 5501 2169 1724
3978
4639 4805
4030
4047
1731 6199
3796 5787 2713
2893
4804
2844 4033
5403
4040
3967
4031
4805
4180 2904 3298
2904
4032
4625 4355 4804 1507 6251
2838
4029
4029
4805
703 1695 3244 3239
4003 4029
4016
2904
6803 4030
4029
3427 3806
4016
5836 5844
4005 4016
2904 4005 4003
5736 4016
6758 6754 6524
5713 2772 2168 2771 2281
2790
3784 5494 3788 5495 1775 6559 6687
5713 260 5713 5714
1507 6506 2904 6789 5635 2594 4793 1655
4030
4016
4030 4016
4040
1498 1498 1498
4805
4016
4030
4029
4029 4804 4016 5090
4804
450 490
4030
4016
4029
4030
4804
1812 1685 2695 1572 1825
1345
4016
4030
4030
4030
4805
4029
4016 4016
3298
2851 4016
2881
2577 5478
2904
4805
4029
3324 2904 4016 3291
4016
4016
4046
4046 4036
2901
2904 1572 1133 6526
4016
4016
4805
3219
2893 5696
4805
4805
4806 2881 1770
4031
4016
4804
2908
3978
4046 2904
4030
4029
6558
4029 2881
4033
2881
1498 2904 4029
4029
2313 1700 1664 4804
6682
424 261 1366
4046 4016 4016
2908
4806
2306
4016 2904
4029
2881
2904
4040
4046
4046
2904
5494 2312
2904 4016
1181 688 432 408 1193
4639 3800
4016
3784 260 2575 5494 6687 261 1356 1088
1498
4005
4046
4029
4046 4029
3784 1810 6687 2575 4163
2881 4040 6822 2261 6793 5622 5478 5387 5361 6178 6199 2590 1936 3186 2590 4016 6822 6199 2965 4123 5622 3186 6793 5478
4804
4030 6114 6548 6121 2904 2154 6179
1498
1498
1498 1498
4030
4804
4032
2694 5820
4030
4016 1498
4007
4804
4030 4016 4173
4805
4030 4030
6568 424 2794 3190 1783 5820
4030 4040 4030
4030
3182 3229
2904
2886 4806
4046 5708
4016
1498 1498
4032
3991 3978 4805 4040 4016
4031
5505
4031
4016 2281 5836 2325 5836 6217
4016
1498 1498 1498
4029
5810 2904 4035
4029
4016
2908
4806 1742 6802
4030
2161 3426 2441 2158 396
4029
1498
4046
4804 5713 3533
4029
4046
1572 659 588 586
4029
4016
3254 4337 4202
4804 4016
1733 5845 2306 3784
5736
4029
4806
4804
2792 2577 2306 5477 1777 5405 2904
4040
4029
4033
4046
4804
1695
1498 2904
2509
2881
4029
2908
4030
4040
4033
4046
3978
4292 4293 5798 4284 4285 2278
5695 5642 2277 3601 2311 2307 3258 5695 5696 1507
4029 4806
588 1810
4030
4029
4030
3186 2547 3293 2595
4030 4046 2904
6628
1729
4805
4030
4046
3978
2881
4804
4016 4029
4046
6509
4030
2881
4016
4030
1498
2306 5404 2313 5404
4805 4016 2904
4029
2908
4030 2904 4030
3971
4804
2908
4805
4805
4806
4804
3799 4610 6568 1507 4784 2326
4016
2904 4016
4029
2881
2241
6098 6107 424
5696 4334
2893
4030
260 4337 2168
4029
838
2196 830 2717
5798 2181 3254 3247
4030
4804
2904
4029
6559 2790
1828
4031 4046
5714 1819
4030
4029 4029
4029
4030 4804
4029 2880
4805
4030
4029
4016
4029
4806
4804
4029 4046
4029
2228 260
260 5505 5878 5343 5404 6149 1700 5404 5878 5505
2850 4029
5622 2709
4029
4804
424 699 261
4029
4804 4030 2904
1498
1936 3260 260 3260 1936
1361 261 260 2313 2148 1507 2575 2313 1572 5511 6738 1695
5405 2482 2904
6199 260 3181 4335 2441
4029
4173
424 261
1498
3196 3788 6559 2189 2205 2713 2608 3800 2326
2881
1695 671 1572 1812
2904
4016
4040
4030 3969
4016 4016
1695 1694 700 676 440
5204 3788 6199
4029 4034
1498
4805 6526
424
3427
3240 3196 3859
4016
260 3229 2764 2790 260 2699 1642 3532 4317 2699 2699 2765 2904 260 2765 4317 2699 260
4040
2881
4016
4805
4805
4030
2904 4029
6801 3240 1507
260 2241 2491 4772
6153 6682 2575 3185
4029
4805
4029
4016
4030 2908
4805
4005
4805
4016
1498 3195 3197
2904
1507 260 5405 2593 5617
1498
4029
6546
4805 3978
4030
1812 2156 1572 1825
4040 4016
5496 6801
4046
3226 2694 2575
2270 1753 2893
6522 6527 6758
4030
6153 3240 2771 2704 1507 3263 5695
2845 4029 3298
4805
4030
4016
1367 424
4016
2904
4046
4029
4029
4805 1778
4016
4047 1082
4029
4804
2904
4046
4805
4016 2845 1498
4030
4806
2736 260 3796 5453 2152 260 3532 3427 3532 2736 5453
4805
2904
4805
3978
4029
4806 4016 4030
4029 4016
4016
4029
594 658 488
671 497 4040 5404
4805
6801
3978 2881
5521 3237 3236
4016
4016
4029
4806
4790 2736 260 5794 2147 3810
3310
4016 4030
4029 4805
4805 3243
1498
6801
2908 2695
4016
4029
2904
2168
4047
4030
2156 6504 5368 4118 2575 2277 3218 2402 3219 3240
4077 6563
3342 3342 2557 3342 2572 3427 2509 3342 4064 3240 2509 5807 3427 3342 2509 3342 3427 3342 5810 3427 3342 3427 3342 4166
2904
260 2736 6559
4029 4016 2838
2908 2883
4030
4030 4029
5494 2694 3784 2932 2575
4029
1498 1498
4030
1498
2904
4016
4804
587 488 2579 488
1498
2881
2904
4029
4805
4046
6263 5695 6251 3264 260 2587 2764 2161 260 6251 260 3264 5610 396 6263 2774 2713 260 260 3556 2313 491 490 1579 1695 703 1828 2579 6089 260 6624 3532 260 2938 2766 3264 1507 2169 3356 260 2313 3264 260 5610 1828 703 260 2694 2579 6208 3356 1507 2938 2306 260 5404 3356 260 4298 2587 260 5619 3556 260 2193 6263 2713 260 3264 6818 260 6251 2694 6263
4029
3093 2669 4804 3293 2709 3082
2904 5642 6189
5387 1702 6098
4036
5062 4514 4805 2319 6565 5622 1507 4512
4889
6632 6559 1507 260 6563 1367 844 1079 3182 1346 3553 1778 260 1507 2586 6222 3290 1786 5695 260 1507 6222 3552 3182 6222 1673 3552 6559 2957 260 2713 844 6222 6565 6563 1089 1346
2736 2384 3229 3818
586
1355 1089 1131
2261 3229 3553 3264 3199 3562 3788 2264 2736 5176
4036
2313 1089
4029
4029 4003 4804
4007
4046 3978
4030
3553 3240 3426 5176 2696
3002 1625 4191
4029
4033
4930 6500 1784 2756
4030
4016
4016
1972 3776 5477 2307 6189 5878 6199 3460 5404 4118 3759 2702 3240 4788 3194 4790 3241 1507 2484 1714 2425 6559 3782 3891 3783
6506 2164
5478 4127 3627
2904 4029
4805
2904
4029
4117 5877 3556 2702 4806
4029
1498
4804
4029
2261 5511 2904 6559
424
2796 5126 2792 3220
6166 5709 2904 3426
4806
4029
4016
3310
4805
4039 5798
1498 3805
4029
3418
4029
4029
3787 5494 3549 2261 3258 2694 3254
3782 1818 1819 1697
4016 4805 4016 2904
1498
6106 4029
5671
3985
4638 2484
4341 3891 4331
2885
4040
2869 2577 5477
2306 1507 260 3891 6801
1498
5222 6524 6739
260 1094 424
260 1507 5696 5493 5493 5696 260 1507 6251 260 1507 2168
2904
4806
1498
3219 2509 2709 1507 1714 5879 6565
6173 5404 5813
5810 4118 6189
2306 2572
4029
4805 2901
4030 2130 4526 2850 3735
2334 6196 3556 2313
5454 6804
1498 1498 1498
2904
1015
2310 2311 6644 1714 6632
2091
3991
3978 4030
4030
2904
1660 2261 3196
4804
4016 4804
4030
4029
4806 4805 4804 4016
4030 2904 4016
2312 6147 3194
4030
6213 260 6153 5222 1717
4030
4805
4029 2904
4805 4016
4029 2904
4029 4016 2904 4016 4003 4016
2881 2857 4046 3735 2901
4029
4030
3227 6194 3789 4804 3796
260 5511 2156 260
2794 2794 260
1361 3978
4016
2861 2847 2130 4029 2861 2852 2848 2130 4030 3747
2587 2264 5782 3291 5714 5713 260 5714 6230 5494 260 6230 260 2194 2932 260 2326 3472 260 3310 6199 6218 260 6563 6565 6568 3553 5610 842 1344 5125 1342 2326 2325 1361 1365
2587 1507 2587 260 2904
4046 4016
2736 4806 345 3788 3787 2694 4163 2264 5877 3789 408 2264 688 2173 3788 434 3785
4092
4030
4029
4029 4034
4030 4030
3788 6801 3660
596 1729
4040
3978
4016
4030
4047
4693
4016
4016
5622 3784 3783
4016
5810 3208
2904 4016
4804 672 1812 1629 1810 4016
692 2152
4173 4032
4035 4035
2812 4804 1579 4029
3978
2881
2838 4016
4029 4046
4804
2904
2746 6527
6547 4016 4805
4046
4030
4031
4046
2790
2904 4029 4804
6527 4341 1812 1812 4805 1812
3978
4029 4030
4016
4030
6801 2313
2736 2904 3805
2904
5643 260 6804
4805 2904
4030
5692
433 408 1193 5404 688 1179 693
4005
2908 4805 2882
4804
4804
5494 4805 6737 1716
4046 4016
2490
5189
4029 2880 5736 4029
4030
5503 5478
4030
2908
2881
3258 260
4029
4029
5671 5494
676 1825 4458
4805
4030
3426 424
4046 4029
4029
2881
4030
4030
4016
4046
4016
4016
2908 4046
4046
6803
4804 2904
4030
4030
4805
4016
1713
4173 2904
4805 4806 4804
1355 1088 261 424 2207 3191 260 1358 261 1088 1361 3191 2207 2205 260 1440 261 1088 1361 3191 2207 260 2205 1361 1088 1358 261 3552 3191 1935 260 1358 1361 926 1088 261 3191 2205 260 1088 424 261 2207 3190 2205 260 1355 261 1361 1088 260 3190 2207 2205
1972 260 3427 1972
4030
4806
424 1345 1346
4005
3427 5798 1507 2772 5782
4030 4029
2904
4016
4804
3199
4590
5388 2883
260
4030
4805
4804
4030 2881 2904
4047
3342 260
6801 3264 1661 1507 6801 2938 260
4016
3122 3293 2326 3290 2801 2189 2307 2384
4003 4029
4029
2904
2193 3427
4030
1498
4046
6179
1579 1695 495 1825 1572 1695
4046
2904 1777
2589 3218 5709
2881
1825 593
2904
6801
4805
2764
702 1695 1579 1626 591 1825 674
2881
4030
3650 3658 4116
4804
4016
5794 3310 2306 1507 260 6624 6197
260 5218 5610 2736 260 5610 1677 5218
1015 4805 5676 4030 2595
1655 1654 3427
5794 4317 5782 260 5794 260 4323 3796 6803 260 396
260 2932 3093 2568 3184 4317 260 4317 260 5125 260 2587 4317 260 1936 3187 2306 1681
2904
4016
2904
3196 4805
4805
4030
2307 3799 3801 4805
5387
4173 4030
5369 3548
4046
3427
4639
3427 1652 2772
4041
4804
4029
6624 260 6563 260 5610 6568 4317 260 488 1828
260 5610 3182 5794 6199 260 1935 260 3264 6199 260 5744 5794 2736 260 3553 1935 5610 260 4612 3218 1715 260 3182 3564 2164 260 3182 260 5794
5641 3123 4118
3828 3310 260 1507 3546 260 495 491 2313 588 2307 6817 2579 3310 6817 2771 6209 2263 260 1507
5787 3817 5714 3324 2767 3324 3323 3324
4016
6802
5504 6250 5504 6250
5813 3783
3426
4805 4806
2717 5504 3342
4016 4047
2306 2792 260 3822
5877 3788 1367 5877 3196
4016
3301 3300
3128 384 1683 6801 1782 5810
4046 2881
6801 6099 2745 3238 3237
2904
4805
4016 4029
4180
4047
4016
3807 260 1695 3565
4805
4804
2904
4016
4030 4016
4046
6756
4030
4046
2578 3813 2189 1742 3788
4805
4046
4029
5757 1786 5713
4046
384 1782 6236
4046 4029
2904
4030
2764 2790 2159 260 491 703 1695 1579 3356 260 5622 3546 260 6506 3549 3356 1507 260 3560 2771 6801 2273 260 495 1755 260 1626 1507 2587 1579 1818 2568 2273 260 3546 260 2577 2587
4046
6526 3887 6758
4804
2736 6803
1626 1626
4040
5521 260 5714
2306
1648 3305 3300
2998 2773 3426 4191 3016 6818
2908 4806
4030
6746 6523
1498
260 3821 261 844 1366
2736 260 2578 2587
1786 1778 1777 5798
4806
3427 2261 3199 3552
4016 4030
4806
5092
4030 4046
3789 1717 260 3821
2904
4029
3556 2587 2717 1937 2932 2704 260 3552
4016
260 3196 1507
5494
4805
4029
2313 2880
2736
4029
6801 5819 3208 6153
1728 1193 409 688 424 436 1171 430 689 1156 408
4040
4016 703 1579
5348 6524 3360 6522
4032
260 5794 3784 2482 260 1507 2931 5713 2623 5404 2587 260 1507 1694 1810 675 1572 5794 260 5713 5782 1825 1579 1572 588 261 3562 3558
6529
3796 2578 260 2277 2587 5640 260
3727
2883
2881
1742
4034
4029
2313 260 3783 2696 3356 260 6209 260 4331 2169 2696
4030 4032
3427
1498
4030
1629 1825 1810
4040 4173
4804
3978 3978 3978 3978 2893
1498 4047
6802
4806 2261 3552 1498 3195
5316
3965
6565
4029
3978
3796 2736 260
1498
5676 5692
5395
3785
4034 4035
1498
1694
6811
