2739
4016 4016
4040
4029
4016
3195 5634 3780 3092 3788 3781 1660 3780 3298 6801 4191 6801 3298 3305 5798 3195 3786 3189 4335 3305 2571 3305 3190 6801 3092 3298 3298 6801 3305 3300 3298 5798 3092 2770 3189 3305
4030
4029 1656
4016
4016
2907 4030
2883 4030
4016
389 368 1268 1330 1265 1334
5591 2902 2861
4029
2904
2424 6857 5306
5599 2853
5462
4016 4016
4030
4029 4016
2904
4030
4029
4033
4016
5814 3239
4016
2904
4030
1084 699 1440 924 699 1092
4016
2883
4029
2904
6687 3789 1828 1828 1828 593 6687 6687 6687 1729
4029 4016
3194 3859 2979 1717 4123 2736 3227
2906
5562
4016
4016
4016
4029
4016
4029 4016
3360 5500 1625
4016 4029
4016
3381 2696 4016 2765 5642 1699 3381
3229
2904
4030
2536 5404 2794 2792 6255
4030 4016 4040
2904
4032
4421 2623 3381 2794 7005 3122 3093 6817 5177 3357 5610 5205 1507 3358 3789 2270 2802 6801 5250 5177 3472 2794 3093 3788 2310 4123 3381 4421 5108 5251 1507 5843 2335 6801 2623 2733 3788 3381 4421 4112 3093 3355 2623 5250 1507 3358 6801 2270
4016
4016
4030
2884 4030
4030 3978
2888
2907
2904
1778
2767
4030
4016 3978
3985 4033 3985
4029
1660 1660
1840 1812 671 1695 368 389 1330 389 1330 671 1695 368 1812 1228 1277
4016 2883
4030
4016
4016
424 1015 1088 4016
4016
2494 1664 6149 5879
4016
4016 4040
4029
4034
4040
4030
4016
4016
4016
4029
1708
5222 4137
1501 2907
1681 1935 2156 5344 3781
260 2746 5620 2226
6194 3189 5218
4030
4029
4030
4016
1638 379
588 4016 4016
2933 2694 2953
4016
4016
6687 3195 590 1579 703 4016 596 1729 596 1812 2694 5496 3195 1812 5695 593 5708 6687
4030
2868 4016 2269
2883
4016
4016
4029
4016
4030 4016
4029
2904
4029
5617 4116 2164 5619
4033
4039
4016
4041
4029
1793 5879 5879 1793
4030
