3627
2323 2271 2323
361 4097
2614
2952 2614 2517
4287 3598
3611
3565
3627
3613
5784 5825 5146 2958 3747 2964 2964 2951 2858 5932 2982 6032 2957 2859 6032 2958 2957 6032 2964 2957 3756 5138 6041 2958 6032 2957 2068 2958 6034 2957 3756 2958 6032 5932 2901 5991 2068 4740 2982 2779 5146 5504 5051 2982 2068
4289 4287 4288
3621
4287
3627
3627
3617
3184 2904 4985 2426 4289 2865
3627
3067
3598
3612 3611
2919 1741 2069 2416 5025 4629 3419
4639 3394 1932 2344 3184 3224
3611 3611
3614
4145 3188 3068
1348 3627
2591
3611
361
3598 4289
2323
4289
4287
3628
531 605 603 444
4287
3620
3627
3617
2614
4289
2921 2924
1606 2483 5539
3612
4287
3627 4288
3067
2614
4288
3627
3611 3598
3627
4288 1480
3612 984 916 1329 1298 1218 983
3587 2070
2614
3627
1207 4203
3627
4289
2614
2591 3621
1413 2022
4287
4910
2614
3189
3611
4253
3615
3612
3612
1926
3068 2614
3611 1498
5991 5793 1606
3611
3612
378
1530 2071
3598 2614
3565
3628
3618
3598
4900 4882 1497
2802 2659 2670
1541
2614
3571
1509 2581
3612
3964 3183 2921 3419 5558 5056
4288
2158 2344 4759
1639 528
4288
3590
4288
4287
3587
3598
2256 2989 5166 2986 5163
3627
5826
3611
3612
3622 2614
1537 3611 1630
3598 4289
3598
3561
4287
4288
4288
4288 3611
3621
3627 2860 2859 3029 4741 2071
3617 3616 3612
3611
6033
2614
3627
3612 3627
1355
3615
3627
3598 3598
1622 1576 1622
2614
4288 2070 6034 2070 2070 5419 6032
3565
2614
4287 2083 2859 4624 1529
4289
2029 3611
3611
2614
1925 2416 2614
3611
2590 2618
1503 3612
3612 4289
3628
2507
3621
3627
2614
3863 4629 5065 3302 2902
3617 3616
3598
4287
1492 230
2614 4287
2614
4287
3611
3612
5991 3891 5834
4287
4288
3612
3053
4289
3611 3627
2618
2455
3556
3612
3611
4288
3611
3611 1622
3598
3611
3628
3627
3598
3384
3598
2614
5980 5978 5792
1930 2071 4890 2800
3627
4289
4288 2614 3612
4288 2581
3612
3611
4288
3598
2070 3769
4289 2591
3598
4289
3627
3627
3598 2614
3612
2591
2614
3598
2020 3176 1639 1530 608 2865 444
5996 3171 4747 3068
4288
3692 2952 2076 2517
2865 3068 2919 2247
3611 3611
4289
4287 4289
3587 3611
5932 3389 2020 2868 2416 3389 1496 2455 2455
4717
3406 3693 5932 4278 2325 3388
3598 4289
378 1564
3612
2065 4289 3886
4288
3395 1960 2885 2064 1355
5974
5025 1501 5027 5522 5826 230 5826 5025 4986 5522 5027 230
4289
3612
2590
2614
3598 3621 2614
3612
3601
1222 4009 2272 230 2314
3611
3627
2614
4288
1550 1606 2983 2156
3627 1548 1944 1355 3628 4499 4288 2020 3891
3076 2463
2614
1576 1419 1639 5501 3068 5065 534
2614 4289
3067 2989 4288
6051 1935 6053 5146 1621 3008 4878 4873 4976 2851
3612
4288
4288
3612 5826 2921 2886 2421 5166
4288
2632 2581
3598
1530 2040 1419 442 3611 637 2320 2952 3612 2331
3611
5794 5781
3628
5521 2162 5132 4288 1531 4289 4287 5927 5065 4837
3598
3612 3598 1911
3611
3612
3598
3627
3598 2591
2028 2020 2614
5470 4873 5218 3427 4883 3698 3391 2239 3391 4890 3420
4275 230 3452
1348
4287
4289
4289 1606
5157
4889
3648 4288 5157 2511 6032 1919 6040 6041 2514 2751 3627 2727
1548 1574 5889
3741
3612
4289 4288
4287 3611 3611
4289
5157 5157 2864
4287
3621
4287
5886 6032 3746 2193
2068 2426
4287
3612 3598
633 5556
3612
3061 5146
3104
2603
4289 3598
3598
2614 3142 5107 4708 2036 1646
6032 3551
1348
3628
350 2949 5157 2614
3612
1563
4287
361
2603
2590
3590 2234 2455
4288 4288
2614
2982
1419 1655 2872 2918 2424 2918
4289 3611
5985 5789 5981
2614
3612
2318 3394 3435 230
3589
3598
3612
5527 2997 2136 2463 1931 1941
2162
342 1503
2618
6032 3067
