4030
3978
6558
6801
3978 2883 4040 1717 3978 4173
4005
2904
2904
2904 4029
2904
3978 3978 3978 4016 3978
4030
2904
4029
4016
2882 4030
4040
4016 4016
4016
4029
4030
4016 5787 5810 4327 5791 1717 3309
2904
4016
4016
4035
4033
4016
4016
4030
4016 2883
2883
2904
4029
4016
4016
4003
2904
3985 4040 1656 3989 2881
4016 3979
4030
4034
4016
4016
4003 4029
4030
4030
4016
4029
4029
4016
4016
4029
1656 4030
4005
4016
4016
2883
4016
4030 4030 4029
2881
4029
4029
4029 4016 4016 4003
4029
4030
4016
4016
4029 4016
5640 5695
2904
4029
2883
4040
