3598
3598 3598
3565
3591
3598
3611
3598
3598
3611
3598
3611
3598
4794 2417 2110 1492 2156
2593
2593
3621
3589
3611
3598 3598
2591 3565
3598
2614
3565
3613
3621
3611
3612
2905 2952 2907
3612
5143 524
3598 3612
5218 2330 4390 1929
2593
2594
3612 532 598 437 532 5058 599 626
528 5070 4890 535 2065 535 2065 4890 626 535 2065 528 4890 605
3612
3621
3598
1657 1548 1496 1548
3565
599 532 437
3621
3598 3598
3598
3612
3611
2593 2593
3612
3612
3611
3598
3598
3615
3412 2065 3388 3405 5562 5066 3598 2865 3467
2593
3611
3598
2614
3565
1601 5495
3612 2614
3612
3621
3612
1639 592 1642 1639 2614 636 593 1642
378 364 624 430 1080 2593
3598 3598
3611
3621
3598 1568 1655 5460 2330 437
2635 1581
3611 3587
3565
3621
2593
3598
3612
3612 3612 3612 3612 3612
3612
3598
3613
3612
3612
3611 3598
2593 3053 3612
3611
2594
3615
2603
3565
3614
2593 3612
3612
2222
3615
2158
3598 2614
1944 2463 2068 3388
2593
3612
5143 3691
2594
3612
3611
2548 3615 2548
3611
2614
5932 3067 2482 2865 1947
3598
3590
3612
3601 3613
2528 1646 3182 2459 1646 3598 1646 1646 3611
3612
3611
3612
3611
2598 3598
3613
3611
2593 3388
2070 3870
3565
845 984 3390 4882 2064
3598
3598 2614
3612
3598
3611 2593
1601 2594
2071 2069 5419 2892 2391 2904 6053
3598 3612
3598
3598
3612 2158 2555 3349 2592 1505 2158 3611
3598
3598
4882 1590 1590
3388 3882 5070 4999 3766
3611
3598
3621
3598 3598
4879
3614
3612
3598
3612
3611
3612
3591
3611 3611
2603 3613
3611
3612
3565 3598
2594
2593
2064
3611
3598
2070
3612 3621
4784 4785
5426
524
2139 2518 3464 2064
3598
3611
3612
2326 2077 2978 4890 4890 1355 1646 637 2978 2071 1046 1078
2859 6034 3598 3598 3598 3612
3598
2070 3598 2070
3612
3611
1612
3617 3598 3587
2614
3388 2891 5220
982 4918 911 1216
2274
3612
3612
3598
3612
3565 3598
3612
3598
3598
3621
3598 3598
2555
2201 4761
2591 3617
3598
3612
5510 1500 3391 5146
3611
4875
5157 4882
3612
3565
2455 2861
2593
3754 4983
2594
1646
3598
3611
3598
3611
3598
2593 3611
3598 3611
3612
3617
2614
4883 4600
1607 2232 2177
3612
3598 3598 2614
3612
1413 526 605
1415 5007 6033 4858 5501 1551 2439
591 2070 1666 1637
3612
4154 2594 2012 2324
5991 4988
3611 3611
3612
3613
2780 1985 4794 3068 5028 1939 5066 5135 5146 1985 5066 3399 2517 2139 5028 3068 4490 2517 5066 5146 5028
2866 4858 1944
2070 1962 2916 3389
3598 3611
5825
3565
2426 2905
2603
1355 4988 2509 2858 2455 3692
2593 3612
5966
3612
3598
3598 3598
3598
3565 3598
3565
3598
3615
3611
3614 3598
3598
3598
1862
3598 3611
1530 350 1151 330 1190 2614
3598 3598 3618
3622
3611
3598
3611
5189 3090 3067 4623
2561 2560 2593
3611
4883 1994 2162
2593
3613
2614
3621 3621
3615
2614
3598
3598
3613
3612
3598
3384
3598
3611
3616
2076 3269 1568
3598
3413 3407 2070 2418
3611 3611
3614
3612
3617
3611
3612
3565 3621 3565 2593
1645
3423 3412 2509
4875
1419 610 1530 529 1530
3612 3598
2614 2076
3613
3612
4498 3802
3612
3612
3591
3611
2614
3612
3598
1862
3612
2491 3526 2507
3598
3598
3612
3612
3611 3612
3598 3612
4872
2650 2324 1419 4071 1466 3598
2593
3598
3394
3598 3598 3612 3598 3621
2071
3612 3611
3612
2139 3394
2598
2614
3611
4793 5826 1940
3612
3621
3611
3611
3611
3565
2507 2954
4187
2071
2616
2509
3612
2593 3615
3598 2593
3612
3612
4879
3598 4071
3611
2482
534 437 532 1413
3611
3612 2555 2555
3598
3598
3611
3598
3611
3612
3618
2591 3615
2593
3617
3866 4293 3068
3611
1872 2555
2884
1610 1610 6004 1610 1610
2614
3612
2614
3598
3598
3692 2438
2603 3565
378 1102
2662 2952
1533 2916 4766 526 5071
3598
2593
3612
2614
3611
4890
3611
2593
3611
1493
3598
3612
3611
3598 3621 3565
3591
2594
3598
3598
361
2418 3694 2510 2894
3612
3935
3598
3565
3612 3612
3611
3621
3611
3611
3621
3612
3613
3612
3598
3590
3598
2616
3612
2438 1639 3403 4861 3282 3265 2438 4070 4861
3598
3618
3612
3611
3618
3598 3598
3611
3612
3598
3598
2593 3590
1595 4875 4717
3611
3598
3612 3331 2561 2600 3612 3612 3612 3612
4880
3612 3591
2548 3590
2858
3612
2593
3598
3598
3184 4988 2916
3565
1092
3612
3565 2593
3598
3612
3598
3201 3598
3612
6035 1642 6040 6035 6040 1642 1642 6035 6040
2548
2916 437 4633
3605 3598
3612
3598
3621
3586 3611
1989 2916 2071 1355 2488
2593 4046 3621
3614
435 1403 3598 3598 5995 1111
911
3598 3611
3598
3612
3598
4890 2276 4872
4660 5836 2865
2614
531 535 2919 3621
1082 364 381 582 624
3251 2438 4661 1355 3280 3252
3590
3612 3598 3612
2614
2603
3598
3565 3565 3598
3612
3611
3612
3611
3598
3565
3612
1639 605 4882 3435 636 4988
3598
3598
3612
3598
3765 2416 1944 4155
1537 4189 4185 1543 2070
3611
3598
1023 915 912
1639 3693 4988 435 601 4880 3766 607 2979 4999 4880 532
3612
3611
2464
3614
3612
2593
3612
3598
1542
3611
3611
3622
2417 5146 528
2614
2614
1611 3746 345 378 3746 2593
2614 3598
3565
2313 2431 2455 740
2483 3272
2614
3598 3598 3598 3598
1601 1601 3598 5536 1586
3621 3598
3598 3598
3611
3611
3621
6033 5568
2561 2560
3561
3611
3612
3617 3618
5008 3419 4070 3399 1567 2139
3612
3611 3612
3612 2593
3612
3612
2593
3611
3612
2270 2324 3437 2919
2071 2894
3612
1497 4861 5065 4740 5559 6051 5927 4794 5220
3565
2614
3565
3612
3612
3611
3598
3611
3612
3612
3612
1530 3067 1530 637 1419 1529
4251 4251
2614
2068 2004
3615
2979
3598
3612
526 626 593 5065 5065 603 526 1413 599 2070 1637 5065 626
4795 1994 1355 3774 4876
3612
906 378
3598 3598 3598
1515 4893 344 3067 2488 3027 5484 347 4872 3390 2431 3027 347
2596
2455 5056 2070
3591
3564
3598
2603
2617
3611 3611 3611
2270
3611
3598
3598
3587 3587 3587 3587 3587
3618
3598
3598 3611 3587
983 915 1219 378
3598
1590 230 4219 2455
2351
378 725
3611
2614
3616 3617
3621
3612
3565
3612
3598
3621
3612
2617
3565
3612
3612
3598
2593 762 3598 1493
2614 3598
3621
3598 3598 3598 4878 3067 3598
3614
3615
3611
3615
3612
3613
3598
2593
3612
3598
3598
2614
3611
2065 1646 5556 2464 2064 1646
2548 2547
3565 3390 2431 4629
3611
3612 5430 2594
3591
3612
2603
2614 3598 3598 3598
2594 3567
909 984 1296 983 1219
4056 4927 6032 6049 1613 4057 3029 3479 1355 3402 4056 2463 4071 5186 2110
2593
2593
2603
3598
3029
3598
3598
1962
2593
2924
2593
3612 3612
3403 2978 1768 2416 3067
3611
2593
3612
3615
3598
5883
3073 3598 2511
3598
3598
2614
3611
5419 5413
3611 2593 3598
3622
3611
2325 2064 5558 1921
3598
3611
1551 5006 4858
3598
1960 1355 3175 4858 3397 4858 1944 1535 3394 3175 1355 1535 1960 3395 3175 2455 1355
3201
3612
3612
3612
3598 1550 1550 1550
5413 2070
3612
3598 3612
3622
3598 3612
2593 3575
2139 2483 3988 2440 3041 5073
3611
3613
3068 1532
2614 1419 2560
1637 636
3612
2593 3598
3073 3073 5143
3616
3611
3611
3622 3598
3598
3598
3598
3598
3598
3612
2614
5510 2198 2487 4708
3611
3611
1219 911 984 975 835 845
3598
3598 3598
3598
3611
3617 3565
2957
3615
4883 4879
3611
5038
3598
3611
3616 3617 3617
3611
3612
3612
3612
3565
2614 3611
3598 3612 3598
5836 4363
1493
3565
2592
2064
3442
3613
5808 5932 5534 4858 2904
3598
3598
5908
3598
4858 605 442 532 637 637 442 535 599 2070 2070 442 599 532
3598
2993
6035 3284 3389 4861 2920 1355 2919
3598
3611
4883 1607 3565 2574 1607 2559
3612
2555
2593
3598
3171 3096 4883 3395
3612
3598 3598
3611
3612
626 608 532
3611
3612
3613
2614
3611
1862
3598
3612
3598 3598
3598 3612
3612
3611
2614
3598 3612 3612
2614
3598
3621 3598
3598
1535 1480 5065 4838 5065
6032 4766 2892 2417 3598
3612
3612
3612
3611
2616 3614
3611
3598
3612
3598 3612
3621 3598
3613
3598 3621
4882
3598
3612
5431
3612
3586 2603
3598
3614
2594
2957
3615 725
2614
1356 1211 4578 5055 2234 3224 2265 2507 4577 3222
3598
3612
1612
1530
1535 4621
2555 1872
3598
3598
4784 3615
3611 3587
3611 2593
3598
2513
3615
2596
2593
3611
5501 2071 1226 1224 1222
3765 2509 4583 3872 2424
3611
3613
3611
2593 5959 1866
3598
3598
3425 4620 2859 2885 4513 2436 1945 1355 3390 2071
3587
2064 3612
3598
3598
4046 3612
2593
2614
3598
1576 1496
2114 2114 2114
3612
1586
3598
3588
3598 3598 2594 3598
3565
3611 3612
1508
3872 2417 2907 1354 2904
4883
3611
3395 1492 5780 3875 2070 5001
3612 2603 3598
3591 3591
2593
3598
2316 2418 3395 4743
4874 2071 2906 3223 3598
3612
3612
402 1469 605
3617 3612
3617
3612 3598
3613
1622 3612
3611
3598
3612
3598
3598
1512 1355 3008 3067 6032 5780
3611
3612
3618
3612 3618 3598
2603
3395 3875 5183 1355 2065 4633
2614
3611
3565
3612
3612
3613
3068 2512
2614
3612
3616 3611
1413 5143 1639 340
911 4857
3598
3613
3598
2176 2168 1337 2189 2190
2594
3613
3598
3611
1615 2234 2130
3598
3598
3611
3611
2455 5772 2314 4880 1497 3395 2434 5527
3565
3591
3611
3611
3598
2593
2916 3391 438 532
1576
2560 1092
3591
1529 1655 1529 2070 1529
3612
2593 3598 2070 2594 2866 1944
2614
3612
1530 526
3612
330 1644 350 1150 1192 1183 1147 1530
526
3611
3615
536
3598
3617
3616 3590
3601 3601 3601
2614
6032
3611
3565
3612
3565
3611
3612
2594
4432
2555
6004 5434
5826
3606 3606
3598 3612
2549 2614
1500 5489 3598 1927
3598
3612 2592
1419 2193 1993 4880 2417 535 5056 1994 5055 5826
2616 2560 5967
3565
5188
3612
3612 3612
1413
3598
3612 3140
3598
3612
3612
3612
2416 2314 5068 3391 5068 2036 5826 4632 2416 3391
3598 3598
3598
2593 2594 3556
3611
3613
3598
3612
2912 2863
3598
3598
3598
3041 3693 4070 2969 2395 1601 2314 3886 2163 2894 3423
4052
3766 3067 4070
916 984
2614
3611
3612 1493
3611 3598 3598
2614
3611
1498
3611
3611
2593
3612
3839 3067
3611
2592 3611
1112 350 1419 1419
3598
1501 2593 2064 1568 4881 2511
3598
1496 4873
2614
2612 2560 5058 2265
3598
2596
4875 5219 4740 1500
633 2593 1226 1207
2885 2859 2858 2892 5510
3612
446 1646 1027 584
3598
3612
2115
2591
2593
3598
2614
3612
3621
3612 2591
1582 2064 2509
3598
2907 2866
3598
3565
2593 3598 3598
2593
3598
3598 3612 3598 3598
5219 3564
5157 2854
3598
3611 2596 3565
3598 3287 6053 5220 2286 1355 3394 1956 3394 4154 1355 4630 5068 2163 2071
3611
3067
3615
3611
3611
3612
3598 3611 3598
3598
5055 5040 5510 3390 3692
3613
2614
3613 2598
3614
3612
3009 3008 3184
3905
3612
3612
3598
2614
3611
3612
3352 5932 5146 2416 5932 3067 5826 5932 5146 2235 2614
1587 1226 1102 4872
2581
3611
3622 2593
3618
1509 1516 1524
2594
3612 2616 3598
6039 1500
3598
1493
3611
3611 3598
3268 3277 1496
3073
3621
3621
591 636 1639 5510
3598
3615
1612
3598 3612
3598 3598 3598
3598 2594
2614
2614
3611
3611
3598 3612 2593
3614
3613
3612
2614
2712
3598 725
5416 6033
3598 3591
3613
3621
2855 4988 2139 2309 5510 2593 4858 6053 6025 4858 6053 2559 6025 2855 2760 2765 5507 4070 2020 4988 2616
3612
1666 1480 5074 2020
345 2314 1611 1655 1419
2594
2071
2064 2464
1355 4858 2024 2885 2424
3611
3598
2603
3611 3612
230 1355 5028 2802 2489 1355 5927 3074 230
3611
3611 2593
3390 1355 3412 2753 3411 1355 3067 3411 2753
3598
3611
534
3611
3612
4618 6053 5825 2482 1023 534 5519 2512 4070 4618 5001
3598
3612
3612
2593
3598
3598 3598
4438
2593
3612
435 535 603
3612
3611
2558
2593
3615
5504 5504
6103 2614
2548 3598 2558 4052 2555
2614
5218 5218 5218 3621 3598
3598
3612
3611
2603 3598 2594
3598
3611
3598 3598 3598 3598 2593 3598
3565
3598
5143 3611 2570 4875
2594
3611
2614
3612 2593
3598 2614
3611 3611
3899 2596
3611
3598
3591
5439
3621 3612
3612
3611
3612
2561 3598
2555
3598
3612
3621 3558
2616
1603 4785 2510 2272 3598 1601
3598 3611
3612
1480 3073 3073 1480 5420 5426 2356 2004 3598
3587
3353 4820
2593
2614 3611
3611
3611
3283 5928 3434 5188 3283 3434 5483 2910 3073 3387 3466 2916 5484
3611
3621
2614
3617
3618 2614 3598
3611
3611
361
2614
3598
1207 1222
3612
3612
3598
3565
3598 3598 3598 3598 1226
3611
3587
3613
3612
3612
2593 3613
3598
3598
3611
2614
2591
3598
2682 2904 1605
3598 3598 3598 2614
3611 3611 3611
3622
3598
3612 3598
230 1568 2324
3598 2614
3598
3612 1862
2614
3612 2558 3340 3621 4046 2552
1862 3621
3611 3598
1489
3056
2555
3613
2916
2594 3598
3613
603 535
2957
3565
3611
3613
3612
2078 2484 2859 2886
2614
5220 5157 3522 2891 2911 5157 5000 5220
3294 3252 2144 2483 1355 1576 2801
1904
3589
3621
5038 2614
3612
2859 230
3612
3622
3621
3612
3479 2004 3612 2593 2288 1355 3598 3612 3612
3611
3611 2592
4045 4878 2320
3611
3611
3618 3618
3590
3842 3840 3841 5146 5146 3842 3839 2429 3834 2713 4805
3611
3598 3611 3201 2560
3598
2603 3612 3565
3615
3612
3618
3591
3598
3587
3615
3612
3612
3250 1944 1550
3618
3611
2064 5531 4879
2555 1872
3612
3611
3621 3621
2614
3598
5518 5220 2323 5510
3565
3611
2065 5825 1355 3074 2856 3465 2952 2927 1991 3469 2780 2927
3618
3611
3611
3611
3395 1511 3394 3390 4861 3068 5024 2860 5513 2891
3611
3598
3598
3612
4880
3611
2593
2614
3612
1921 2020 3611 3598
3611
3611 3611
3413 4593 5027 2858
2603
3598
3612 3598 3598
2571 5809 2530
2614
3598
3565
2593
230 2481 1621 5825
3611
2593
1419 637
2594
3598 2614
2594
3615 3357
1576
3598
3612
3613
3611
3598
2614 3598 3612
3611
3611 2571
2071 5058 3391
1222 3611
4625 1646
3612
3612
3598 3612 2548 2591
3611
3565
3598
3611
3598
3621
2617
3612
3370 3370 2614 3370
3612
3565
3598
3598
2617 3611
3615
3611 3598
3612 3598
2593 3598
2320 5510 5533 2593 2320 5510 2596
3612
3611
1918
3611
5057 3412 5057 5057 2071
3621
3618 3598 3618 3612
3598
2614
3598
3590
3611
2593
3612
3598
3611
3598 3612
1575
3598
3611
2590 3611
4882 2490 5558 2969 1994
3598
3611
3598
3611
3611
3611
2574 2594
3616 3620
3611
2594
2560 1906 3598 2614
6033 5510 4794
3598 3612
3598
3611
5039 3974 1567
3565
535 5067 1466 2040 1655
3598 3598
3615
3598 3598 3598 3598
4880 4793
230 2314 5932 3391 5068
3598 3617
3611
984 231 916 378 632
2614 3611
3612
1872
2593
230 1543 2070 1492 1741 1355 1741 230 1492 1355 1543 2071
2271 230 2193
3611
2071 1525 1355 230 1355 2071 2455 2455 2071 230
3611
3611
3612
1355 3394 2860 3388 2434 2894
3268 3182 5488
2591
2614
1222
1493 3612
3612
2601
3618
3589
3618 3618
2979 1466
3598
3598
230 3395 1960 2023
3611
1419 1646 1563
3612
3611
3598
3598 3598 3612 2614
3565
1952 1952 230 1952
1646 2024 5418 4861 3612
2614
3598 3598 2603 3565
3612 3612
3598
2593
2594
2593
3612
1586 2601
3598
3612
3598 4988 2508
2614 3614
2614
3598 2614
3577 3565
3598
378 1023 766 626 531
912 975 1218
1331 1294
3612
231 1227
5037
1637 1642 230 1413 1652 835 916 231 1227 1224 2040 6053 6049 1500 1930 230
3612
3611
1642 1637 584
2593
3435 3394 1985 1355 3436
3611 3598
3612 2596 2593 2593
3612
3621
3598
3598 3621
3391 2326 2344 3423 2865 2858 2509 2418
3589 3589 3589
3598
2455
2046 3222 3598 3399 3067 4882 1355
3598
3613
3614
3612
3598
6053 4132 6049
1939 5189 2856 5181 2855 2507 2854 5183
3611 3611 3611
3612
3146
378 3598 983 1216 983
3939
4369
3598
5510 1606 3390
3612 3617 3598
3598 3612
3612 3598
2028
3612
5032
3591
4070 3068
3611
3618
3611
1872 2559 3620
3611
2614
2070
3612
3611
1741 2065 230 4627 4999
2593 2612
3611 2593
3598 3612
3598
984
2614
3567 2594
2509 2156 5793 230
3598
3598 4878 1520 2982 2592
4883 2436 2455 4794
3598
3598
525
2579 2606
231 378 230 3734 3182 5056
3611 3612
1583 1585
3611
637 1639 1646 634
2603
3067 5927 1355 2507 4742 5505 2265
2591
2549
3612
2555 1872 2567
3598
3591
3598
3611
3611
3611
3598
3611
3611
3612
1945 3391 3413 3693 2920 4268 2426 5024 4988
3611
5070 1511
3598
3598
3613
3598
3598
3614 3612
3598
3565
2591
2555 2548
2603
5146 5220 5220 5146
1509 1512 4877 4878
3611
230 4132 5507 2691
1992 230
3611
3598
3598
3611
2070
3612
2614
1334 1329 1300 1328 1295
3615
3612 3598
3598
2076 2076
5927 5038
3598
5157 2481
3598
3587
3611 3611
3611
2593
3611
5558 2482
2038 2869 2131
3615
3598
230 4978 4976
3612
2614
341 1502
3598
2614
3598
3598
3612
4192 1634 1652 1494 402 3598 3621 437 605 1494 1494 402 1192 1158
2549 2555
3598 3612
2265 5501 1530 2474
2957
5436
3565
2438 5825
3598 3598
3598
3598
3612
3612 3612
3598 3612
3598
3618
3404 3883
2242
3611
2418 4881
2593
3611
3612
2024 5040
3598
3612
3598 3612 2232
3611
3611 3598 3611
3611
1355 3468 3399 2065 3400 4890
3068 1480 230 3794 3793 5027
3611
526 599 636
3611
3621
3587
2616 3747
3612
3620
3621
1222 378
3598
2614
3612
3612
3612
2970 4766 4877 5776 2232 5056 1903 1601 2158 3598
3612
1227 1208 1226
3611
3598 3598 3598
1532 230 1419 1466 1530
2594 2594 2594
5489 230
230 5532 5556 230 3796
2133
3611
2380
3598
3612
3598
3598
2614
2221
1218 988
3598
3611
2864 2904
3598 3611 2560 2594
1465 5534 5425
3611
1652 1652 583 531 626 535 1637 637 1529 601 531 1666 1529 1419 2418 2318 3434 3402 526 1637 1962 3172 3534 1419 392 1530 1529
3775 230 2614 3777 230
2855 2851 2032 2330 1403 610 3598 739
3598
3612
607 636 535
3612
4022 2065
2614 3612 2860
2614
2614
3565
3598
3565
3598
3618
4051 3611 1493
3612
2071 3934 3427 3790 2426 2555
3622
3598 3598
3615
2594 2594
4194
5054 5054 3616
3598
3565
3612 3611
2593
3617
3612
3612
3612
2455
2560 2562 2561
3612 3612
3611
3882 2158
912 5974 983 378 3068 906 837
5820
2567 2569
2857 2662 2489 4872 2614
3618
3598 3598
378 3067
3158 2683
3611
2069 4624 4070 2391 2885
3598
3611
5058 1921 2198
2317 2860 2455 230 4070 2455 230 2431
3394 2891
3611
3598 2593 2593
3611
2614
2560
3598
3565
2483 230 5157 2868 6053 3090 5460 6049 1558 230 5501 2507 1207 378 988 2314 2332 2894 6053 230 6049 1355 5157 2483 6048 2868 2483 1930
2848 2806 5000 230
2222
3615
3612
4791 4876 1102 4522 1207 378
2614
3611
2614 3598
3621
1534 1355 1646 1518 1413 2850 1518 5826
3611
2995 5505
230 1501 2234 1543 230 2325
3621
4988 2070 3621 1595 4046 2070 4988 6032 4046 5895 4046 2593 4203 3621 3335
3621 3598
2614
230 2316 3173 4890
3612
5128 3598
4876 4890 230 230 4890 4869 2614
3613
3598
3598
2595
3611
3615
361 2592
4879 2919 230
1548 3413
3611
5058 5146 524 2850 1355 5059 5058 5146 5059 5146 524
3611
3598
3587
1419 2140 1532
1567
3611
3398 3402 3068 3765 310
3612
3611
5220 2314
3620
4884 5220
3611
3612
3601 3601 3587 3601
610 1646 1466
2178
3614
2593
3598 3598
3622 2593
3613
5964
3617
3612
3611
5146 534
3611
2571 1872
4630 4635 5409 3487
3611
3565
3612 3611
3611
378 1207
3612
2603
2352
3587 2593
3612
3068 3390 2864 2894
3882 4622
3598 3612
984
3612
3612
3621
2598
230 2507 2920 3067 1742
3598
835 916 378 983
3612
6034
2065 1962 230 1962 2065 1962 2065
3613
5034 2029 5161 3459 2421 5145
3611
3201 3571
3612
3598
2594
3612
2555 1872
3620
3586
1500
3611
3611
3598
3621
3611 2591
3611 3612
2265 1550 1576 230 2417
2409 1355 3262 3242 1930 3182 4635 3243 5552 1355 5146 4630 1355 3243 5066 3269 4874 1930 5066 3247 4874 4635 1962 5066 3269 3437
3395
1927 230 1923 1355 5532 1927 230 1923 5146 1355 230
3615
3612 1493 3565 1493
3413 3459 2892 2865 2426 1985 2317
3615
1505
3617
2593
3612
3612
4070 5024
3622
5794
3598
2616
3611
1355 3970 230 1607 6034 2064 2314 1607
3176 230 6040
2593
2593
3612
2490 230 230 5506 2640 3158 3435 1740 4861 230 3157 230 3157 230 3158 230 3157 3157 230
5932
2256
1543
3412
1576 1927 4879
3565
3612 3598 4046
3613
2528
1862
3612
1512 5058
3611
3598
3565
3598 3598 3598 3598 3598 3598 3598 3598 3598 3598 3598 3598 3598
3621
3621 2593
3598
3612
3612
3598
3615
4798 5814
3598 3612 3621
3598
3598 3598
3611
2560 2558
2547
3067
3598
1983 4785 2672 2656 4785 1965
3611
3587
3598
3565 3565
3611 4443 3611 1921
3577
3598
3613 5778
3571
2559
3611
378 378 231 1207
3612
3598
3591
4785 1926
1488
2273 2426 3173 2064 3297 1355 4592 3794 4490
2548 2555
2593
3611
3614
5969
3577 2614
2316
2314 4839 230 2455
3598
3601
3611
3598
2578
5826 3067 2885 3068 2918 2884 1945
3616 3620 3613
3565
2594
3598 2069 2426 5071 1742 5073 4633 1741 5932 2325 2426 3693 5569 5932 3694 6048 3394
3598
3612
2162 3598 3335 2163 2236
3612
3611
915 1219 977
3617
3598 3621 5804
3565 1494 532
4872
3612
3612
3598
3615
3611
3611 3598
3612
3612
3611
3612
3565
5491 2286 230 2277 2274 231 2277 2272
1862
3598
3201
3611
3612 1862
3611 3598 2594
3598
3612
3615
3598 3611 3598 3587 3598
3598 3598
3598
5814 5425 2593 2603 5426
3621
3598
2457 1466
2510 6049 230
3611
2593
3598 3598
2593
3598
3611
1219 378
3612
3158 230 230 3158 2988 5521 230 3222 2421 3224 4009 2256 2509 5220 230 636 437 2640 230 230 2395 4009 2438 2490 2491 230 5068 5927 2090 230 3009 2286 4837 2006 3158 230 5886 4881 230 2271 3106 3970 2007
1637
5559 5482
3611
3612
3770
3616 3617
2614
3598
3598 5058
2560 2557
3612 3598 3616
526
1493
1496 1500 1496
3612 3598
3399 3394 2071
3612 3612
3621
3565
3598
3598
2559
1466 1530
2548
3611
3565
1630 1537 2065
3598
4202
3598
3612
3612
3565
3611 3598
2614 3598
1862 5065 1872
2892 3694 2863
3598
3186 2434 2416 3413 5068 2314 4269 3391 3394 2140
2455 5071 3427 5143 5825 5071
5057 2465 2288 3394 2074 2075
3598 3598
1945 3186
5038
1530 439 603 526
3611
3598
2464 3181 599 2029 1601 1639 534 531 2029 6020 2464 4661 3612 534 739 531
3598
3598
2158 5776
3621
3612 2603
2593
4060
3598
3611
352 4811
1639
2964
3598
6032 1419 637 637 3170 1419 6032
3598
2614
3598
3598
3611
3598
636 591 536
3598
3612
3612 3612
3598
2593
3611
3611
3611
3565
2064 4890 1927
4985 4622
5157 5825
2958
2395
1475 1606 3973 1740 1737
3598
3598
3598
3612
3611
3598
3611
3611
3612
1537
3612 3611
3598
3616
1543
3598 1872 2548 3598
3611
2065 6032
2068 2894
3611 3598 4071 1355 4278 3410 2065 4577 3407
3598
1551 3598 1511 1551
5482 1497
3612 3598 3598 3612
3598
3611
2431 4268 3390 3074 2920 3434 4635
3612
2593
2555 2548
739 1419 637
3598
2431 2437 2070 2024 6032 1930 378 5157 5146 3487 2437 4740 6034 2064 6032 4577 1496
3598
5053
3612
2868 2851 5000 3598
3617
3612
3391 2313
3612
2593
2071
3577
3612
3611
2614
5510 5220 2713 4618
2614
3612
3611
230 1355 3391 2070 2436
3598
4046
378 231 911 988
3462 4296
2548 1872 2591
3598
3598
378 838 1296 974 915
4045 2323 4045 230 2323 3183 3180 230 2997 2323 5825 230 1962 2323 3180 230 2323 3180 230 2323 1962 230 3183 2997 3180 5527 3183 2323 4837 5527 230 2323 1962 5143 1962 3180 5143 1355 230 3180 5143 3183 1962 5143 3180 2997 230 4045 230 2969 2997 230 3873 2969 4045 3180 2969 4837 230 4045 4045 5143 5143
3611 2592 3611 2555 1872 2592 1872 2548
5058 1995 6035 2440 6035 4882 2440 6035 4883 6035 2024 4883
3612
4857 1637
3611
3598
3598
3622
2614
2593 5220
3612
2603
3621
230 5531
3598 3598 3349
3611
3611
3598
3598
3598
2440 4890 230 5219
3598
3611
3611
2065 2024
4988 5001 2416
3598
3598
230 4214 3781 230
2614 3612
3565
3611
3612
2513
2404 2406 2593 5967
3611
2614
2614
2616
2593
4874 4858
3598
2617
2593
4890
3612 3612
3598
3598
3029
3598
2614
2552 2547 2547 4944
3611
4742 6035 5526 5526 6034 5526
3598
4861 4350 2440 1932
3611
3598
3611
2178
3611
3565 3565
2562 2560
3611
2614
1543 3598 3356 3046 5825
3598 3612
2555 2547
1551 2892
3621
2593
3612 2366
3612 3598
3613
2892 2440
3612
2616
3598
3173
3390 3386 1413 4872 2865 2864
3565 3598 3612 3565
983 1222 837 910 1296 231 838 912 1216 838 1222 983 231
3612
378
2593
3611 3598
2277 1932 5065 5058 230 1939 230 2277 5058 2277 2488 5519 1355 230 230 2277 5067 5416 1962 230 5413 5413 5415 2481 230 2277 5067 5552 230 5418
3612
3565
2358
3598
2442 2076
3611 3598
3612
3621
3554
3612
3693 2512 5042
231 912
4196
3598
4883 2489 230
3612
2858 2574
3598
3598 3598
2614
3598
3614
3598
3565 3565
1478
2857 2860 2455 3175 2417 3393
1548 4857
2616 2571
230 3389 5932 5068 3290 4858 230 2992 3365 2756 1355 2801 4630 2756 2851 4630 230 1990 2851 2357 2919 2919 1992 2357 1355 1954 5794 1955 230 2476 231
230 4605 5181 3876 4978 2421
3598
3612
3612 3598
3615
3612 3612
3391 2455 230
2863 1496 2904 5220 3405 3419 1590 4740 4278
1518 1419 2314 637 3068 1529 1962
3611
3598
2614
3598
3612 3598
5439 3201
3621
1666 534 605
6032 5146 5071 345 1611
3612
3598
3598
1530
3242 3269 1945 1355 1930 3181 3873 3269 3262 4635 1355 3181 5055 1962 1355 1962 3873 3243 1355 3437 3269 4635 1355
3614
5148
3611
3611
2593 2593
2904 2455
3565 3621 1901
2995 6032
3591
3620
1227
3598
1872 2559
3598
3613
4879
5157 6053 1355 230 230 6053 1355 2806 6053 1355 5157 6053 5157 1355 6053 1355 2321
1568
2592 3611
2957
3048
2919 1974 3242 1355 3962 6032 3041
2070 4801 230
3611
3612
5056 6040 2856 3265 2464 6034
3182 3180 5056 5568 2488 2455 3068
2593
231 378
2325
2272
3612
1612 912
3611 3601
2857
3612
6049 230 2193 5098 1355 4793 230 2331 1355 230 3870 5143 230 1940 1939 2331 230 2036 4132 6053 6049 3433 3090 230 1355 3433 3433 230 3090
230 4743 5071 1923 4743 230 2455 4976 5071 230 4620 6032 4620 230 2481 230 5929 1742 230 4620 2455 6032
2603
3565
2596
2614
3611 633 1217 835
3621
3611
5157
2614
2617
230 1930 2994 1355 2640 230 3870 2426 5552 4882 1930 230 6049 2661 230 1355 5143 230 2331 1927 3402 230 3433 4879 230 5071 3870 6049 3433 6053 230 3090 2331 230 5143 230 5880 3158 2640 5143 230 1962 2219 230 1930 4132 2437 230
3612
2614
2524 3407 5992 1954 5932 2455 3222 2273 3390
3888 2952 5519 5519 230 3067 2482
3611
2594
3621
3618
1509 2616
1637 1530 593
3398 2070 3398 2325 1535
1956 3067 2887 3612
3613
2574 2548 5554 1872 2555 1489 6032 2573
3612
2555 1872
3612
3612
6034 2256
2593
1586
3612
609 2439 535 1413
3577
2065
3598 3612 3612
2163 2314 3391
3616 3598 4794
2560 1023 378
3612
1222 1222 378
3565
1502 341
3614
1576 2455 1496 230 4857
3611
3612
5801
591 626 531
6032 4794
3591 3611
1415 5489 5778 230 5778 230 5558 5510 230 5143 2141 230 5552
1646
3611
5218 3411 1946 3394 3278 2069
3621
3612
2455 3029 4794 1611 4857 2317 5220 2158 4884
3612
1419 5187 1419 5187 2488 3395 5186 3067 1355
3611 3349 1872 2547 1520 2548
1862 3566 2596
1567 1500 5065 4282 4193
3611 3611
3613
5464 2314
1355 2488 2509 230 2489
4795 1211 1211
3612
3565
2199 1939 2192 1590
2593 3565
4784 2318
402 438
3598
3612 3611
2593
3868 1355 230 2426 2491 230 5143 230 5056 230 2426 3829 230 1939 1590
3611
5145 3389 5143 1740 3425 4154 1740 5001 230 230 1740 2323 3875 4978 3170 2395 230 1930 5007 1355 5143 2323 230 230 1932 2316 1355 1740 2651 5413 1740 230 3067 1932 5778 1921 230 2417 6049
3612
3598
3612
1520 5145
1768 5066 2431
3611
2071
526
5451
1935 1496 230 4740 6035 230 5558 230 4740 5218 5558 6035 230 5558 230 6035
4875
3612
2594
3611
3589
3612
3180 3888 3173 2391 2407 2040 1355 2391 1355 3185 3242 2396 230 2801
2593
3565
3330 1500 1535 3612
3611
3612
5071 1530
230 5143 2916 230 2919 3256 2071 2851 2442 6048 230
2593
1419 1530 3068 1530
5907 2904 5932 2858
3612
3621
2560 2367 2368 3612
1867
3590
3554 3618
2593 3565
4738 4875 3611
3604
5033 4873 5482 4873 230 6034 5482 6034 230
3615
230 3697 2857 2892 5143 230 3443
3612
3611
5536 3967 3567 3053 3567 3053 3612
230 3246 230 2891 3443
3888 1498 230
2616
3613
2323 3689
3171 4884 3888 3394
3611
5778
3624
