5166 4875 2155 2614
3612
5167
2618
1207 378
3591
2418 3291 3262
5167
5166
3612
1419 1530 3068
3598
3598
3598
2618
3611
3598
3611 3598
5167
4875 5510 3008 5167
3601
2070 1767 6032 1768
2614
5166
4794 3269 3278 4858
2618
3598
3589 2614
2070 4633 2916 5510 2550 3598
2614
3621
5167
3598
3598
4875 4884 5167
3611
2455
3615 2618 3598
2618
2614
5166
2232 2155
5166 4875 1500
3587
3612
2071 1932
599 445 3612 599 626 599 626 626 599 531
4875 5166
3598
5166 984 378 1216
4046
3598
3565
5167
3612
5167
1902 3598
5166
3384 3384
3612
5166 3598
3598
5826 5166 4633 528 1466 5825 1530 1952 4620 2068
3612
3614
3611
5167 3621 3598
4875 5166
3611
2614
2618
3598 5065 5523
3598
3618 3598 3618 3589
634
4046
3621
3598
3612
442 5166 1419 610 637
5166
3611
6032 2455
3612 2603
3741
3565 5166
5167 4752 2040 5826
3612 3612 3612 3612
3611 3611
3612
2614 5167
2170 4873
3612 5166
1939 1551
3618
5167
3611
5166
2455 5510 5166 5166
5167
2028 5554 2064
3612
2618
5510 3565 2222 5167
5166
3598
3598
5167
5166 4875 3611 2592 2158 2592 3611
5167 2618
2603
3598
3617
3598
5166
2071
3612 2530 4567
3615
3612
2614 3611
3612
2603 3598
1348 5166
5166 4875 4738
3598
3615
3693 2070 3692 5880 1939
2614
2614
3556 2618
3611
5167
5166
5167
5146 5167 4875 3598 3598
3598 5146 1500
5166
5166 3598 1348
3598
3598 3598
3611
3601 3613
5166
3598
3616
3598
2618
3612 2579
2591
3615
3611
3611
3611
2489 2314
3612
3611
5166
3598
2614
2614
5167
3612
2614
4986 3262 5419 6053 2865 3394 3277
3611
3598
5167
1348
3587
3565
3612
3598 3598
3598
3611
3611
5167 2593
3611
5166
2614
4070 1768 2177 2904
3598
4781 5520 1587 1595
3612
3612 2618
3591 3598
5166
5167
2614
2916
3612
5157 5166 1348 4875
3598
3611
4875 5157
3611
5166 2614
2614
5167
3612
3612
1355 2978 2919 4869 5167 2424 2919 1355 4988 5167 2978 4432
3611
2863 5825
5166
5157 2170
3598 3598
2618
3589
5166 3598 2591
5218 5566 2036
5166
5167
2550 2575 2547 2571
5167 3612
5167
4794 5166
3565 2614
2614
5166
2614
3612
5166
2391 3407 1944 1508 1355 2885 2020 2489
5167
5167 2618
5167
2618
3565
5219
1568
5167
3611
2603
2193 3598 4858
2614
3598 2083
2614
5166
2614
3886 1567
5167
4881 5167
3617
3598
3836
5493 5492 4778 1489
3598 3598 3598
2618
5166
3565
3411 2618 2509 4633
5166
3889 5000 1767 2318 1415 2074 1767 6033
2064 2860 3435
2780 4594 1984 2670 2029 3964 1355 5187 2396 6032 3419 2357 4534 3693 1585 2391 2674 5555
5167
5146 1940 3565 2603
5166 3598
5166
4490 1985 5066 2780 5028 3068 5146
3611
3565
5166 2614
3622
5166 3598 2614 2064 5070 378 5071
2156
2603
5166
3612
5166 3598
2071 1587 3413 3432
3598
5166
3621 2569
2614
3598 3611
5167
3611
1542 1500
3618
5825
1492
1646 1652 636 1639
3412 2426 3403
5510 2455
444 1637
5826 5466
3613
3612
2614
3598 2431
3611
3613
5166
2614
3598
2614
3613 5166 3611
3611
361
3611
5166 4875
3598
5166 3611
3617 3617 3617 3617
5167 3598
5167
4858 3598
3598
5505 3068 3598 5167
2474 5167 2426 2919 3598 2065 2438 2395 2455 2901 2770
5166
3612
3612
3612 2614
2234
2270 1646 1419
2064 5191 2865
4875
3598 2614
2591
2614
5167
5166
3612 3612
5167
5166 3612
4858 5166 3598
1475 5070 3465 1990 1223 3391 2022
5166 1466 3886 2325 1355 637 2325
3598
3693 4883 3184 2455 2865 1542 1355 5167
3612
5166
2511
3391 5493 4873 1548 2416
4875 2070
1419 1529 1655 1530
3615
3598
3598
3611
637
3612
5166
5167
4873 4875
5167
3611
2070
3598
3598 5220 2158 3612
3611
2193 5166 2158 2614
2614
2614
2614
5166 5135 5510
3598 5166
3598
5166
3612
5166
5218 2885 2858 2438
2528 378
3029 2020
5167 2614
5167 2232 2156
3615
3612
2924 2417 3885 3437
1348 5166
5432 1542 5166 3598 2614
3598 5167
3598 2614
3598 3621
3589
3598 1530 1655 1419
5166 5932 3598 5510 2614
5166
5167 4875 1419 1551 2163 2162
3598
5166
626 2028 5071
1888
2614
5167 1610
3612 5166
2455 2614 5166 2155
4875 2614 5166
5167 3598
5799
5166
5166
3598 5167
2618
5510 2070 5166
2614
3587 3617
3612
3601
3566
5166 2614
5167
3590
5166
3611
3612
3618 5166
3598
3598
2614
2581
3598
2591
3618
2618 6039 2614 2455 3598 5166
983 5166 632
3587
5825 3402
2614
3611
3053
3611
3598
2614 3598
5166
2616 4046 2614
3612
3612
3598
3598
598 1530 636 1494
2331 2426 3278 4861 2901
5167
1530
5166
311
2611 2618
4269 2020 3424 1976
5166 4875
5166
3394 2029
3598
3612 3612
2618
4858
2618
5166
5166 2614
3434 3423 4858 2431
3611
3612
5157 1939 3612 3612 3612
3612 3565
2614
2616
378
3621 5167 2660 2550
3598 5167
2614 5167
5166
5166
1466 2071 1530
3579
5167 3612
437 1494 4879 3465 2065 5218
5166
5166
3611
3171 1902 4858 3390 2603
3612
3611
1926 5166 2316
2070 5167 1111 4045 2070
3068 3598 1955
5167 3598
5167
2455 5510 3589
3612
6038 5166
5166
3598 5166
1595 3569
1549 5790
5166 2614
5167
3611
5166
3611
3611
5439 3611 2611
3598
3598
5826 2426 2865 5024 1355 2886
3565
5167
3612 5166
5166
5166 4875 2614 2234
3611 2614
3590
3598
2232 2270 2230 2232
3068
3598
3587
916 3402
5166
3621 6034
2070
2916 3423 6037
3611
5167
3589
2163 2156
5167
5218 5826 3067
378 378
3613
2614 3598 3612 5167
526 4866 532
5166
3611 2614 3612
2222 2158
4781 5493 4835
2561 2560 5907 2614
5826 3452 2510 3437 5186
5167
2614 3598
3612
3611
3598 5166 2614
1219 916 378 1216 975
4743 2193
5167 4795 3466 5146
5166
3617 3617 3617
4873 1530 1419
3586
3621
3598 2614
5166 4875 2614
2489 3246
3611
3068 3693 2919 1992 2314 2849
3598 5166
5167
2603
5070 2438 5166 5167 2916 5058 1926
3611 3598
5166
5510 5167 2222
5167
2614
3598
5166 3598
5166
3565
2557 2578 2618
5166
2614
3612
593 1413 5065 526
3622
5166
5186 5932 2863 3067
5419 3598
3598 5167 2614 3598 3611
3565
5166
3565
1646
3611 3611 3598 3611
3621
2614 3598
3587 3587 3587
591 626 531
5167
2614
3388 5466 3067
3622
3598
599 1413 5000 5534 531
3598
2614
5167
3598 2614
2455 3611
2591
3612 1995
5167
5167 3598
3598
3598 2618 5167
5167 5776
2614
2618
3565
3612
1493 1489
5051
4875
3611
3615
5166
3598
3611
2614
4793 2618
5166
5157 4884
1634 2982 2919 3177
5167
2614 5166
5167
3612
2593 3598 3611 5167
5539 230 230 5539
5510 5157
3598 3589
5167
3611
3575
3598 3621
4742 2593
5167
3598
3587
3615 3741
3611 3611
3611
3617 3598
3621
5166
5167
2020 1355
4875
5167 2065
5166
3611 2614
3598 2299
1535 4858 1960 3407 3186 1355
3612
3412
4872 1413 534 5007 5187 1550 1025 3394 5825
3612
3611
1550 3612 1550
5166 2614
2065 444 2029 1494 1652 2988 2070 5143
2614 3598
2614
3612
5166
3611
3598
5166
2071
3598
605 1634 1639
5166
3612
3598
2070 3598
3611 3611 5804
2614 5166
3567 4805 3073
3611
3611
5166
4187
3618
2221 2201
1348
3565
5166
5167
3565
605 1469 599 445 603 3579 1646 637 2618 526 599
5167 3598
5166
3598 3611
365 384 1562 388 1082 1073 1561 633 378 766 633 1207
3469 2105 5166
4794 4875 5166
5007 2482
5166
3598
5464 4858 4874
3611 3611
3617 3616
5167
5157 2199 2614
2614
2614
3611
3590
2614
3611
2455 5166 5510 5166
5166
5166
5166
5167
3598 3612 5166 2591
3565
2192 2158 2892 5932
5825 1497 1530 1558 4866 5167
2618
5166
3565
3611
2614
3612
5167
4876
6032 5167
5167
4875 2614 2204
2440 1551 3598
3598
3611
5167
2232 5167
2618
3598
4874 5166
3611
2618 3598 2070
5039
2641 2780 2139
1348
3621
3598
3611 3611
5166
3611
3611
5167
4881 4881 2615
2894 3183
5166
3611
3613
5510 5167
3612
3586
5166
532 1635 605
2614
3611
2322 2927
2614 5166
3577
3621
5510 5143 5167 3598
2561
1666 605 526 3598
3598
5166
1587
1348 4881 5143 5167 2614
2614
3611
726 3291 648
3068
3611 2178 3587 2156
1549
5167 3598
2614
5167 1348
2614 5166 3598
2614
3618
5167
3611
2070 2155
5167
1348
3598
4875 5166 2614 5854
2614
2455 2858 5071 4988 2512
3611
2199 5166 5507
3615
1639 602 636
3621
3589
5167
1611 345
5166
3612 4046
3598 4070 4071 2022 3598 2593 2571
5166
5166 3598
3612
2114 2114 2114
5510 3598 2155
2455 3391 3734 5932
3082 4875 3621
590 525 529 1413 603
1635
3598 3598
2591
2082 4708 4278 6048 1355 5778
3598 5166
605 597 532
3615
3565 2549 3598
3611
5166
5166 5071 2614 345 1611 4765
3612
6032 4875
2614 3598
3612
4619 4629 2902 1355 5460 4275
3612
2127 2603
3611
5166
2916 3176 1626 2318 1956 2916 2916 2329 3176 1355 1944 3176 2916 2316 1944
3617 5167
5167
3598
5166
3612
2618 3565
3612
5167
3611
3622
5166 3598
3612
2614 3598
5167
4794 1565
5166
5166
2455 1939
437
5166
3598
3612 5166 3598
3566
5166
5166 2614
4875 2455
2614
3611
4882 2455 5166
3565
3612
4893 4895
3615
2166
5167
5167
5510 5167 3598 2455 3598
3612
3611
2298
5166 3598 3598
2905 5166
2325
3618 3618
3613
5166 2614
2614
3591
2614
2170 2171 2196
3611
3598
5166
3598
3611
3611
3741
6034
5167
3612
3598
2455 5166
4881 2618
2614
3611
2618
3612 3598
2510 2921 3436
3611 3598
2593 3621
3611 3611 3611 3611 3611
5167
3598
2455 5166
5166
5167
3598
3598
1355 3172 2859 5070 2064
3612
2614
5510
2614
5166
2618
3598 3598 3598 3598 3598 3598 3612
5166
3834 3840
5167 3068
2809
5166 3621 3598
3612
5167 3068
2591
3612
4784 230 1867 4875
3613
3612 2590
3611
2313 1930 1952 3411 2417
2064 2614 1939 5166
2163 2455
605 1025 1639
5166
3612 3598
3598 3612
3589
3598
5166 2614
3565
3618
3598
3612
5166
3598 5142 4858
5166
5166 3611 3598
2612 2611
2163 5143 2969 2434 2158 5166 1964
2317 3175 3419 2317 3175 3394
5166 2593 3565
3611
3565
5166 2455 4875
5167
2555
3598
2614
5166
5166
3598 2614 5167
2614 3598
3587
2155 3612 5166 2618
6033 5825 3687 2391 5932 3698
3611
5167
1675 1413 1637 2158 3350 1867
5166
3612
5166
3598 2234 5166
5167 2595
5057 5166 3598 2069 1543
2177 5166 2155
5167
5166
3611
3598
5166
2614
2455 2071
3598
3611
2618
6032
3612
3613 3587
3612
3613
3598
3612
3611
2064 2512 2064 2064
3598
5167 2614 3598 5157 5143
5166
5167
5166 5071 1551
5167
2618
3612
5166
5167
3598 5166
3612
2234 5166 2177
3611
3612
3598 5510 5166 3612
5167
2614
5166 3561
2155
3565 3565
5166
2614
2982 5146 5146 5470 3834 2982 5146 3834 5146 3834
5166
3613
2614
3067
1524 1509
3598
2614 5167
2691
3565
3612
3612
3598 3598
634 1530 231 445 609 4879 2318 230 3390 2455 4873 5932
1509 5418 3974 1518 3598 5426 5431
3598
2618
3612
3697 5167 2434
5166
5166
5166 3598
5166
3992 5167 3615
2618
5166
5166
5166
3611 2614
2614
2614
5510 4875 5166
3611
5166
3611
3591
5166
3598
3613
2139 2849 4858 2760 2326 4988 6025 2723 4070 2326 2855 3598 2421 1548 2760 6053 3170 6025
3611
5166
3612
3565
5166
5167 3621 2455 2156
3611
2614 5166
3613
3589
2593
2923 3067 2865 1355 5166 5967 1500 2957 2440
3598
3591
2614 2988 2036
3598 2614
5166
2614
2618
3598 5167
5166
4740 5507 5156 5166 2857 2071 5510
3612
5166
2591
5166
3611 3598 5166
2581
5166
3611
3612 3565
3611
4598 2193 3927 2192
2603
5166
2028 3587
2614
2614 5166
3612
3612
5167 3614
2618
3612
5167
2614
3560
584 4881 435 532
5218 3648 5218 2614
3598 5167
5167
632
3612
3621
3565 3612
3601
3612
2591
3612 5166
2571 2555 2561
5167
4858 2070 3537
1355
3591
5776
1540 2083 3068
3612 3621 2614
3612 5166
3612 3598
3598
5166 3620
2997 1962 3029 3170 1612 3541 2550 3615 2611
5166 3612
3598 2644
5167
3612
2155 2234 3598 3598
2156 5166
361 3622
4778 1603
2614
3613
5167 2618
5166
2614 4858 5166 2156
3613
3587
5167 6032 4875
3611
3598 3598
5167
5167
5167
2590 2156 5166
2069 1500 610 1529 637 231
3611
3611
2234 5166
2618
3611
5166
5167
1348 5166
5166
5167
5166
5166
2065
3467 4983 2064
3621
5166 3598
1419
5166
3598
3598
5167 4873 3611 3598 4875
3598
2603
3613
3621
5166
2618
2744 3398 1992 2020 4873 2431 5932
2614 5166 3598
4873 4875
3611
3621
2591 3612
2064 5507
2614
3598 3598 3598
3612
5071 3746 2689 2937 1419 2700
5167 3613 3613
2455
2020
3598 2455
3541
2614 5166
3622
1208 1102 1219
5166
4861 4875
5166 3598
5167
3611
3598
5038 3612 5038 4858
3612 3612
3611 5166
3598
5001 1590 5071 2644 230 5071 4880 4255
3598 2618 2569 4046 3612 1355 2569 5776 3621 4046 2530
3611
3601
5489 230 2488 1985 2662 4045 230 2488
3611
2429 3888 3612 3841 5132
5166
3598
3611
3611
5166
3613
3611
5166 3598
3612
3587
3615
3612
1208 2329 2330 1218
2561 2560 3598
6032
4835
2614
3612
5167
2232 4858
3621 4784 4961 4054
3598 2234 5166
3612
3612
5166 2982 2858
4875 5166
5167
3598 361
3621 2618
3611
3611
3612
2988 5789 2029
5167
3598
3612
2618
438 1530 591 532 583 593
3598
1888 2603
6032 4794
2614
2614
3598
3611
5166
2968 3598 2181 4857
3611 3598 1500 4858 3598
5166
5167 3598
2614
3892
3598 3598 1902
5166 3598
3612
3615
3391 2455 3611 5157 2858 2193
2618 3622 3598
2618 3621
3598 2626
2618 3621
3621
5166 5166
3598
3394 4794 2064
3612
3611 2614
2618
3611 3611
5167 2614
3612 3612
3612
5166 2023
2614
2614 5167
3612
3611
3598
3616 3587 3616 3587
3612
3598
3598
3598
3589
2919 3836 1952 5146
2071 5978 4619
3598 5167
4859
5166 2455 3611
5166
3611
5167
5167
3612
230 378 230 1329 230 2325 5826
5166
2592 3612
3612
3612
5167 3598
2614
3598
5166 2357 5799 3391
5167 2614
3612
5167 4875
3611
5166 2618
2593
1348
3598
2614
2614
3611
3068 3067 2336 3068
5166
5167
1348 5166
3611
1348
2614
3621 5167
3611
3612 3598
3883 5991 1548
3574 2265 2923 2287
2614
5166 3598
5166
3618
3611 3598
3621
3612
2076
2618
3612
3598
2614
5166
2618
2495 230
5166 3598 3598 3598 3598
3598
3598
1741 1576 2071 230 1543 1492 1741 1576 230 1492 4985
5166 2614
3611
378 378 231
2614
2731 4779 5883 5167
2644 1355 4045 2614 1963 5508
1493
5166
378 378 230
5166
3598
3598
2591
3612
3616 3613
5166
3598
2591 3565 3615
2901 4986 1955 3465
3618 5167
3598 2070
2618 3612
3615 3615
5146 3691 3389
2512 1939
2155
2614 5167
5804 5166
2614
5464 2591 3598
230 4119 4275
1470
3598
3611
3598 2614
3612 3565
4873 1576 2139
3587 6048 2885 4618 5065
3611
3391
3611
981
2618
5146 5167
1484
3598
5167 1348
231 378
2879 2897 5825
3612 5166
3598 3556 5166
5167
5167
5167 3598
4794 5166
3611
5166 4875 3598
3565
1348
3612
5166
3611
3598 3598 5166 3598 3598
5166 3612
2239 1820 1355 2925 230
2614
230 1296 1963 2032 2020 1606 1962
3617
5166 1348
5167
3612 2177 5167
2618 3567
5826 2416 3068 3735 3393 2865 230
3611 3611
5167 6032 4875 2562
3611 2618
5166
3598
5166
3618 3589
5166
3886 3076 4858 2070 5826
1355 3222 1962 4882 5932 2864 3067 3067 1530 1469 1962 603 524 3598
3614
5166
2614
3598 3598 3621
5167
3068 2156 5166
230 4985 4268
3611
3615
3565
3611 5166 3611 3611 3611
3611
1656 1656
1413 1927 1639 591 1147 1530 1187 350 330
3587
5166
5167
3612 2603 5166 2614
2455 3598 2437
2614 5166
5166
3612
2028 1587 1587 2028
3598
3598
3601
3612 3601
5167
3900
3612
3598
3611
1911 2614
2614
3611
3611
3598 2455 2417 4857
4875 5166
2614 5167
5167
3612
5166 2455
3541 5166 3598
2065 1355 1746 3395 3691 2391 1567
378 2271 5057 1962 230
3611
1940 3611 4858
2614 3598 5167
5166 3611
3612
5167
435 1413 1469 230 626 4890 4911
2155
5166
2155
3612
5167
5166
5166
3598
5167 1902
3611
3611
2614
2614
5166
3598 5167
5167
2614
5510
3612 2591
5166 3612 3598
2614 5166
5166 3598
3612
5166
3612
1496 231
3611
5167
5167
2591 4600 2064 4094 2614
5143 2868
2426 2430
3611
5167
3598
3611
2593 3612
5161 5166
3598
3612
5166
5167
3611
3611
2618
2070 5510 5166
3615
5166 3598
5166 5157 4875
3613
3870 230 4875
5166
3565
3598
2614
5157 2158
5166
3612
5166
4875 4858
2495 5507 2507 230 230 5507 1932 3176 230 4618 5551 4618 5507 230 3870 230 5505 2490 5507 230
3612
2614
5927
437
2601
3598 3621
2614
2155
2614
1348
3598
1534 2618
5167
3591
4793
2618
3598 3598
4986 5470
3598
3598 5166
2614 5146 5166 5219 1518
2614
5166
3598
3611
2614
3611
1532 610 603 1466 634 1652 1655 230 764 1355 2851 838 5932 231 1227 5143
5166 3598 4873 2614 2158 3611
3611
5056 3391
2614 3067
3611
2885 3421 3435 1355 3422 2065
3452 5166 3394
3411 5070
2618 2603 2618
2618
5510 4875
5220 3611 1500
3598
1227 975 231
5166 4875
5166
6035
3598
5220 4870
4740 3611 2706 5793
3612
3621
637 1646
5167
1623 5166 5166 3598
3903
5167
3611
2618 2618 3598
2314 4877 2155
3524 3524 3068 5157 2555 2618 6032 2904 2318 2705 3524 3068 3524 5157
5166
3565
5166
1587
5090
3797 230 230
3612
3615
445 609 230 3188 230 2455 3096
4858 3598
5166 3598
3611
3611
402 437 636 3598 2892 2892
5146 5506
2603 2603
3611
5991
3611
2614
2982 2482
3611
4743 3403 2510 5460 2892
3598 2614
3565
2428 2880
3612
5166
2455 5167
5166
3598
1995 1531 230
4118 2082 4269
2618
5166 3612 2618
3611 3612
2614
5166
5510 3598
6039
5166
445 1652
5167
3611
2817 2820 2618
2234 5143 5143 2232
4099
5166
3613
3611
4875 3598 5166
3885 3391 230 2416
5166 5805
3611
2614
2155 5157 5510
5167
3598
3183 230 2507 2323 230 2482 2323 4618 2071 230 2318 2490 230 2071 5880 2434
5166 2614
1940 5146 3598 5166
5056 5489
2192 5166 2158
4872 2273 230
6032
5166
5167
5167
4795 2851
2232 5167 2155
5883 5220
2614 5166 3611
3612
5166
4274 5066 1534 1355 5826 3284
3621
6041 4046 2070 3598 3598 4046 4046 3621 4046 4046 3621
3598 3598 3598 3598 3598 3598 3598
4980 2902
3611
3611
5167
1550 2067 5166 1550 1511 1550 3559
3598 3598
361
4045 4546 230 1534
3612 5157 5507
2612
3612
4875 5166 6034
3598
5825 5489
2927 3389 5825
4967
3613
4875 2070 5166
5033 2986
3612
2455 5167
3565
2064 4988 5501 2455 2234
5166 2155 2222
3882
3598
3613
3741
2618
2618
5794 5792
3614
3611
5166 3611
2591
4866 3068 5051 5146
2591
3612
3611
3565 3565
2614
3611
2618
1670 1419 1646 1419 1646 231
3612
2614
3565
3542
3620
2418
3618
5510 4875 5167
2618
3598
3612
2614
5167 3598
3746 5470 2670 1355 4708 5161 2395 3082 3007 6037 5042 2309 5034 6035 4070 3766
2614 3598
3565
3598
5166
1935 2274 1355 5156
1939 5058 4894 5510 5166
5507 2070 1820 1962
5166
5166 3612 2614
3598
3586
3617 1500
2455
2438
2064 2509 4883
3598
5166
5166 2614
5039
5166
3613
3612 3611 5510
3621
3962 3262 3434 1355 4663
2618
3611
6032 3068 5167
3611
4880 230 4882 230
5166
5826 2070 230 1930
3245 3892 230
2618
5166 3598
5166 3622
610 1529 1419 637
3565
3598
6032 5167
3612
3598
5166
3598
3565 2603 2618 3621 3612
3230
5167
5167 230 5166 230 4866 2238 3157 2902 230 4866 230 4788 2323 3435 230 2323 3435 230 1355 230 2323 4873 3068 4866 230
1576 1629
1562 1083 2884 230 230 1076 1562 230
3598 5166
3611
3612
2260
5424 1499 1510
3616 3611 3598
3611
3612
1547 2510
230 3827 5539 230 1498
5166
5166
3598
3598
2614
2416 1946 3390 2023
2070 2077
3053
3598
5167 6025
5166 4875 3598 3598
3598
5510 2618
3617
3611
5167 3598
3621
3611
2071 6033
2618 3598
5166
2672 5569 2653 5539
2234 5166
3611
5166
2618
3612
3565 3565
1510 5167
2851 3243
3598
2593 5167
2885 5033 2603
3995 3995
3386 3390
3565
2557 5167 2552
3272 3175
378
3612
3612
526 591 1666
2593 3598
3621
1576 4858 3621 2548
3611
3601 3601
3598
2139 3697 5825
4875 2158
4873 2217
5166
3611
3616 3620 3613 3620 3616
2902 2916
2431 5527 3281 2065
5166 5161 2455
2614
4633 1741 583 5025 3157 2426
5166 3598
2614
2429 5166 4794
3617 5166
3611
3612
1348 6327
5166
3579
2618
5907
3615
361
2614
3598 3598 3598
3612
3611
3598 3598 3598 3598
3612
2618 2603
2614
3611
3598
2581
3612
3612
5166 3598
2963 4999 2879
5166
5166
3598
5166 5544
5167
3611
3612 2591
5166
2618 3598
5167 6033 1622
2614 5167 2618
3615
3611
3598 3611 3587 3598 3611 3587
2614
5167
3598
3612
2618 5426 5814 5425 3622
3068 5056 4883 3391
1618 2969 2314
2590 2612 2560 3612
5166
2618
378 4215 230 231
230 5826 5826 230 3399 5826 230
3612
5166
3591
3612
5166
5166
4045
2591
5166 2614
3394 5218 230
230 2323 5470 3402 4118 230 230 3389 2418 5825 1540 230 2713 1225 1208 1204 2640 1206 1204 1207 230 3389 3068 5220 230 230 2323 230 2323 2424 1963 4857
5465
3611
2491 5157 2884 230 2036 4881 3429
6032
3598
5166
1348
4203 2064
3621
2614
2611 5166 2614
3612 3616 3598
1655 5161 3598
526
2614
5166
5166
2071 3394 2618 3419
3621 3598 2614 3598 3598 3598 3598 3565 2618
1348
5166
2614 3598
5167
5166 3598
2614
3612
5166
5167
3611
3598
3612
2071 5510
3612
3605
3612 3611
4762
5815
2614
2222 1348 2455
3405 2083 1944 4268 4117 3395 1975 2330 2023
3587
3612
3621
4742
3598
2614
435 1413
5510 5167
5166
3245 2416 3437 2029 2855 599 636 534 5166 1940 3467
5167
3617
2614
5167
4811 345 1611 352 4875 2177
1466 637 610 1476 2618 3575
3541 3612
3611
5166
3559
5167
5167
3611 3598
5166
2455
5166
2618
3598 3598 3598 3598
2614
5166
3587
2070
2618
3611 3613
5166
5166
3611 3598 5167
3598 3598 5167
5510 2455 5166
3435 3068 2434
5167
2865 1466 1639
3611
2071 4794 5220 4196
5166
3620 3616
1348
6032 2155
3612 3598
3618
4881 5146
3598
739 1419 637
3612
3612
5166
4787 6032 2232 230
5053 5053
2491 5166 3598
3617
4859 2614
3598
1646 1646 1646
3612
2153
3611
3598
3611 3611
2436 230 3391 2316
361 3067
5167
2618
231 979 1227 378 231 979 1219
1496
3621
2618
3598 5166
1921 3598
3189 230 4837 2526 2317 4045 2317 2526 2317 5143 230 2526 2317 3068 230 5132 378 378 2525
3611
378 5157
3611
5166
2323 3888
3598
2614
5166
5166
1551 5166 2455
3598 2614
3614
5166
378 1207
4883 2618 4858 4858 4883 2618
3611
1551 5167 5221
5167
3565
5167 4874
2614
3611
1611 345
5166
2560
2618
5166
2065
4580
5166
2614
5166
3612
3611
916 2071 1355 5025 4622
3611
3615
5166
5166
3612
230
5166
3611 3598
4278 4275
3611
5166 2199 2218
2614
5167
5167
2083
5167
6032 5167
1666 606 1666 532 1637 5070 605 531
3598
1550
230 2313 3395
3611
5167
2614
3612 3598
2234 5510 5166
3598 3598
2603
5166 2614
4282
5167
5167 3611
2908 6034
5166
2614 5166 3598
3611
2618
5166
3612
2614
3067
599 2322 1184 5825
3611
3611
3565 3565 2083 3565
3612
5166 3598
2512 4904
2325 3158 230 4132 1930 230 1932 1962 2036 230 1962 1355 230 3183 3158 1355 3158 230 5505 1930 4875 230
5167 4794 5220
3605
3611
5166
2071
5167
5166
3598 2591
1512 5166 2325 2314
3598
3612 2614 3565
230 983 1216 1222 230 2927 3388 838 983 1222 231 983 1216 1222 231 2424 230 3393 1976 5191 2859 230 1216 1222 983 231 1222 231 1296 983 983 231 378 1219 378 983 231
5167
3611
5166
2949 2076 4268 1355 1518 1520 5167
361
5166 5166
3598
5166
2714 2982
3068 3427 5167
2618
378 231 2512 5132 2076 1092
3388 4866 230
5166
5166
3598
5166
3618 3616 3616 3618 3618 3616 3617
1518
3598 5166
5166
3598 4875 4858
5166
979 1215 1219 984 1218 974 5166
3611
2436 2455
5166
3611
1567 2455
2872
2163 5167 2614 2857 2416
4881
5167
3618
2314 2440 5166 5037 5038 3390
5167
5507 1927 5071 3888 4629 5778 5562
4663 2101 1355 3298 3435 1355 1355 3301 3434 3301 4633 1355 4635 2093 2756 1355
3612
3611
5829 230 5829 1355 4988 5834 1355 5831 5829 5829 230
5166
3598
3395 2864
3618
3615 3598 5464 1500 5559
5167
3611 3611
3565
5166
5166
5167
4875 2614 5166
6035 3571 230
3612
2614
3611
3189 4635 3170 2322 5157 2321 230 2180 5157 6053 1355
3611
3620
2495 2481 2065 1355 2756 1974 3416 2093 3182
2618
2614
2324 2071 3434
3612
2614 5166
3598
3612 2591
1348 5166
5166
2593
3611
5166
3068 2316 3612
4875 5166
2614
2424 2908
5831 5132 2331 2421 230 5143 2323 230
230 2853 6043 1746 230 6048 4119 4620 4620 6049 230 4629 5071 2455 230 4620
3612
3189
3611
3855
2618
3598 5167
5167
2591
230 1621 1355 230 5143 5132 3870 2495 230 2071 1355 2323 5143 2071 1634 230
3883
3612
2901 5979
2476 4545 5932 230 2323 2476 230 2323 230 1518 2482 3487 230 2853 2455 230 2916 1930 2323 230
5166
3598
3068
3618
3612
2614
3612 2070 5167 2858 3835 3833 2863 3621
3598
3703 838 1222
5166
3612
3611 3611
3612 3611
2864 1554 4858
5166 1530 6042 2418 2892 1530 2418 1530 3391 6042
2491 2491 3598
3601 3598 3598
3612 5166 3611
2618
4876
3614 2618
2243 2201 2244 2239
4875 5167 5510
2618
5166 2618 4560 4561 4562
2593
3565 2618
3615
5166
3598
3612 3598
3613
3591
3008 230 5508 4976 5558 5070 230 1923 5098 230 5489 2510 2884 230 1923 4976 5489 1923 230 4874 2510 1923 230 230 2884 4119 4976 4900 2978 230 4976 4890 230 230 4900 5489
3613
3615
5166
230 1355 3854 6048 3434 3180 230 3434 5831
5166 2614 1942 2950 1540 4984
3612
4017 378 3158 3157 230
5167
5157
3611
1583 2528
3614
4097
3690 3692 1355 2488 230
5166
5166
3565 5166 5157
5166
3612
5146 230 1355 2640 5558 2156 230 2640
3395 5001 2344 2455 3427 1945 4618 1960 1570
3612
5166
3612 3611
5166
1500
230 4014 4873 4017 230
5157
3885 4857
2614
3612
1348 2614
2614
5167
5167 3565
2591
5220 2438
3611
529
3615
2070
5166
2670 3386 230 3068 2396 2683 1964 3173 230 3242 1975 3255 1355 3267 1529 531 3175 1355 2101 1975 2756 5523 3255 1355
5167
3553
2614
3612
3620 3617
2313
3611 2614 3587
5166
5167
2618
1901
2614
2614 3612
3617
2599 2618 3612 2618
2614 5166
3614
3611
230 6053 1355 5825 6032 6032 5166 1768
3569
2614
3611
2618
4999
3189 3067 2418 2488
5523 1355 4801 5065
3611
1355 3008 230 1590 2507 5778 5132 2323 2884 230 230 2323 5132 2969 2507 2851 4132 230 5778 3435
1746 4950
3612
2595
3565
2455 2982 5826 5146
3621
1073 629 1073 1047 624 629 430 1562 1741 5501 2697 3224 2780 2091 2647 2407 1945 5505 2426 2693 1605 5191 2744 2670 2783
231
2618
3577 3620
3612 2618
6041
3621
230 3067 3188
3612
3611 3612
5419 5413
3612
2618 3615
5038 2326 6054 2314 4708
4766 2418 230 4784
3611
5505 2674
3612
2603 2593
3612
3611
3612
3105 3107 230 5068
5166
3565
3068 2865 3435 3437 3288
2618
3620
3612
5826 2065 1478
1222 4522 1226 1222
4876 3693 3412 632 2028
1348
3613
2064 4890 230 3395 1551 230 3442 230 2250 5886 2306 2994 230
5033
1348
3612
3565
5080 2567 3614 4444
3613
2603
3611
3565 2240 2318 2317
3615 2618
3406 3388 230
3857
2904 341 1502 6035 3067 3284
3565
4070 1637 608 1469 530
