2071
5166
3612
4097 5166
5166
5166
5166
5166 3598
5166
3613
5167
5166
3612
5146
3621
3611
5166
5166
5166
3614
2964 2957 5166 2951 2866 6032 3756 2951 5161 5167 5829 2322 2864 4806 6034 5826 5161 2864 2951 5829 6041 3756 6032 3756 2964 2951 2957 2866 2083 6032 2958 6032 2951 3756 2859 2982 2957 3657 2468 2866 2765 5829 5455 5829 2083 6032 1925 2951 5784 3226 2083
2614
5166
5166
5166 3611
5167
5166
2858 5826 3423 2859
2618
3611 4858 2070
3611 1493
3598
2614
5157
2237 3614
378 755
3611
5166 2614
5167 3598
2886 2921 5778 4874
5166
3598 5166
5166
5166 2614
5166 3598
1530 1530
3612 2591
5166
5166
1509
1976 2517
3620
2952
2190 4881 5166
3611
5166
2190 2168
5166
3598
1962 2136
2614 1500
3612 5167
1530 1419
5166
2614
5167
5167
3611
5167 5220 2070
3612
5166
5166
5966 5961
5167
5166
3612
1542
5166
5166
5166
6051 6051 5166
5166
5167
2155
5166
5166
2618
5166 361 2806
3615
3611
4824 1615 5794 5528
5166 2455
3587 3598
5167 3589
3614
3612
2199 2234 5167
3618
3611
3611
5167 2866
2614
5166
1541
3614
3613 5166
5883
5353 5167
1512
4875 3612 3598
5166 2417 1494 5167 534 1563
3611
5166
5166
5166
5167
4274 4275
3611
5166
5166
5166
3420 5167 3067 3175 2864 5218 4045 3405 4070
5166
5167
2614 2618 2618
3611 3611
5166
3611 3601 3587
3598
5534 5167 2864 1355 5932 3892 3419 3469
5450
5985 1570 5995
5166 2614
5166
5166 2560
5166
1862
3621 2616
5166
4875 6032
3612
2614 5166 3612
5166
5167 3598
5166
3611
5167
5167
2618
5166
2614
4742 5166
5166
5167
5167
532 534 594
3565
3613
5166
5166
5166
5167
5166
5167
2618
3598
5166 2614
5166
3598
5167 1529 2859 1538 1529 2859 2069 5166
5167 3612 3598
3613 3611
3598
2567
5166
5166
5166
5166
5166
5166
5167
3612
3598 3612
3611
3598
5166
3613
5166
5166
5166
5167
5166 2614
5166
5166
5166
3598 5167
3612
3096 3176 4629 5166 3067 1956 3402 2426 4269
3612
1501 4000 1355 5425
3611 2614
5166
3617
5166 3598
3612
5166
5166 3598
3611
5166 5157
5167 2614 3598
3611
5167
5167
2155 1348 2071
5166
5431 5883
2618 3621
3598
2859 3598 1477 2313 2162 4660 2325 2861 1355 4882 2770 2155 2510
3612
5167 532
3611
5166
2918 2071 3598
5166
5507 3565 3068 1485 2865 5166
5166
5166
2614 2618
5166
3612
5166
2614 5167
5166
5166
3612
3598
3598
3612 5166
2614
5166
5167 1496
5166 2455 5166 3598
5166
3615
5166 4873 5157 2614
3569
3611
3598 3565
3598
3611
5166
3611
5166
1862 5166 5923
2593 3621
3437 2859 2321 230 5829 230 2884 3437
5166 3612
5167
5167 2614
5166
5166 3598
5166
3598 3598
5166
4983 4988 5998
5166
2952
3612
5166
5167
2864 2865
6033
5166
3611 3598 3587
3598 2614
3186 2023 3411 3394 3403
5167
5166
5166
5510 5146
5166
3612
3611
2626
3612
5166
5166 2070 3067
2127 3618 3617 5166
5166
5167 2156 2234
5167
5167
2618 5167
5166 2603
5932 2982
5166
3691 5166 2009
5166
2618 3614
5166
3612 5167
5166
2417 5167 5065 1639
5166
2614
3611
5470 2325
2920 3394 2317 4890 4858
5166
3612
5166
3611 3598
3598 5166
2591 2550 2547
5166 5157 4875
3598
2261
5167
3598
1503
1911
1906
5166
2614
5166
2618
3598 5167
2463
3427 5218 4591 5167 2325 3246
5166
2474 4874 230 3008
3611
3612 3201
3371 4635
5166 2265 2158
5166
5166 3612 3612
1867
5166
5166
5143 2920 4070 5143
5166 4875
5033 2986 5167 6037 6039 6039 6032 3842 2986 5772 5218 2550
2618 5166 3598
3612
5166
5166
5166
3587
5166
1585 1530 1496 5167
5166
2571 1871
3617
3598
3621
3611
3565
5166
2571 2556 3358 3073 4345
3611
5167
5166
5166
2865 2070 2866 1767
5166
5166
5157 1563 2770 5166 1563 2770 5157 344 5157 1515 3225 534 345 5932 5157 1611
5166
2614 5166 3612
3611
526 3067
2618
5167
3590
3611 3598
605 1639 438
3612
1222
3577
5784 4747
6004 6004
1222 231
3611
3565
5799
3611
4275 3067 2069 2855 2036 2436 4275
1355 2994 4874
3611
2323
2713
