3598
3591
3611
3612
3598
1532 3611 3598 3598
3611
3565
3247 2007 1548
3598
3612
3612 3598 2560 5776 2983
3614
3598 3598 3598
3598 3598
3598
3598 3611
3598
3612
3611
2617
3612
1419 637 1613
2984
528 4890 3171 2065 535
3565
3598
3613
534 438 603
3598 3615 4046
3598 3598
3598
3384
3598
3621
3598
5146 3390 2916 753 4274
3598
3598 3565
3565
2024 1222 5056 2486 633 2481 633 1023
3612
3598 3598
3621
3598 3611
3611
1530 637 1568 3666
3611
3598
3598
3612
3611
3621
3598
3611
2617
3612
3611 3587
3612
2320 2234 2180
2592 3612 2594
3598
3611
3561
3615 2593
3611
3598
3598
3598
3612
3598
2593
2222 2855 3693 2456 3747
3598
3611
3601 3613
3611
3612 3598 3611
5510 2071 1355 5070 4070 3402 3420
1419 1419
3598
3598
3611 3612
3598
3598
3613
3612
3598
3565
3611
3612
3394 1955
3612
3612
3612
3611
3598 3598
3598
2560 3612
3611
3611
2561
3611
3611
3598
5907
2614
3611
2885 4983 4986 2886
3598 3565
3598
1509 2489 2020 2885 1954
3598
5038
3621 2617
3611
3613
3565
3598 3598
3598
605 535 605 1413 535 3598
3615
3612 3613
3598
2593
2426 3765 5976 3598
3598
3598
3466 3068
3611
3694 3693
3692 3434 2064 4858 2858
3598
4884 3598
3765
3611
3598
3611
2617
3598
2614
3598 3611
2241
3598
3598
3598
3598
3565
378
3618 3598 3617 3617 3617
3622
3598
3622
3598 1210 2859 3459 1548 1355
3565
3598
1530 3067 6048
3612
3612
3565
3616 3617
3591
3611
3618
5825 2861
3598
3556 2593 3565
1575 2068 5558 3391
5151 4794 2740 2325 5058
3598
2510
5966
3615
3598
3611
3615
3611
3614 3598
3565
3556
3565
3598 3612
3613
2603
3611 3611
3598
3881
3618
3611
3611
3598 3598
605 532 528 1634
3612
3565
3612
3598
3598
3611
3612
3598
3565 3598
3614
3611
3598
3611
3612
3612
3612
3598
3598
3598
3598
3598
3598
3598
3598
3598
3611 3587
3598 3612
3612
3611
3565
3611 3598
3598 3611
2109 909 914
3611
2617
2593
3598
3598
3577 2593
6036 3598 6034 6035 6037
2850 3427 3598
3598
3598
3621
339
2593 3405
3598
3598
3589
3612
3615
3598
2865 2070 3693 3082 2916
3611
3612
3598
3598
5498
2396 5024 1563
3598
1722 2593
3598
2617
3435 3413 3433 3436 4984
1508 1859 4936 2555 2571
3598
2617
2616
3612
2614
3611
2614
1587 1586
3598
2593
3598
4875 2806
3611
3612
1419
3598
3611
2603
2884 5826 2463 3410 3466 1990 1355
3276
3612
3846 2421 2508 3097
3618
3598 3611 3598 3598
3611
3598
3598
1466 1530
4113 3598 2908 3612
3591
3611 3611
3587 3587 3587
2593
3611 3587
3611
3612
2614 3598
4041
3565
3612
3598 2614
3598
3611
3598
3615
3598 4046 3621
3068 5033
4046 4945 3621 2401 3201
1901
4988 2070 3394 4766
3693 3598 2431
230 2455 4128
3598
3598
3612 3612
3598 3598
3611
3612 3598
3612
3565
5033
2975 1355 2071 4485
3611
3621
3611
2594
1550
3598
3598
3611
3598
1637 605
3611
3612
1350 2617
3598
5426 3073 3073
3616 3611
3611
3598
3598
3621
3614
3611
3598
3618
2593
3598 3565 3598
3598 3598
2670 1529 3041 1355 2850 4066 2646
3598 3611
3613
2614
1530
1493
3598
3598 3598 3598
3565
3589
3598 3598
637 593 605 532 1666
3598 2614
3611
2614
3611
3612
3598
3598
2614
608 532 626
2593
3615
3598
2593
3613
3598
3611
2617 5967
378
2593 3598
3612
3612
3598
3598
3615
2455 1771 2020 3012 2463
1666 3598 532 605
3615
3611
3611
4869 3598
3967 3067
2859 1551
3611
3611
3612
2913
3598
5157
3612
3598 3612 3611
3621 2567 3343
3612 3565
3611
3598 3598
378
2617
2442 2885 1355 6048 2868 1492 3009
3612
3591
3611
345 2437 3391 1611 2331
3613
2747 3645
3598
535 1413 609 3598
5455
3615
2593 3612
3612
3598
3611
3598
3612
3611
3598
3615
3612
3598
3598
3598
3598 3598
3598
3614
3611
3565 3612
3611
2171
3598
3598
3598
3611 3598
3598
3612
6032
3591
5825 1655 1962 1646 4045 1355
3598
3621
911 984 1219 906
3612
3565
3598
3598
3598
3598
3612
3601
3598
2375
3612
3598 3598
3612 2592
3611
3598
3598
637 1646 1466 1646
3598
3622
3611
3598
3598 3598 3598 3598
3598
361
3598 2614
3598
2596 3571
2155 3041 2724 2431
3612
2592
5825
3598
5966
3612
3598
3598
3598
2593 3611
3587 3613
3598
3598
3598
3612
3612
3598
3598
3598
3612
3598
3565
3612
3598
3598
3598
3598 3598
2987
3611
3612
5972 361
1586 4784 4784 2617
2071
3598
3612
1493 3611
3598
3612
3611
3598
3614
3612
2614
345 1611 1655 1419
3613
2489 2851 2517 230 1355
2997 2139
5825
1355 3412 5157 2891
3612 3598 3611
2891 5826 2892
3611
3615
3614
3598
3612
3612 3598
3598 3598 2614 3612
3615 3598 4445 2560 5188
2617
5540
3598 3621
845
3611
3598
3598
2614
3621
2603
2617
3598 3611
3598
3612
3591
3598 3611
3598 3612
1740 4875 2850
3613
3598
3565
2517 1530 2139 2029
1481 3073 1478
3612
3902 2234
3598
2418 1639
3611
2323 5501 5772
3598
3618
2617
3614
2617
3598
3611 2614 3598
3611
3565 2614
2614
2593
1529 3612
2614
3598
3598
3598
3598 3612 3598
3598
3565 2593
3621
3612
2064
3612
2593 1866
5038
3612 3612
3598 3598
3598
3598
3612
4046 3621 2378 3598 2364 3614 3598 2990 3621
3612
4045 2320 2979 230 5927
3611
3611
3613
3612
3598
3611
2617 3598 3598 3598 3598
590 363 532 3612 2617
3611
3598 3598
2573 3598 4935 3598
3612
3598
3611
3611 3598 3598
3201
2617
3598
3598
3611
3598
3611
3612
3598
3598
3611
3598
3611
3598
3598
3621
3612
3598
1611
3598
3598
3598
3598 3598
3598
5527
6032 3068
3611 3598
3598
3611
3612
3370
2614
3615
3598 4269 3087 2071
5826
3615
596 534 1639 437 1506 442 584 597 608
3611
3598
535
3611
3598
3598 4097
3598
3611
3598
3611 3565
3611
3598
2617 1350
3611 3598
3611
909 1224 3173 4485 378 1102 1203
3611
3598
3598 3598
3616 3617 3598
2366
3611
3611
3598
3613
3612
3613
3612
3611
3611
3612
2603
3612
2560 1906
2614
3565
3598
3598 3598
3589
3565
3560
5033 3435 3394 4037 4349
3612
3598 3613
3598 605 1642 532
3598
3613
3612
3598 3598 3598
3598 3589
5932 2046 1355 3067 4879 1413 5143 2865
2614
3611
3598
3611
4785 3067
1587 2028 1587 2032
1567
2614
637 1530
3611
3615
4129 906 1932
3598
3598
3598
2489 5482
3612
3612
3587 3598 3611
2594 3622
2614
3611
3612
3598
1921 3395 2140 1944
3611 3598
3615
3598
3598
3598
3598
3412 5058 3435 3068
3598
2593
3598
3009 3009 5001 3598 3009 3269 3009
3598
3611
2561 3612
4070 4839
3598
5920 5432 4794 5464 6033
3598 3598
3598
3598
3611
3617
3611
5808 2560 4820 1866 4970
2982 6053 2592 1605
3598
3598
1500 605 402 1904 3598 1494 1634
3621 3598
3756
3598
2614 3598
3612
3614 3598
2242
3598
3611
3598
2323 3766 3391 4874 4070
3611 3611
3598
3611
3598
3598
3598
3612
2614
3598
3067
3611
2593
6053 6052
3598
3598
3598
2593
3614
3598 3598
3598
1863 2593
2614
3598
3598 3598
3598 3598
3598
3611 2593
3598 637 1529
3611
2614
3615
2592
231 912 1216 981
3598 5157
3616 3620
3622
3612 3611
3598
3598
3598 3612 3598
1551 1511
3612 3612 3612 3598 3598 3598
3611
2593
3598
2614 3598
2614
3611
3598
3612
5098 230 5559 4869 230 1355 3689 4837
3598
5883
3394 5826
2617 2603
4879 230 1497
4791
3612
3598
5007 4861 3395 1939 3565
3598 3598
230 5070 3854 1621
3598
3612
378
1500
378 1225
2865 1551
3612
3611
3621
3612
3611
3612
3612
3611 3598
3067 2884
3611
2603
3598 3598 3598 3598 3598 3598
3598 3611 3598
3612 5967 3565
3619
3598
3611
2859 2860 2431 3765
3612
3243 3262 3247 5886 1355 2455 230 4635 3262 5058 1355 5058 2851
3612
5180
1493 3611 1493
3621
5161
3611
4622 230 4623
3615
3611
5038
3612
2614
5501 230 3157 5880 230 230 2323 2323 230 3158 230 3157 1740 3158 3157 1740 230 230 2490
2256
4881
3613
3598
3612
3598
3598
3618 2513
3565
3611
3614
230 4495
2617
394 1419
5969 3598
3621
3598 2614
3612 3598
3598
3598 3598 3598
3601
3598
2028 2916 4618 3694 4633 534 5825
3598
3598 3598
3613
3577
3598
3611
1493
2561 3612 2611 5950
2403 5967 2405
1563 3565
3598
3598
3621
3598
5419
3598
3611
5555 3390
2325 230 1500 5146 2868 2417 230 2417 230
3598
2593
2510 3384
3598
3622
5436
3598 3611
3611
3612
3598
4795
3612
2640 1355 2713 437 230 230 1355 5510 230 437 230 1642 2979 2265 526
3621
2071
3598
2593
3613
3598
3611
3611
3598 2583
2358 2155 3611
3598 3612
534
4873 4881
3598
3611
3598 3565
3598
3598 3598
2593
3611
3598
3598
3598
3565
3616 3617
3598
3621
3598
3598
5220
3467 3469 2561
3565
2178
3598
2616
3611
3598
2581 594 435 1530 531 583 594 626
3612
3598
3598
3598 3612
3621
3587
2395 4522
2861
3598
3612
3614
3611 3612
3611 3616
3598
3598
3423 5826 3411 230
3611
5219
3611
2593
3598
3598 1511
3598 3611
1203 378 378
5065
2868 2868
3611
3598
5053
3617 3617 3617
3598 3613
3598 3615
3598
3598
3598
3611
3598
3611
3611
5825 2524 1962 3436 3185 3434 2969 230 5143 3185 2459
3611
3587
3598
3598
3612
3598 3598 3598 3598 3611 3598 3598
3598 1486
3598
3598
4879 4861 3389 2440 5070
3613
3611
3612
3692 2859
3612
3598
1530 1634 636 1666 1634
1572
3598
3612
3598
3611
3598
5527
3612
5070 2859 2071 2325 2270 2440 3598 3437 1501 3402
1903
3598
4879 2865
3598
3621
3612
5813 6004 5813
4742 6034 2908
3621
2070 5155
3611
4566 2593
3598
1511 2180
3612 3598
3611
2593 1512
3612
2455
3565
3598 3598
5460 3393 1419 1419
3612
2065 3076
3598
3612
3390 230 1972 1962
2617
3613
1355 5552 5507 2481 230 5552 230 5065 5507 1985
3613
2490
3598
3587
1478
3598
3621
3598
3598 3612
2064 1355 5157 5531 230 1355 5157 231 2064 5531 2064 5157 230 5531 1355
5932 2512 1092 3693
3598
3565
3598
3988 4839 1962 2979 6048 6049 6032 1355 230 5008 4576 6032
3616 3618 3618 3616 3618
3612
3565
2594
3181 2851 3290 2476 1355 230 4017 2919 4558 230 4460 1355 3870 230 2683 4635
3611
3598
3598
1355 3284 4618 4983
1945 1355 4635 3185 2476 230 1355 2851 3870
2617 2156 2234 3615
5826 2885 2069 1568 3393 5008
2614
3598 2581
3598
3612
5132 1637 531 230 5157 5143 2919 1963 3172 3262
2481
1206 764 378
3611
2455
2849 2850 1548
3556
2481 230 3090 3176 2438 2481 230 3157 5569 230 2232 2439 3222 230 2431 3224
4857 5220
1768
3598
3587 3587
2463 2464 230 1355
3612
3611 3598
1964 230 2952 3970
3611
3613 4569 1899 2560
3614
2455 3403 230 3507
3612 3598
3612
5966
2507 230 1355 5568 3067 3158 230 230 2488 2070 2323 230 2039 230
2555
5030 5507 5029 230 230 5043 5880 3402 230 5558 5043 5464 1540 2395 230 1355 5464 5466 1590 5558 230
1498 5778 4857 4857 2851 230 2849 5886 4857
2562
3612
3756 2955
3612
3171 3009
4884 1611 3029 4857 2904 4794 5220 2317 5143
2077 3158 2507 5071 230 2491 230 5030 230 1355 3157 1929 2488 1929 230 4978
3612
5218
3621
1221 231 765
3612
3612
2416 3862 3867 230 230 2491 3425
2076 2866 3387 1939
637 610
5927
