4030
5732
2736
3978 4526 4040 4526 2091
2904
1656
4029
4029
4029
4016
4032
2904
1656
4030
6224 2795
3955
4029
2904
4029 2904 4030
4036
402 2904
3991
4016
2904 4030
4030
4029
4173 4030
4016
4030
1656
4030
4030
1758
4003
4173
2904
4029
4030
4030
3978 4030 5505
4031
1656 4029
4030
3978 4029
4029
4007
4031
2904
4029
4029
4029
4029
6810
2904
1656 4030
4030
4030
4005
4029
2904 4030
6546
4040
4029
4016 4029
4033
2904 4030
2904
4016 2904
4029
4029
4029
2893
4030 4029
3978
4173
4029
4030
4029
4030
4030
4016 4029 4003 4016
4007
4032 4032
2904
4030
4029
1656 4030
4030
6149 2797 2905 1797
4030
