4804
4029
424 1131 1345
4805
5610 5204 5697
4047
4806
4016
4804
4806
3776
3293 2904 2801
4047
4047 2881
3968
3978
3558 4047
4047
4805
4805
4016 4030
4030
4029
4030 4016
6524 4046
4804
4040
1695 1807 1135
3254
4805
4016
4047 4804
2373
4804
4046 4016
4047
4016
4806
2885
2384 2312 2669 4421 2623 6803 2667 3093 3471 6804 1507 3603 5177 2802 3788 3789 3355 2736 1507 5177 2623 3788 3471 2809 3473 5843 2663 6822 4115 6208 6804 3355 2965 3186 2667 2269 4421 5108 2802 4118 3381 2270
4046
4046
4047
3236 2713 3859 3559 6646 5493 3788 6251
4047
4805 4030
4047
4806
4046
2881
4805
4804
4805
2311 2717
4512 5622 4046
4805 4016
4047
4805
3240 3266 3784
4804 2908
4804
4046
2736 3196
4806
4046
4806
3788 3217 6687 4805 5505
4046
2908
3472
4046
4805
4806
4322 3829 6758 2313
4046
4047 4016
6525 2281 5205 3218 2205 3782 1672
4047
2709 1714 3817 3828 3459
4030 4030 4030
1665 5394 6104 1640 6099 3427
1717 6801 4118 3291 6801 3291 4117
5478 1783
2745 5478 3427
4805
2584 4806 5663 2181
4805
4806 2881
2883
1131 1477 1476 5643
5622
1807 665
4805
4046
2402 2161 2405
4046 4016
4804
1810 586
1016 2759 1089 6106 4625
4806
3427 2904
4804 2403 2409
5478
4805
1477 2326 2736 4046 1088 2164 2270
1345
4047
2881
4047 2424 6199 5798 2319
424 926 1088
4806
3266 3830 6685 3831 3190 1507 6685 3830 3191 3821 3240 2207 1507 6683
1784 1507 1792 3980 6558
4806
6804 2595
4805
4806 4016
4805
4046
424 1089 5709 1088 1358 2266
4806
1794 4047 4639
1765 4806 1748 1749
4806
2904
4046
2318 4805 4491
2883
4046
4806
4046
4804
5516 3794 3788 5218 1777 5342 3813
2578
1654 3565 3194 4805 5456
4805
4805
3266 3817 3810 4557 3835 4804
4046
5502 4046 5810
4180 2713 1658
4805
2904
3190 3082 3460 3817 5696 3892 3189 6559
4046 2794
4804
3082 3195 4806 6808
346 5662 6532
5521 5503 1661
4805
6527 4804 4123
4029
1347 5398 3560 1507 3782 2702 4979 2575 1717 5405
4047 2881
4804
261 424 1355
2790
2589 6559
4793 2311 5663 2312 3471 1507
3427 4046
4030 4047
3764 590 7180 1695 1812
2908 4047
5642 3789 4118 2773 3195 2577 3190 4046
3783 1507 2578 260 1937
6802 3426
2904
2883
4046
4805
4046
4033
4047
2893
4047
4030 4047
4805
4046 5218 5847 1572 3549
4805
4047
3259 2694 5494 3813 2575 2264 5214 2187 3792 2313 2608 3788 6687 3562 3784 4163
4804
4016
4804
4047
5503 2313
2904
2908
4804
4804
4029 4805
4804
4046
4804
4806 4525
4029
4804
4805
2319 4805 3260 3262
5696 2772
4016
4030 4046 2881
4805
1792 3427 2792 4806
2772 3265 260 3122 260
4046
4804
4805
2161 2767 4806
1667 3293 381 4122 2076
1507 4340 3229 2277 3783 2736 2577 2578 3532
4029
5204 3784 2441 3785
4805
4512 4805
2694 1783 1783 2938
4030
4806
4805
4046
4804 1358 1361
260 2589 1654
3195 424 3191 4979 1507
424 1358 1366
4804
1367 261 1088 1348 1355 6245 260 1507 5453
1695 649
4806
424 261
2859 3335 4526 4040 4047 2655 4526 2630 4030 4030 4040 4526 4030 4030 4033 3335 4016 3335
6230 260 6263 6682 2584
4804
4805
4046
4030
4784 3788 2745 2207 4611 2594 3801 2608
4806
4047
4804 4029
1079 261 1345 261 1367
4032
2904 4016
2893 4806
4046 2883
4046 4433 2307
1660 5708 3427
4047 4046 4806
4046
6245 5478 3192 2313 3188 3219 2269 5879 2717 3426
261 1367
4029
4047
4806
4804
1367 1346
2266
4804
4804 4047
6149 260 5404 5505
4804
4804
4805
1655 260
1936 3260 260
260 3823 1976 260 1972
2306 1507 2736 260 2313 260 1507 2736
4029
424 261 1361 1345
3868 4804 2595 4721
4804
424 1345
5642 3195 4767 2313 6803 3190 6744
4047
4029
5696 6251 5878 260
261 424 261 424 1088
5521 260 2588 1661 260 5521 4133
2736 2405 3601 4047
3192 2306 3188
4805
424 261
4047
4804 4016
1673 6817 260 5404 3552 3240
6802
4029
3780 2269 6089
6244 260 2147 424 261 5697
2883 4805
4030
4030
424 261
3199 2736 5794 260 260 2273 2736 3796 3199 6801
4047
4805
4016
2893 4805
4804
4806 2584 1080 1356
4047
261 1367
4046
4804
5125 4163 260 2384 2736
5877 1661
4047
2575 4118 2405 1752 6504 3219
4047
4029
5610 5819 6559
4805
2313
260 5877 3822
2588 2261 2189 1660 2594 2173 2264 3781 3789 3788 3196 3195
4030
2572 2546 3338 1360 2534 2531 844 260 6568 6565 2663 4317 2241 2771 260 6563 6568 1724 6818 1665 6820 260 2578 6222 2572 2319 6563 6565 6565 6222 6820 260 6568 6817
4047
2587 260 3556 6624 2169 5619 260 3556 4317 260 5610 2713 5610 1352 260 6263 2307 6818 1352 3891 6263 4317 3547 260
4805
4030
2908
4046
4040 4046
4806 3360 5348
6808 5714
4805 5879 5341
4047
4805
692 1694 1572 4790 5218
3978
2904 3782 3194 3787 3781
2704 2588 3426 4789 2334 3782 5709 4123
4806
5610 260 3829 2568 3547 260 3564 260 3258 3546 5496 5610 260 3829
2587 260 4337 5782
6196 260 2168 1507 2572 2522 3323 5696 260
4804 2881
5617 5620
4047
4046
2261 3785 4784 2694 2205 4163
2310 5620 5708 6099 260 1665 5663 1665 5665 6213 6559 260
5766 2739 2313 1507
1361 1355
4804
658 1812 587
4806
1361 4805 1364 699
4806 6802
4806
6558
3814 2202 2736 3191 4330 4123 6559 2159 2694 2904 6687 3785 2594 2979 1507 3805 4164
4046
4016 4046
2771 2313
1356
1365 1344 1342 842 1342 1344 1361 1365 5610 844 1365 842 1344 1342 842 1342 1344 1365 1366 3310 5782 5782 3310 260 2696 260 6230 260 3356 260 6563 2334 6568 260 6565 260 2719 6568 6563 5879 4610 1344 1342 842 1365 6818 260 5787 6563
424 4806 4047
2838
4806
3978
1694 3548 1579 2880 1697 2736
3799 2772 2579 3800
2173 1507 4047 5061 4805 2261 4340 4046 1714
5362
4047
5847 6801 4806 2765
4804
4805
1664 3427 3552 3181 5845 3186
4805
2405 424 2409
2908 4639
5093
4805
4046
2277
5845 2403 2425 2410 4806
657 3427 1812 495
4046
1367 1345 424
4030
4029
260 5617 3258 3978 3780 3258 5617 260
4806
1357 5662
1819
1319 389
4804
2266
261 1355 1088 261 1088 1440 1361 1088 261 1361 1440 3191 1936 3553 260 1355 1088 261 1361 698 3191 3552 260 1937 1361 261 1088 1355 2207 2205 3191 260 698 1361 1440 261 1088 1088 260 1355 1356 1361 2207 2205 260 3191
4046 3117 4590
260 1440 698 1131 260 1180 1728
260 5640 6822
4046
4804
4804
260 3342 2759
2908 4805 4030 1654 4804 4016
5819 6512 1775
4047 2741 5713
4046 4047
3427 1753 1498 6632 2736 2575 4804
3219 2709 2319 5218 4804 3782 1507 4118 2694
2886
2792
2529
5478 2496 1971 4805 2589
1507 5794 6527 260
260 3826 6817 1937 6817 1507 3254 260 6817 2287 5610 5610 6817 5218
4047
346
260 1507 5794 260 6523 3310 1507 5782 1507 260 2587 5782 5794 1507 2587 5782 260 5794
260 3184 2161 6230 260 5166 3427
4805
5820 4806
6212
4804 2772
2881 4047
2384 260 3182 1737 5744 6251 260 2307 2746 260 6138 5794 3532
4040 4805
260 3556 3828 4298 260 3238 260 6209 6565 2572 2736 2263 3796
4805
4804
4805
5504
4805
2277 2306 6251 260 2491 1507 2277 3851 260 2277 260 3182 3851 260 3822 2313 1507 260 3822 3427 5403 2277 260 3851
2663 260 2334 4317 665 1572 260 1819 1133 260 6251 5208
4030 2881
4047 4016 4046 3195 5478 5877 3788
2904
4433 4335 2584 1639 2313 1700
260 4337 6801 3176 3237 260 3427
260 6559 6804 6559 2164 260 2164 260 3190 2594 1936 6559 2164 260
5696 2578 2266 4525 2774 3068 2736
4047
4046
4804
4804
4046
2319
2595 2801 6558
2790 1784
2694 4117 3227 1794 4046 2812
3714 5405 3713
4047 4047
4029
1507 260 2173 2174 260 3218 3565 3533 3829 2764 260 3532 1758 3829 2273 2709 260 1507 260 260 2764 2790 2273 2577 260 2587 3295 260 2273 3829 2587 260 1346 5369 260 3564
4032
5751 5810 4639 488 6565 5487 2589 4979
424
4804
3472 1507 260 1665
1661 1655 1724 5676 260
261
4030
1694 1579 676
5708
3789 2577 260 2306 1972 260 2306 2306 1972
3277 5842
3195 3196 3194 3196
3427 4322 588 3427 1133 663
4040 1345 424
6759 6758
3787 2772 4164 2403 2736 2694
