3627
4287
3627
3598 4289
3627
4287 2614
4288 3591
2455 2023 4794 3395
2065 4045 3420
4288
3627 3611
4287
4287
3587
2581
3628
3628 3611
3628
378 1023 1207 378
4289
3611
4289
3612
3627
3628
4288
5132 4287
4288
1348 3628 3627
3589
4288
3612
3627
3614
3068 2312 4881
3627
4288
3628
3627
4288
2082 3395 2418 3394 6032 4743
3627
3628
4289
3598
4289
1489
4289
4289 2614
4976 4619 5057
4288
4288
4289
3627
3628
4288
3628
4287 3614
2560 2618 5434
4287
3612 3565
4288
3627
2595 3556 2618
4288
3611 3628
3621 2591 2591
3627
4288
3734 2455 1496 1355 2865 3388 4988 1551 5501 2481 3391
2614
3628 5058
4289
3627
3628 2591
3622
3888 3628 1637 1348
3628
3628
3627 3587 3587
4287
3628
4289
3628
3612 4288
3598
2426 2921 2064
2590 3627 3612
626 3612 599 445 531 4740 599 4740 599 626 599 626 3612 4743 1413 599
3628
3627
3612
4287 378 1219
3627
4287
1494 603
4289
3612
3612
3627
4287
2591
4289
3627
3627
4287 3612
4287
4289
2614 4287
4289
3627
3627
2618
1348 4289
3627
4287
4287 3627
4287
3384
4288
4288
4289
3628
4287
4289
4288 2614
4288
3611 3627
5825 5825 5056 5825 1963 4633 1952 532
3627
4289
3621
4288 2614
3627
4287
4287
3627 1419 2474 1466 637 1495
3611
3621 3627
3627
4289
3628
3627 1348 1348 1348
4289 3611
3628 3598
3627
3628 3612
3612
4287
3561 2603 3628
3628
3628 2591
2614 3627 3612
3627
3555
3627
5146 3466 1639
3627
3627 1585 1587
435 1530 603
4288
3598 4289
3612
3612
3628
3627
4289
4288
3565
4289
4288
4288
3612
4287
3611 3587
4289
3628
3627
4288
3613 3628
3343 1551 3621 2591 2560
4289
4289
3627 3053
3628 3565
3628
2614 3613
1520 1524 3628 1582
3628 4288 3565
3621 3628 3621 3621 3612 3621 3621 3621
3611
4287
4289
3612
3627
4288
4289
4288 3611
4289
3627
3628
3182 3628
3917 4287
3611 4287
3278 2071 230 2071 3278 230
1576 1927
4289 3612
5219
4287
2614 4289
2455 3628
4288 3614
3627
3565 3628
4289
4288
3618
4289
4289 3598
4288
4289
3612
3627
1348
3621
3621 3628 3598
4287
3628
3628 3611
3627
4289
4289
3611
3627
4288
4288
5886 6032
4289
4289
3612 2618
3627
4287
3627 330 1530 1637 1530 444
3627 4289
4287
3615
3598 3621 2618 3598 3627
4288
4289
3612
4287 3615
4288
4288
3628
3245 3246 2857 3284
2022 4287 2664 3612
3611 4287
3598
3627
3611 3627
4287
3627
4289
2618 2618
3628
3627 3565
3611
4288
4287
3598 3612
3587 3587
3627
1646 2591 2022 3611 4288 5978 2065 2528 1646 1639 1646 2071
4287 3612
3612
3612
2427
3628
4289 3612
4289
2618
3628
3611 4289
3628
4289
3627
4288
3627
4288
2064 3391 3435
3598 4288
3598 2614
4288 3598
3611
3628
4289
4288 3598 3598
3611
4289
3627
3598
1355 2806 2344 3459 3390 2994 3404 2438 3394
1577 1500
3628
4287
3628
4858 3276
4287
4288 3627
3628 3598
3612 4287
4288 3598
2614
3565
3068
4288
4287
3628 3611 3565
4289
3579 4289 2600 3565
4289
3612
2590
3693 6032 1501 1615
4287
3598
3621
4289
4288
3627
4288
1530 1635 1530 1027
3628 1348
3627
3611
4289
3612 2618 4287
3612
3612
4288 3591
4287
3627
2916 1976 2029
3621
3611 3628
1348 4289
3612
2916
3611 3628
4289
3611 3628
361
3627
4289
3611
3628
4289
4288
3628
4288
3628 3612
3628
3611
5157
2614
4289
3628
4288
2020
4288
1355 5167 2434 2919 2482 3628 1077 5167 1930 4794
3628 3611
2611 2571 3349
3565 3628
3627 3617
2065 4289
3628
3614
3627
4287
5932 5181 2868 3628 2064 1355
3627 3598
3627 6032 3068 2595
4289
3612
3611
3598
3628
3628
3628 4287 5218 2324 2158 2618
2201 2614
2920 3883
3565 4289
3614 3201 2560 2591 2561
4289
3628
3611 2614 3598
3622 3628
4287
3589
4289 3612
4287
3628 2603
3627
4287
3627
4287 2614
4288 4289
4288
3628
2128
3627 2614
4289
2581
3612 3598 3627
4287
3612
3627
4289
2474
4287 3612
3627
3628
4287
3628
4288
3627
3627
3621
3628 3611
3627
3611
3628
3627
4287
3627
3627 3598
4289
3628 2083 2028
4289
4287
2618 3612
4289
3628
3628 3611
3612
3612 2591
444 5038 437 4874 2193
4288
3598
1901
4289
3387 3105 3627
4288 3627 3627
4289
3102
3618
4287
5066 3413
3611 3627
3628
3628
4289 3617
4287
3598 4289
4288 3627 2436 5007 5825 4287
4289
3612
3628
4289
3628
4287
3627
3612
3621 3598
4288
4288
4288 3621 2618
4288
3612
3106 3186 2904 2894 4619 1355 2314 5518 3627 6033 5186 2071 4854 2316 3734 3420 5098 2950 4988 1767 3184 2326 3402
3627
3598 3627 3612
4288 3621
3627
4288
2614 4289 3621
3621
3612
3628
3617
4288
6034 2395 2780 3105 6035 1355 3224 4594 2518 3394 3395 3007 2455 2139 2070 2396 3964 2357 2525 3107 1355 5187 2391 6053 3690 5518 4594 6035 3007 2670 3105 2855 2395 2028 3964 4534 2518 3693 2518 3029 2029 2357 3394
3627 4289
3627
3612
4289
3627
4287
3565 4288
3628
2900 2434 3459 3183 5899 4872 3394 5558
3628
4287 3598
3612
4490 3628 5146 1985 5070 2517 5927 5028
4288 3612
4288
3628
3628
3612 3628
4289
3614
3627
2591 3627
2591
3628
2020 3398 2344 2863 3735 2082 1496 2330 1976 2455 3394 4269 1944 2416 3405
2980
3587 3611
5826 1530 4796 2618 5166 5066 3464 4289
4288
2591 3598
3598 1567
3628
4289
720 725 4362
4288
3621
3627 2614
4289
4289 4288
3612
4287
3621 3598
4289
3612
4288
3628
3627
2028 2070 3157
4287
4287 3587 3612
3628
4287
3628
3628
3628
4289
3627
3611 3628
3628 4289
4289
3621
4287
3628
3611
3611 4289
3627
3628
3598
3618
3627
3627
3589
2865 2455
3391 2314 3390 2510
1419
4858 3766 1960 6037 5156 4288 3186 2591 2981 5776 2603 6034 4900 2371 3992 3598 3612 3340
3611
3627 4287
3627 2614 2618
4287
3628 3346 5814
3628 3616 3611
2865 2982 1767 2905 2475 2662
2614
3613
4289
3611 4289
3627
3598
3618 2614
4288
4287
4287
3612
3391 3407 5932 4873 2314 3698 3735 3390 5218
3627
4287
2591 1577 2069
5825 4882 4890 4988
4289 1348 1348 3598 1348
4289
4287 3612
4287
3612 4289
6080 3628
3612
3627
4288
3628
3611 4287
3613 4287
3628
4287
3611
3627
4288
2614
1930 4287 5552
3628 3617 3617 3617 3617 3617 3617 3617
2614 3627
2614 4287
3622
3628
3627
3611 4288
4287
4288
4288
1646 4287
4288
584
2069 2438
4037 4988 3627
3612 3628
1551
4288
3627
3627
1888 2560 2554 2555
3627
4288
3627
3628
3612
4288 3598
4288
3628 2916 1348 1742 2028 1554 4629 1355 5027
3802
4287
3628 1348
3628
3611 3627
5157
2618
637 1530
4287
4288
5825
2591 1888
3612
4288
4289
3612
4288
4289
4289 3598
3565
3627 3612 3598 2614
3613
4289
3627
4287
4288
3612
3627 2614
4288
2391 3886 3765 5555 1942 4287 2391 2064 2325 2315 1355
3612 2591
3628 383
3598 4288
4289 1348 1348
4288
2614 4287
4288
2139 2434
3612
2614
2904 2927 3390
4289 3612
2070
4287
4289
3628
4289
2578
2864 2863 3252
4288
3612
3611 4287
3612
4620
4287
4289
4287 3598 1348
3628
4287 2618
3611
4288
3628
3627 3628
3627 3612 2614
3627
3565 3628
3613 4289
3565
3627
4287
4287
3628 4858
3612
3627
3627
4288 3611
3612
4289
4289
4583
4288
4289
4289
4288
3627
3611
4288
3628
4289
3627
3611
4287
3612
2455 2865
3627
5974 5979
3612
4287 4097
4288 3613
4289
4289
1549 5792 2417 1355 3387 3435
4289
3612 4288
4287 2614
2416 4289 3628 4071 2064 4071 3693 1930
5808
4289
3627
2859 4620 5521 2331
2591
4289
3628
2618 3612
3617
3628
3627
3627
3612
4288
4289
4289
4289
4289
4289
4289
3627
4287 1872 3605 2568
4289
3628
1925
4288
3611 3627
4289
3612
1577 1542
3628
3627
4289
4287 3598 3598
4288 2614 6004 1610
3627 3591
4288
2614
3627
3394 2883 5932 4288 4884
4858
3627
3628 2614
2614 3598
4287
4288 2614
4289
3587
4288
4289
3598 3565
3628 3598
3612
4287
3612
4289
4289
3627
3628 3611
3611 4288 3598
2614 4287
3611
4287
3628
4288
4287
3627
2618
4288
3598 3628
4287
3598 2614
2603
3628
3598 3598
3591 4289
4289
3106
3627
3628
3627
3628
3616 3611
4287
4289
4289
3611 4287
5220
5994 2510 2626 5792 2510 1497 2510 1548 1497
2614
3598 3627
4289 3598
4289
4288
4287
4288
3628 3579 3611
4785 2614
4289
3598 3627
3628
2614
3627 3612
3628
3627 3612
4289
4287
3628
4288
3628
2591
1888 3621 3565
3611 4287
4288
3612
3627
3620 4289
4287 3875 3435 5995 2071
2614
3627
3579
3627
3627
1348
3627
1348
4287 2614
3627
4288
4289
4288
3628
3628 3598 3598
3611 4287
4288
3598
3612
1927
4287
3612
2315
4287
5792 2040 4620 2884 1974 3388 1508
4287
3611
2593 3063
3628
3628 3612
4289 2614
2431 1548 3423 3434 3096
6080 4287
3611 3587
3628
3612
3611
4287
4288
3612 3612 3612
2326 2886 2884 3189 3628 5007 2884 2885
3628 2455 2064
2317
4287
1501 4784 5424 1478 5419 3068
2593 2593
4287
3598 3622
4052
3598
3621 3627
3627
2614
2618
3627 3598
3612
3627
3628
361
4287
6034 4288
3628
1551 6032 3693 2950 6032 2950 3692 2509
6042 2901 6035 6035 6035 5412 6042 6042 5412 6035 6035 5412 6042 6035 6035 6042
3627
4858 1612
4288
4288 3615
3612
4287
2065
4287
3628
2463 4858 3068
4288
3628
4288
4289 3598
3627 2614
2614
4289
3628 4288 3628 3628
3257 4980 4633
4288
2601 3627 3598
2320 4289 5025 1952
4287 4287
3611
4289
4287
4288 3598
1911
4289
4288
3628
4794 3628 3612
3598
3628
4287
4289 2591
4287
2593
2603 3612
4287
3628 4287 4288
4288 3627 2614 3627 4289 4289 4287
4287
4289
2193 2417
3590 3628
4288
4287
1348 3627
1023 1329 1328 5008
3628
4287
3627
4288
3612
4288
3627
4288
3741 3598
4288
3627
4288
1635 599
3628
4287
4289
4287 3627
3628
4288
2591
3628
3627
4287
4289
3612
3612
3628
4288
4287 2313 2614
4287 2614
2614 3598
3627
3617 3627
2064 2092 3105 3068 3107 2139 4045
3616
4288
4289
2155 1932 2158
3627
3611
4288
3627
3627 3598
3628 3621
3590 4287 3598 3598 3612
3627
4288 3628 4289 4289 4288
2603
4287
1637 524
4289
2510
3245 3411 4287
916 2476 984 5425 4132
4288
4287
5167 5166 2344 4857
4288
3389
3612
4289
3627 3598 2614
4288
4287
3627
3628 3565
3612 6103
2614 3627
3068 2614
3627
1348
340 1476
3628 2614
3611 4288
4750 2733
3628
3627
3627
4287
3612
2618 3628 3565
4289
4288
3627 3612
3627
3628
4287 2156 2162
1888
4858
4288
378
2612
1207
4289
3628
1492 4115 3269 2070 1355 5074 3176
4289
3612 3565
2859 4287 2918 3579 6028 753
3627
2509 2509
2591 4288
3628
3612 4289
4289
4287
3628
2317 2893 3183
4289 3598
2614
2591
3628 2614
4288
4288
3612
3628 2177 5510 5146 2077
4289
3615 4289
3627
4288
378 837 983
4288 4794 1582 3391
2509 2069
4287
2988 1579
4289
3627
3627 3617 4289 3617 3617 4288 3618 3618 3617 3617
4287
1348
4289
4289
4289
3611 3611
3598 4287
3627
4794 2614 3424
3628
4289
3627
4287
3587
5794 4858 5501 5979 5024 2071
2927 3436 5930 3437 2859 1355 2860 5930 3427 2904 1976 3436 1355 5928
3612
1543 4257
4287
3076
3627
2614
4289 3598
4288
4288
4287
4287
3628 3612
4289
3627
5070
4289
6035 2331
361
4287
4289
4288
2892 3172
4287 3628
3598 3628
3627 4287 4289
3565 2618
4287
3628
4287
3611 4288
4288
3628
3627
3027 3067 347 5166 5794 4325
4287
4287
4288
2614
4287
3628
4289 5419
2988 4289 3691 2440
4289 3598
4287
4287
3627
1348
4288
3591
4288 1348
1771 1940 5995
3598 2614
4288
3628
4289
3589
3628
3611 3628 3611 3598 3611
3627
3611
3612
3587 3587 3587
3598
3611 4287 2614
3612
2288
2614 3598
4287
3628
3611
378 984 5066 983 1219 2025
3622
4288
3627
3628
4287
4289
3627
3628
4289
4288 3606
4883 4890
4288 3627 4287 4289
3612
3628
4288 2591
4289 2614
4287
4287
4287
4288
1623 3628 4145
4287
3612 4289
4288
1596 4289 1582 1583
3627
2591
3615
4288 3611
3565 3565
2593 3612
4288
4289
4289 3598 3612 2618
4288
4289
4289
3628
3614
5431 2618
2076 4288 4018
4287
4288 2591 3565
2618
3612
4287
2426 3693 5992
3627
3621 2590 4287 4046
3577 3627
3627
3611
5001 4756 3266 4591 2065 1548 1355
4287
4288
4289 3598
3628
2593
2332 5156 4289
3627
3627
3628
2618
2069
4289
4289
3598 3627
3612 4287
5831 5066 230 4070
4119 3886 4287 5983
3611
4289 3598
1493 3617
2591
3611 3611
4289
3628
4287
1601
4287
4289
4287
3628
3627
4289
3613
2065
4289 1348
3549 3627
3627
2618 3627 3612
2920
3628 2614
3615 3628 3612
3598
3628 3612 3612
3628
4287
3611 4287
3612
3618
4289
3612 3627
3611 3615
3411 2863 310
4287 3612
4287
4287 4099 2982
4289
2578
3628
4287
3565
4289
3615
3628
4289
4289
3611 3627 2590
4287
4895 3400 3394 4633 1606 4741 3419 3394
4289
3627 2614
4289
4288
2317
3627
3611
2591 4287 3598
4288
4288
1491 3189 2863 4288 4839
2614
4289
4289
4288 626 594 532 442 608 1639
3627
3173 1944 2077 1535 3452 4287 1960 1535 5493 4858 3173 3395
4287
4287
3615
4287 4289 3627
4287
2614 3612 4289
3628
3598
4288
2418 2158 5132 1491
4289 1550 1550 3612 1550 2064 3612
2481 3388 2158 1549 5418 3628 2324 3437 3388 5425
4287
3627 593 1494 5167 2070 444 402 2070
2782
4288
4287
1637 437 1530 4289
3627
4288 3612
3611
4289 1348 1348
4288
4287 3611 3611
4287
3627
3611
3627
4785
3612 4288
1530
3628
4288
3627
3627
4289 524
3628
3628 3612
2591
3621 4287
3598
3627 2986 3073 2316 5426
3611
3627
3627
4287
3627
2927 3423 3416 4070 3441 4287 2065
3627
3627
4289
3612
4289
4288
4289
4881 3627 5157
3612
4635 3628 2591 4635 983 378 983
4288
3627
3628
3598 3598 3627
3628
3628
4935
4288 3611
3612
3627
3617
3598 4289
1623 2071
3627 4289 4288
3627 1348 1348 1348 1348 1348 1348
3628
3628
3628
4289
3627
6004
3627
3628 3612
3611 4289
4288
4289
3616
4289
3628
5932 5510 3628
3627
3627
4288
3627
4287
4287
3611 4289 3598
3628 4289
4287
3746 2434 1494
4289 3611
4289
4287
4288
4288
3612
4289
3611
4288
4287
3419 2395 3690 3394 2885
4288
3615
3628 1348
3628
4288 2614
3627
2591
4288
3627 3565 1862
3621
6032 3627 6042 2893 2437
5501 3068
5979
1995 3067
3589
4288
4287
4287
4288 3615
1348
4287
4288
3628
1548 1469 532 603
3627
1211 5070 3628 2068
4289
2618 4288
3628
3565 3628 3565 3565 3565
3541 3598
4287
4288 4287
3613
3627
2614
3598 3627 3612
3628 4288 4287 4289 3627
3628
2315 2313 4288 2325 2316
4288
2614 3612
3565
3628 5042
3628
2065
4287
3628
4287
3612
3627
4289
361 3627
4289 3598 3612
3628
4288
626 608 532
3611
3627
3627
3627
3611
3627 2510
3611
3627
4287
3612
3612
4288
3612 2590 2158
4287
3627
3628
4288
3598 3627
3612
3628
1902 4287
3627
3611
3627
2083 4289
3627
4288
4287
3395 4287 3068 3068 3395
4287
3628
4287
3627 2614
3627 4288
3628
3627
3628
3598 3598 4288
3612
3627 3598
2618
2022 4882
4287
3627
3612
2064 3343 1907
3612
3627
3586 3586
3627 3627
5007 3068 3628
2029 1771 4288
3627
3628
3628
3612
3627
2770 2864 4289 6039
3612 4440 2591 311 5024 5799
3627 3612
4287
3598
3615
3627
4287
4289
4287 5439
3615
4288
3627
5531
4289
3611
3612
4289
4288
4288
3627
3627
4288
3627
5794 4287 3698
3628
3612
5792
3611
3627
3587 3611 3628 3598
4287
3611
4287
6025 1547
3627
4287
4289
2070 3612 4288 2020
2614 3612
3612
4288 3628
3628
4288 3622
3628 3587
3611
3598
1902 3628
3611 3598
4288
3612
3627
3611
3627 1348 4903 4337 4873 5927
4287
3611
1209 4788 3184 1355 3388 2424 4427 4427 2314 1551 4795
3627
4288 3611
3611 3627
4289
2614
4289
1523 3627 3172
4289
4288
4289
3628
3612
3628
3598
3587 4288
3628 2591
4288
3611
2578 2489 4278 2590 2065 3390
4287 2614
4288
3627
4289
3628
4288
4288
2614 4288
3612 4046
4287
4289
3627
4289
3627
5985 5794
4289
3628 2114 5157 2115 4287
1548 1355 3391 2618 2192 2440 4070
3565 2593
3611
3588
231 378 1216
2507
3628
2614 3628
3627 4287 3544 4288 4289 3621 3555
2859 6053 4618 4513 2858
3628
2614 3627
4288
526 1639 593 1634 4287 438 1585
2325 5826
2614 4287
4288
2614 3627 3611
3598 4288
3628
4278 2069 5025 2070 3105 1355
3612
3612
3565 3628
2591
2911
3627
345 1611
3612 3627
3628
4287
4287
4287
3628 2603
3612 3598
4287
3628
4288
3611
2916 1944 4288 1355 6053
3068 3627
2614
4959 2560 4958
3615
4287
3627 2614
4287 2434 3412 3443 1355 3245 3423 2426
3617
3627
3613
4287
3612 3628
5146 1413 593
3612
4289
4287
4289
2611
2614
4288
3612 3627
4288
4287 3611
3627 3612
3627
4288 3612
3628
4289
3611
4287
3612
1221 378
3628
4287
4287
4288
4287
3628
3622
3627
2068 1496 1978 2918
3614 2618
2618 3628 5167
3617
4287
3627
3627
4289
4288 3605
3618 3612
2591 3621
3575 2591
3628
4288
3612 4287
3627
4287
4900 230 1520
3627
3611 3627
3614
4288
5007 3395 3693 2490 2864 2316 2859 3627
4289
4289 2591 2394
4288
3565 3628
1571 3262 3697 2431
4289
3612
4287
3590
4289
3627
3627
3389 1355 2317 230 1742
3612
3627
3627
2176 4288 2302 2190
6033 3067
4287
3627
2614
4289
3598
2593
3618 3627 3618 3598
4858 1500
4289
3628
4289
3613
5071 916 2065 2434
2591 2603
3627
4287
3598 4288
2455 2232 1930 2070 2490 3395 4880 2313 2434
3627
4288
3627
2196 2171 2217
3628
3627
2614 4287
3628 4289
4287 1348
4289 1530
3628
3628
2614 2312 3598
4289
4287
1500 3627
3628
4288
3690 2022 5789 5791 5790 3628
2591
4287
3598
4287
6034 1500 3628
3627
526 437 1646
3628
2618
4821 5157 2553
3611
4289
4287 2614
3627
3615
5007 2770 5146 3411 1984 2674 2614 1348
3611 4287
3611
4287
4288
3183 3390
4288
3628
4287
4288
3628
3627
4289
3598 3628
4287
4287
4288 3611
3627 3615 3615
4288
4287
3628
4287
3628
3612
4287 3598
4289
3627 3612
4288
3628
3627
3627
3621
3627
4289 3628
3611
4288
2614 4287
3598 3621
3628
4289
4287 5051 5790
4288 3598
3627 6032
3612
4287
3628
4287
4287
3628
3627 3613
1419 3394 6035
4287
3598
3627
3628
4287
3612 3598
4289
3615
2983 3029 5982 2037
4289
3627 4288
4288
2071 3388 3964 5793 5510 3883 5793 1741
4287
3627 3621
4288
3565 3565 4287 3565 3565 3565
4289
2851 1355 1498 5825 5146 6091
4288
2603
3628
4288
3628 2614
4288
3610
4287
3612 3628
3628
4288
3613
4288
3627
4289 2614
3613 3627
4287
4288
4287
3628 3611
3627 3611
3628
3628
3627 4633 5191 1413 3173
5143 4288
4289
4288
4288
4287
3628
4288
3627 2614 3612
3628
3627
4289
3628
3611
3627
4288
5161 5161 5161
3628
3565 2591
2143 3274 3243 3693 2952 3068 2036 4839 3265 3970 2331 4070
4288
4289
4667 2920 2416 4873 3419 2314 2023 4629 1958 3398 2071 2344 3394 5932 3186 3390 3734
3565
3627 3628 4289 5143 4287 1550 4288 2591
4287
4287
3598
3611 4287
3628
3614
4289
3598 4287
3628
3245 2424
4288
6032 2025 5156 2156
4289
4287
4289
3627
4287
4287
4288
2618
3628
4287
3598 3612
3598 3598 3598 3598 3598 4288 2614 3621
3611
3628
1348
5932 3391 2863 5218 3735 3272 5181
3612
4882 2071
4287
4289
3628
3611 3628
3598
2064 4766
3612
4287 3613
3611 4288 3598
3618
6034
1963 2481 2950 4132 4633 5539
3621
4287
3628
3627
3628 5056
2315 1586 4288 2065 3561 2618
4287
4289
3628
4288
3598
2614
3628
3621
4289 3598 3611
3628 3598
3627
3598 4287
3612
4287
3627
2618
3628
2591
3627
4287
3627
4287
4287
3628
4287
4288
532 230 438 593
3587
4287
3627
3611 2591
3628
4288
3628 4288
4289
3627
3612
4287
3614 4288
1348 1348
2548 3612 2591
2064 2064 3886
3612
3627 3611
3627
4287
2865 4287
3611
4287
4287 3611
3628
3628 2618
3627 4287
3627
4287
3565
3627
3598 3598 3598
392 1530
3627
2509 2916
3627
2618
4287
4287
3627
4288
3628
4288
3627
3627
4288 3613
4287
4287 2614
3612
2593
4288
3598
3627
3627
3627
3628
4287
4288 2595
4288
4288
2455
4288
2591
3627
2618
3611
4288
3628
4288
4289
4289
3627 5470 5146 6049 2325 5146
3598 4289
3627
4288
3611
4289
4289
3612
3611
4289
3628 1512 2561 2560 2613
3598 4287 3612
4287
4287
3627
2593
3627
3598
4288 2618 3589
3628
4288
3627 2614
6034
5038 5056
4287
3611 1960 2434 2344 3012 4747 3394 1356 3391 3186 3407
3612
4288
4288
4289
3611
4289 3565 3622
3621
4287 3598
3627 3612 3612
4287
3612
4288
2077 4288 2921 2923
4288
4288 3612
3628
4289 3614
5056 2489
3611
4288
3627
4288
3589 4289 3589
3622
3598
4288
4287
3611
4287
3628
4289
2614
3613 3627
3612
3565
3627
3627
2908 3611 3612 2528 5166 2904 2968 5140
5431
4287
1621 3068 2509 4289
4289
4287
2583
4287
4287
3621
6025 2326 2855 5510 4858 4988 3628 2618 2034 2034
3628
3612
5033 3627
3611
1419 1348 3627 637
3627 2614
3612
4288
3612 4288
4785
4287
1348 1348 1348 1348
3566 4287
1348 1348 1348
3611
4287
3627
3598 1348
4287 2591
2489 2926 230 2802 230
3611
3335 3627 3589
3627 3611
1530
3628 2455 2863 2894 4874
4288
3628
3598
3628
3612 4288
3627
3627 3591
3565 4287
2614
4288 3628 4287
3627
3612
4287
3627
3612 2614
4288
4289
3627
4289 2591
3627
3627
3612
3413 3628 2455 531 3611 2864
4289
1348 4289
3628
3627
4289
3627
3628
4287
4288 3598 3612
3612 3628
3611
3612
3628 3612
3627 1348
3627
4288
3612
4287
4287
4287
4287
3611
3628 3612
1348 3627 3622
4288
3627
2064 3628 4438 3615
4289
3627
4287
3614
3611
1530
3628 4289
3627
3587 4287
4289 3611
3612
4288
3627 3612
3627
4289
4289
3598
3628
3068
3628 4288 3618 3627 3627
4289
3628
3613 3627
3628 2557 2550 4046
3627
4288
5218 3612 3628 5218
3628
3612
4289
3612
4289
1858 1503 2952 342 3697
3627
1355 3891 2894 2036 3389 2455 2316 2317 3157
3611
3612
4289
3565
3627 2614
3627
3612
4288
3598
4037 4288
3628
3628
4289
3628
3627 3598
4288
3615 5146 5826 4858
3628
4288
3612
3627
3628
3627 5776 2022 1530 3412
3617 3618
2614 3611
2416 1612 1612 2646
3612 3621 3628 3612
3628
2324 2859 2892 5793 5051
3627
4287
4289 3620
2548 1530 350 3612
3621
4289 3612
3627 2490 5510 2618 2548 2046 2548
4288 3598 2591
4288
4289 3627
2083
1927 2418 3387 2064 2488 4288 1927
4288
4287
4288 4785 1603 3598 2568 2611 2550 3612 2612 2510 1603 4968 5492 4785 2565
3627
3612 3628
3628 5090
3628
2591
6032
4288
4287
4288 1348
3628
4288
3073 1480 3073 4287 3073 5417 2004
3621 4818
3612
4288
4288
4287 3618
4875 3598
4287 3611
4287
2614 4289 4289
4289 3627 4287
3628 4287 4288 1348 4289 4288 3627 1348 1639 1348 1348 1348 1348
4287
3628
3598 4287
3628
3627
2082 2455 4288 1547
3611 4287
4289 3612
2916 5188 3628 4620 2331 3420 5191 2926 2614 3420 2331
3627
3621
3611
2316 4037
4289
4794 2068 230
3627
4288
3627
4289
3611 3628
3622
3628
4287
4287
4289
4289
4287 1219 1222
3612
3628
2070 5161 3067 5161 2744
2618 4287 4289
4879 3278 2431 5146
3587
3627
4288
4287 3598
2614 3379
4289
3628 3611
4288 2614
4289
3611
2614
3598
3627
3628
5977 2243 3068 5979 1508
4289
3628
4287 3612
4288
3611
2455 4288
3628 1348 1347
3628 4288 3622
3613
4289
3627
3628
4287 4784 2614
4288
3611
230 2325 1491
4287 3598
4287 2614 4097
3627 2591
3627
3565 3621 2591
1027 1646 3611 3628
4287 3613
3627
2864 378 2860 4427 1355
3628
4287
4289 1348
2591
3598 4289
3628
378 1219 1226
3611 3627
3621 3628 3565 3612 2614 3598
3628
4287
3627
3613
3627
3627
3628
4288
3184 1551 3627 2434 4900
3628
4288
3627
3598 4287
3627
3627
3627
3627
3627
3612 3598 4287
4287
3611
3627
2614
3628
3598 4287
3612 4288
2614
4288
4287 3612 3612
1227 231 983 1210 1216 5552 230 1355 4837
3627 3073
1530 583
4287
378 231
3621 3627
4288 3628
2069 5098 1478
2569 2990 4046 3621 3628 2385 4046 2364 3612 3612 3621 4046 3612 3612 3615 2990 3598 2990
3611
2614 4288
4287 3068
3628
3613
5539 230 5569 5927 2320
4287
4287
2283
4289
3627
4287
3628
3598 3611
3627
4287 6037 1742 2919 2071 3836
3611
2591
4288
3628
4289
4289
4288 3615
3612
4287
4287
3627
3587 3587 4289
2569 2568 2567
3628
4289
2614
4288 3628 4289
3627
3628
3612
4289
3598 3627
4287 3598
3627
3627 2614
6032
4287
4289 2591
3565
3621 3621 2614
3613
3627
3628
3627
3612
3628
3565 4289 3565
4288 2069
4288
3627
3627
4145 4287
4288 3598 3612
3628 3612 2599
3627
4288 2614 3611
2070
3611 4287
4289
3627
3628 2618 2618 3565
3611
4287
3611
4289
3627
4287
4288
3627 3611 3612
3611
3628 3628
4269 3394 2463 1976 4118 2330 3407 2344
2571 3612 4289
4287
4289 2591 4288
3627
4289 1523 2954 1741
3628
2603
3612
3598 3627
3627
4288
3612
3627
4289
3627
3628
4288
4289
5006 6053 6053 1939 3627 2273
4289
4287
4289
4289
4287
3627
4288
4289 2614
4287 3611 3611
4288
3627
4287 4288
3611
3627
3565 1550 3627
3628
3611 3628
4288
3627
3627
4287
4289
4287
974 231 1207 231 1227
4287
2618
1611
3627
3628
2590 4289
3598 4288
3612
3565 4287 4288 3627
3627
3627
4289
4289
3627
3598 3627
3627
3614
4288
3621 4287
3627 2614
4289
3612
3598 4288
3627
4287
4288
3628
3628
4289
4289
4288
2603 4289
3615
4287
4287
1419 3566 1419 5157
3627 2593
2591
3611
2036
3627
4858 5065
4288
4287
3628
3628
3047 4288
3611
3598 3598 3598 3598 3598
3612 4287
3703 4289
4289 4288
4287 4289
3628
3627 2614 4881 1576
3627
3628
3627 3974 2065
3598 3611 4288
4287
3627
3611
3741
4287 3628 4288 4288 3628 3627
2618 2618 4287 3611
3598
3057 4287
4287
3627
3628
4289 3370
3627
3628
4288 1496 5065 3068
3598
2614
4289
4288
3627
3628
4288
2603
3627
4287 3693
4287 3601 3615
2618 4289
3628 3627 4289
3611 3627 2614
4287
4289
2614 4287
4289
3611 4288
4288
4288 2614
4287 3612
3611
3627
3612
4289
2618 2611
3628
3627
2029
2071 3278 3402 3389
4988 5521
3627
3067 4858 2861 5552 2071 2857 2885 2028 5220 2438
5505 603 1494 437
3621
231 1227
4288
4289
3627 3612 2592
4288
3614 3612 3628 2994 2591 3612
3598
3589 3558 2618
3611 4289
3627
4287 4289
4287
4288
3627 2614
4289
3628 3693 2906 3612
3611
3628
3628 5431
4288 3621 3621
3611
3628
3628
3627
4288
1413 626 3389 534 1637
3627 4289
4289
3628 2614
4287
3598
3598 3555
4287 3612
3620 3598
4289 3068 2336
3627
4289
4287
4289
3627
3628 3611
3627
3628
4287 2614
4289
3598
3627
2590
3611
4288
4289
3627
4288
3628
3628
4289
3627
4288
4288
3612
3627
4287
1227 1208
3598
4288
4287
4287 3628
6041
5466 230 4794 4884
3611
4287
4287
4287
2618 4289 3347
4288
4289
2591 2323 5554 2323 1601
4287
2593
230 2314 3734 2416 230 3734 2416 3391 3391 2314
4288 3617 3598
4287 3598
4289
4289
2919 2064 3428 2927 1348
4287
4289
1741 2921 230
230 3429 1771 230 1768 1768 2489 230 2507
2591
2064 1355 2455 230 2071 230 1355 2455
3628
3612
2957 2904
3627 4289
4288
3611
4287
3627 3612 4288 4287 3628
3872 2071
4289
4288
3628 3611
4287
1902 4289
1493
378 231 1222 1207
4289
3466 4287 2331 4215
3565
3611
4288
4289
2614
3611 4289
4287
3565
3598 4289 2593
4287
2178 1935
3627
3615 4288 3598
4288
3627
4287 2859 4985
3882
3628 3611
3627
3620
4287
3627
3615
3598
3598 3598 3598 3598 3598 3598 2512 3598
4881
378 1207
4287 3598 3598
4288
2614 4287
3612 3627
4287
4288
3628
4287
983 1023 838
4288
3628
3611 3628 3616
3627
4288
3627
4288
4289 3611
4289
3611 4287 3598
3627 5218
3611 2614 4289
4287
3628 3598 2614 3565 3598
3628
4287
4287
5007 2864 4253 2071 6034 2859 5983
2554
3628
3628
3627
2591
3611
4289
4289 3621
4287
2421 2894 2321 2489 230 2421 2421 2894 2482
4288
3628
4289
4288
4289
4289
3627
5056 5558 5219 230
231 378 231 378 983
4287 2614 3612
4287
3627
4287
4288 3611
3627
4288
2614 4287
2416 3068 5157
3589
4288
4287
3598 4287 3612
4288
4288
4287 3598
3612 3627
3628 3612
4900 230 2324 1497 230 4900 3708
4287
1355 2952 2674 2952 4660 2039 4794 3435 2923 1355 2923 230 2039 2952
1535 5166
3612
3628 3611
3627
610 739 636 4288 637
4287
2591 2591 4287 3567 2596
3598
4288
3612 4288
3611 3611 3628
1551 3291 2868 1551 3269 3291
2455 2158 3222 3628
4288 4287
3628
4289
3612
3628
3627
3628
3628
4289
3628
3589 3589 3589
4289
4288
3627
2591 2861 2064 2857
2614
3598
3628 3628 5834 4900 4287
3614
3612
3628
4288
4288 2614
3067 2618
4288
378 231
3627 3611
4288
4288
4287
2507 2904
3598 3598
3628
4288 3613
3611
3612
3565 2614
3565
230 2916
3628
4289
1927 1639 1413 1652 3628 1927 1652 1413 1639
3617
3612
3612
3628
4287
2614
3612 4287
4287 2958 3756 2957 1585 5220 5825 2032 2958 1586 2957 1585 3756
3612
3627
3627
4287
3621 2618 4287 3621
3611
3627
4287
2614 3612
4289
3554
3598 2614
4287 3598
3627
4289
1509 6048 230 4794 3176 2904
3628 4289
3598
3628
2331 2065
2591 3628
3612 3627
1328 1334
3628
4289
3565 4287
2618
3611 3611
4288
6033
4287
3628 2153 5146
2618
4289 3628
3628
4287 6032
4288
3628
4288
3627
4289
3627
3628
2618
3611
3628
3386 2028 5409 4289
3611
3598
4289
3628
3627
3405 3413 230
3627
4287
230 1920 378 231 5057 5551
1487 5531 230
4287 3591
5825 4269
3598
3628
4289
3627
3628
3628
4288 3611 2603
4287
4287 3611
4288
4880 4879 5456 230 1355 5460 4883 2864 2863 2076 3390 3628 4883 4879 4882 230 4880 230 4883
3627
4287
3628
4288
4287
4287
4289
5001 2024 524 1940 3008 4287
2593 4288
3628 2612 2611 2590
5218
3628
3611 3627
4289 1209
3612
3612 4287 2614
3627
2614 3591
3186 5001 2344 6032 3452 3628
3611
4289
3611
3614 3627
4781 1523 3067 4288 3598 3627 2481
3611
3628 2614
2603 3628
3627
3598 3598 3598 3598 3598
4288
3611 3627
3611 3627
4289
4287
3627
3611
4287 3621
2614
3628
4288 3615
4287
4288 3598
3612
4288
4287 3612
4288 5146 5220 5146 5220 5146
3627
3611
4289 4287 3598
3611
3611 3627
3622
3615
3628 3612
378 231
3611 3587 4288
3627
4288
4288
4289
442 605 532 534 605 4289 445
4288
3611 4288
2868 2455 5143 230 2032 2455 230 3402 2868 6032 230
3628
3598
3565
3627
4287 4288
3627
4289 4288
3627
3627
3628 2591
4288
3565 3627
3627
4287
4288
3628
1348
1355 6043 5157 5793 6042 6043 230 5460
3627
4288 2614
3628
3627
3598 3627
3628
4287
4287 4097
4287
4287
3612
3628
5220 2064 4287
4288
3611 3628
5166
230 3870
4288
2550 3627 3618 2603
3612
5441
3598 5156 6035 5518 3149 5166 2417
5994 2989 2036 3621 3598 2982
3611
3627 1348
3598 2603 4288
3276 5979 2434 2954 2396 3106
3627
4289
3614 4287
4289 4289
3627
4287
3628
3611 4288
4287
3612
4288 4873
3628 2591 3062
3628
3627
4287 3621
2455 5784 4288
4287
4289 975 1217 2320
4288
4287
3628
3628
4288 3598
3628
4289
3186 2864 230 3395 2344 3176 2020
3628
4289
4289
1529 230 445 1355 5146 610 3435 230 3413 231 1227 526 591
3612 3598
1481 1477
4287
3628
1348
3612 4289
4289
3627 3565
3627
4287
2614 4287
4289 4287 3566
3628 5220 3891 3624
4289
2614 4289
3627
3598 3612
3627
4288
2618 4287
4289
3565
2925 3627 4289 4287 4288 2927
3614
3598 3598 3598 3598
4289
4289 3598
2614
2618 4288
3611
4287
2318 3394 2884 2892 4740 4882 2424 3989
2614
3565
3627
4545 3734 230 2139 2455 610 1529 1419 637 230
4288
4288
4287
3611
4287
4288 3612
5156
3612
3628
1646 1466
4287 3611
3628
4289
3627
3627
4287
4287
3627
2618 4288
4289
3402 3067 4287
5218 1497
3628
3628 1348
3628 3598
4287
3577 2590
3628
3628
4288
3628 3598
3617
4288 2082
3628 4095
1615 2070 2162 1548 4900 3627
3611
4289
3612
3621
2455 5826 5831 4287 5830 3628 1489 3598
3628
2593 3565 3611
4287
4287
3627 4303 1807 3598
4287
3628
4289 2618 3598
3611
2603
230 3423
3628
4288
1587 2155 2222 2314 3693 2158 1585 5776 2885 4288 3598 2591 1587 2222
4289 3628
3628 2997 2997 5157 3068 2997 2642 3068 5157 3068 2997 3068 1941 2997 3068 2997 2997 3068 2455 2997 3611 4287 3611 2533 3068 2997 2734 4335 2533 3068 2997 3068 3068 2997 5157 2541 2997 2256 3737 2997 3737 2865 2997
3627 3598
3612 5816 1872
3591 3568 3598
3628
4288
3598 3627 3611 2614
3627
4287
3628
4289
4287
3627
4288
3598
4288 3552 5090 3587
1520 230 5794 5793
3627
3628
4288
4287
4288
3628
3628
4288
3598 3611
4289
4288 4890 1509 3068
4839 5826
3628
4289
610 1532 1532 1419 1530 1469 1419
4287 3612
437 3627 437 402
2618
4288
6018
3628 2614
1419 1646 1419 3628 526 1025 591 526 1419 1419 1529 1963 1529 3172
3612
1496 2864 230 2020 3885
3627
4288
4287 3611
4288
3628 4287
4289
3628
4288
5825 3435 230 3386 3387
3612
3611
4287
4288
3612
1348 1348
4976 5166 5826
3627
3612
4288
6041 6041
4288
4288
1901
4287
4289 1348
4287 3598
3627
2071
4269 2039 3388
4287
1995 1531 230
3628 2421 2434 4289 3627 2083 4268 1975 2421 2421
3598 2614 3622
4287
1530
3611
3628
4288
3627
230 5218 3428
3565
3612 3612 3611
3627
3627
3628
3627
3612
4287 2618
3612 3627 3598 3565
6039
4288
3627
4287
4618 2314 1496 5191
2324 2020 1960 1496 2330 1944 2023 3387 3395 3394 2865 2864
3628 1348 1348
3612
5181 6051 1939 4288 1543
4288
2614
5040
4287 3591
4287
3612 4287
3628
1348 3612
3611
4289
4287
4287
2313 2288 2993 1221 2277 2274 766 230 5834 5831 2391 3870 2391 2005 2488 230 5829 5834 1558 6049 1501 6051 230 2317 5531 2313 2077 5829 5831 5831 5531 6051 230 5834 6048
4288
3627
4289
3627
3628
1529
2618
3627 2614 3598
4289
4287
4289 1655 1348
3621 4288
4289
3628
2323 230 3180 230 5880 1940 4985 3180 3870 230 4976 4976 1213 230 2434 5569 2065 1213 3487 6049 5569 3870 3171 230
4289
2618 4288
3628
3598 4287
3611 2590
3627
3611 3628
4287
3618 3616
4289
4288 3612
2591 4289
3598
723 4890 2865 2854 2927
4288
599 444
3628
3627
2614
2323 3452 2644 3419 2323
1348 1348
3612
3611
3612
3561
3628 4289
3627
4288
2614
3627 3612
3627
2557 4043 2548 3612
3172 4858 2904 4858
4288
1607
3627
4288 4287
3612
4883 4879 230
3611 4287
4287
3598
3621
4287
1518 1534 2618 5826 1646
3628
4289 2614
3628
531 3888 3267 3697
3612
4046 3628 1500 4046 6034
4289
3628
4288
3627
2071 2064 3964 1355 3882
4287 3618
4287 3628 5126 3598 3598 3621
4287
3598
3627 2614
4288
6041 2983
3627 3613
3628
3628 5166
3612
3612
3543
3628 1637
4287 3611
2903 1550 1626 5911 6034 4289 2806 2905 2528 2905 2316
3598 3612
4287
3611 3587
4289
3611
3611
2591 1901
3612
1348 3598
2614
4289
2614
4289
3627
2982 2859 3411
4289
3612 3627
3628
3627
3611
3627
3615
2863 2155 2314
3628
2618
3628
2614
3612 2603
5778 5191 2037
4288 3598
2591
4287
4288 2618 4287
3590 2618
3628
2581
1355 3693 5146 2434 3389 3393 3698 3391 2438
4289 1551
3617
3611
3611
2907 2512 5163 2881 2864 2891 3841 5163 3844 2512
4287 3628
3611
3627
2455 1639 4820 3628
4288
4287
3612
4288
3627
4289
1348
3611
3628 4288
4288
4288
2591
3621 3627 603 526 1530
4289 3012 4747
4289
4287
2806 3628 5157
3612
3627
3565 3565 3565
3611
3611
3627
3627
4523
4289
4287
6039 5071 4289
5146 2770 435 4287 3068
1480
3612
3612
3096
4287
3611 4287
3611
5166 2071 4289
4288
3628
3627
3628
4289
4289
3628
4288
4289
2578 4288 2601 2591 1902 2603
2614
4288 5220 4740
3598
4287
4288 3628 4287 4289
3628
3628
2614
3628 3598
3627
2614 4287
6032 1550
3612
4288
4288
3628
2591
3611 3587
3698 2783 2018 2639 2953 4287 2685 2671 6034 2396 3007
3627
4287 2614
3611
2034
3628
3627
2614 4289 3611
3627
3628
3611 3627
4288
3627
4287
1348
3615
4287
1500 3617
3628 3565
1466 2321
3611
2455 3628
3611
3612 2618
626 1529 1413 4275 4633
3627
4288
4288
5038
3589
4287
3611 3612
3627
4289
3627 4988 2352
1355 3734 3242 3262 3247 3962 1355
4287
6034
3834 5523 5001 2076 3628
3612 3628
3612
3628 3611 3611
3349 3335 2611 3611
3612
4287
2020 1516 1496 2865 230 4882
3612
4287
4287 1348 1348
3621
3459 3402 230 3459 3402
3106 3107
3622 3612
637
2618
5426 2555 3617
3611
4288 3612
2591
637
4287
4288 4858 2064
4287
3628
3628
2614
3565
4288
3565 3565
3598
4289
3628
4288
3621 2614
3621 4288
3627
3627
4289
3612
4288 1551 3627
2614 3388 2863 3393 3387
3627
4287
3611
4288
1348 1348 1348
3628 4289
4976 230 3435 2309 3171 230 3188 230 2919 3170 4875 4976 230 3435
3627
1496 2256 2256 3165 1496
4287
2614 3598
634 1413 1530 2323 230 3888 5132
5507 230 1939 1355 2313 2265 2978 5056 230
2978 3598 2865
3627 2614
4288
1612 4289 2316
4287 2591
3628 3598 3598 3587
2614
4288
4858 3872 2611
4288
4983 4986 3611 2548 4747 4593 4983 5187
3627
3613 4289
3598
3628
3611
4287
4288
2022 2463 2464 2022 4893 2180
1563 3628
3627
2614
4289
3598 4287 3627 4288
3627
4288 5435
3612
3627
3565 2070 2077
3627
4287 3611
4287
4287
5793 3067
4288
2325 2076 5166
2890 4289 4740 1577
4289
4287 4288
3611 4287
3627 4289 4288 4287 3628
1348
3628 4288 2982
4288
3627
4288
4289
4288
2020 3391 4269 2416 1974 3734
4288
3627 4287
2859 230 3437 3413
4289
4287
5118 2457 2071 1355
4287 2232 1348
1348 3621 526 636 2064 1419 4132 6049 2859 5073 3891 2885 3067 5796 2885
1222 1216
3627 4288
3612 4287 3621
2618
3611
3612
3591
2591 3612
3627
4287
2331 2331
4289 3627 3598
3627
3612
4289
4288
2591
3611
4289 2614
4287
4288
4287
3556
3390 2603 2618 3693 3565 5033 2916
3612 4288
3617
4287
592 1639 525
3612 2614
4289
3067 5463
4289
3613 2618
3692 5187 3406 4900 5028 4839 2603
4289
4287 2614
4289
2614 4287
591 445 526 4288 1634 1637 591
4287
3628
2593
3628
5138 3621 2591
4289
4287
4289
5580 3612
3628
3598 3612
4288
3598
4287 3611
4288
4288 3601
2024 2455 2509
1222 4288 1224 633
3627
4289
4288
3611 3587
4288
3571
1147 2028 3628 5157 5825 1413 350 1190 402 1664 330 1158 636 350 1190 435 2139 3693 5188 5187
4287
3627
4288
3614
3618
4289
3891 3068 5830
2618
3067 4618 1944 3612
3617
4289 6033
3628 3173 4620 2437 3388 3394
3628 3613 3620 3616
1348 1348
3627
4289
3612 4288
4289
3628
3627
4288
4288
3627
3612
4289
3627
3628
4289 2614
3627 2614
2317 3876 2313
3612
4287
3627
3611
5825
3628 3565
4289
3612
3627
4288
3628
3628
3627
3627
3628
4287
2068 1963 3693 1576 4287
3627
3621 4287
3882 3698 5826 1930 2416 2614 5932 3391 2330 2679 1355 3411 3735 3420 1971 2455 2860
3627
4288
4288
3612
3627 2618
2271 3172 5489
3627
3612 4288
3628
4289
4288
3703
3628
2916
3565
2614 3627 2618 3621
1888
3598 3627
2591 2071
3627 2614
4289
3627
3611 3627
3613 3627
3627 2614
3612
4287
3565
3627 2593 2593
4289
2618 3628 3611
3627
3628
3612
3565
3415 3249 4884
4287
2614
3611 3598 3587 3627
3565 3627
3628 3598
4289
4288
2603 3201 5492 2591 5413
3628
3612 2591
5439 4287 4289 4288
3628
2021 2325 3612
4287
5191 5826
3612
4289 4288
3615
1543
4289
3627 3598
3627
2510 230 2510 230 2865 230 2510
3611
3627
3627
1550 3628
3627
3611 3598
2614
3628
4288 3612
4287
3598
3628
2488 2071
4288
4288
2065 2864 1496 4985 2020 1217
3068 1355 1655 1419 5146 3068
3612 3627
3611
1225 1206 1204 764 1204 1204 1206 1222 1204 1225 4976 766 1225 764 1206 1204 1204 764 764 1204 1206 1225 1204 1226 5132 2969 230 2969 5132 1025 2418 230 5539 230 3008 230 5829 2090 5834 230 5831 230 2440 5834 5829 5220 4117 1206 1204 764 1225 1204 6049 230 5136 5829
2618 3577
4288
3611 4288
3175 230 4583 3067 1355 2323
3613
3612
4287
4289 2614 3598
1548 1497 3628
378 4289 3628
3628
2545 4287
4289
4288
3611 3627
3598
3628
3628
4288 3628
3628
2455
3628
2614
3620
4289
3628 3612 3616 3598 3612
1294
534
4287
3628
3628
2548
1493 3590 4289
2879 1551 2916 2455
4289
3627
2590 2591 2596 3567 3611
4287
2071 3419
3628
3565
4288
4289 3612
3627
3628
4289
3628
1529 3172 1419 2590 1532 2455
3405 2489 2318 3406
3598
3598 3598 3598
4288
4287 3598
3611
3612 4287 2614
2317
3598
4288
4289
4287
4287
4288
3598
4288
3598 3598 4288
3598 4288
3627
3616 3620 3611
3627
3611
2323 5815 2320
3612
3627
3628
2614 4288
4287
3618
2614 4288 3627
3628
4760
4287 3613
4287
3627
3628
3598 4289
4289
3628
4289 4337
4287
4289
3627
5191 6032 4289 2482
3612
2593
4287
529 603 1635 4289
4288
4288
3627
1995 1747 626 5154 4288 1530 626 1995 5470 626 626 1764 1935 3611 1935 1355 2488 5070 3008 2614 626
4287
3611 3627
4288
3628 2614
2603
4289
3628
3611
4288
4288 599 534 531 1634 2029 2265 5070 5146 3106 3467 3106 1601
3628
3627
3741
3262 3746 1355 2434 3068 2143
4287
3627
4287 3628 3598
3628 3627
3627
4287
6042 3617
5166 2083 4289
3612 3627
4289
1503 3627 342 4811 352 3565
4287
1530 1655 637 1530 610
3628
4288
4287
2528 1419 1419
2894 5218 2071 2434 2440 5792 1549
3611
1500 3068 3176 2850 5189 2855
4288
3598
4287
3627
3611
3627
3627
4289
3628
4289
4288
3628
4288 4618 2919
3611
3628
2158 378 2162
4287
2618 4145
3612 4287 3598 2591
3565
4288
3598 3627 3598
4288
3565
3627
2323 2020 230 2323 3068 2323 2020
3611 4288
3628
2590
2614
3620 4287
3565 5419
3628
4287 2591
2070 1509 2618 1524
2593
3611 4287 2614
3621
3627
3627
4288
4287
4288 6032 1355 3386 2859 3693 2065
3067 5991 5051 2023 4858
4287
3628
2614 4287
4287
1639
4287
4288
3612 3611 4289
3627
3611 3628
3627 5983
3627 3628 4289 4288
2025 3008
4288 3598
4287
6043 6032 2070 1932 3434 6034 2070 3393
4288
3412 2022 5569 4788 2028
3627
3627
2894 230 2892
4289
4289 3565
3612
3627
3628
3598
3627 2365 1511
3598 2618
3627
3611
4287
4289
4288 3611
3621
3627
4289 4288
2957 1480
3611
3627
3611
4288 3612
4288 1348
3612
4287
3627
3627
1930 2028 3854
2036 2579
5053
3617 4288 3617 3617 3617 3617 3617 3618 3617
3601
3628
3615
4288 4289 3611
3598
3627
5189 2156 2178 2163 4289
4288 3589
4289 1646 1646
4289
2614 4288
4287 3613 3598
3565 3577
3628 2591 3615
3611
4289 2614
3621
3611
4874 4766 1491 5482 1355 2424 1487 3467 5218
4287
3627
3543
3622
4288
2530 2618
4288 1348 3598 3598
4289
5157
5809 2618 2612 3611 5439
3628
3627 3565
3627 4289 3612
3565
3611
3627
3627
3612
3587 4288 3611
3627 378 3628
3627 3598
3627 4287 1348
3598
591 3068 1639 442 2627
4287
3067 1348 1491 4635
3627
3627
4287 2614
3627
3627
4288 3612 3598
3598 4288
3612
4288
4288
2920 2950 3400
4287
4287
4287
4287
1227 1207 378
4858 4883
4289 3620
3628 3612
3612
3611
4289
4289
3565
4287
3612
1348
2590 3612
4288
4288
3598 4288
230 4983 2919 3565 3386 2919 4983 230
3627
1530 1639 6032 626
2068 3878
3611
3598
3612 1567 2550
3628 2937
4287
2924 3765 2916 1964
4289
3598 3627
3628
3613
4288
4288
3612 2428 2439 3612 3612
1218 5024
3627
3627
4288
3627 2614
3628 3565
3628
3628
3598 4287
4287
4289
3598
4288
3612 3612
4858
1932 4866 2439
3612
4288
1413 2455
3598 2618
4287
3628
4287
3611
4287
4288 2591
4287
5070 2431 2245 2858 2859
4288
2614
4465
3587
2313 230 3970 2313 230 1567 3970
4287
3565 4288
4288
5796 5978
3628
3611
3628
1646
3612
5526 4858 2614 5543 1523 3628
1571
1802 1803 6034 1803
3628
3627 3565
3627 3598
3628
4287
2908 6034 6034
3627
2618 4288
4288
4287
3612
3618
4289
4289
3565 2591 4289 3598
3589
2591 2240 5548
3627 2614
1183 350
4287
3627
3627 3565 3565
4287
3628
3627
3068
3628 3611
4287
2618 4288 3621
1348
3605 4288
3628
3565 2591
4289 3598
3627 2488 5137 5458 5167
4288
4288 3611
3627 3612
3612
3621
4288
4288
5146 5157
2614 4288
4287
4483
3627
3627
3611
2025
3369 6104
4288
231 1216 983 231 983 1296 1222 231 1222 1296 983 1741 3177 2860 230 231 1222 632 1216 983 2860 3176 230 1742 231 983 1216 1222 1974 2860 230 1976 231 983 632 1222 1296 230 1216 1217 1222 983 1974 230 2860 1976
5143 2596 5493 4287
3615
4287
3611
3627
3628
4287
4287 2618 1497
2581 2591
3612 4288
3612
3612 3628
4288 3611
2614
3627 524 5132 1637
3612
4287 4288
3618 4288 4784
4289
3628
4288 2618
4288
4287
2618
3627 2798 4099
4289
4287 5995 5996 5791
4287
230 4660 2438
230 230 610 1652
4289 3598
4287 3598
534 442 4287
230 1296 632 1023 230 1069 1562
4287 3612
4288
4287
3598 3612 3598
5161 4287 5157
3627
230 5005 6053
3616 3628 3590 2618 2550 3616 3618 3590 3616 3616 3618 3616 3590
3627
3628
3627
3621 2590
4287
3627
4287
2264 5883
4287 3598 3598
230 2997 2476
2490 2491 2490 230 2476 2476 1227 378 3105 4119 230 2476 1227 1939 230 230 231 1355 5555 2491 2476 2490 5556 4622 5555 2357 4624 2919 2851 2919 5218 1222 840 6048 3854 4623 2683 5074 4622 230 838 2683 1355 1940 230 3735 2919
3627
2618 4288 3612 1491 4287 3598
3627
5166 5784 1605
3627
3617
4287 3611 3587
4289 3556 5482 2064 5932
3628 2459 5070
3627 3628 3628
2065 4879 2065 4893 2859 2900
4288
2916 230
5157
230 4045
4287
3068 1586 1348 5886 2455 2314 4287 2314 3068 1962 5793
3627 3589
5806 3612
2591
3628
3628
3627
3627
2070 2763
4287 2614
4287 2614
4289
3693 2416 2885 2431 2077 4633 4287 3388 1355
3628
1963 4620 230 4618
3612
3627
4857 1805 3390 1355 4766 2071 2330 2865 3429 2859 2919
4289
4288 2583
4766 1520
4288
2919 4976 230
4287
2596
3621
4287
3628
3627
4288
4287
4890 6035 230 3891 230 3657 2994
3628
1888 3612
3627
230 5033 3412
4288
4287
2029
3628
4288
3627
5157 2320 230
4288 3615
1862 3598
3613 3628 3590 3616
3627
4288
3565 2614 3598
6032 2482 230 6049
2509
3627 3598
1974 1975 2646 4858 3399 230 2916 5552 5136 1355 3243 3962
3598 2850
4289 4287
3627 3612 3612 2560 4568
3627
3627
3628
3628
3598
3628
2272
3628
4288
1530
4289
4287
4288
4288
3628
3892
4858 2245 1767 4288 2325
4287
4288 3598 3628
4288
3612 3611
5529 3068 3627
2316 5995 4858 2434 3627 1615
3627 4289
4288
4287 3612
3627
3627
5792
3627 6032 1962
3628
5825 4866
2603
3628
2162 2163 1551 3180 6035 2065
6032 3390
3627
1355 5143 5794 230
4287
3627
230 3432 6048 1742 6048 1355 2916 230 6048 2046 4976 4976 6048 4633
3627
3611
3628
3611
3612
4287
1627
3459 2316
4287
4289 3067
2591 3598
1637 230 591 1469
3628
2298
532 636 5510 1649
4287
311
4287
4287
4287
3590 4288
4287
3627
230 1355 5143 230 5790 2969 1355 5132 1355 230 2323 5132 5143 1355 2323 5132 230 5143
4289
3612
754 756 4289 754
230 2853 1932 5539 230 4583 3068
3627
4288
3627
4289 3621 3621 3621
3746 3746
4289 3598
2455 1355 2068 2860 2858
1348
4287
3565 4288
3628
4288
3612
4289
4289
2614 3627
3598 4287
4289 3611
4288
4288 4288
4289
5167 4289 2020
4288 3543
4287
3627
3612
4289
4288
3621
3175 3394 4895 3413 2858 1530 2864 3171
2455
4287
3628 3612
3628
4289
4287 2489 2071
4287
3398 3403 2969
2434
3598
3627
4288
3613
3627 5498
3612 5166 341 5157 3628 1502 1530 6042 1530 2916 2418 1530 3612 5007 3888 3390
5793 5985 5791
3565 3612
3621
3628
2614
2603
4289 2614
3587
3628
4289 3598
4289
4287 3617 3612
4287 3628
2618
4288
3612
1488 2510
3612
3628
4289
4287
2064
5793 4287 3612 2603
3627
3628
4289 2618
4289 3627
3628
4288
2591 3628
4288
3627
2969 2885 5784
4289 3615
3611
3621
3612 3587
3612 3628
3627
4288
2591
2618 4289
2139 230 2851 5558 230 1571 5098 2065 2464 5143 3157 230 5456
3611
3627
3621 4288
2614 4287
3565
230 3180 3434 3854 230 2902 230 5519 5831 2313 2455 2022 3402
3612 2614
2071
3598
3612
3628
2071 231 1549 230 2071 2317 6032 230 4095 6032
5794
2064
4289
4287
4287
2331 3423
3621
3628
2475 4988
2614
6033
4287
3628
4288
2614 4289 3612
3587 3611
4288
3628
4287
4287 3628 3627 4287
4288
6035 2919
4288
4287
3565
4288 2591 2618
4287
4287
3621 3621
3628 3598 2455
4288 3612 3617
3627 4288
3628
3587
4883
4288
3611 3616
2036 2064 5558 230 1355 2036 3452 230 2240 2036 230 2851 230 3428 2071 1355 3452 230 3428 3068 2036 230 3452 4793
599 1413 230 1646 1025 2391 230 2090 3870 230 5558 4623
3598
2455 5558
3612 2591
3628 3598 3627 2864 4858 5218 3394
3612
3565
3627
4289
3617
2618
4288
2865 2903
2436 2921 3390 2886 3423 4289 3400
3627 2614
3628
4287
3565
3628
3628
3628
4287
3974 3886 2320 1477 2071 1535
230 3888 6032 2845 2901 230 3068
3628 3565
3612
3621
3627
2614 2904 3459 3182 2907
378
1551
3627
1514 343 3067
3627 1567
4287 3627
3628
3612 2550
4287
4287
3612 2618
4288
3611
3628
3627
4289
231 1469 1530 1494 605 437 603 1637 1530 445 1530 1469 231 437 1637 1530 231 231 1530 1469 1637 1469 1637 1530
4289
3612
3627
3628
230 5826 6035 5826 1935 230 1935 230 2859 2330 1741 5826 1935 230
3628 4287
3628
2139 2770 230 3746 2525 5790
6032
4287
5426
4287 5826
4287
1355 3242 3255 3255 2756 1355 2883 3242 3188 2801 1355 3267 1355 2756 3243 3247 1955 3255
4289
3565 3612
4287
4289
3628
4288 2614
3627
3587 3611
3598
5056 2317 2025 4045 2491 2756 2455
3628
3628 1891 2593
3628
4288
2590 3621
3627
3621
3627
4289
4287 3627 4289 4288
4287
3627
2464 6035 1567 1567
3628
4287 3628 4289 3627 4288
3628
2911
3627
3627
4287
4288
3627
4288
4289
4287
4288
3617
3627
2988
1872 3612 3058 2560
3627
4287
3628
3627
4287 4289
3628
3611 4289
4287
4287
3068
3627 2077
5033
4288
2331 2517 5825
4288
4289 3612
2528 3386 3434
1935 3175 1535 4858 2490
2507 1613
4288
636 4288 3029 532
3628
5996 5792 5470 2069 3627 1496
3628
2076 2872 2903
3611 4287
3627
2416 3692 2892 1623 3627 2528
3327 4795 3326
3612 2618 4046
4288
3612 3618
3628 3628
3611
4289
4289
4288
3613
1207
3598 3627 3621
3627 3612 5161 2484 2614
4287
3627 4287
3627
4287 4288
3611
3627
4195
4287
3627
3598 4287 3611
2884 3628 1643 1655 634 1626 1611 2884 2083
3628 915
4288
2155 4287 2036
4288
4289 2076
5906
4287
4287
2591
3627
4287
3628 3612
4289
2028 1574 2028
3622 3622
3628
2032 2034 2483
6032
3628
4287
1355 230 1944 1945 230 2884 3189 3158 3435 2481 230 3157 1590 3435 2032 2431 230 1355 230 230 2481 2507 2032 2316 230 2323 2954 230 2032 3435 2323 230 1208 4766 230 3188
2488 2507 5070
3612
3395 3186 2344 2434 3429
4289
4287
4288
2614
4287
3611
3627
3627
2022 1520 6042
4287
3614
3628 3627 637 1466
4288
3621 3628 3627 1348 1348 3627 4900
4289
2455 3910 2070 2313 1355
3614
3628 4878 1503
2325 4427 5105 5157 4145 435 5831 4866
1530 1637 1027 1634 439 231 1648
3587
378
5835
3611
1563
725 378
3612
4288
6049 2894 2490 3565 1742 2902
3618
4287
3611
2978 3628 2344 6032
3613
5167 3475 4629
4288
3611
2323 3611 3627
1529 1532 1419
3612
3611
1348 3627 1348
1571 4095 2344 5834
2614
3615
4287
3106 1355 230 1501
3611
5995 5995
4288
1497 1492 1558 5038 230 1530 637 1529
231
2065 4046 3598 3612
3565
2455 526
3611
3390 5146 3096 1615 982
1355 5056 6032 3068 2068
3067 6050
3613
3435 2865 3068 2806 2855
3612
2489 6049 2083
1576
3611
4288
4288
4289
1529 1419 610 1419
5065
5434
3611
3618
1348
3565
230 2064 3395 2316 1768 230 2064 1768 2064
1542 4742 3615 5432
1239
3612
584 1637 636 591 636 584 584 444 1637 584 532 1639 584 584 526
3612
3612
3612
5143 3692 2892 2416 534
4288
4287
2591
2938 5186
3611 2590
3598
2618
3541
3621
2864 2865 2863 2865 2863 230 2865
2601
3598
3565
3068 526 3068 1025 597 3875
4881
3577
2232
3612 3611
3611
2316 4070 1652 1637 1413
3621 1207 378
3589
3621
5826 3012 230 3277 2679 3245 2326 5491 2326 230 5055 2927 3278 2326 3106 2083 4118 4269 2919 3269 3012 1622 5055 5055 6048 3278 2326
3611
5996 5995
3612
3598
5814 2650 2783 2852 2774 3037 2989 1939 5070 1906 2560 5070 5070 1958 3854 2482 3068 5071
3612
3611
3393 2489 3735 2156 2455 2416
3611
2455 3402
3615
3541 3612
3628
4289
230 2455 2309 230 378 5068 2274 2323 1355 5132 3170 1211 2020 2488 2997 4880 3390 4879 230 6053 2071 2455 4545 5143 378 3402 5136 1355 3390 2323 1355 2639 230 5143 5132 4545 2232 378
3612
4288
3587
3590
4288
3598 3598 3598 3598 3598
2859
2512 4045 3068 2512
3612
3612
4288
5793
3621
3621
2591
3621 1554 2064
2083
3420 3173
3612
2593 3062
3611 3612
4289
