1507 2273 3196 3189 5633
1366 1361
1086 924 1088
2828
1695 368 389
4030
4016 4016
4035
2281 3783 6506 6220
2207 3176 5503
3968
1440 1088 1361
2904
4016
4016
2904 2312 2792
1498
4030 2904
5478 3805 2699 5214 4202
5879
2704 5344 6804 3781
3355 3473 4421 4123 1507 2623 2802 6804 1680 383 3471 3813 3813 2270 3122 5491 3473 1507 5251 4421 3471 3186 2155 4118 2623 6804 5126 5251 4115 5306 2996 3473 3082 3471 3181 1507 3789 3355 2623
4016
2125
2270 5715
2261 2402 6504
4030
3196
5496 1753
2908
6196
2893
3176 1358 3186
4513 1733
4030
2890 3991
1131 424 1356 1088 1440
1695 1626
4016
4016 2893
2883
4016
3805 3829 6559
4030 4030 5462 4030
2904
1360 424
1089 1364 844 424 699
6098 2904
2883
4016 2904
4016
2402 3190 3785
4016
1807 594 591 497 1695 4784 671 5798
2745
1572 665 1658
6559
699 1355
4016
3993 4016
3558 3379 4525 2736 386
4016
2173 2189 2264 3805 5709 3180 3196 3182 4016
3991
3191 5671 2530
4016
1778 1733 5499
3427 3799 260
4016
2904
4016
5369 1652 2307 6189 5159 4769
3788 2695 5493 3805 1016 1793 5642
2904
4016
2158 2207 2035 2261 3800
3994
2908
4040
4030
4016 424
4031
1654 3776 2534 1088 924 699 1733 3776 1654 1440 1088
4029
3195 2261
4928 2266
5511 3805 3806
424
2312 5208 4793 2594 5622
3189 2306 5503
4586 686 6506 1728 690 695 5641 1187
3763 3758
2881
2904
424 2578 3796 3830 260
3219
5794 2484
2893 4016
2893 2881
2904 4016
4016
2881 2851 3978
1777 1660 2231 5516
4016 2491 5505
3265 2773 260
4016 4016
3381 4558 5491 2269 1508 4557 2801 2802 2318 2270
4016
3979 2904
3785 5204 3196
4514 4767
3339
5500 927 2594 1346 1783 6558 6568 6559 3427 1783 1783
4030
4016
1361 1345
2904
4029
4016
5397 5404
424 261 1088 1358
4040 4030 4030 2883 4016
2764 1642 261 2957 5798 2482 260 5810 2764 1507 5503
4030
2881
4041
4031
2904 6811
590 2904
4029
261
3859 2774 3427
4029
4040 2881
4030
1355 261 1088 424
1080 1016 3978
3785 2575 5478 3787 2694 3190 3189 5494 4164
6804 5842
4173 4040
260 2228
6220 5877
3254 1936 260
260 4772 3190 3191
424 261
261 424
5500 1661 260
6801 3789 4625 2983 2410
6504
4030
260 1367 1346
2529 5456 260 260 2547 2545 2534
4016 2441 5676
2887 2887
424 424 1356 1089
1695
4203 5640 260 2306
3978
2893 4016
2311 4421 5500
4016
3603
4030
2883
4030
424 842
261 1345 424 1086 261
1361 2886
4030
5511 3564 1654
2904 4873
3356 260 5203 4323 5215 260 6196 260 3356 5205 3356 260 3427 4323 260 5717 2169 5214 260 5203 3356 4625 4323 260 6263 5214
2699 4115 2313 3783 4122
260 1355 927 1348 1367 1366 261
6558 2403 2528
4016
4030 2883
260 3807 2696 5877
3310 5453
424
260 3556 5610 2983 3426 260 6263 5610 6251
1794
4016
424 1440 261 1089 261 1089 698 424
6683 261 424
2904
590 596 591
3381 671 588 1133
4016 4030
4016
5698 5344 3785 2266 4767 5622 5671
6099 2745 3426 260 5620 6230 6104 260 5620 260 6230 6107 5620
6230 4862
2904
5798
1367 1346 927 3381 1355 1093 1367 1367 1086 1345 1355 1345 1086 1367 1440
4103 260 260 4103
424
5207 260 6199 6506
1354 261
2904
424 2424 6801 5501 2403 3969
1361
2904 3427 5495
2277 1650 1649 2306 396 2263 3978 2873 4016
6527 1695 1579
4040 2904
6214 5678
2904
432 408 688
2589 1708 2589 2588
5157
4030
1088 1358 261 424 2772 3190 260 261 1358 1361 1088 3190 2667 260 1358 1079 1089 1355 1088 424 1016 1634 261 924 1354 2207 260 3191 1355 1088 424 261 260 3190 2772
5782
6559 1968
261 5218 3551
3427 1348 6803 1345 2193 5454 1361
2904
1507 2771 6143 5610 260 3601 4359
1783 1675
2904
424 1348
4340 5640 260 4317 4317 260 260 4317 3182 4340 260 3229 4317
2904
3356 2168 260 5698 260 3603 4340 1805 1579 1133 1626 6230 5695 260 5633 3229 4340
2530 3601 6547 4337 2147 3220 2594
260 2273 260 5160 260 3556 3226 3310 2194 260 5787 1972 3546 3828 260 260 3472 1695 703 1579 3093 260 2306 2384 1507 5125 5500 1507 3828 3556 703 1695 2384 260 3093 5125 3546 3828
3218 6687 2261
4767 2148 4586 5500
6558
2587 5355 2270 3560 1778
2307 3867
2904
260 1935 3182 260 2241 4766 2608 5820 2669 260 3549 1935 6624 5744 6251 5494 260 5716 3556 260 2669 1935 5511 260 3218
2904 4016
4421 2904 5505
424
4029
2736 3784 1361
1498 4053
260 4317 1507 260 3123 4612 2568 6801 2544 1507 260 2587 4337
5478 2587 1507 260 2275 1579 1818 1695 1626 2441 260 2525 1507 2402 2194
2881
260 3258 260 5511 3796
3291 4340
3801 5405 2696 4557 6525
3426 2561
2904 6808
3789 2263 1507 2719 3800 5633
4029
2709 3533 260 3427
424
2159
2307 1637 6093 5218
261 1089 1366 261 261
260 2587 3190
4030
1082
3310 3290
1345 1361
2904
2904
2885
260 3199 2713 1794 1699 3199 2695 6801 260
5478 2074 260 6818 3460 3427 5640 2809 260 3427 5696 2736 1715 260 2587 703 1579 676 1626 2595 1695 4337 1828 260 4337 1507 3427
4029
3199 260 2273 2594 2313 2313 260 3831 1673 5717 3355 260 6801 4341 260 2713 2277 3244
2522
2736 260 5494 3785 6687
424 1440 1079
1361 261 1358 1093
3227 5798
2273 3782 3194
4029
3190 5490 260
4041
2577 5695
1487 6558 1646 3427
