1498
5222
5844 5635 1812 2663 1572 5218 702
4030
2904
1498 1498
5354
1498
2120 2883
1498
2759 5205 594 6559
1498 1810 1498
1707
4029
1695 1579 676 703
4029
4030
1498 1498 1498 1498 1498
1498 2881
3978 2904
1498 1498 4016 5714
4030
2887
4030
2883 2881
1498 3978
4030
6245 3381 1819
4030
1498
4029
1770 6547 6178 6547 1769
1810 2904
1498 1498
4032 2904
4030
3782 5879 4331 4331 3427
4117 2696 5744
4029
4016
1498
1498 3978
4030
1498
2904 3817 3782 3807
4016
2578 2589 1793 3788 5635 2156 1971 3978 1793
2313 5478 3190 3420 3934
4032
671 1695 692
3381 2306 1675 1782 1626 384
2908
3985 2883
4031
1498 1626 1498 703 1498 1498 1498
4029
4030
3993
3229 2263 3867 1741 6245 2226
2196 3291 1579 1815 3867 5167 5713 2545 5511 2196 2334 2484 2440 2595 6248 2403 1579
1498 3978 1498
2883
3978
4030
2425 6212
4030
1498
4030
4029
4030
4003
2883 2883
1498 1498 1498 1498
4029
4029
1807 6811 6804 1683 1807 6804 6811 6804 6811
1498
2884
3227
1765 6186 6185
3788 3427 3218
4030
1498
6570 2306 3785 1733 2694
1695 1579
2709 2326 3788 2318
3227 5794
4030
4029
2311 3821
1498 1498 1498 1498 1498 1579 1498 1498 1498 1498 1498 1828
1498
4029
1498
1498
2904
669 5358 1810 1770 1572
4003 4003 4003 4003
2883
3978 3978
4029
1498
2893
4029
3722
4029
4029
2802 2306 1507 3559 6682 2194 5640
4033
3789 5633 1498 3828 3189 5478 4016
3098
1498
3978
586 1810
4029
4016
4033
2904
1498 1498 1498 1498 3978 1498
2880
4007
4029
659 2207
2883
4016
4029
2313 1650
4031
702 588 671 1810
5501 2263 4016
4030
4033
4029
2313
3978
2883
4030
4029
596 5810 1729 1729 596
2904
4029
4016
4030
1498 1498 1498 1498
3227 5635 3185 3254 2736
1498 1498
4030
1498
2884
2883
1672
5633 6249 3783 1507 6559 3601 2716 3601 6559 5696 5643 2988 3783 5695 2988 6559 3785 2704 2248 5505 5695 1812 2695 5695 6559 1629 5504
2756 4340
3254 6559 2425
2883
4769 2307 6189 1753 3783
2534 6739 2792
1498 1498 1498 1498
6558
2531 3346 2261 5207 1579 2326
4031
6817
2904
2883
4029
2904
1498
1498 1498
1498 1498 1498
1498 1498 1498 1498 1498
1498 1498
2883
1828 3783 2280
4030
1498
4029
1579
4029
1498 1133 588 1498
4030
1498
5798
1498 1498 1498
1786 6808 1707
4016 1507 3290 2261 2156 3788 2159
2883 4030
1498 1498 1498 1498
4016
1498 1498 1498 1498 1498 1498 1498
6108 5837 5709 2595 3657 3867
2883
2904
1498 1498 1498 1498
3978
4287 4278 5798 5845 4288 5642 5798 2587 2762 4293 4294
4029
1498 1498 1498 1498
379 1638 2736 1638 379 3427
2881 4030
4029
4016
4030
2904
4030
3978 2881 6590 6589
3978
4029
2904
2883 2587
2883
1498
2313 2568
490 594 4341 4341 5671 5681 6546 588 5681 588 3829
6559
2795 3201 6113 6141 2850 2851
260 2765 260 4421 4421 260 1642 2790 260 4421 2699 260 4317 260 4317 260 4317 6098 4317 260
4033
2904
5782 3651
5395 5394
5698
4016
3195 6194
2883
2307 346
2667 3196 3426 5511
2883
2883
2883 4029
4029
4625 3189 5798 5500
4586 3792 2547 3783 1507 4203 2313
4029
2883
2904
2713 3333 3190 3229
260 2736 6222 6559
703 1694 1579 438 1819 667 1133 3673 2790 3674
5642 5404 3784 3807
1777 2251
1498
1498 1498 1498
4016
1498 1498 1498 1498 1498
4030
2904 5713 3781 2792 2261
2883
586 1572 4767 659
4029
3258 5405 1685 3783 5495
4030
4030
4030
4030
3240
2384 2313 3295
4029
1498 2717 2076
3782 3818
2871
3298
2883 4032
2736 3239
1828 261 588 1629 1626 672 1629 1626 588 260 2663 2667 3190 3190 260 2667 260 1812 692 588
4036
1498 1498 594 1498 1498
1498
4016 4030
1812 1498
4030
3229 5368 3239 5797
4029
4030
1498
5394
4074 3239 4118
2904
4030
1810 5478 495 5744 6687 671
2318
2338 2306 3192 2702 1355 1093 424
4029
2904 4016
1695
1708
2883
260 6559 260 6559 6559 260
2575 2694
2904
4029
1498 1498
2904
596
1498
4016 4029
2594 5387
3978
703 3978
3734
2883 4030
1729
4016
3556 260 2161 3229 3782 3556 260 2161 3556 260 2161 3229 3558 260
4029
1498
5833 5692 5692 5692 5833
3978
1498 1498
4031
5503 1714 1714 5500
1673
6558 3784 6199 5218 5395 4586 1507
2883
4029
4033
4033
6803
6116 3742
2883
4030
4029
1498 1498 1498 1498
3427
3978
1672
3783 2578 3784
4040
2306
4191 3307 3298
2883 1753 1752
2881
2904
5478 1642
1498 1498
4029
4557 3806 6801
4030
2277
2577 5708
2884
2904
2881
260 3324 2595
3805 5642
1498
4003 4029
4029
2883
4029 4030
4029
1729 3427
4029
2883
6801
4030
6818 2983 3851 3427 260
6153
4029
1498 1579 1498 1498
2764
2882 4040
6178
3978
3229 4319 3327
1819 1626
1498 1579 1498 1498 1498
5692
2313 3627 4557 3194
4429 5342
5617 6820 5619
4030 2888 1698
1498 1498 1498
1498
5405 2313 1650
4040
1579
5491 3240 5713 260
260 2931 4557 2756 5125 3427 260 3227 2206 675
2884
4030
1498 1498 1498
4029
1498 1498
4365
1498 1498 1498 1498 1498
3978
4005
1498
2277 2696 6801
4117 4341 260 1971 4557 4341 260 4202 3427 4557
3978
4029
1498
4034
3978
1498 1498 1498
4030
2884
6808
1498 1498
2883 3978
4029
1133 588 495
3780 3190 5203 3560 5622
