3627 2614
4288
5793 5978
3591
2614
3627 3612
2581
2426 3393 1355 3411
2614
1413 534 1652
3611
3612
3627
3589 3589
1493 3611
3628
3612
3614
3068 2866
3565
2082 3395 2418 3394 6032 4743
3618 3628
3591
4287 3614
3611
3598
2569 3335
2591
1348
2614
2591
4289
3587
3618
3628
2590 3627 3612
599 626 3612 4743 1413 599
1494 603 1530 637 603
4289
3612
3615
4289
3627
4288
3756
3627
5825 1963 4633 1952 532
3627
3621
2614
3627
5033 5039
3613
2590 3621
4289
4289
1348 1348
3611
3612
5518
3627
1587
637 1529
3611
4289
2614 3627
4289
3612
6032 2455
5979 4288 637 1419 1491
4289
4288
3621 2591 2560 3621 2591 3359
3598
3627 3053
3621 3621
3612
3627
3612
3611
3611
3612
3598 3598 3598
4289
4288
3612
4287
3612
3628 2614
4287 3598
4288
3068 5218
3612
2591
4288
3565 3598
3612
2614
3245 3246 2857 3284
4289 2618
3627 3565
3613 3601
4289
4287 3612
3612
3612
3611 4289
4288
4288
3598
4288 3598
4884
1355 2806 2344 3459 3390 2994 3404 2438 3394
1577 1500
4269 3295 3176 4985 3395 4983 3598 2859 3184
3276
3598
4288 2614
4542 2976 3628 350 330 5488 4288 1149 3627 1190 2981 1192 4538 4289 5552 1157 5056 1140 2020 3222 5001 2070 1356 3693 2028 3395 2324 3475 2437 4071 3692 2981 4275 1965
4287
3598
3611
2614
3565
3598
3611
3565
4288
2600 3565
2590 2548
3612
3598
4287
637 636 5981 5799 5792
3611
1348 4289
2603
3612
3565 2591 3067 3882 5880 2265 3393 2640 3435 6032
4287
1939 3184 2857 3627 2330
3611
4289
2020
5995 5991 1579 5979
3611
4289
5167 1930 4794
3611
3628 3611
3614
3627
5932 5181 2868 3628 2064 1355
3611
5218 2324 2158 2618 3765 2325 2180 5218 3395 5056 4045 2865 2325
3598 3612
3612
2603
4858 6034 5135 3384
2581
3598
3612
3611
3565
3601
4288 2614
2614
3611
2028 2083
2614
5040 3464
3612
1901
4289
3693 4132 1210
3627
2591 2593 3611
3618
5066 3413
3621
3627
2603 3617
3612
599 4289 1639
3598 3598
4288
2614
3612
2614
4288 3621 2618
3615
5778 3892 5186 2495 1764 3891 5189 6033 2036 6033 4622 5186
3405 2850 3413
3612
3612
4288 3611
4858
4858 5218 2614 3883 3068
2614 1419
3628
2596
3598
3612
3614
3611
3598
3598 3612
4144 1508 5143
2980
3598
3628
4288
4289
3598 1567
3628
3388 2863 2455 2431
720 725 4362
3598
2614
4289
3611
3612
3621 3598
2077 2069
3627
3565
4287 3565
3628
3621 4046 2569
3611
3627
3615 2596
4287
4289
3412 2614 2076 3389
3598
3589
3627
2371 3992 3598 3612 3340
3611
3621
3692 2884 2861 2438 3067
3616 3611
2865 2982 1767 2905 2475 2662
2614
4287
3565
4287
3612
3615
3411 2069 4884
2591 1577 2069
3565
2614
4287
3627
4288
4288
3627
3617 3617
3575
3225 2082 3247 1355 3442 3225 3443 2082 4619 1355
4288
1646 4287 3590 1530 1530
4289
1888 2560 2554 2555
3612
4288
2916 1348 1742 2028 1554 4629 1355 5027
3612
3628
3628
2614 3591
2270 1419 1646
5157 5146
3612
1888 1888
3598
4288
4289
3612
3612
3565
3613
3612
2064 2325 2315 1355
3628 383
1348 1348
2904 2927 3390
3612
4287
3628 5970 5962
4287
3611
3612
4620
3612
3611
4288
4288
3598 3598
3611
3615 3565
3611
3612
2614
3612
2455 2865
3598
4097
2614 4288
3612 3598
4071 3693 1930
2591
3611 3598
3627
3068
3617
2068
1872 3605 2568 3605 2551
3611
1925
4287
3612
1577 1542
6004 1610 1610 1610 6004 1348 1610
4288
4858
4606
3615
2614
2070 3412 3693 2438 2902 3388 3387 3157
1637
5186 3435 3394 2858 5186 5793 2326 5979
3612
2614
3587
3612
3612
3611
2603 3611
3611
3611
2614
2618
3561
3598 2614
3614
2603
3591
3612 3106
3627
4287
2510 1548 1497 2614 4743 2510 4546 5826
4287
3598
3628 3579 3611
3627
4288
4289
3612
2614
3612
2071 3875 3435 5995
3579
4289
2614
1348
2614
3067
3628
2979
647 720 378 638
4288
3612
3612
4287
5792 2040 4620 2884 1974 3388 1508
2593 3063
4630 3412 4858 4857 3389 5218 3394 3390 5001
6080 4287
2590 2117
4288 3611
3612 3612 4843 3612
2593 2593 3628
4287
3622
4289
2615
6034 4288
3067 1489 5493 3183 2593
2509 2618 3564
5412 6042 6035 6035 6042
3627
4858 1612
2065
2614
4289
3628
1878
3598 345 1611 5995 5992
3611
4288 3598
3598
2614
3627
3590 3628
4288
4287
4288
3612 3612
4288
3598
3621
4288
3612
3612
4287
3598
3612
3612
2590 3614
3616
3627
3627
4288
2603
524
2510
2603 2614
2317 2158
3612
3068 2957
4287
3621
1348
340 1476
2614
3611
4287 3627
4289
2923 2082 3096 4633 4618 2926 1355 2069 1741
2614
378
1207
3598
3628
2865
3627
2509
4289
2068
2614
3183 2317 2893
2614
2591
1742 5825 6042 2879
4288
2988 1579
3617
3612
3598
3627 3598
3611
4289
3587
3565
3612
2614
3598 3611
4288
3612
6035 2331
4287
3611
3628
3627 4287 4289
626 599 1637 599 1413 1637 5065 1601
3027 3067 347 5166 5794 4325
2988 4289 3691 2440
2614
3591 3591
2863 4275 1511 2331
3628
4289
3612 3598 3611
3611
3391 3394 2416 3423 5826 3734 2859 2314 5932 5218
3587 3587 3587
3611
4287
2593 3611
3606
4883 4890
4289
4288 2591
4289 2614 3565 2618
3616
3612
2863 2614
3621
1348
1582 1583
3621
3612
3615 3565
3611
1348
3612
4288
3612
3612
1570 5166
2561 4046
3067 4633
4289
4289 2614
4288
3617
3627 3551
2591 2593 2591
3565
4858 3068 230 378 231
3598
1493 3617
4577 2331 5007 3029 1355 5143 2325 4067 6031 4056
2591
1601
4289
3388 3885
2065
2618 3627 3612
2920
2614
3598
2614 3611
3892
3612 3627
3612
2578
3615
4289
2614
4289
3611
4288 626 594 532 442 608 1639
4287
4288
3627
2614 3612 4289
3628
2809 1637 532 596 526
1491 2418 2158 5132
1550 3612 2064
2782
1637 437 1530 4289
4288 3612
1348
5073 2023 3452 1944
3611
2077 3068
1413 1639
3628
3612
2591
3621 4287 3598
3073
3611
3627
3627
3559 2591
3627
3612
3598
4288
2614
4881 3627 5157
3612
983 378 983
3611
3627
1623 2071
3067 3627
1348 1348
4289
4288
3628
3628
6004
3628 3612
3612
2927 4620 2916 4765 4289 2318 4214 2329 2046 3411 3388 2082
3611
3611
3612
4289
3419 2395 3690 3394 2885
3598
2614
1862
2893 2437
5501 3068
3589
2591 3612
1601 2064 2431
2693 1548 4884
4288 3615
3611
4289
3565 3565
3541 3598
3613
4145 4288
2325 2316
3612
3628
3628
3612
4289
361 3627
3598 3612
4288
626 608 532
3611 3611
2591 3612
3627
3613
3402 3402 5136 2434
3612
2614
3627
3611
2614
2554
3627 4288
3175 3697 2854 4269 4117 2253 2259 1355 1742 3406 5932 2416
3627
3621
4287
3612
3613
3612
1872 2568 2555 4967
2614
3614
3565
2548
5439
4288
3611
4288
3611
2614
3627
4288
3628
3611
3611
3598
4287 2614
4287
2614 3612
3589
3611
3598
3612 6034
3598
3611
1348 4903 4337 4873 5927 3598 3634
3068 3412
4288 3611
3611
3598
4289
5181 5188
3589
3598
2614 3589
3628 2591
2614
4288
3628
4289
1348
5995 5992 5791
2325 5131 1930 2158 2065 5010 5166 2512
3613
5070 2489
2114 2115 2302
3565 2593
2507 2507
4287
3628
4288
3611
3612
3612
3611 4287
1348
4288
2614
4287 2434 3412 3443 1355 3245 3423 2426
3617
3627
361
4287
3612
3611
1221 378
4289
4288
3611
4287
4287
402 437
3605 4288
3575 2591
2591 2394 3612
3612
2805 6028 5138
1571 3262 3697 2431
2209
6033 3067
4287
3598
2603
3613 4046 3613
3598
3598 4288
3591
3598
5789 5791 5790 3628 3395 5218 2920 1496 5189 2924 2416 4873 1944 2020 2344 3390 3735 2863
2591 3598
4287
4287
2614
2957
2561
2553
1767 2317 3891
2316 4858
2614 1348
4288
3611 3611
3615
3598
4287
3598
1563 626 526 591
3611
4289
4288
3601 3587 3601
3892 3892 2155
5126 3566
3611
2614 4287
5527 2326
3627 6032 6032 3394 3405 2858
2593
3627 3613
3883 5793 1741
3565 3565
2591
2851 1355 1498 5825 5146 6091 3628
2603
2885
3612 3628
4287
5932 3297 3287 2064 1548
4288
4289 2591 1601
3613
2614 3612
3598
3598
5161 2614 5161 5161
4287
3970 2331 4070
2920 2416 4873 3419 2314 2023 4629 1958 3398 2071 2344 3394 5932 3186 3390 3734 4667
3565
3565
2618
3598
1355 2391 2865 3469
2614
3245 2424
4288
4289
4287
3628
1348
3612
2614
3611 3628
3612
3613
3611 4288 3598
5825
3615
3618
4287
2315 1586 4288 2065 3561 2618
3612
3627
3621
3598
2591
4287
3627 3598
438 593 532 230
3628
2618
4289
2064 3886
2313
3505 3405 3157
4288 3598
4287
3565
1530 637
2591
4287
2064 3411 3171 3423
3621
4287
3598
3627
3627
2614
2595
3612
2591 4873 2070
4287
3628
2325 5146 5146 2416 5146
4288 2559
3612
3611
4287
3598
3598
230 1530 1530 637 1530 3390 230 2314 4873 5932 231 1217 983
3598
2614 2115
4287
2614
3391 3186 2344 3407 4747 1960 2434 3012 3394 1356
3612
3612
3611
3565 3622
4287
3627
4288 3612
4288
3589
3598
3627
4289
1888
2614 3598 3621 4046
2614
3565 2560
1621 3068 2509 4289
3598 3612
3390 1637 5932 2314 3734
5188
3621
2591 3621 5510 2326 1741 2855 6053 2020 6025 4988 4858 4778 4759 5492
3628
3612
3611
3612
1348
1348 1348
3598
3627
2802 230
1530
2455 2863 2894 4874 3403 2884 4879 2455
3598
3612 4288
3892 2900 3413
3591
3598 2591
2614
4289
3611
2416 5167
2614
1888
2591
5065 4875 2068 5218
3612
1348 4289
5070 3068 2921 1211
3627
5001 2865 2028
3612
3612 3598
3612
3611
3621
3598 1348
3615
4287
3587 4287
3612
4289
3627
2603 3613 2603
3628
4287
4288
4037 4288
3628
3598
4858
3612 3612
3618 3618
2614 3611
2646 2982 5834 378 2510 2859
3612 3621 3612
3612
4289 3620
2851 2894
2046 2548
2591 3621
3598 2591
3627 5065
1348
2083
3577 3565 4288
4288
4968 5492 4785 2565 5492 4785
5090
6032
3598
4287 3618
1348 1348 1348
3598 4287
5157
4288
3598
2316 4037
3611
4289 1576 6033
2770 2025 4999 2952 2396
3611
4879 3278 2431 5146 2071 1920
3587
3627
2614 3379
3613
3611 3611
3598
3621 2591
4289
3611
3612
5434
1348 1347
4287
4784 2614
5090
2614
3611 4289
4287
3565 3621 2591
3611
3621
3611
3615
2591
378 1219 1226
3613
3621
4287
2614
1530
4288
3598 4287
3627
3611
5038
3612
5552 230 1355 4837
3073 2614
3621 3627
4288
4288 3628
2990 3598 2990
2614 4288
4287
3848 3849 5146
3598 3611 3611 3598
4289
3591 3591
4287
2614
2614
3627
526 1637
3612
3598 3627
3565
2614
3612
3565 3611
3621 3621 2614
3565
5883
4288
3627
2591
3598 3612 2618
4287 3611
3611
3611
5781
3611
3612
2593 3612
2591 4288
4288
3627
3612 3612
3067 5041
2064 4794
4289
3612
1550 2968 4095 2065
3628
4289
2591 3621
1207 231 1227
4287
2618
4288
3627 4289
4287
3598 3627
1419 5157
2614
2591
2005
4858 5065
3047
2614 3598
2614
3627
3741
2322 2455
3611
3068
3612
3628
4288
2071 5167
3615
3693
3601 3614
3611
3611 4288
2025 4890 2438 1965 753
2856
4287
3612
3611
231 1227 2507 5826
1655
3628 2994 2591 3612
3598
4288
3611
3591
3612
5431
3611
3627 3612
3612
4289
3611 2590
4288
4287 3612
3587
2217
3611
3628
3627
3611
3611
4289
4288
3611
4287
3611
3611 3627
3627
3612
3598 5886
230 4884 5219 4742 4794 5466
3611 2560
4287
4988 2431
2618 3612 2596
2323 1601
2593
3598
378 633 231
3598
3611
4287 3612 2614
4287
1741 2921 230 1741 2921 230
230 3429 1771 230 1768 1768 2489 230 2507
2591
3621
1222 231 1419 231 1646 230 2071 1921 1355 2314 1107 2490 4522
3628
4288
378 231
3565
4288
2614
2591
2178 1935
3617
4288 3598
2614
3627
4288 3598
3620
3612 3556
3598 3598 3598 3598 3598 3598 2512 3598
4881
3598 3598
1530 1529 634 610 394
4287
4619 3394 5510
3616 3611
3627 5218
2614
3565 3598 2603
4288 5793
5007 2864 4253 2071 6034 2859 5983
2554
2614
2904 2865 3459
3611
3598
230 2421 2321 2489 2421 2894 2482 230 2894 2481 2507 230 2421 1480
1565 4287 2455
231 378 231 378 983
2614
4288
4288 3611
2416 3068 5157
3612
3589
4288
2614 3611
6032 2904 1355
3627
3612
2614
4287
3598
3612 4288
3611 3611
3291 1551 230
2455 2158 3222 3628
3611
3598
3611
3612 2618
4288
4289
984 6032
2861 2064 2857
4287
2614
378 231
3612
3598
1348
3565 4288
3172 3171 3427 4869 2916 1956 2863 4288
3612
3617
2614
1586 2957 1585 3756 2958
2326
5789 5794 5995
3621
3611
4287
3554
5470 2904 2488 2426 1355 2924 5055
3598 2614
2555
3598
3612
3627
1328 1334
3615 2591
3612
2618 3598
3611
4288
6033
5146
4289
2618
3611
5065 1992 1488 5529 230
4287 3591
3611
230 4883
4287
4289
3598
3628 977
3612
2614
4288
3628
3611
3611
3611
2614
3627
3612
3612
3611 3587
2455 230 3402 4837 1923 230 3157 3068 3157 2455 4837
3598
4287 4288
2591
3565 3627 2614
4288
4287
5441
1348
3611
3612
4287
5220 2064 4287
4288
3628
3621 3598 2982
3611
3614 4287
2455
3627
975 1217 2320
4288
3186 2864 230 3395 2344 3176 2020
4900 2901 2900
3598
5220 3891 3624
3598
3612
4288
4289
3598 3598 3598 3598 3612
3611
4287
3565
610 1529 1419 637 230 4275 2455 610 529 529 1645
3611
5156
3612
3611
1348 1348
6032
3598
3628
3612 3612
2618
3628 4095
4289
3612
3621
3598
2593 3565 3611
3611
3598 2614
3628
2591 4288 3598 1587 2222 5091 5776
3656 5829
3068 2997 3068 2997 5157 2997 2256 3737 2541 3737 2865 2997 2997 2997 2997 2313 3068 2298 2997
3614
3598
3598
2618 3598 3598
1634
3611 3598 2548
2618
4288
4288
3628
4287
3628
3598 3611
4288 2952
3611
4839 5826
1963 1529 3172
1496 2864 230 2020 3885 2020 1496 2313 3885 2863 230
4288
4287 5218 2509 3390 3394
3612
3611
1348 1348
4976 5166 5826
3612
6041 6041
2864 1741 5218 3698 4071 2178 3891 2920
1901
1348
2071
3598 2614 3622
2614
3611
3598
4287
3627
6039
4618 2314 1496 5191
4288
3591
3612
2614
4289
1348
2591
2614
4288
3598
5794 230 1944
4289
6049 1213 3487 5569 3870 3171 230 5558 5569 5055 2323 2925 230 5558 2481 1932 230 230 2925 4976 230 357 5569 2491 2434 3180 2071 230 438 437 1419 1530 637 1655 2318 5409 230 5880 3157 230 2646 2483 2925 1355 1940 3008 230
3611
4289 5007 4045 2969
4778 1537 5418
3618 3616
3598
2854 2927
2614
2614
2591 3598
4500 4039 4288 2077 5831 4988 1355 4037
3611
2557 4043 2548 3612
4357
4858
4288
5826 1355 230 5829 5886 1227 766 974
1607
2455 2139 2894 3424
3612
4287
2515
524
3621
1518 1534 2618 5826 1646
4289 2614
2591
3621
2416 1501 4268 3411 2077 4883 5556 3403 1768 2509 4857 1356 2396 2901
3618 4287
5126 3598 3598 3621
4288
3627 3406 5070 4275 3854
3612
3612
2528 2905 2316 1550 5166 2903
3611 3587 4287
4289
3627 3565
1481 5533 2284
4288
3612
4289
4289
3756 1465 2699
3627
3611
3612
4389 5772 1613 2474
4289
3612
3612 2603
3598
3598
1355 3693 5146 2434 3389 3393 3698 3391 2438
3617
3611
1321 1334 1294
2907 2512 5163 2881 2864 2891 3841 5163 3844 2512
3598
4287 3628
2614 3611
4288
1348
2614
3611
3692 5218 3180 2424 4289
4289 3012 4747
3612
3611
3627
4523
4289 4287
3565
3612
1921 4430
3612
4289
4288
4288 5220 4740
4289 4287 4289
3611
3587
3611 4288
3612
1348
4287
1348 3411
3611
3611
626 1529 1413 4275 4633 3393 4873 3173 2020 2919 2416 2916
5038
3589
3611 3612
2437 3424 2320 5161 3403
3598
3242 1355 3962 1992 3243 3243 3262 3182
3834 5523 5001 2076 3628 2618
3612
3612
3598
4882
3611
3611
5033
3612
4289
3565
3565
3598 2595
3588
2579 2316 4857
3067
2614 3068 3755 3754
3611
4288
1348
4289 3627
4289
3627
5431 1550
2256 3165 1496
3598
2265 2978 5056 230 230 1355 5056 4872
2978 3598 2865
2614
3598
3598 3598 3587
3598 2029 5033
4289
4858 3872 2611
4747 4593 4983 5187
3611
2464 2022 4893 2180
1348
2614
4288
4289
3598
5793 3067
2885 2256 2431 1355 1548 5220 5831
5489 4794 5160
4287 4288
1348
1742
5157 3693
4288 2064 2313
3598
3612
3612 1906 4046 2560 3347
4287
2885 3067 5796 2885
1222 1216
3591
1646 3068
2068 2069 5897 1548 5886
1872
3611
3565 5033 2916
3612 2614
2614
5138 3621 2591
1496 2020 2865
4287
3598 3612
2614
2024 2455 2509
3611 3587
4288
3614
5932 2323 1639
3612
3617
6033
3628 3173 4620 2437 3388 3394
1348 1348
3622
5533 5529 3067
4288 2455 2870 2569
3612
3612
3611
4289 4288 4287 3598
2317 3876 2313
3612
4287
3617 3617
3612 2614
2614
4287
3612
3617
2618 3621
3611 2614
2614
4288 3598
2593
3565
2614
3627
3587 3627 3611 3598
3612
2591 2567
5492 2591 5413
3957 2581
3612
2865 230 2510 2510
4288
3611
1222 3565
3611 3598
4289
4288 3612
3598
2571 2557 1906 3611
2065 2864 1496 4985 2020 1217
3068 1355 1655 1419 5146 3068
5218 3749
5829 2090 5834 230 5831 230 2440 5834 5829 5220 1225 4117 1206 1204 764 1204 6049 230 5136 5829 2323 2023 231 603 1027 5132 2950 5071 5070 230 5071 5539 4873 230 1025
4288
3067 1355 2323 2323 1355 2323 1355
4287 5027 3067 3225
3613 3613
3394 3393 2416 3734 2023 5218 3395 2455 4289 310
2614 3598
3611
3611 3616
2614
3621 1914 2591
3394 6032 3277
534
3627
2034 2325 3467 2326
4289 2614
2590 2591 2596 3567 3611 3611
4287
3399 2071
3565
3565
4289 3612 3612
3405 2489 2318 3406 3628
4192
4288
2614 3612
2317
3598
4287
4288
3598
3616 3620 3611 3613
3612
4288
4760
2614
2614
4287 606 1639 1469 1637
3628
4288 6048
4287
3612
4287
4288
5070 3008 2614 626 626 1923
3611
3106 3467 3106 1601 599 534 531 626 3106 1940
3598
4287
3617 3617
3565
1530 1655 637 1530 610
4287
2528 1419 1419
3565
3598
3611
2591
3611
2548 3598
2614
2464 5794
2591 3598 3612
3565
2323 2020
3053
3613
2603
2593
2481
3612
2614 3611 4287
6032 3386 2859 3693 2065 4288 1355
2614
1639 5794 3892 1639
3611
4288
3627
3627 5983
3627 3628 4289 4288 3627 3628 4289
3598
3434 6034 2070 3393
3565
3612
3587 4288 3611
1511
4287
2618
3611
3611
1548 637 3885
3621
2614
4288
4288 3612
2579
3068 2859 4287
3617 3617
3615
2863 3693
3589
4288
3598
2614 4288
3613 3598
2591 3615
4287
3621
3611
4874 4766 1491 5482 1355 2424 1487 3467 5218
3627
3612
1348 3598 3598
3627 3598
2614
1990 4287 1991
3598
3612
3565
4606
3587 4288 3611 3611 2590
3611
2627
3598 3590 3598
531
4288
4858 4883
3612 3612
2032 2036
3612
3565 3386 2919 4983 230 2919 230
1530 1639 6032 626
3611
3598
3627
5033 4873
3598
4288
3612
4288
3565
3612
3598 4287
3067 378
2858 2163 4858 4287 5025 2064 2326 3391 2287 2865 2434
3627 3611
3612
3611
2591
3612
5070 2431 2245 2858 2859
3612
4288
3598
4465
2313 230 1567 3970
6034
3627
4287 2614
3612
3616
3565
3589
1183 350
3565 3565
3612
3068
5829 3388 4985 3488
4288
1348
3404 4857 5466
3612
3621
4288 4289 4287
3611
3369 6104
632 1222 1296 231 983 983 230 1216 1217 1222 1976 1974 230 2860 231 378 1216 983 230 1976 2860 1219 231 983 1222 1974 230 2860 1976 1222 983 1296 231 1974 2860 1976 230 1219 231 983 1222 2860 1740 230 3176
3615
230 1768
2618 1497
4289
2982
3612
3616 3620
378 1207 1208
4288
3611
2982
3589
524 5132 1637 3068 5146 1355 2489 5132
3612
4289
4289
2618
3612
230 610
6041
4779 2593
2863 2885 3172 3407 1921
230
3612
4288
3590 3616
2264 5883
2646 2424 1355 230
840 6048 3854 4623 2683 5074 3735 2919 4622 230 838 2683 1355 1940 230
2802 2952 2083 2949 2517 1960 2065 2139
5166 5784 1605
3587
2891
3627 3628 3628
2614
5157
230 4045
1962 3068 5793 2314 3068 1962 3068
3627 3589
3627
3627
2070 2763
1963 4620 230 4618 2851 3242 2851 3242 1355 1419 1530 442 1419 3962 1355 2925 1652 1413 1530
2919 4976 230 3276 4857
3598
3621
2614
4287
6032
610 1419 1530 637 3657 634 1530 230 230
4288
4287
4288
3615
3590 3616 2481
2614 3598
4287
2509
5033 3689 2711 2881
2093 1355 3172 3262 1355 4858 2916 636 1530 1419 1419
3598 2850
4289 4287
3612 2560 4568
3628
2591
1530
4288
3612 3611
3267 3275 3691
4287
1627 1672 1641 1633 1657 1654 591 1608 1638 1638 591 1607
3628 3544
3621
2603
1355 5143 2969 2064
3627
6048 1355 2916 230 6048 2046 4976 4976 6048 4633
3628
3459 2316
3068 3068
4289 3067
3613
610 637 1529
1355 2323 5132 230 5143 5143 3870
2618
754
1932 5539 230 4583 3068 230 2640 2780 2309 2853 3870 230
3598 3611 3587
3621
3746 3746
1348
4289
4289
3611
2020
3406 4070
3543
3627
3612
3612
4895 3413 2858 1530 2864 3171 3175 3394
3405 2065 3407 4288
3615
4287
4778
2071
3615
3611 3611
3598
3621
6032 2163
3611
4766 3172
3627
3068
4145
3068 1489 2489
3601
3622
3628
3598
2618
4287
4287
3614
3627
4289 2618
3611
3565
3628
3615 3564
3621
2591
2591
2891 5464 3067 5188 1465 2901 4740
230 4976 2851 230 5143 5510 1740 230 2925 5510 230 5098 5143
3611
5831 2313 230 5519 2455 2022 3402
3612 2614
2071
5794
2064
2331 3423 5136 3423 3269 3278
2475 4988
2614
3598
4883 5557
3565
2618
3621 3621
2455
4288 3612 3617
3577
2438 4883 2997
3598 3628
2064 2509 230 3428
2455 5558
3612 2591
5218 3394 5218 3394 1227
3598
2865 2903
3627 2591
2614
3565 3565
3612
3621
2614 2904 3459 3182 2907 378 724 378
378
1567
3746
3628
3612 2550
3628
3627
3598
1530 1469 1637 1469 1637 1530 3413 230 1530 3189
3612
4288
2139 2770 230 3746 2525 5790
5426
5826 2158 3598
2801 1355 3267 1355 2756 3243 3247 1955 3255 1974 1355 3242 3247 3962 1355 1355 3243 3242 3298 3962 3242 1355 6053 2756 3387 1355 3247
2614
3587 3611
3598
3628
3628 1891 2593
4287
3612 5403 2313 2618 2416
3062
3627
2569
3612
3598
4288
1348
4251
5994
2077
3612
1935 3175 1535 4858 2490
3627
2076 2872 2903
2614 3589
3612 2618 4046 3611 2326 3612 3556 4070 4912 3326
5110 1615 5070
3628
3521
3627
3613
1207
3627 3611
3411 3475 2919
5980 1965 5974 3068 4576
3614
3424 2455 230
2614
5906
3612
2028 1574 2028 2028
3622
2032 2034 2483
2614
4287
1355 230 230 2481 2507 2032 2316 230 2323 2954 230 2032 3435 2323 230 1208 4766 230 3188 2481 2507 1930 230 438 637 1530 1419 3008 230 4988 3170
3612
2028 3598
3627
5793 3483 5995
3627
6042
2455 6034
4287
3614
4288
3627 1348 1348 3627 4900 3621
4289
2455 3910 2070 2313 1355
3587 3616 3617
4900 230 5071
2064
1915
1563
6049 2894 2490 3565 1742 2902 2695 2490 3067 3756 2710 6049
3618
2809
3613 2591 2548
3613
2902 3393
3612
4288
3627
5985 5790
6032 2068
4288 2614
1530 1646
3611
2614
3615
4288
230 3427
4891 4787
4288
3565
1615 982 1615 1607 1606 5146
4289
3067 6050
3611
3598 3612
4289
4521
1348
1768 230 2064 1768 2064
3615 5432
1239
584 1639 526 584 584 1639 584 532
3612
3612 3612 6032
3611
2938 5186
3180 2323 2438
3565
2863 230 2865 230 2865 1355
3598
4873
4288
3612 3611
3611
1652 1637 1413
2978
2326 6048 3278 2071 3302 5055 2416 3278 2326
3611
6032 5166 2876 5470
5996 5995 1562 1082 366 622 378 390 1060 384 623 1047 365
3400 2029 2028 3621
3598
5070 5070 1958 3854 2482 3068 5071 3067 3188 2507 5070
2317 5146
3611
3566 3567
3393 2489 3735 2156 2455 2416
3611
4747 5791 3012 5789
3612
3614
3402 5136 1355 3390 2323 4545 2232 1355 2639 230 5143 5132 378 230 5143 3390 2232 378 3882 231 1355 5132 2969 230 5143 230 1355 2639 5070 2357 4794 2969 230 5132 2323 230 1355 378 1529 1637 609 1413
5796
3402 2317 230 2036 2323 5005 230
1902
1518
3587
3340
1867 3327 2561
3598
2859 3423
4045 3068 2512
3611
3616
3611
3611
2083
3420 3173
3612 3614
3067
2923 3302 2034
3068
3611
2618
2527 2455
1469 1469 1652 1637
3565
3402 2455 230
1419 637 1419
3693 3411 5040
