4016
3978
4029
2904
3254 2893 3426
2927 1747
3978
2893
4016
4030
4016
5503 1758
3176 3305 3299 3298 3300 3186 5798 3190 3092 4287 3186 3199 3426 3080 5798 5404 5403 3189 3186 3300 3197 2694 1793 6802 6758 6687 3189 6754 5798 4181 6687 3197 4294 2571 6758 5798 3189
2384 2802 3866 2306
4029
2531
5810 5503
4016
1572 588 671
4651 2884 2250 2588
4016
4016
4016
1818
4029
4016
4016
2313
2792
4016
2893 3978
4385
4016
4016
4016
4030
4016
1770 1770 4016 6227 1753
2883
4040
2893
2883
4016
2883
2883
4016
4016
4016 1716 1716 1716
2904 1579 2850
4030
2883 4016
4016
3298
4034 4035 4035
4030
6656
5504 1778 3978 2864 1778 2849
4030
4016 4016
4016
1700 1642 5708 5454
4030
3298
1695
4016
4029 4003
4029 2883
2886
2883
4016
4016
4003
450 1629 671
4036
4029
3978
2904
4016
4016
4029
4029
2883 4016 2312 2884 3197 2173
2904
368 1817 389 1275 1330 1319 1272 1695
598
2904
3978
4030 2882
1775 5501 2193 2248 6177
4016
4532
4029
4029 4016 4016
4029
2882 4029
2904
5496 5878 5341 1664
2883 4016 4016
5878 3977
4016
3426
4016 2884 4040
4030 2883
657 702 1812 6199
4016
1754 5501
4016 800
3186 5622 2384 2568 6199 2883 5478 6822 6793 5478 6822 2849 6793 3186 3072 3077 6196 4557 2261 5622 2906
4030
2306 2746
3784 1507 3806 1507 3064 3805 3426 3805 3064
4030
4029
2904
4030 2883
4348 2886
1729
4016
4030
4029
2845
4016
4029
2904
4029
2982 3240 1775
4030 4016
4016
2845
2128
3978
4007
4003
2845 2091
4030
4030
4029
4030
2904
4016
4030
4030
3978
2907 4029
2883 4016
4016
4029
4016
4016
4029
4029
4029
5501 5403
2883
4030
2904
4016
2904
2883
4016 4040
4029 4029
2269
4030
5670
4029 2883
4016
4029
4029
4016
4016
4016
4016
4016
4030 4016
4029
4029
4016
4693 1805 1825 1658 450 4040 4016 490 671 1658 1658 450 1330 1283
4030
4016
4029
4016 4030 2482
2906 4181
4030
2904
6225 6106 1625
4029
3978
3978
4016
4029
4016
4029
3978
2904 4016
3340 6194
4031
4016
6723
4330 5207
3806
4030
2849
4016
2884
4016
3978 1658 594
5493
4029
3298 4191
4016
4030
2904
2838
2904 4016
4029
4016
1812
3305
4016
4029
4029
4016
4016
2904
3864 4816
4016
4016
4016 2269 2261 2313
5495 5478
4016
2904
3227 2719
3189 2864
4029
4016
6121 3577
1840 596 671
4016
4016
5801
3340 6801
5500
2883
4016
675 2718 597 1572
4030
2736 3381 5404 1782 5477 2578 5879 2405 5505
4030
2883
1501 2907
