1345 424
1579 1695 3427
4016
4030
2904
6733 2384 3471
4005
2904 1498
4016
4016
4016
4030
5511 1579 590
3195 2261 3553
3978
3776 3776
4030 2893
4029
3215 5696 6559 588 2759 1695 6559 2181
2756
4035 4035
5709 3869 3196 1819 1626
594
1695 1579
4526
3194 3782 3564 1935 1498
4029
4016
4029
4016
4173 4040 4530 3978 4040
4030
2904
2904 4016
4030
3262 2319 3866 2313 2206
4030
4030
4032
4016 4030
2882 4029
2893
3978
2313
4030
4029 4030
3236 3800 2312 2756
4030 4016
1656
2904
4029
4033
2904
4016 2908
4016 4029
3978
4029
1812 3558 6646
4030
4005
3967
4036
4030
1579 676
4016
1498
4016
4016
4029
2904
4016
1754 1764
4030 2908
4029
2893
4029
4029
4030
4029 2904 4016
4016
4029
2908 2943 1733 3801 6089 4117 5877 1507 1733 5218 4429 5877 6089 3263
3789 3427 3227 2168 3227 5879 3427 3784
3978 4016
5819 4784 3799 3196 2588 5405 4783
4029
2881
4036
2904
2904
2663 3801 2173 1672 1507 3219 2261 2772 2663 2312 3219 2173 2904 3801 1507 2772
4029
4029
1717 2482 1733 5819
3978
2908
4040
2904 424 1345
4016 2326
4029 2883
2908
4030 4016
1574 4338 5634 1971 2579 6802 2316 1971 2579 1714 4338 6802 2035 2702 2696 3426 6802 1971
2669 6801 3813 2623 5108 5177 3093 2218 2965 2270 4421 1507 5843 4118 1752 2663 2972 6248 2802 5177 4421 4783 5109 6801 2972 2384 2623 3789 3122 4118 3093 2669 5177 2801 3122 3435 6801 4118 4421 2965 3471 1507 1752 2667 2802 3788 3355 2623 1508 2218 1637 5843 2802 2667 2623 6803 3435 2972 3788 2965 5177 5511 2270 3473 5521 4118 3196 1507 2663 4421 3093 2384 2218 3471
1443 1483
2908
4016 3978
2904
2908
4016
4016
3258 4016 1936
4029 4003
2904 1752 1695 384 6559 1782
2893 3978
3796 3788 3219
2904
1770 3807 2313 702 5635 6263
2881
2893
4029
2893 2908
1707 1664
1819 1825 702 1812
497 1810
2908
5203 3784 5877
2908
4031
3219 1805 3218 2736
4033
4016
424
4029
1812 1133 1695 2792
2904 4016
2904 4016
1819
4030
4016
5878 5478 5879
4029
2881
4016
5666 1714 1664
4030
2589 703 2325 1579 2772 4335 1828
4016
4030
4030 2893
2795 3426 2795
1579 1694 1828 1695 2266 1810 2319
703
2904
2893
2312
2908
3259 2792
4016
1089
2904
4016
4029
424 2736
2932 3180 2667
2881
4016 2904
4029
1812 2312 5456
2883 4030
4029
6532
4016
4030
4029
4029
2764 5478 3788 5622 5204
4030
2881
4033
4029
4029
4029
2904 4016
5369 1724
5610
4007
2904
3969
2908
2901 2908
2908 2840
2904
4016
4030
3859 3675 2326 4770
2893 4033
5316
4029
2908
4030 4030 4030
4032
3817 3426 2207
424
4036
3994
6804 6811 1807 6811 1807 2904 6811 6804 1807
6114
4029
4029
4029
3818 1707 5614 5218
4005 4005
3427
4030 2881 4030
5819 2608 1699 5478
2908
1498
1764 3982 1770 1764 1764
1715 6523
6098
4029
4016 2881 3973
4016
2704 6559 3218 5663 4511 3192
4030
2908 4029
2908
4016
488 671 594 1807 671
4016
2908 4030
3427 2904
2184 3460 6179 2269 396 1507 2185 2312
1810 1815
3254 3817 6806
2318 2893
2410 2403 2460 2409
5877 6559 3426
4030
5478 3782 5502
703 1828
5708 3426 1935 3869 3258 1507
5390 6179 5449 5593 2840 6179
3627 2572 3559
6803
2904 4016
2403 2402 2424 1714
1358 1016 424 1355 1080
5344 2441
2883
4030
4029
4330 4324 2736 5487 1660 5790 5783 1713 1715 3309
4036
2893
2908
4029 2136
2313
4030
659 1572 5708 588
4041
3379 3558 386 5713 1754 386 3379 3558 6527
4016
2908
6166 6217 6220 384 2376 1782 2313
4030
4003 4003 4003 4003
4030 4030
3381
4016
2155 1748
4029
2908
4016 1498
4016
4016
4016 2904
3408 2904
4029
4030
5343 2883
4029
4030
4030
4173 4033
1810
3978
4029
3667 3681
3238 2306 5713
4029 2904
4016
4016 2558 2904
6089
588 660 692 1812 674 495
3801 3562 1507 1700 5478 2189 1700 2189 5478 6179 3562 5711 3801
2904
3806
4030
4030 1716 1716 1716
3978
2904 4016
1649 3427 3218 2792
3338
2589
6801
671 1805 1812
4030
4016 2885 2883 2881
2312 4016
4016
2904
4016
4033
4029
1507 488 5166 3784 3427 1724 3196 4016 2311
4035
5642 2765 1810 3547 5635 1825 1133
3840 4117 2579 3805 2575 5715
5713 260 1507 3667
4005
4034
4016 2904
4029
4007
6246 6682
4030
4016
3978
4016
4030
4029
4005
3978
3227 6687
3978
2904
2904
4016
4030
4016
4029
4030
4034 4005
2893
4031
4029
2905 4173 1742
4016
4029
2904
4031
594 1807 671
4029
2586 3266 5810 3266
3603 3196 3327
1783
1840 671 588 4016
2893
2904
2904 4016
4029
4029 4003
4029 4016
1715
4016
2881
6739
4029
2883
2736 3806
4016
4016
4030 2908
2904 346
4003 4005
4003
2904
1782 384
4016
4016 4557 4558 2263 2883 2861 2263
4030
5162 5049
2893
2312 3265 6817 5697 1507 2156 4322 4793 3815 6506 1507 2696
4029
4030
4029
5204 5214 3238 1507 6143 4790
4030
3254 2577 2173 3552 2173 6822 3254 1507 6817 2173 3254
4029
2908 3978
4030
4016
4003 4029
5404 1731
1786 5820 2908 2281
2904
4016
3978
4016
2904
4029
4029
2666
4030
4030
3215 3244 1638
4030
4016
4030
3427 424
5501 2577 2576 2713 2736 2522 3789 2468 1507
4029
1717 3227 3783 3784
4030 2904
2908 4016
4173 3978 4030
4016
4029
2904
4016
4029
4030
2904
2126
703 1695
3427
4030
4030 2880
4045
671 1133 1812 6093 6099 6143 6104 6526
2908
2881 4040 4016
4036
2908
4030
1652
3978
4016
4016
2845
1656 4040
4029 4016
4029
6802 6558 4112 2663 6687 4123
4029
2904
2838
4030
4029 2881
3660
2885
2263 6178
4016
6801
4016
1770 4016
1361 261
2903 4873
2908
4016
4030
2904
4016
2528
4029
5836
4016
4030 2908 2857
4029
2904
2667 6526 3295 4112 260
4029
4030
4040
4030
4031
3426
5622 260 4123 3784 1507 3796
2908
2994 5676 2994
3978
1656
2908
2908
4016
4029
2409 1579 2410 1717 5397
4016
4029 3196
4016
2590 3186 4016 2699 1714 3072 6822 3546 6793
4029
2313 2869
4031
4016
2904 3333 2277
2904
1498
2529 2792 3254
2904
4029
5181 2441 4376 2440 2881
4030
2904
4016
2904
6138 6189 6558
4016
4030
2861 2845 2851 2861 2850 4016 2908 2881 2868
3978
4016 2904
6504
1705 2326 3427
2904
4029 2085 6118 6116
2904
4030 4016
3342 2193 3381 3546
3420 2908 3974
4030
4030
4031
2904 2908 2893
4031
4030
6524 6522 3128
4031
3978
4016
4040
2311 1664
2908
2904 4030 2908
4173 3978
4029
1498 2904
4031
4016
1579
4016
4016 4016
2893 2881
2893
2908
3978
2904
2904
1579 3003 2904
4016
6687 3560 3194 5697 3427
4040 4016 3784 4016
3953
1346 1217 1358
4030
4016 4029
4029
1088 1355 261
384 1782
4040 2904
4030
4030 1507 2859 6504 4040 4526 2815 4030 4029
1742 5497
2957 4525 260 2771 2957 1660 260 2194 1507
4005 4016 4030
3978 4030 4289 3309 4288 1133 2587 1729 588 671 1133 1688 1579 703
2908
4029
4003
4030
6801
4033
4030
4030
4016
4029
4029
4016 402
4040 2908
4016
4030
2904
5505
4030
4029
4029
4016 4029
4034
1367 261 1345
3971
2908
2904
3782
4016
4016
4034 4036
4016
1367 1345 1089
3788 5404 2306
4030 2893 3978
4029
2904
4016
2904
4030 4016
5844 3189 5218 1507 3254
4030
4016
2584 6149 6199
2881 4030
5478 3460
2881
260 424 1477 260 2589 6559 6559 2312 2311 260
2882 4030
4030
2904
3785 2623 6532
4029
1498
596 1572
2904
4016
4029
2904
4029
4331 6753 1714
2904
3426 4865 2766
2318
4016
4029
3565 3796 2736 3787 260 6263
698 1016 1094 260
2778 260
4016
1936 1742 2313 260 1708 1655 1936 1742 260 1655 5619 2313 1655 5619 1936 5505 1708 2313 260 1655 1936
1135 2313 260 1819 1805 2313 2736 1361
4030
2936 1507 4525 2904 2194 6197
4029
1361
1656
2908 3980
2881 2881
4030
3560 3829 3840
4030
4016 4029
4016
5798 4116 3783
4030
4016
3823 3868 260
4030
3227
4034 4029
3785
4016
2881
260 6251 6558
4030
4030
4030
4016
4030
4029
4016
2490 2035 1507 3264 260
2904 3427 1787 2575 3190
260 1440 2194 2273 2261 1777 2193 3871 1507 260 2736 3815 3258
3787 3196 260 6559 2694 3427 4164
4029
3973
2126 2893
2904
4036 4005 4036 4005
3471 3781 3426 6687 4016 6682 2759 3829 5502
4029
2168 2313 3240
4029
4029
1825 2156 1572 1812
4035
2908
1754 2269 3549 3190 1754 6558 2273 3237
1498
4349
2881 4032 669
4029
5203 5814 2696 5456 6739 424 424
4030
2904
6151 5502
4030
2307 1507 1941 3789 4116 2663 1733
2904
1936 2307 2794 2790 3262
4030
5671 1699 1579 3426 6808
2716 3784 3552 5474 2263 3227
4036
4029
4029
4016
2904
2908
2904 4016
4016
3985
3978
4016
4030 5671
4030
497 2313
260 3532 3427 2156 3532 260
4016
2883 4030
3426
4029 4003
4031
4016
4016
2778 6196 2790 260 260 6196 2161 3552 260 5203 6244 5203 6196 260 4317 260 6194 2773 6196 260 260 2773 6196 6199 260 260 2778 2161 4625 260 4625 2161 2778
4030
671 4040 702 497 1812 497 671 1805 490 450 671 490
2893
2904
2792
2904
2904
260 842 1507 3182 927 6687 261 1367 5794 3218 260 3427 6690 2695 2736 2491 5453 6808 260
3219 3815 3829 1507 3816 2307
1367 1080 261
5810
5879 5491 2904
2904
4030
2908 4016
3427 5810 3934 3934 3327 3427 6768 5810 3427 3342 5521 3342 3427 5798
4016 2904
4016
1754
6595
3564 260 2736 3459
4029
490 1805 588 4016 2840
2893 5521
1579 6558 1694
4016
4016
4030
2231 1696 260
2547
4030
2908
6803 3237
2904
4030
498 1825
4029
4030
2908
2273 3783 2206
4334 3785 260 2694
4029 4016
2881
4029
4016
3559 260 2790 2587 260 2765 2587 5203 2313 260 2579 260 2313 6624 2713 2773 260 2773 2159 2774 5208 2313 2713 260 3426 3796 260 2694 260 2774 6251 4317 2161 260 2169 2696 2313 2161 260 2764 260 2313 3556 6194 260 2774 6263 2713
2908
5696 6173
4016
5500 6138 5503
6801
4016
6506
3818 3427 5671 3199
4030
4016
1819 2210 1699 5205 3801 1683 3789 6559
6223
4036
4029
4029
2904
402
4525 5126 260 1699
4030
2904 4016 4030
2880 3254 5698 2152
669 490 3214
4030
4030
4030
2306 5622 6189 2736 2484
1716 1649 3189
4029
4030
4007
2403
4031
4173
4030
2908
1782 384
4029
4029
2904 1498
4030
4029
2125
2908
2904 4030
4029
3954
3239 2798
4039
2696
2595 260 2790
3298 3327
2904 2908
2589 2736
4029
5696 6801
1697 1818
261 1093 1016
4016
4030
6806
2587
4029
5695 260 6214 6214 260
6558 2696 260 3196 5496
4029
4035
5395 1708 2908
3627 4341 260
3783
2908
4040 4030
1507 260 2587 5494 3427 5487 260 3829 260 2792 2587 3427 260 5496 5166
4029
1187 1728 260
6241
260 1662 6153 260
3236 3334 3240
4030
2904
3978
4029
2908
4687 4862
4029
1498
2908
2904
2893 2384 3295 2965
2893
2427 6527 2313 3339
424
4030
588 657 498
4040
4016
4040
2904
6691 3356
4031 4173
2908
2904
1498 7180
2136 4016
6655 6655 3978
2904
2893
2904
1700 1579
4029
4016
4379
2871
3304 5633 3213
2908
4016 4030
4030
4029
4016 4029 4003 4016 4016
2904
2904
2970 2994 3047 2941 2766 2522
4030
2908 2860
424 4721 260 261 260 1753 2733 3776 261
2848
6559 260 3793 6559 260 260 6559 3218 6559 3218 260 260 3218 2794 6818 260
2904
4030
260 260 2587 260 2587 2702 2194 5477 2164 260 3356 260 2164 3532 5879 260 1344 1365 3356 1346 1342 1345 4164 1365 3553 2181 1344 1342 1366
6148
6801
4016
4029 4016
4029
4705 2306
4030 4034 4016
588
3189 2904 2736
594 657 692
2904 4030
2908
2908
4029
4030
6548
1717 2196 2982
4016
3978
6251 2313
4016
4016 2904
488 1572 692 1968 692 2156 2152 2154 5499 1572 1840 6250 6217 6217 692 488 692
4029
1629 3019 5794
4029
4035
5422 1667 391 381 4016
3972
4030
4016
1642
2881
2312
4029
1812 2904 596
4030 2904
4030
4016 5678 4112 3817 4558 4767 594
4030 4029
6096 2266
4117 5878 4118 4030 1733 6801
2904
4016
4029
424
4029
4030
814 1579 703
5397 6801 2482 260
5692
4016 4029
4016
1819 1819 1819 1819 1819
4030
2715 260 3785 2577
2908
4030
261 1084 1367 424 261 1084 1358 1367 1092 261
4016
2908
4029
3978
1498
4029
4016
1717 5819 2736
4032
5478 5504 2908
4030
4029
4029
6804
1782 384 2904 1695 703
2908
2410 3556 2427 6138 3828 5361 3780
1016 2313 1507 5663 5207
4525 3310
4030 4041 2193 5696 6739 1642 6531
4032
4030
2908
260 2572 3789 260 3851 5397
3866 3801
2893
1717 1683 6739 4016 5478
4799
2904
4029
2904 2908
3244 6803 6803 3244 6801 6141
2908 2904
4030
4016
6558
4029
4030
4016
2589
1275 1319 368 389
2589 3533 260 4625 2159 260 2161 2193 2277 260 2193 1507 260 3559 3533 1507 3533 260 6194 2159 5496 260
1812 657 1819 669
2904
2313
424
4040
1088 261 1355 1361 1088 1361 261 1440 1358 1088 261 424 261 424 1088 260 2207 2702 3784 261 1088 424 1355 260 2207 3784 260 1936 2319 3191 1936 3552 3191 260 3190 260 3553 1937 1440 261 1088 1361 260 1937 3191 3552 3553 3191 260 1936 1361 260 1088 1440 2207 260 3191
4029
2893 4029
4030
2904
2908
5794 2772
2904
2881 4016 2881 3978 2881 4016 2893
3782 5487 260
2883 2908
6628
4016
3967 2885
4029
1579
3203
4030
5676 3784
4040
1498
4016
6563 1937 3342 1507 260 6568 5622
6147 1664 6252 6189 2778 5696 2908 2838
2883
4030
1498
261 1366
260 5810 1507 6822 260 5810 2586 2584 1507 5810 6822 260 6822 1507 2585 1507 6822 5810 5810 2585 2584
4016
260 1649 2589 2736 2171
2588 2313 3828
2881
1367 261 934 1089
5478
4030
6804
2702 3244
5794 2587 260 5794 6523 260 1507 260 6523 5794 5782 5162 5794 6523 260 5157 5794
1937 6812 5215 260 2587 6812 1507 2161 260 5205 6812 260
4029
2881
1507 2587 5794 2313 260 1805
3237 6739 2908 2530 3605 6754 5641 3601
260 5157 2765 2159
1705 1703
1629 594
5348 1625
4029
2312 5820 3189 4279 4277 3194 4040
4016
2908
4016
4035
3195 1720 5478
6801
2774 2774 4016
4003
6682 2904
4032
2908
3978
2883
4033
4030 4003
4030 4016 4016 4016
4016 2904
260 3218 4612 5610 5521 3323 260 5511 260 5610 260 5521 6173 260 3264 3218 5794 2736 260 6817 3218 260 2736 5610 3182 3182 1507 6804 3229 260 260 1717 1737 3199 6251 1507
6113
5478 3667 2374 1793
3556 260 3828 6565 3556 4298 2193 260 1507 260 6565 3229 703 1579 1828 495 3828 2774 3556 260 4335 1507 260 4298 3828 260 5744 5306 2773 4625 3546 260 3323
2893
2904
4030 4030
2904
4029
2908
4030
4337 2587 260 260 3851 6801
6251 2403 260 2932 260 2959 2773 3891 2932 260
1652
2908
1664 6099
260 4485 5494 4490 260 5511 5500 260 5521 260 2318
2908 4040
4030 4016
4697
4030
4029
5159 6263 260 5810
2313
2881
4016 2904
4033
1694 593
1498
2904
4030
4526 2841 2840
2904
4575 495 1810
260 5493 2704 2156 5493 3427 6153 2528
5521 4016
4030
2908
2125
2904
4030
3328 2536
4035
2908
2904 4029
4030
671 450 498 1572 1810 702 660
5696 5368 3191 3784 2663
260 6822 1507 6558 6801 6801 5819 1972 6166 6801 6255 2277 6801 260 2405
2904
2904
2904
1677
2904
4035
4016
6214 1507 5412 5708
4029
4030 596 702
3327
5782 2587 3218 260 5782 3310 260 2587 2790 3182 4625 260 6506 3829 3356 3533 6506 260 3310 2932 3218 1507 2587 260 260 4525 1507 5496 2577 2219 2771 2577 1724 6250 2219 2159 260 260 6212 4525 1507 6255 260 3829 5348
2313 2881
703 703 1626 1626 4016
4040
261
2405 5493 260
5369 260 5810 6196
4029
1498
1734
4030
4029 4030
6099 6093 6093
5676 2590 6823 2575 5306
261 1092 927 1354
5744
5617 5619 5620
3978
2908
1626 1754
4016
1361 5093 1366
4029
2893
1498
260 2502 6632 2565 3339 260 6632 260 2306 3190 1717 260 5676 260 6804 1972 260 2306 5671
5671
4029
6746 6529 3899
596 664 1572
1498
2193 4340
4031 4031
6546 2908
2491 2579 2578 3978
3800 3782 260
4029
3339 2313 5404
2736
4033
3988
3556 2568 260 5250 4164 6687 260 5125 3784 2736 657 1695 1572
703
