4016 4029
4030
4029
4016
4029
4016
2883
4016
4030 4016
4030
4029
4030
4030
4029
4029
4030
2883
4030
4029
2883
2904
4029
2904
3978
2904
4031
4029 4016
2893
4030
2403 4016 1758
4029
4029
4016
4003 4035
4029
4029
4029
2904
4029
2904
4016 4030 4016
1498
4029 2853
4030
4016
4016
4030
4029
4040
2883 4029
4030
6122 4029 1682
2904
4035
2893 4029
4029
4029
4030
4016
4016
4016 4030 4036
2883
4016
2883
2904 4030
5405
2883
2889
2904
2904 4032
2904
4040
4030
4016
3038 4030 2902 2903
5404
4030
2893 4029
2883 2883
4029
4030 4016 4532
4016
4016
2904
2904
4016 2904
4030
4016
4016
2306
4030
4016
3978
2904
2893
2843 6546 2838 4016 3434
4016 4030
2904
4029
1498 1498
2904
2904
4016 4029
2893 4030 2904
4016 4030
4030
4016 2904
2883
3426
6549
4032
4016
3107 2509 3427 3240
4029 4016 4030
2904
2883 2904
4016 4005
4016
2904
4030
4030
2904
6106 6107
4031
2904
4016
4029
4029
2902
2883 2901
2904
2904
2841
4016 2883
2904 4029
3426
4029 4030
4016
4005
2904 4030
4029
1498
4029
2883
3978
4029
4030
4040
2883
4029
2883
2902 2901
2893 4016
4036
6821
4030 2904
4003
3978 4016
3431
4016
2904
4003
6806 2307
1654 4016
4034
2904
4029
4029
4040
2904
4030
3934 2170 2904 3035 6218 2943 2287 2767 2522 2403 3035 2170 2427 3934 6218 2778 3291
4029 4016
4016
3978 3978
4589
4016
4030
4031
4029
4359
2893
