2614
3598 3617
1348
3591 3591
3405 3262 3413
3565
3611
4635
3611
3587
1355 2032 2865 2858 4999
5157 2891 2512 1565
3598
3559
2391 1413 4633 636 5188 5001 1639
3612
3612
3598
3067 5776
2594
3598 3598 1226 1222
3598
2894 5826 3765
2614
3591
1348 1348
2591 3340
2614
981 835 983
2614
1348
4752
2614
1348 1348
3611
3598 2614 3611
3612
2614
1897 2593
3561 2455 5539
4743 599 626 626 3612 3556 532 1652 1419 599 532 626 532 599 626
3612
3598
3612 3598
2540
1530 330 350 3598
2614
3616
3598
3598
1348
3565
2614
3598
3565
3612
2476 4620 532 5826
3598 3598
3617
3611
2614
2614
1637 1348 1348
2040 3389 5778 5529
3552
1976 2845 4882
2614 3598
3555
5927 3892 3390 1746
3565
1586
3598 3612
3618 3618 3618 3612 3589 3618 3618 3618
5056
1542
5825
624 620 629
2069 4620 2859
3621
3611
1530 1419 610 637
3611
6032
2614
3565 2593 3621 1551 3565 3741
3598
3621 3612 3598 3612 3612 3612 3621 3612 3612
2614
3612
3611 3598
1348 1348 1348 1348 1348
2603 2593
3598
3612 3612 3617 3616
3598 2614
2590 3611 3612
1348 2591
3589
3612
3565 2614
3598
3591
4879 4880 3634
3611 3611
2614
2614
311 4857
3612 3565
3591
1348 1348 3598 5071
3612
1296 983 1222
3565
2591
2597
3598
3612 3612
3612
2591 3612
3598
2593 2591
2455 1491 5056 3970
1348 3565
2614
3612
3601 3611
3587 3587
3612
3587
3612
3611
2614
2614
2614
3598
3598
3611
2371 3612
3611
2614 3611
3598
3621
1348
3565
3611
1601 5814 5492 5814 1600 3522 1601
1637 2614
3591 3598 2614
3598
3611
1348 1348
3565 2591
3598
3611
3614 2614
3598
5040
3618
3598 3611
1082 1562 378 1355 2919 2077 5006 2978 2076 3142 1562 378
3611
3612
3616 3612
3598
5482 1355 2424 3423 2023 5928 3395
3598
5825 2474
1607
3611
3765 2691 5218 2158 4879
3617 3587
3611
3388 5220 3883 3883 3068
3565
1348
1348 1348 1348
3391 1963
2614 3612 3612
3611
3565
3612 2614
2614
3611
3598
2614
3611
3598
3618
3611
1348
3611
3068
3598
1348 3565
2614
1484 2071
3612
3598
1348
3611
2614
3611
3618
2614 3423 3388 3413
3612
3617
3598
3598
2819 2418 5007 5007
3598
4858 3411 2421 4629 3765
2603
3598 3598
2614
3598
2631 4838
2927 3390 1930 2325
3615
2317 2325 1622 3394 5001 1927 1767 3565 1622
2426 4743 6035 3387
3612
2071 4858 2859 3062 3524
3611 3598 2614
3007 3107 3964 3698 1355 2357 2518 6035 1515 344 3105 3419 3419 2029 2802 4870 3107 1355 4661 3964 3105 2855 1926 3693 2357 6035 4546 4661 3690 4708 2693 3107 2770 3105 2850 1355 3395 3007 2357
5794 4988 3765
3612
3565 3565 3565 3598 3565
3613
2020
1985 2022 4490 5146 5028 2780
3598
3614
3612 2593
1901
3611 3598
1530 626 605
2029 5072
3029 2064 1511 1611 1466 345
3565
360 2455 4190
2020 2155 5776
3612
3565
3459 6035
3565
3616
3612
2614
2614
2614
3565
3598
3615
2614 3611
2603 2603 2591
3565
2614
3598
4839 4070
2674 5558 1348
3571 2593
3611
3611 3616
5090 3612
3613
3612
1348 1466 1348 637 1348 1348 1348
2550
3611
1489
2593 3574
3611
3611
3617 3617 3617 3617 3617 3617 3617 3617
4794 2022 4839 1355 4839 4071 4794 2029 1955 2904
3611
3611
3561 2614
2614
1645
3068 4629 4619
3598
3611
3612
2614
2865
3612
3591
3611
3577 3598
3611
3589
1888 1888
3612
3611
1586 4875
5808
3578
3612
2614
3611
3612
1348
3612
2614
2894 2022 3465 1575 5552 1990
3612 1965 2950 1419 1642 3465 4584 5070 2287 4890 1965 2090 2234 2192 2331 5555 2156 1419
1348 3565 1348
3614
3612
2614
2593 2071
3357 5432
3611
2614
2618
5507
2614
3611
3611
3612
3598
3611
3611
2614
2593
3565
3612
2603
3612
3598
5826
3614
1348
2614
2178 5521
3598
2614
3565
3611
3598 3598
3613
2614
2593
3612
3612
3598
1348
3612
3611
3598 3598 3598 3598
2845 1219 2855
2614
4038 1567
3338 2555
3611
3611
3590
3612
3611
1610 6004
3598 3615 3598
3612
5091 1643 4858
2600 3577
4097
3598 3621
2614
3598
3589
3598
3598 3598 3598 3598 3598 3598 3598 3598
3612
2592 3612
3598
3565
3591 3591
2614
3587
2627
1023 378 1217 983 1296
3611
2614
3598 3598
3612
2391 1932 2158 3224 3394 3697
3590
3611
3598
2560 2591 2561
2614
2593 2593
3598
2593
3598 3598
1348 1348 1348 1348
3598
3611 3587
3621
3612
3621
2593
3611
2614
3598
3411 3435 5826
3611
3611
3598
3612 3612 4843 3612
3612
3612
3565
2660 3622
2614
3611
1932 2274 4257
3598 3598
2065 1655 1530 2065 1655 1530
2593
2614
3067 2491
1635 6042 6035 1518 1635 6035 6042 6035 6042
1348
3598
2550 4052 5810 2591
3245 2069 5831 5057
3622
1150 3566 1112 5932
3598
2108 5906
1221 378
2594
1567 1565 3384
984 1224 766 378 633 1224
2892
3598
3612 3598 3598
3598
5498 1596 5497
2614
3598 3598 3598 3598
3612
1872 3611 2592
5418 2614
3611
3598
1216 984
1348
3565
3612
3565
3598 2614 3598 1348
2593
2614
3598 2614
3614
3598
3612
2603 3612 3598
3612
3612
1639 439 1530
3612
2614
2614
2614
2603 3577
5836 2064 3391 1567 2416
1530 1419
3598 1348 1348
2614
2155 2859 3391
2614
3616 3618
3598 3565
3598
2431 2083 3394 2076
2591
2614 2612
378 378
3598
2892 5143
3612
1216 983 1216 378
3598
3612
3618
4880 4488 2463
3611
2069 3427
2614
1530 603 534
3612
3565 3611
3611
1413 599 1494
3611
5826
3617 3617 3617 3617
3621
3598
1348 1348 1348 1348 1348 1419 1348 1348 1348 1348 1348 1655
2614
3621
3598 3621
3598
1348
2591 3598
3598 5136 5157 3880 5140 5157 1551 2968
378 2593
3611
3598
5146
3565
2614
1348
3598 2591
3612 3598 3611
2614
2614
3612
633 1216
5038 4765 2152
3598 3612
3621
1348
3598
3611
3578 3598
3598
3598
2614
603 4756 1637 1601 1413
1466 1530
4743 4858 5778
1530 330 347 3027 350 1664 1147 3182 3027 4045 2455 347 3182 4045
3565
2614
2614
3598
3598
3591
3560
605 603 1530 636 532
3612 3598 3598 3598 3611
3621
3587 3587 3587 3587
3611
3611
3612
3598
3611 3587
3245 4858 4766
3611
1944 1960 2023 3411 5066 2849 2865 2851 3598
3622
3613
3611
3612
2614
3612
2860 5033 2273
3612 2082
3612
3565
3565
2614
4794
2593 3611
3565 3565
3565 3565
3611
3612
3612
2614
2590 3571 2596
3577
1607 1567 4878
3611
1348
2614
5430 2593
2603
2614
2593
3068 3405 230
3598
3611
3565
3598
5776
3335
3611
3420 3693 2391 4858
2614
3611
3598
2568 2571 3612
3611
2518 2064 1355 3183 5927 1963 5005
3612 3612
3598 3598 3598 3598
3611 3598
2614
3612
3617
2071 3424 3735 4753 1975 5070
3598
2614
3598
3612
4766 1489 2065 5501 4576 4254
3615
3611
3615
3598
3611
3612
3395 4999 1348 3434 2858 4858 3598
2614
2612 5804 3598
2071 3615
1466 1419 1550 637 1550 1550 1466 1419 637
745 756 742
3611
2782
1481 2065
3598
1348
1820 2139 2923 1355 5073 4071 1929 1976 1820 2020 3406
3598
2455
1348 1348 1348
361
3565
524 1637
3598
4805 3634 4805
3612
3566 3598 3566
3073 4805 3073 3073 4805 3073
3611
2593
3618
3598
3612
3565
3598
2583
2593 3567
3615
2614 3598
3598
3598 2603 3617
2614
3612
1348 1348 1348 1348 3565 1348
3487 2025 2859 3621
2590
3611
2071
3611
3598
3366 5066 1355
3611
3616 2614 3617
3579
2618
3598
3598 3611
3590
3612
3611
3612
2068 3598 1491
2593 3598 3621 2417
3612
3598
2593
445 532
2603
3076
3598 3615
3598
3565 3565
3621
3598
3612
3612 3598
1348 1348 1348
3622
1637 608 626 608 1634 532
2603 1914
3611
3598
3598
3613
3598
3611 3598 378
3621
5055 5521
2071 1488
3565
3598 3598 3598 3621
3598 3611
1348 1348
2593 3565
2614
1348
3611
3612
3613
2614
3613
3598
636 636 526 605 1637
4794
3615
2614
3612
2614
4880 2022 3598 2859 4882
5435
3612
3612
3613
3565
3598
3598
3612
3616 3616
3612
3615
3598
2464 1622 2670 2286 4882
605
3615
2614
3598
3598
2507
3598
3611
3598 2593
3612 3611
361
2070
3598 3598
2593
3587
2614
3611
2864 2020
3611
4387 2025
3598
4890 3411 3412
3611
3611
2301 3770
2614
3587
2614
1348
3053
1348
2114 2614
378
2071
3621 3555
3598 3598
4754 3667 5110
3565
3598
3611
2593
2070 4623 4278 2330 4988
2858 2064 4882
2614
2455 2614
2591
3611
3612
1901
3612
2614
4095 620 5778 1562 624 629 5006 1076
3615 3613
2614
3613
2245 2070 230
3612
3374 3369
3611
3612
3598 1478
3621
2325 2865 3691
2510 2921 3006
3598
3612 3598
3565
230 5555 5143 3388
2614
3612
2591
3612
2614
2614
3611
2614 2394
3598 2614
2614
3614
378 2317 3402 3436 230 230
3612
3611
3598
2175
2885
2614
3612
2507 4882 1939 4875
3598
3612
5143 2234
3612
3613
3591
2614
1348 1348 1348 1348
1586 4070 5907 2431 2065
3598
2614
2892 5001 2854 2916 2455
1348 1348
3612
3598 2593 3756
3611
3612
2614
3598 3611
2614
3598
3598
1348
2590 3611
2614 3615
3598 3612
2614
3611
3598 3598
3612 3598
2614 3598
3612
2614
3611
3621 2603
1348 3974 2320 3634 1626 2314
3598
2593
2270 230 2289
3612
3389 1355 5826 3222 2437 4999 5556 3222 5826 5056 5008 2687 3389 5055 2687 5826 3391 2426 2010 4884 5055 5055 5826 1469 4883 1639 2417
3611
3612
2474 3891
3611
3598
2071
3598 3598 2594
1112 1183 1151 350 330
2603 3598
3598 5907 3598
3598
2603 2591
2916 5826 2178
3612
3598 3598
3598 3335
2614
2613 2611
2614 3611
2614
2614 3598
3611
5161
4192
3612
3611
3587
2614
2614
3598
3571 3621 1493 3575 2591
3612
3611
3621
3598
3598
3611
3598
5218 2918 2905
3598 3566
3612
3612
3611
532 5146
2614 3612
2593
3598
3598
3615
1478 2070 3437 3412 1492 3245 4255 1355 3436 2071
2596
2614
2614
3621
3598
4254 2065 5501 1586 3389
3612 3598
3598
2614 3612
2593
3598
3611
2614 2593
2614
3565
5528 1930 1935
3614
1348 1348 1348 1348
5825
3587
3598
3611 3598
3611
4858 4988 2865 3394 1497
3598
2274 3001 2020 4622 1419 2083 2064 6053 1355 5507 3754 3394
3412
3565 2591 2561
3565
3598
3612
1606 1496 1995 1606 4895
3598 3612 3598
2918 2022 1492
3582
1348
3612
3613
3612 3611
2614
6048
2614
3612
3598
2065
3598 2614
3598
4881 1576 5927 1500
1348
3598
3612
2614
2548 2612 4968
5219 1509 5464 5580 5220 5464
2614 3598
3612
2593
2593 3598 3565
3611
3611 3587
3621 4821
2614
3612 3598 3598
3612
2614 3612
2593
3598
3611
3612
2488
3613
3612
5039 5034 5455 2416 2968 5042
3598
2618 3558 5157
1348
3613
4988 2670 2844 4759 3006 5510 2647 6053 4858 6025 1552 2763 5507 2754 2844 1552 5007 4858 6025 4759 6053
3611
1348 1348
3612
3598 2240 4884
3611
1348 1348 1348
1348 1348 1348 1348 1348
3611
1348 1348
3734 230 4268 2926 2490 230
2593
3067 3390 3412
3611
3591
1655 3389 2039
3612
3611
3598
2614
3598
1348
3612
1419
3598
2603
3565
3611
6033 1645 637
3612
3612
3598 3598
3598
4858
3598
2614
3612
3598 3598 3598
3613
2614
1769 5136 5464 6054
2614
2614
5040 3411 4268
3566 2614
3598
3612
3612
3598 3598 3598 3598
6039 4875
3612
3577 3565
3621
4039 4253 4039
1348
3612
2591
3029
1348
2614 3598
5146
1348 1348
3611
3598 3611
1530 637 2330 1208 838 4879 1612 5834 5826 5825 3068 1612 1612
3612
3598
3612
3612 2593
1506 599 531 5136
3598
3621
1348 1348 1348
1615 6039 1542
3613 2591
3598 1355 2949 2020 1927 3394 1930
2593 3612
2612 2568 4253
3565 2593
3598
3613
1348 1348 1348 1348
3598
3611
3073 3073 5418 5425 2264
3598
1348 1348 1348 1348 1348 1348 1348
3598
3598
5427 5182 5066 2331 3274 3465
3611
3611
3612
3611
3615
2593
2614
3611
3565 2614
3598
4203 1222 1207
3611
2614
2593
3611
3611
2612 2611 2593 3360 1355 3621 6032 2560 4741 3565 4743
3611
2614 3598
2614
3598 1348
3611
3611
2614
3612
3622
3611
3598 3611
5182 4793 2064
2603
3598
3612 3598 3598
2614
3611
3621
2065 3560
3598
3611
3621
3565
1348 1348 1348 1348
3611 2593
3565
3613
4878 5466 4884 4878
3598
3613
3598
3053
3612
4787 4794
4742 3391 5464 6035 3171 4623 2844 341 2603 1502
3611
3589 3611
3612 3612
1082 378 385 230 378 231 983 1219
2614
3621
3621 3612 3598 3612 2593
3611
3565
3598
2481 1480 231 2662 5146 2232 230 5157 2481 1355 4882 2481 2320 2232 4882 230
3565
3598
3598
3612
3843 3834 5146 5189 3844 5007 5146 2323 2479 3849 3850
3611
3611
597 4747 1413 2023 1025 5932 2850 531 2863 603 5007
3591 3591
3612 3612 3612 3612 3612
3611
3611
3587 3587
3612
3612
5532 2507 2881 4988 3171 1548 2474 2918 2921
3611
3565 3611
3611
3611
2614 3598
3612
3565 3565 3565
2614 2551 1866 1348
3612
3598
3598
2614
2591
3565 3611
3598 3611
3598
3611
2571 2593
2614
1348 1348 1348 1348
340 1476 2455 1476 340 3068
3611 3612
3612
3622
3621
3598 3611
5813 2571
3611
3598 3598
2314 3612
987 1216
2614
3612
3612 2614
2380
2591 3612
3565
2614 6042
3598
528 2614
3598
3577
2614
2614
3612
3611
3598
5157 1419 1466 1655
3612
5218 5501
231
3612 2614
2156
3612
3459 2491 3068
3598 2614 3611
3612
2614
3598
3612
3598
2613 3370 1348 2612
6032
2593
3598
3611
3201
3611
3106
4778
2614 3598
3611
3611
3598
2763 2982 1978
3621 2591
3612
3598
342 1503
3565 3565
3612
3612
2417 4875
2614
1216 231 983 378
2614
3611 3612
3612
3611
3598 3615 3598 3598
3611
975 916 3565
3612 3621
3598
3565
3598 3598
3598 2614
2168
3598
3611
3611
2591 3565 5851 5850
3611
2614
3611
3598 3612
2614
3411
3612 3393 2859 2858 4873 2314 3735 2416 3391 4858 3565
3565
1465
4794 4880 4879
6035 5186
3611
3611
3565
3611
2614
3598
3598
2593 2323
5218 2416 3734 3391 3964 2860 230
3598
3741 3621
5529 5218
2614
3612
3621
1348 1348 1348 1348
2916 1741 230
230 4257 2859 2860
1486
3611
2614
378 231
2614
2593
5464
5470 1496 3067 3423 2949 3435
1348
231 378
3612 3598
1493 3612
4879 1497 230
2593
2325 5927
5090
3611
3605
3611
2071 2309
6032 3395 4132 2683 2163
5090 3566
532 3892 437 3892 5033 3435 5042 526 5042 5813 526
3577 2593
5801
3616 3611 3577
3611
3574
2614
3598 3565 2603 3598
2612
3613
2614
378
2594
3611
5776
3613 3615
3598
1348
3621 3598
230 2482 3964 230 230 1480 3964 2507 230 3964 3870 2421 230 3870 230 3870 230 5418 3870 230
3598 2614
1227 1208 230
3612
3598 3611
3598
3612
1348 2593
2272 4839 230 230 2289 2287 2277
2068 5927 3598 5143 3096 2844 3598 2193 5038
2614
3611
2597 2595 2597
3611 3611
230 3423 2679 5132 3268
2613 3612 2612
5058 2070 3225 2391
2614 3598
2434 5143 5058 3420 3183
3612
3589
3565
2614
378 378 1217 984 1216 3067 378 4633 5776 3598 1530 526 1025 605 4882
3598
3614 3613
2614
3612
3612
5501 230 5456 1497
3598
3598 3612 3598 3598
1530
2864 5505
3612
3598
3598 2614
2614
3598 3612
2065 2565 2028 1586 2958 2957 3756
2603
3598 2614
3598
3612
3598 3565
3598
3611
3565
3598
2614
2593
230 2064 3766 5005
3611
3612 3598
3615
3565
2525 2317 2855
3598
3612
2603 3598
2969 2331 3411
2614
3612
2614
3612
3612
1348 1348 1348 3565 1348 1348 1348 1348 1348
3612
3611
3612 3611
2069 3964 4879
2065 311
3598
3612
2593
230 3068 3068 230 2997 230 3068 2978 230
2614
2395 2865 3067 4890
2614
3617
3612
3598 3598
3224
3612
2591
2316
3611
3611
3611
3611 3598
2593
3611
2560
3598
3612
5436
3611
2596
3611
3612
3611
2614
1509
378 378 764
3612
231 1207 378 981 231
3611
2593
2593
3611
2593
5579 5431
3564
1222 2596
3565
3598
3598
3616
2614
3611
2614
230
3622 2590
3565
2614
4132 2858 5146 4879
3611
3008 230 4618 3876 4630 230 5507 230 3008 4620 3008 230 3068 3876 230 5074 1940 4629 4132 230 4618 3008 3876 230 5569 4629
3613 3613
3591
3612
2560 2561
532 437 1639 605 402 593 437
1348
3598
5770
1550
3297 3283 5166 5001
4095 3398 2289 3389 1355 3766 2071
3598
3598
3565
3598
3611
3618
3612 3598
2614
3598
3621
2614
3611
3611
6016 3612
2421 3690 2071 3389 3697
230 1216 838 1210 1227 1226 231
3611
3611 3565
2593
3611
3565 3565 3565 3565 2603 2603 2603 2603
3598
2614 3598
5825 2156 2271
2614
3598
3611 2614
2614
1348
637 1646
2593 3598
3611
3598
2614
2614 3394 1952 1488 2070 1601
1208 1227 1226
2256 3068 2256 3068 2555 3524 3068 2256
3598
3598
3611
3612
3565
2614 3598
3598
6018 2614 3552 2618 2594 2618 3062
230 2455 5531 5826 230 2455 5826 4879
2978
2614
2593
3598 2614
3598 3598 437 526 591
2603
392 1646 637 1529 1419 1025 601 3290 2507 3291
3615
3598 3612
3399 3395 3394
3611
3565
3612 2593
3612
230 3413 2418 5218
6032 6032 6041 6032 6032
3388 4858 3427
1995 230 1531
3615 2593
4268 2083 4117 4268 1974 2083 2083 1974 4269 1974 2083 4268
3598
3611
1491 1764 3068 1606 2013
2969 4837
3612 3612 3611
1348
3612 3598
1348 1348 1348
3598
3612 3612 3598
3598
2614
3598
3618
3611
1348 1348 1348 1348 1348
3612
378
3612 3598
230 3180 4976 2683 3067 230 5569 4976 5558
2614
3598
3611
2614
3612
3615
2614
3611
3611
3612
2614 5070 3387 2509 2020
3598
3601
3612
3621
3611 3611
2593
4052 4052 4052 3598 3621 4988 1500 1550 3598
1348
524 1413 4253 593
3598 3611
3618
5127 5126
3611
2614
3611
2919 4795 1520 3389 4874
3612
3611 3598
3612
2591
5792 3565
3612
3612
3612
1921 3411
3618
3611
3598
2904
2318 1355 4633 5778 5189 2489
2614
2614 3565 2199
2139 2071 2954
3612
2614
2416
2614
3617
2614
1563
3611
1348 2438 1858
3611
3388 3424
3611
3565
378 1206
3598
3612 3611
2614 1348
1585 5493 230
3611
230 6035
3612
5526
3612
3598
3611
2593
2614
3598 2614
2593 3612
3612
2957
1623
3590
3598
2614
2025
378 1296 231 984 231 984 632 378 984
3587 3611 3598
2591 3598 2593
2614
5425 1926
5928 231 378
3611
2593
4839
2614
3598
1500 3617
2593 3614
528 534 529
3611
2455 3765
3598
2455 2903
3598
3029 605 526 1025
3611 3612
3621
3180 1992 2094 3242 3247 2094 3182 3262 2101 3242 4546 1655 231 526 1469 1466 1355 2094 3247 2919 606 1469 1466 526 230 2391 2395 2859 2859 230 2395 3182 2395 1613 230 1355 230 1639 626 526
605 442
2593 2239
3612
330 1183 1147 350
3565
3618
1348 1348 532 1348 1348
3615
2036 3621
3611
2889 2918
1348 1348
3611
2614
3598 3612
3598 3612
1622 2489 3464 2418 1355 3388
3622
3598 3598
3598 2614
3612
2614 3598
3598
3611
3611
3552
3565
3391 2025 4253 4988 5033 5058 4743
1639 1348
5431 3350
3067
3598
1348
3577 2593 3575
3601 3598
3612
3611
3612
3556
2894 4765 2903 5145
2614
2357 5143 1935
3612
2455 2316
2218
3612
3611
2614 3612
3612
3621
3565
3611
2612
5539 4335
1348
4784
3621
3611
3612
2903 3693 3653
3612
2614
3541
3465
2614
3611
3612
3611
1637 4858 442 5098 5932 605
3621
1491
2591
3621 3621
3612
3435 3395 2064 3419 2612
1549 3183 2047
3601
5146 5189 2593 2139 1355 3622 5146 4985
2076
2614 1480
3617
2614
5161 2916 5539
2863 3419 3487
3613
2438
1348 3634 3598 3634
3565 1348
3612 2614
3611 3598 3598 3598
3612
2094 2064 2861 2424 1216 988 378
3611
3617 3616
3598
2614
3611
2594
3617 3565 3617 3617
3611
3611
2614 3611
2850 605 435 1639 605 1025 1639
3353 3612
1227 1208 838 3029 1216 988 1227 1227 981 1207 1216 1207 981 1227 1296
3598
3615
3612
3612
4873
2139 1858 2954 3180 2314 3391 5932 4873 1858 2139 2954 2954 2139 1858 2954 1858 2139
3612
2614 3598
3598
1901
3611
2978
3611
3612
2614
3611 3598 3598 3598 3587 3598
2614 1530 1530
3598 2614
3598
3598 3598 3598 3598 3598 3598 3598
4873 4867
3598
3612
1543
2593
3678 230 230 3678
2603 2590
230 5826 5826 230 5826 230
3598 2614
3611
2614
3591 2614 3565
378
1563
5146 3067 4880
3612
1563 3598
4622 230 5510 5778
3611
1215 231
3613
2550 2548
3565
3611
3617
2560
2614
3611
2614
3621
2865
3612
3611
2614
1348 1348
3621
3611
3612
2614
3067
3598
3598
1348
6032 378 2177 4880 2156 3556
3612
3598
2614
1746 5073 2070 2139 4629
3612
3615
3598
3611
1768 4858 2861 1576
2600
3598
3598 3611
3611
1530 1642
2614
3611
3611
2029 534 636 1601 599 739 3106 4593 531 534 626 599 5146 2029
3598
2330 4778
4900
3598
2324 2463 1540
3565
3611
3612
3612
3598
637 3565
3598
3598
1222
3612
2916 4620 2919 4620 2919 4633 4633 2916
2614
2614 3598 3598 2591
3565 3598
3346
4858 4795 5000
3612 3612
3617
3611
3611
3611
2593 3612
3611
3565
3590
2614
2593 3621 3598
3598 3598
3611
1563
2614
3556 3621
1542
2614 3068 4874
3612 3611
3611 3616
5979 1550 1511
3598
2614
2314
3598
3598 2591 3613
3611
2614 3612 3612
3611
2593 3598 3612 2327
2133 2614
5167 2927 1355 4988 2069 4630 3432
3611
3598 3612
2894 3180 230 1932 231 3388 3180 230 1932 3180 230 1932 2894 3182 230
3611
3611
3611
3611
3611
1348
2036 1488 1487 2064 357 2022 3565 2583 3598
5179 5053 5053 5053 5179
3618 3617 3617 3617 3618
3589
3614
3612
3598
3565
3598
2614
5440
3611
3565
610 1655 1529 1466 230
3621
2559 2571 1348 5439 3611
4253 2614 3598
3611
2614
3598
1348 1348
5794 1530 1419
3613
3612
2614
4882 1548 1548 4879
2614 3598
1509
3613
3565
3598
3611
2614
3612
3612
3611
3621 2614
2614
3611
2593
5825 3390 5510 4633 4785 4095 1355
3598
5523 5040 3612
3612
3598
2455 3390 2416 3734 230 4794 4900
3598
3611
3615
3611
3598
3612
3598
2028 5556
3621
3612
3612
3615
2593 1348
386 365 622
6034
5434 3354
2593
3598
2603
3565
3612
3394 2005 1550 3598 1615 3452 2418
3565
3611
3598
3621
3611
3614 2614
3598
2325 1543 2325 2324
2567 2555
1348 1348 1348 1348
2614
5071 1523 5464 2495
3611
3565
1222
1348 5078
3598
3612 3612
1508
3389 2317 3390
983 1219 231 378 2489 2859 230 231 1219 1222 983 2859 2395 230 1219 974 984 983 378 916 1472 231 983 835 1215 1216 1216 1976 2860 230 1216 983 378 231 230 2859 2489
3611 3598
3621
6041 1606
3612
5005 5055
3612 2593
3612
5132
3598 3598
3612
2614
2281
2064
3598 4873 5932 2455 3391
2614
3612
3598
2614
3611
2139 6032 2662 230 5825 3693 2865 230
230 526 1652 1469
2593 1586 1585
2863 2076 2865 5528
231 4633 3175
3598
3612
3617 3616 2614 3616 3618 3590 3616
2591
2614
2614
4618 4633 2851 1211 230 2894 3067 1497 3290 1355 5886 1962 3008
1861
3612 2592
3612
2555
4858 1480
3068 1210 6034 1207 1962 4838 1222
3598 4629 3390 4633
3611
3612
3615
3566
1532 637 637 1419 230 610
3612
374 378 230 638 721 647
2614
1355 2488 5460 4976 230 3222 3910
2321 5157 2320 230 1355 2320 5157 2321 2806 230
2591
3598 2591
3611
2603
1612 1511
1355 4633 3172 3106 3107 1355 3171 2094 3243 3262 1355
2614 3598
3611
3598
3611
1348 1348
2614
3598
3611
2277
2614
4070 3412 6032
3612
2614
3598
3611 3611
2614
3598
3598
378 1210
2603 2614 2560 3618
3891 5005 230 3870 3870 230 230 3870 2851 3891 230 2894 3870
3612
3855
3611
3459 2455
5960
2593
3612
3617 3618
1939 230 5058 3008 230 3224 3891 5539 5055 230 1634 1419 1025 1466 4999 2894 3891
2273 3222 5814 3888 1920 2886 2330
2614
230 2032 230 4577 230 3180 2891 2969 1963 230 5136 1768 3170 3434 230 230 3106 2780 230 2064 2139 1355 4545 1530 637 1419 4879 1355 3434 3180 2139 230 2780 4545 637 1530 3170 3434
3621 3621
2603
3598
3611
2036
2884 5932 2020
2614
2614
3621
3612
2603
4253 1921 4095 4879
4046
3612
3612 3611 3611 3611 3612 3612
2065
3611
5825
2316 5065
3611 3611 3598
2323 4753 2029 3184 1607 2272 1867 1639 2323 1935 2424
2045 3598
3601
3598
3612 3616 3617
2590 5090
2594
2064 3598
3565
3565
3621
3587 3598
3618
2593
2614
230 1740 2851 2005 4252 2344 5167 230 2396 230 3173 1740 5880 230 5098 5558 4873 5073 3180 230 2396 1740 2884 4890 230
2455 2614 3008
3612
2614
2591
2561 2560
2614 3598
3611
526 597 2614 1530
230 2979 2331
3964 2614 4884
2614
3411 5007
534 1652 1530 1413 378 378
3420
1348
1348
2550 5813
3587 3611
3611
2455 3390 1222
3565
3612 3612
3611
1348 1348 1348 1348 1348 1348 1348 3634 1348
3611
2614
3615
3587 3611
230 3870 1355 230 2803 4119 2309 6032 2286 1355 230 2323 3888
4858 2323 1355 230 1419 1645 2034 1530 1466 2193 230 2268 1355 2155 1963
3394 1419 4858
2593
3888 2916 2879
3611 3612
3611
2578
2591
4785
3598 2614
230 2919 230 4890 3402
2593
3611
1563 3068
2614
2950 3891
5058 5156
3611
1590 2670 6034 2065
3611
2593
3598
2614
3549 2596 5090
5221 2614 1500
3407 4795 2418 4070 5792
6032
3612
2683 6053 1355 230 2674 6048 2683 230 2309 6051 2683 230 2309 6051 230 2525 2683 6049 2683 3452 3068 230 2357 230 2309 6053
3612
5470
3611
1348 1419 1348 1348
3598
2593
445 526
2614
3598
2614
2581
3598 2593 3598
3053
2614 6039
1222 1207 2481
3598 3611
3611
5033
2614
1348
2592 3621
3611
3598
3395 2022 1355 2440 3406 4999
4070 3598 3693 2028 3040 3693 4070 2859 3693 4070 3571 3612 1998
3616 3620
3612
5492
3611
3598
3611
1529 231 1419 2431 3158 230 3068
3614
3565
3598
5090 3565
3765
2614
3565
3598 1491 2028 2028 3621
2614
2569 5038 2568 2554
2894 3872 2982
378
3621 2614
2593 2593
2593
3587
1930
1646 1466
3621
3612 3068
3611
6032 2580 6032
2614
2614
3598
3612 2614
2065 1475 5413 4633
2601
1348 1419 1348 1348 1348
3598
2071 3245 4070 2863
984 231 1226 231 231
3970 4741
3612
3611
3612
4983 6051 4985
3565
3598
3598
2614 2507 2904 2156 5070
3612 2598 1533
3598
445 435
4052
1348 1348 1348
3612
3598 3598 3598
3612
3598
3611
1348
230 2323 2859
2613 2612 3615 2560
3612
526 584 636 532 584 444 584
3612 3612
3611
3565
4795 2071 1488
3613
3611
977 5932 2455 3393 4873 4208
2969 2949
3598
2865 2863 230 1355
5510 2325
3612
3612 3611
2884 3388 2863 4660 3387 3746 2859
3598 3598 3598
3612
2316
1207 1222
2594
2614
3621
2071 5927
3612
3612
1419
2593
3621
3598
2614
2595
1530
3611
2626
2614
5189 2892 1550
230 2868 2434 1623 1534 2868 2417 6032 230
1355 4870 2904 5070 230 1932 1355 5057 5501 2904 230 5136 1935 3389 1355 4857 5070 4545 2455
3598
2282 6039 5033
4858 1856 230 6049 3097 3068 5005 2525 230 3068 5056 2455 1549 230 2323 637 1419 610 1466 2331 1530 3888 1655 230 3888 1355 3068
2594
2593 5432 2561 3612
1543
5543 2314 4882 5543 5495 4883 1548 1576 1548
2614 3598
3612 2593
3612
3587
3612
3611
2618
2614 3611 3612
2614
5526
3612
3611
2868 230 2032 2330 2071 2071 230 3437 1509 5074 3883 2455 5058 3007 230 6032 3892 230 2434 2036 2908
5157 2863 230 2101 1355 5157
2071 3565
3622
3621 3068
1348 1348 1348
3565
3612
5470
3565
3611
2593
1348 1348 1348 1348 1348 1348 1348 1348 1348
3611
1348 1348
3916
1348 1348 1348 1348 1348
4787
3565
3565
3589
1348
2036 2418 6032
3587 3616
3612
2561 2618 1615
3692 3892 230 1767 4070 3892 230 3765 3068 4070
3615
2455 230 4873 3391 5932
3565
3598 3612
3565 3565 3565
3612
378 1296 974
3611
3565 3612
2298
1348 1348
3616
3565
5065
2417
2892 5146
1601
2507 5081 3559 6048 5493 5081
3611
5770
2593
3067 2313 3067
2032 3388 2863
1627 4133
3598 3611
5456
4620 2884 2426
3611 2575
3565
1348 1348 1348
2603
3621
3611
3565 2603
3612
3611
3614
3611
3612
2594
2289 4880 2455
3588
6039
1348 1348
3459 5098
3170 2396 2314
2593 3565
2859 4869 230
1348 1348 1348 1348 1348
1348 1348 1348 1348 1348 1348 1348 1348
1549 343 1514 343 1514
3611
3612
1587
3622
2316 5055
1348 4857 2864 2416
2222
4045
3613
1025 526 442
3386 2859 4618 3184 4988
231 1530
2482 5886
