6138
6173 2159
4030
3776 3776 3776
4030
3195
2312
5810 2193 3427 1498
4016
4030
2838 2884
2893
3800 5662 4793 1742 5478 2811 2608 2174 4558 3789 6149
4029 2911
4032
695 690 1189
1345 424 2746 5643 1793 2206 4783 4202 2310 3295
3978
4016
2313 1016 6801
2384 1507 3546 3093 2623 5882 2802 4118 2669 3122 2310 1741 5177 2269 3181 5251 3355 4421 2270 1748 6803 2318 3381 5250 3123 3789
2821
2821 3552 3876 5619
2911 2854
3293 2821
2822
2716
2884 4016 2904
3978
2821
4016
2155 2313 5478 1753
2168 5494
3978
1477 1469 1088 1356 1080
1579 1819 3327 1697 692
5112 4016
1361 1346 1358 424
4029
5877 3785 4164 6687 2904
3434 4767
2312
1086 2911 1358
4016
6803
4016
2883
4029
1649
2893
5504 2587 4476 5493 3829 3219
924 1088 1131
2261 3196 1660
2904
2889
2893
671 588
4016
2821
2821
3759
2821
1354 926 1084 1086
4323 3338 1507 3988
2125
4793 1507 3813 1705 6506 6817
1015 424 5798 1355 1131
3764
1695
1665 2147 1655
2904 2838 2854
3978
2904
402 2312
4029
2307
1088 1361 261
2663 1714 2482
4029 4695
2904
4016
5478 5516 2821 2403 5515 6153
4016
4429 2530
5109 3381 2623 3559 2756 3471 3789 4115 1507 6804 3181 3473 2756 1720 3181 4118 5622 2270 2623 3788 6803 3473 6089 3123 3435 1508 3122 4112 3471 4182 2318 2802 3556 4421 3435 3122 2669 2206 5250 6801 3185 3471 3381 1507 4118 3789
4525 3324
2594 2821 1783 6802
4040 4030
2312
4016
2852 2847 6543 4030
2306 1649 2663 1507 2189 3560 2801 5251
2884
4030
2904
2857 2859 4040 4526 2859 4040 4016 4030 4526 1752 2859
2911
2169 5696
2822 2822 1963
2883
4031 5091
2911
4525
6804 4557 3787 2318 5842 1507 5878 5842 3788 1507 1673 4557 6804 2318
2911
6199 5671
6803 4202
3978
2821 3123 2384
2821
4016
2822
4016
2885
4429 261
4908
1346 4049 1346 4049
6209
2893
2796
5358 4048 3797
4048 5456 4353 5511
2822
6199 260 6189 6194
1695 389 1838 368 368 389 1695 1838
4030
1686 1699
5223
3199 6509 2441 260 5794
424
6247
260 6199 5717 5203
2979 5125 260 5794 1507 2384
5203 3180 3181 1688 3218 3560
260 1640 4234
6558
4029 2904
2904 3291 3218
2312 2884
4030
4845
2318
4016 2904
3829 3822 260 2689 5125 260 2326 3533
2694 4164 3798 2736 3784 6559 6687
4016
2822
2961 2724 2760 2968 2307
2904
5505 5404
2893
424 1358 1088
2904
5787 6189 5696
4040
2893
2904
1815 659 2904
2595 5511
424 1089
1483 1438 1445
4029
2425 1825 1821
1361
3218 2704 3796
5207 2821
1642 5403
5361 2410 2736 2270 2482 2270 2736
6250 5680 6500 5456 3533 5680 5680 3829
1819
2588 2589 2588
5208 4030
260 3191 2228 424 1088 1358 261 1088 424 1440 261 3191 2228 260 2193 3191 2207 4048 6558 2228 1937 4048 3191 424 1088 4049 1358 3435 4048 3191 2228
260 4337 424 261 3788
1016
4029
4016
2821 2904
1507 260 3182 260 6506 260 2736 5717 1507 4323 3229 4340 260 3356 260 4323 5619 3564
3851 5515 3196 1508 3782 3806 2709 1778 5504 3240 5622 4116 1715 5635 2590 1786 2577
6197 4298 260 4323 2764 6230 260 4625 260 4323 3356 2778 5794 260 3182 260 1507 4340 260 5794 3182 260 3356 4323 6822 4298 6818 260 2778 5794 260 260 5500 6189 2161 2771 2168 260 4317 260 5500 5794 2587 260
4029
1672 2307 6570 2173 2263 2904 4164 3194 5634
4625 260 2312 3829 260 3238 1507 2261 260
260 2736 1935 3822 5878 260 5794 3546 6248 5610 260 2586 3218 5500
260 3556 6194 2270 2266 4298 260 2944
260 3851 2306 2277 1507 260 3851 2440 260 1507 4421 1683
4421 2568 260 6251 3427 260
2307 6251 1507 6196 3871 5205
6806 6214
1777 260 1936 2313 2579 1935 260 1935 3190 3830
3822 5610 260 3426
3871 3781
3356 260
4016
6107 6099 2307
2886 6804 2882
2424 1655 1786 5504
1972 5695 260 2306 260 5695 1972 3218 260 3789 5695 1972
4016
1361 1345 3339 2312 3829 3782 5501 5501 3339 3196 2307 3829
2277 3182 3227
4016
4030
260 2310 3552 1664
2307
2261 2794 346 2716
1579 700 814
4030
2313 6098
5662 3460
424
4030
5208 1507 1778 5207 6504
1016 1358
