5413 2394
2614
3618 6025
3611 2614
3067
3678
4752 2907 4858 3222 2064
2603
3605
3598
3612 3611
2614
6041 2959 2694 6032 2957 5829 1348 2964 2964 6041 2957 5923 2958 2032 5146 3747 5829 2068 5470 2779 1978 2951 2866 6041 2326 2951 4794 5825 1622 2958 2957 2957 2951 2859 6041
4046 3621
3741 3612
3611 3628
3618
4618 1355 4985 2925 3395 2849 5218 2921 2424 4629 2069
1493 3611
3598 3611
3612
3614
1210 1222 1348
4933 4933 1496
2591
3565
2904 2068 2064 2905
2614
3611
3621
3617
2614
3615
3575
3612
2603
3611
5040
2614
2618
2591
3176 4747 2426 1355 2023 4801 2418 3391 2865 2064 1576 2474 2177 2064 2131 2163 4858
3612
3612
2560
2618
435 532 2029 2029 444 5167
4985 1976
3598 3612
5927 2464 4875 5419
3612
3611
2528 5157 6040 4449
3612
2614 1348
3611
3611
2289 3222 2994 5826 2326 5992
3412
3598
2614 3598
5826 3067
2614
3611 3611
3611
3618
3556
974 633 835 979
2614
3612
1541
2240 4738
2603 3612
3611
2614 5794 5792
2581 2628
3618
3598 3615
3611
1348
1419 3225 1563 5456 534 1655 3225 5157 4884 3225 1655
3565 3741
2614
3611
3565
3612
1942 1962 5055 5098 230
1626
5166 5167 2256 2256 5166 2757
3611 3611
2614
3598 3598 3598
3598 2614
3611
3598
3598
2591
2020
3587
2509 3692 5025
3611
3621
3611 3598
3621 2591 3598
1935 1550 5989 3007
3598
3611
2591
2614
2232
2614 3611 3611
2417 1590 3171
3612
3612
3565
2614
1935
1590 2979 2642
6032
4288
3598
2614
632 4522 916 984 1219
2614
3598
3612
1348 2614
2618
3612
3598
3598
3598
3611
3611
3612 3618
3617 2455 1550 3598
1494 1529 439
3565
3598 3598
3618
3598
2064 2325
2028 2923 5024
2614 3612 3598
2590
3598
3612 3617 3617 3612
2591 3612
3598 3611
5967
3598 3598
2884 2326 3401 4858
3613
2618
3617
3598
3612
3598
1348
2614
3598
3598 3611
3612
3598
3598
4660 4661 4671 2064 2438 2952
3611
2029
3598 2614
3616 3611
1606
2114
2591
3598
3598
3612
3612
3611
1671 1637 1633 1649
2614
2614
1962
2463
3611
3598
3612
2618 3612
3611 3587
1413 2069
2618 2614
378
3621
3554
230 5025 5826 5024 5424 5027
3611
2618
3559 2597
3612 3598 3598
2243 1465
3598
2603
2614 3598
3611
3598 2603
3598 2618
340 4288 1476
3611
2065
3612
3598
1419 528 534
3566
2591 5579
3356 3013
3598 3621
3598 3612
3611
3627
3611
2028 2020
2614
2614
3612
3598
3612
2455 5465 6032 2591
3612 3612
2084
4858 2232
2580
3611
3394 3395
3611
2618
3598
3621
5883
3612
2591
1348
2614
3598 2614 3598
2614 3598
3577
4287
3612 3053
1568 2156
3388 5979 4095
3611
2618
2455
5544 5157
2570 2552 5967
524 1563 5157 5157 3617 5157 2949
2323
2548 2550
5220 1622 2618 3612
2591
4288
4193 345 1611 3621
2614
1498
4811 352 2071 1920 6084
637 1419 2918 2864
2590
3611 2611 4567
3612
3612
4288 4287 3627 4289
5793 5799 2426
3435 230 4268 4794 5464
3589
3611
1741
3355
