5792 5794
2175 4881 3598
5167 3612
4097 4097
2614
378
5167
3611
3598
2614
1348 5166
3598
2614
3598
2614
5166
3613
3612 3598
3611
3598
2865 3405 5005 3388 2858 4070 3391 1355
2083 2964 6034 4131 2082 6032 2957 6032 2964 2957 5051 2083 5146 2083 2468 5825 5836 5932 2859 2416 2951 2468 5983 2858 5146 1348 1348 1348 2964 2957 6032 3756 2865 2958 2951 2982 3747 2325 2312 5470 5829 6042 4337 2855
3612
3598 3598 5167 3598 3598 2618
3615
5167
3611
5167
3598 2614 5167
3612
5166
3611
5166
3611
4933 5166
5167
5167 3621
5167
5166 3611
2330 1542 1945
3617
3598
3611
3612
5825 2022
3598
3598
3612
2860 5167 5157 5521 3693 2489 2426
2614
5167
3598
3598
2614
1329 1325 5569
5166
3612
1768 5558 2424 3391
2614
3587
3611
5166
5166 3612
3621
2614
3406 5932 4349 2662 3598 3394 5167 2064 3394 2090 5025 3406
3611
2614
2175 4875
3612
3611
6039
2323 2437 1956 1355 1955 2329 2858 3411 3692 6039
2614
2614
2919 5166 2918 2850 3419
3612
3612
6034 4881
3598
3598
5166 3621
5814 2555
5166 6041 4875
2614
5167
5166
2900
3613
2614
3612
5167
4875
5166
3598
2618 3612
2614
3096 2924 3068
2614
4873
3611 2614
5166
3614
5166 2614
5167
5166
2614
2618
1512
3598 5166
3611
2618
2455 534 2618 526 1567 526 5070
2618
3612
3994 4251
3612
3587 1493
1639
2618
5167
5166
5167
3611
5156 3598 3598 3598 5157 6004
4282 606 437 583 606 526 637 1419 610
1480 3611 5167
3611
2611 2618
2591
1878
3598
3598
5167
1348 5167
2199 5166 3598 1548
2614
5166
3612
3598
3613
3598
1530 435 447 1413 591
5166
2618
3611 3598 4858
3612
5167
3611
3611
2614
2614
3565
3613
5166 3598
5166
2614
5166
5167 3598
4594 2391 2780 2357 5187 2900 2029 3074 2396 1355 3964 4635 2317
3598
3598 2614
2614
3598
5167
5166
2455 1500 2688 5166
3612 3598 3598
5166
3611 2611
5510 4875
5166 2614
5510 5166 2816
5166
5166
5166 3598
2590
2614
2614
5166 4875 3598
1611 1611
2614 5166
2614
3598 5166
5167
5166
3612
3612
3612
2614
5166
5166
2325 5166
4875 2614 5166
2065 2222 5166
2614
3224 2982
5166
3612
2618
2614
3612
230 1992
5418 5419 230 5413
5166
2071 2325
3612
5166 2614
3611
3612
3612
1646 5562 1646 5409
3611
3612 2614
1348 2591
2614 5167
3611
3598 3598 5167
5166
2436 4742 1576
5166
5167
1905 3612
2618
4875
5167
3598 5167
5167
5166 2614
3612
5166
3611 5166
2614
4794 5166
5166 2614
5166
3611
3598 2260 3620
5166
3612
3598 3598
3741
5166 3598
3598 1348
2614
2426 2036 2156 3281 5220 5776 1355 1496
3598 5167 2455
5166
3598 5167
5166
5166 2614
6048
5166
3612
3598 5166
5166
5166 3598 5510
3611 3611
1509
2595
2064 5424 5415 5420
2184
4858 2868 5528 5001
3612
3612
3618
3611
3611
3598 3621
2614 5166
2868 3183 5071
5167
2064
5166
5166
2614
5510 5507
5166 2618
3049 3571 3598
5510 5167 1548
3611
2168 4873
5166 5510 3598
4212 3394
3598
5146 3598
3598 5510 4873 5166
5167
3598
4988 2900 2865 4988 2416 3395
5166
5166
5166 5166
5166
2614
528 3068 2614 5470 1419 534 1419
5167
4878
5166
2614
2560 3612
5166
2618
3617
3601
6020 5825 5932 2854
3612
2614
3612
5166
1348
3068
3611
3611
5166
2028 1729 2020
5166 5510 2070
5166
231 637 610 1532 603 1419 442 2474 2491
3598
2420 3598 2591 5166
3612 5166 3741
3612
835
3622
2614 5167
5166
3612
5166
2045 3888
3598
2986 2318 3842 3888 5167 5166 5165
5166
3171 3436 5998
3612
5157 5166 5157 2336
3622
5167 3611
5167
3621
5166
5167 2158 2156 2614
3388 4095 5979
4881
5166
2614
2455 4778 4858
3612
3598 5166 4875
5167 3621
345 3225 1611 5157 3222 5157 534 637 534 5157
3611
5166
3612
5167
2614
3587
3612 5166
5166
2070 5167 2858
3611
1419 637 637 1419 1466 1655
4794
2587
1348
6004
1348 1927
3611
3612
532 1466 526 534 5157
4861 4915
3611
1585
