5794 6558 4625 5481 5794 4040 5794
2883 4526 2903 3978
4030
4030
4029
4029
1656
4016
4032
4030
3969 2874
4029
4029
4029 3978
4036
4030
2907
4030
4007
3991
4016 4029
4030
4029
4029
2904 4016 4031
2907
6727 5502 2883
2883
4030
2906
4030 3978
4030
2883 2906 1656 1656 4030 2883
2883
2904 4029
4029
4030
4016
4030 2904
4030
4016
2906
4030
4029
2883
4029
4029
2446
1656
4029
4005 4005
4030
4031
2084 2894
2904 4016
2318 2318 2318
4033
4029
4029
4029
4007
4030 4029
6541
2907
2883
4029
4030
3978
3969
4029 2845
3978
4029
4016 4003 4029 4016
4029
2883
1656 2893
1672
4029
2907
4007
