596 491 669
4029
3978
4016 4016
4016
4040
4016
2310 2402 2169
4016 4016
4016 2313
2904
2883
2472 3186 4118 2737 4181
4016
4030 4016 4029
4016
4030
4030
3195 5634 3780 3092 3788 3781 1660 3780 3298 6801 4191 6801 3298 3305 5798 3195 3786 3189 4335 3305 2571 3305 6801 3092 3298 3190 3298 6801 3305 3300 3298 5798 3092 2770 3189 3305
3577
4029 4031
2904
4029
4016
4016
671 597 671 1572 597 4016 671 597 1572
4016
4016
1625 2774 5798 3558 3240
4016
1695 3426 6817 1695 1819
4029
2313
4016 4016
4016
389 368 1268 1330 1265 1334
4016
4016
2904
1754 1753 6206 1773
4016
4016 2907 3974
4016
4016
4030 4016
4016
4016
2904 4191
3980 2907 1501
1716 1716 1716 4030
4016
4016
4029
4030 4030
1501 2907 1501 2907
4016
4016
4029 4016
4030 4016
4016
1840 4016 594 671
4029 4003
5490 4016
4016
4040
2883
1572 675 597 4016
2883 4030
4029 4016
4029
4016
2869
4029 4016
4016 4016
4016
4030 2882 4016
4029
4016
4016
2893
4016 2904
2402 3394 3030 2709
4032 4016
4016
2904
4029
4030 4016 4040
5786 4117 4016 3227 5495
4029
2904
2568 4016 6793 5622 2261 5478
4016
1507 3806 5810 3226 3806 3184 3805 3806 5810 6727
4191
4029 4016
4031
4030
4016
4016 4029
4016
4029
3978 2904
2904
4016 4016
4040 4016
2883 2084 4016
4029
2522 2944 4016
4029
2907
4016
597
4016
4016
4029
4029
2484 2529 2546
4030
4016
4031
4016
4029
4029
4016
4016
2904
3978
671 1840 1812 1330 1695 368 389 1812 1228 1277 389 1330 671 1695 368
2904
4029
2696 3226 2736
1754 2269 1754 2273 2893
6121
4029
6527
4030
4016 2883
4029 4016
4029
4016
2765
5344
4016
1664 450 2128 4016 671 1658 1805 1695 389 1330 1275 368 490 702 1658 671 490 1840 1629 1805 450
4557 3189
4016
4029
4016
4016
4016 4016
3969
4016
4029 4016
4016
4029
4016
2883 4029
1501 2907
2715 2349 2717 3601
1681 1935 2156 5344 3781
4030
4040
4016
1729 3978
2158
3328 6211
4016
4016 4016 2893
4016
5405
1638 379
4016
588 4016 4016
4029
4016
4016
4016
4016
2883
4016
4016
4016
4029
4016
2883
4016
4016
2148 2244
4030
2904
4016
4016
3052 3019 3186
4016
4029 4016
3978
2904
4029
3953
5801 5801 3381 3734 5801
6510 3786 6801
4029
4016
2845
4030
5505 1782 3381 5477 3240 5404 5879 2578 5794 2578 2454 5490 5477 2466 2736 2405 1782
6114
3577
