4016
3427 3197
4016 2904
3978
4029
703 1694
4016
2904
4016
4029
2904 2893
2313
2908
4016
5358
5789 6810 3299 3305 3298 4191 6801 3299 6803 3298 2310 6801 3299 6801 3298 4191 6687 3237 3092 6753 2310 5341 3327 5798 3327 2310 5690 6193 6801 3298 3292 3189 3299 4181 3606 6563 2310 3327 3122 3299 5798 6687 3191 1724 2310 3197 4865 6563 3327 6801
4029
2376
4029
2904
2904 4029
4007 1695 1695
3345 1937 3254
593 671 669 497
2881 3420
2904
2904 4030
4016
2904
4016
4040
2881 2883 2881
4016
1716 2904 2881 1716 5470
2904
4030
4016
4035
4030
4180 2904 3298
4625 4355 4804 1507 6251
4003 4029
2904
4016
2904 4005 4003
4030 4016
4016
450 490
4029
4030
4016
4030
2851 4016
2881
2904
4016
4041 2904
4016
4029
4029 2881
4016 2904
4040
4016
2881 4040 6199 2590 1936 3186 6822 2261 6793 5622 5478 5387 5361 6178 5622 3186 6793 5478 2590 4016 6822 6199 2965 4123
4030 6114 6548 6121 2904 2154 6179
4030
2881
4031
4029
4016
4016
4029
1695
2881
4029
1729
2881
4016 4029
2881
4030
5798 2181 3254 3247
4030
2904
4029
4029
4016
2881
2904
4016 4016
4030
4040
2881
4016
2904
4029
1498 3195 3197
4029
1812 2156 1572 1825
3226 2694 2575
2270 1753 2893
4030
4016
4016
4029
2904
671 497 4040 5404
3978 2881
4016
2908 2695
4016
2904
2168
4030
2904
4016
2881
4029
4029
4036
4191 1625 3002
4030
4016
2904 4029
2904
2904
4030
2091
2904
2312 6147 3194
4029 2904
2904 3327 1638 379
4030
3978
4016
5810 3208
2904 4016
692 2152
2904
4030
2490
4030
2881
2269 2261 2904 2269 4030
4030
4016
4016
4030
4030
4016
4030
4030 2881 2904
4030
2904
4016
2904
5533
2578 6138 5810
3301 3300
2904
2904
2904
2904
4030
2904
1648 3305 3300
4016 4030
5092
2904
5798 2193 2313
4029
2736
6801 5819 3208 6153
2881
6801 3426
4030
