4029
5404
4031
3978
5794 586
2883
590 5713 5511 597 2307 597 2307 5511 692 597 2307 590 5511 671
4030
2883
4030
4029
4016 1734 1828 6143 2594 490
4029 4003
4030
2883
5794 4116
4029
2904
2812 1819 3558 2741 1819 4016 1819 1819 4029
1660 1734 2155
4030
5500
4030
4029
586
3782 3226 5879
3978
2883
2883 4029
1574 5642 6802 5478 6189 1717 2718
2312 2193 3254 3783
6558
4016
4029
4031
3978 2883
2774 3936 2790
4029 4030
5493
2943 2588 1579 4558 1626
4030
2906
4016 4558
4016
4029
4029
2881 4033
1698 3254 5369 588 5714
2696 4119 2794 3229
4031
4016
1695 1695
6804 1815 6809 1815 6804 6809 1815 6804 6809
4016
4030
4016
1812 671 5503 3829 702 5622
4016
4016
1812 4118 5622 488 667 5501 4203 673 3324 5633 5501 594
2695 5798 590
2904 4016
2904
2851 2850
4030
4030
4030
1695 3426 703 1579 1694
2310 2240
5708 588 692 659 1572 5708 669 588 692 665 2312 1810 5708
4003 4003 4003 4003 4003
4016
2904 4016
4029
1819 6249 2307 1819 2746 2306
4030
4540 3883 1507 3796 4540 2745 4558 5842 2354
2193
4016
4029
5478 2173 1700 3788 3551 1507 1700 2189 3789 3551 2736 1507
4041
2883 3989
4031
1810 702
4029
5504 5500
3839
5478 671 495 594 703 703 495 597 665 2312 2312 495 665 594
4029
2904
4029
6801 5369 3227 2695 4016
4031
4030
703 3434
4033
4029
1783
2883 6717 2084
2883
3978
2577 2696 3789 5344
4030
4029
4030
3831 3831 1828 1579 3180
4029
3789 4322 5838 1507 2307 5218
4030
4030
4030
1572 5794 1812 379
4029
2736 6500 2575 5501 1661 3789 2713 6218
3254 3785 491 594
4030
1695 588
4031
588
2085 2883 6548 2850 2851
1579 2441 2229 5501 2695 597 5696 2230 5695 6559
4030
1572
3394 4118 4557 3310 2667 1770 2575 4335 2410 3229 3817
4283 3426
5502 2795
2881
2883
2306 2792
5810 3185
4016
4029
4030
5695 5678 6199 3784 4117
4016 2884
4029
1840 1642 5717 2261
384 2575 1782 1828 1579
4016
2893
4029 4030
4029 2883
596
4030
4016
2883
6888 2904
4016
4029
3978
2884
4016 2904
4030
4003
3781 3868 3254 6168
4029
3978
4030
3298
4030
2320 2767 3190 3220
5879 5810 3932 3226 3247 5810 5634 5879
4040
4030
4029 2882
4029
4036 4036
4286 4284 4285 5798 5798 4286 4283 2707 4278 3019 5416
4036
3633 2173 1716
5501
1579 703
2884
4029
5210 1819
5697 3806 5697
4016
4029
2884
6802 6199 5404
4029
3978
597 5710 1626 2281 1828
4016
4029
4029
3324 1626
2883
1742 1660 1819
3991 3978
4033
4030
4016
4030
5617 3262 5184 3819 3829 3258 2575
2168 5845 3187 5836 3186 2790 3185 5838
4390
4016
4036
4029
4030
2869 2896
4016
4030
2174 3785 3807 4118 3259 4783 2704 5662 5622
4029
2522 6189 1695 2756
3298
6118
1507 3870 3793 2307 3794 5511
2904
6173 260
2904
1357 1093
1825 649 593 692 597 1810 703 1694 1694 1579 3828 3796 2696 2579 588 1810 3548 2193 3945 1579 438 1695 1694
673 702 597
2904 4030 3191
4029
3181
590
3188 2957 2772 5493 2904
3179 3128 5634 260
4030
1699 1507 1819 1683 1572 3181 1683 6559
4040
2884
5500 3258 260
4029
5698 5798 586 3181 1507 5701 5698 5798 5701 5798 586
1579 2385 1697
1819 703
4030
4039
4029
2425
4029
5798 596
4030
4039
4029
2522 1716 1742 260 2695
4557 5662
1507 4429 260 1778 6803 2306 2575
2883
1742 2156 5500
4029
3978
4030
3426
3991
4031 6506
2530 2704 3549 2306 3680 1507 5175 4235 5051
2883
4032
6729
4029
6177 2544 260 2534 2531 261 2534 2529
4030
4040
2739 1626
2794 6818 260
5501 3807 2572
588
5187
1660 1664 1660
3978
1626 1695
3891 593 3788 5635 6687
3821 5794 6558 5714
2316 2317 5697 2747 2546 3788
391 5422
6801 1579 703 3546
702 657 598
4029
2884
4030
2883
814 1579 703
5692
4030
3199 3182 5634 4016
2313
4030
4029
4030
3556 260 4525 2587 2587 3556 260 3342 3342 2587 3556 260 6218 260 2587 3556 260 3556 2193 5794 3556 3342 260 5794 3310 4525 260 3556 3310 3342 260 4320 5794 5453 260 4525
5477 1810
4016
2883
3381
5343 6804 6217 6217 6803 6217
4016
4029
1717 3227
4040
4031
3784 3780 1572 5493 3196 3195
2883
4697
2906 2861
260 2226 3182 2228 2623 1507 2183 6527 2184 260
1695
4029
4029
3240 2736
3978 4040 2125
3298
5696 6809 3187
5708
2589
3978
4029
5810
4030
1753
6534
1819
4029
5877 3805 2175 3788 3661 2311
4030
1579 5843 3789 5842 3426 1507 5843 2771
1664 1733 5708 4799 4694
4031
2447 2168 2440 1758
2883 3978
5394 2579
1793 5879 1793 4030 5503
4030 4029
2845
2313
3717 1664 1700 4030
5714 1695
6536
6655
2883 3978
3227 5794 260 3840
4180
4030
260 3226 3840
2906
2587 4114
1695 703 1695
4123 2589 260 2405
