3240
4016
3978
2904
2904
6178 2472
4016
2695 3055 3030
4030
5496 1707 6093
2904
2313 2313
6701 2904
6808 2402
4030
3197 3069 5622 6801 3305 3298 3069 6137 3298 3327 3299 6801 3092 3189 6801 3305 3298 3299 3298 5798 6801 2571 5798 5819 5634 3197 3292 6196 3197 6563 3606 6216 3305 6801 6563 3298
3868 2801 3978 2663 2306
5478 5798
2904
671 588
2904
2881 2312
6199
1819 1695
4029
4030
2904
4016
4016
1828 1821
2904
1797 3197 3215
4030
2883
4029
6793 2424 5499 3247 3184 4164 2446 6214
4029 2736
2904
5478
2904
4030
3722 1707 1754
4040
4033
2904
3227 2736 2713 2578
2904
4030 4016
4029
2482
4016
594 495 692
4030 1716 703 1579 1716
5494 5502
2904 4029
4030 5478
4016 2885
4029
4034 4035 4035
2904
4016
1698
4030
4016 2904 4030
2713 2736
3195 3196 6687
4029
4030
2904
1330 594 1278
2904
3180
4029 2904 4003
2904
4030 4016 2078
5490
2904 4030
2904 2736 5496
660 1629 597 3260 2185 3549 1935 3254 1572
1572 4040
2904
2904
4029
4030
4029
3197 2173 2904 2312
4016 4007
2904 3991
2880 4030 2880
4029
2904
5494 1714 4029
2904
4029 4016
3196 3784 2704
4016 4029
2904
4029
4030
2622
2085 5568 1753
5496 5798 2959
4030
6183 597 650 4030
2904
4016 1717 2904
2904
4036
2904
657 1812 1572 2904 596 702 674 702 1812 674 674 702 596
5502 5496
596 1805 702 660
6822 3029 4016 5622 3186 6196 5478 6178 4557 2261 3180 5387 5388 5478 3089 5642 3072 2881
2472
3076 3426 3426 4005 1507 3805 3806
4030
4030
4030 2402 2312
4030 2881
4016
2699 5695 5494 3601 3603
2440 4016 2410
4030
4029
4016 2904
4029
4016
2904 4029
4016 2904
4029
2736 5493
5496 3426 3194 4016 3196
2904
2904
2770
4003
4029
2904
4029
4016
4029
4016 4029
4030
498
5810 3194 3195 1579
4016
4035
4029 2402 6199
2446 2312
2091
4029
3978
2918
2484
4030
4029
594 702
2447 2403 4016
2402
4029
2904 2472 5478
2736
2713 2736
2484 6199
4030
4030
4029
4016
2904
1825 1812 1572 2410
4030
1753 2269
2904
2904
2904
4030 2904
1695 1579
2736
2736 4016 2904
2881 2881 6196 3978
4016 4040 2402
4016
4030
2312 2482
596 674 498
2904
4016
4029 2904
1805 671 490 450 1658 1664 3275 450 490
1812 1805 657
5494
2904
2715 2904
4016 6801 2736
6199 2312
4372
4030
4016
2460
2715 2736
4032
2904
4029 2904 2736
4030
4032 4030 2904
4029
5494
2904
4030 4030
2886 2886
4016
1695
2850
2402 2312
2716 4016 2736
4030
2904 2736 4016
2749 3038
2471 2312
4029
4016
2904
2716
4016
4016
2736 3242 3558 3188
4016
4986
4016
4016 2736
2904 1717
1782
2904
2904
2148
596 2736 6199 2534 2527 2736 4016
4016
4016
4016 4032
4016
2881
4030 2904 3978 1825 2736 596 488
2269 2261
4030 597 650 1840 1812
4016
4030
4030
4030
2904
4016
4016
4016 4029
2405 2484
1714
2883
2716 2736
1782 3381
4029
596 5810 5810 3605
2883
2904
2880 4029
702 1658 4033 1810 586 1805 588 1812 671 450 497 1695 596 490
4030
2694 6523
4030
4030
4029
5478 3019
