5820
2908 3971
5819 4016
2313
2908
2402 3965 2881 4016 5820 4005 2904
4040
5820
4030
5819
4016
5819
5820
4016
2313
4030 5819
4016
5819 5496 4029 2882 2405
4016
4016 5820
4030
4016 5819 4030
4016
4016
5819
4016 5798 1664
5819 4016 1498
5820
4030 5820 4997 4030
5820
4029 5819 2904
5810 5819 1498 5496
4041
4016
4016 5820 2908
4029
2908 4016
5819 4029
5820 4030 2906
5820
5819
4029 5819
5820
2403
4029
5496
5810 5819
5819
2313 4016
4016
5819
4029
4016
4031
6687 5810 5819
4030
5820
5819
4030
4016
4033
4016
5819
5819
5819
5819
6821 3195 6114 1707 5819 4016 2904
4016 5820
1781 6768 5820 1781
5819
4003 4035
4036 5819
4029 5820
4016
5820 4016
4029
5820
5820 4016
4016 5819
5819
5820
2904
5819 4030 4029 2904
5819
4029
4029 4016
5819
2847 2868 2908
4030
4003
5819 4030
5819
5820
4040
6199 5819 5814
4029 5819
4016 5820 2904
4030 5820
4016 5820
5820
4029 4029
5819
2904
5819 4016
5819
5820
5820
3978 4035
5819 4040
4029
5819
5819
5820
5819
1498 5502 5794 5820 2904
4030 4016 5819
4030
5820
2893
4030
2904 4016
5819
4030
4030 5819 4016
4036 4036
4036
5819
5820
5820
5820
4029
2881 4016
5819 2904
1498 5820
5819
2402 4030 5819 2908
5820
5820
5820
4030
4016
5819
2881 1717 2908
4030
5820
4030 5819
5819
5820 3978
5820
4029
5819
5819
4016
4005
5819
4016 3971
2893
4030
4016 5819
5820 4030 4016
5819 4016 2904
5819
5820 2850 2852 4016 2936
2313 402 4041
5819 2893
6687 5814 5819 5810 4327
4016 4030 4016
5496 4030 5810 1498 5819
2881
4029
4029
2857
5494 5496
4040
5814 6199
4030 5820 4016 4016
2312
4029 5819
4040
4029
5819
4030
5496 2908 5810
5820
1782
5819 4029 4016 1664 5478 4016
5819 4040
5820
5819
5819
4030 5820
5820 4029 4016
2908 4016 5819
5820 4016
4029
5819
5819
4029
5819
5819
4029
4016 3038 5388 6628 5820
4030
2908
2402 1498 2313
5819
5499
5820 1498
5696 3991 2424
4029
5820
4016 3971
2092 2838 5819 4016
5820
5819
4030 2893 5819 2904
4029
5820
4029
5820
4029 5819
5814 5819
5820 4031
5819 4016
5819 5810 5496
4016
5819
5820
5819
5819
4030
3978
5341 4029 3010 6526
3342 2764 3427 3009 4166 3342 4166 3240 3009 3427 2575 5505 3342 3427 4016 3934 3934 3934 3427 5810 2845 2908 6801 3240 2579 3009 3934
4016
5819
5819 4016
2893
5819
2313
4029
2402
5820
4016 5819
5819
4016
4036
2908
5819
4003 4029
2579 2472 2484 3069
4030
4029 5819
4030
4030
4029 5819
4016 5820 4016
2904 4016
5819 4016
5820
5819
6199 5798 5820
5820
2877
5819
2908 4016
4016
5820 4029 4016
4016
3427
5819 5814 2736
5819
4016
4030
5819 4029 2908 4016
5820
5819
4016
5819
5819
2313 5820 4030
5819
5819
5819 4030
5819
5819
5819
4003
4040
6153 2589 5819
4029 4016
5819
5820
5819
2313 4030 4029 5819
4016 5819 6801 2402
5820
5819 4016 5502 5798
4016
5820
4005
5820
2908 5819
4029 4029
2136
5819
5819
5819
4029
4029
5820
5819 2904
2312 2402
4040 2313 2402 4023
5810
2313
5819 4030 2313 5481
4016 5820
4016
4016
4016 5819
5819
4029
5820 5814 5496
4030 5820
4016
2893 4032 5819
4033 4016
5820
4034 5819 2631
4030
4036
2509 1716
4040
4033
5820
2881
5819
5819
4030
5819
5820
3978 5819 5810
5819
4029
5819
4029 5820
5820 3978
5820
4029 4016
3967 5819 4036
4029
4029
2885
4029 2881
5819
