4003
2845 2838 6537
2906
4005
4016
4016
4016
4016
3978 2906
3978
4029
4029
4016 2884
4030
4029
2101 2838 2100
2838 2863
4029 2904
3964
4003 4029
3978 3978
3978
4035
2853
4016 4029
4016 4016
4029
2091 2845 4030
4032 2838 2839
4030
4029
4040
4016 3007 3195 6214 6822 3196
4031
4029
1781 1781 6768
3978
4029
4016
2904 2907
4029
4016
4016
4016
4040
2084
4029
2884
2893
2907
4016
2884 4029 4034
4030
6113 4040
4029
4029
4029
4029
4016
4016 4035
4029
4030
2893
4016
4030
4030 4016
4040
4030
2907
4030 4016
2884
4030 4016
4016 2578
4030 4016 2904
4029
2884 4016
4030
2904
4016
4016 2906
1655
4029
1707
4030
1664 2091 2845
3018 4016
2845 2839
4016 4030
2846 4532 4016 4030
4016 4029
4016
2906
2851 4040 4016 2861
4030
4030
4029
2907
4016 4030
4040
4030
4040 2884
4029
4029
4030
4016
4016
4030 4016
4029
4030
4016
4030
4029
3978 2884
3978
2838 2839
4016
3966 2906
2907
2261 6559
4016
6548 2839 4016
2884
4016 3978
4034 4029
4016
2849 2857 4016 2845 4040
4031
4016
4029
4030
4029
4029
4029
2906
2907
2849 2845
2884
4029
3977
2838
4029
4031 4016
1717 2306
4016 4041
4029
4029
4030
2838 2091
4030
4029
2770
4016
4029
4029
4030
2904
4016
2906
4005
2091 2845 6183
4029
4029
4029
2882
4016 4030
4016
4029
4036
4030
2849 2845
4029
4016
4030 4016
4030
4030 4029
4029
1675 1675
4016
4016
4016
4029 2882
4016
2091 2845
4029
4016
4016
4016
4030
3978
4029
4029
4030
4016
4016
4016
3776
4030
5672
4029
2891 4016
4030
4029
2907 4016
3978
4030
4029
2906
4030
4016
2882
4016
4030
4029
4030
2119
