2884 3067 2418 2864 2859 1529 1419 5070 1227
2534
3621
5883
3611
3598
3621
3598
3612
5932 1944 2844 2065 3598
915 984
3598
4097
2951 5829 2317 3226 2139 2765 2866 2693 2845 2955 6034 2855 2958 6032 2957 6032 6032 2958 2964 2955 2958 2964 2957 2955 2951 5829 2955 2958 2955 6032 2958 2964
4046 5825 2621
3555
3611
2614
2614
3611
1493 3611
2614
2614
2614
1637
3565 3565
3598
3611
3598
3598
3611
3612
3598
3566 2621
3588
3598
3598
3611
3612
3598
3598 3598
4875 2165
3612
3612
3598
3598
5090
3612
3618
2614
2581
1215 837 979 981
3611
3598
3612
1334 2177
3598 311
2593 1901 3612
5883
1498
3612
3611
5456 3225 5223 2424
3611
3612 2593
3611 3611
3611 2593
2614
3598
2614 2548 2564
1348
2614 2483
2605
3612
2995
2593
3565
534 2509
330 1147 1144 1183 350 3612 1143
2614
3611
2593
3612
3598
5804
2614
2614
2064 2300 5079
3565
3611 3616
3613
2614
1348 3565
4535 3029 2357 2850 3107 2474 3105 1355 3183 3395 3690 6035
3611
3598
4619 1926 3394 4633 3390
2614
1413 2614
2603
3613
3621 6032
3598
3612
4873
1530
2614
2593
2614
3613 4520
2859 2329 5167 2180 2958
3598
3612
3611
3598 2614
3617 3616
2614
2614 3598
2614
2614
2621 1496 1866 5145 5220 1496 2866
1419 1646 1419
1567
3598
3611
3565
2614
2071 1952 2518 2535
3598
3612
3612
3598 3612
3598
3612
3598
2614
4097
2614
3384
2614
3598
2534 1413
3611
3616 3611
2621
2621 2614
3598
3598
3612
5961
2603
2614 3611
3611
3611
2614
3611 3611
3612
3611
3611
3611
2614
4884 4794
3611 3611 3598
2534
2593 2560
2614
2177
3598 3395 4858 2416
3565
3598
3691 2894
2331 4890
534 1563 5065
3612 2590
3611
3611
1575
3612 3598
3612
3598
3598
2614 3612
2364
3566
3587
2614
2614
2614
3598 2614
2614
3556 3598
3611
2614
3384 4805
2593
3598
2614
3611
3621
3612
2593
3598
3598 3615
534 636
2614
3612
3598 2859 2857
3612 1576 4346 5056 2571 2553 5058
1419 5058 1621 3870 1419 1923 1923 637 531 2978 1419 637 1419
2614
3598
3611
2068
2593
2534 1530
2621
2156 2729 1941 2180 3524 5527 2495 2950
5489
3611
609 231 1637
3612
3612
2614
2163 2127 4743
3565
1348 1348 1348
3735 5826 2416 3068 3390
5966
3615
5024 3097
3612
2534
3618
4708
3614
