2739
4016
2907
1695
3776 3776
2904 4016
2265 1361 5696 2769 699 2764 1131
692 650 1810
4041
4016 4016
1011 1131 1089 698 424
5476 5502
424 1078 1366 1345
5676
4029
3868 3427
4117 3828 2306 5478 3189
3426 2904
4117 3789 3788 2307
424
4016
4016 1348 3190 3859 1714 1507
2893
2306
4029
4016
2794
6726
3978
1217 424
4016 4029
4016 4016
5591 2902 2861
2883
4016
2883 2893
4016
2424 6857 5306
2353 1009 1014
3991 2883
4016
2883 3799
4030
1361
4030
2883
4029
3218 6559 2745 3804 3868 2226 1507
4016
4519
1739
2904
4118 4016 2709
4016
4016 2588
3320 1507 2313 5045 1507 4273 4234 4621 2851 5045 2852
2663 2269 3256 5504 4202
4016
6558 2313 3787 3859
2883
424
4016
1084 699 1440 924 699 1092
4016
4483 5662 3358 5663
4029
424
2721 3219 1507 6817 3199 1655 3357
4029
4016
4030
3194 3859 2979 1717 4123 2736 3227
5562
4016
3978 4016
4016
4016
4030
2812
2893
3360 5500 1625
6199
402
4016
596 1629 669 1695
2313
2772 3182 2801 260 1507 5738 5666 3182 2384 1507 2801 260
3342 2384
4512 4016
5177 3357 5610 5205 1507 3358 3789 2270 2802 6801 4421 2623 3381 2794 7005 3122 3093 6817 2335 3472 6801 1507 5250 5251 5843 3093 2623 5177 2794 3788 2310 4123 3381 4421 5108 1507 3358 6801 2270 2733 3788 3381 4421 4112 3093 3355 2623 5250
4030
4040 4030
4030
2801 1695 2384 2270
2907
4030
4526 4040 2648 4016 2630 4032 4016 3335 4040
4525 2584 3324 260 6682 6226 5499 4525 3323 260
4029
4016
3978
6559
4029
662 596 1812 490 1670 495 650 663 674
2584 5879
4030
2907 1501
1009 1364 3549 5045 424 1217 1341
4016
260 5610 3219
4224 3052 2766
4016 5475
2477 2902
5671 3829 3788 4512 4878
4016
1660 1660
2883
6687 2287 1507 3426 5500 1572 5794 3196
261 424 1345
5395 3426
4016 4030
2772 6166
4030
2893
4016
4016
4557 5456
6668 6114 5404 6147 6802
843 5676
424 1015 1088 4016
2618
6199 2790 260 6199 3532 260 6199 2765 260 2764
4016
2587 4203 3785 5495 4557 1507 4558 2704 4557 5676 3551 5641 6199 5493 5696 5798 3783 2265 4203 5610 5676
4029
261 1012 1355 1086
6509 1754
4016
5500 260 1661
4016
4030
3426 3218
4016
3784 3196
2764 260 6506 1507 1507 2156 260 2736 2152 5622 5642 260 5814
5207 260 5208 6624 5207 6251 260 1507 3182 2608 260 4323 3532 260 260 2585 5477 3783
6189 260 3532 6624 260 260 2587 260 2587 3533 260 1935 3532 2773 260 2773 260 3532 260 3533 260 3532 3533 2938 260 3532 3533 260 6173 2587 1507 3532 260 2773 260
1703 260 2746 4270 2746 260 2790 3426 2745
260 2746 5620 2226
6806 1015 1736 3785 1079
4016
3991
4016
4203 3866 3807
2310 593 2441
4040
1507 2932 3019 490 260 6199 260 1507 490 1815 3324 2522 588 2932 2667 260 5641 2709 2244 260 2709 3063 260 3062 260 2944 3357 2994
4029
3978
2425
2907
4040
2667 5093
593 669 591
3192
4032
5878
5738 1672 260 5619
4799
4016
4117 3190
4016
2868
4016
2307 3437 5207 4689 6504
3784 260 2203 2193 3787 260 2193 2207 1088 1361 261 1010 1440 3240 260
1507 6245 6196 2764 260 6245 260 5708 6196 2219 6096 6570 260 5696 1507 2161 2764 4317 5698 260
4450 5456 2193 3324 6817 6818 6801 1507 260 5643 5159 6801
4030
4030
2764
424
2764 260 3453 3552 2717 2764 260 3532 6263 260 2482 2718 3601 260 2709 3603 6624 260 5612 2746 2277 260 5612 5496 4322 3827 5617 260 1642 260 5714 5713 4323
4016
2745 2746 260 1507 2932 4272 260 1778 260 1937 1937 3552 5698 1792 1932 6508 5344 260
2159 2270 6506 260 6506 260 4557
4029
1015 1088
2790 260 1507 6262 3426 3533 260 260 2771 2312 2587 2280 260 260 5515 5516 260 2152 260 2156 4164 2771 260 2771 260 4323 1507 5798 260
5668 6196 5667 260 260 5682 6624 3796 260 6251 5682 6147 1705 2667 260 1507 6147 6149 1758 6251 260 6251 3831 5306 2156 260
1662 6506 5477 5477 3182 260 3180 6632 5477
2313
1782 384
2319 3533 2790 5714 260 2774 260 5668 260 1507 3532 2158 2771 2158 260 5612 260 3532 2158 2168 2774 260 4478 2764 5698 260 6624 1507 2164 260 2158 2771
1360 261 843
2790 260 3533 6624 675 703 260 2790 3426 260
2694 4308 4314 260 2774 3819 260 4315 260 260 3339 2790 2774 3472
1935 260 1935 1932 260 3258 3547 2759 1507 5635 1935 260
6682
692 596
6804 5341 260 1742
