2883
3758
3965
2883
4029
2313
4283 4181 2482 3186
4030 4029
2904 5494 4425 1625 5496
3299 3298 6801 3298 4191 1664 3305 6801 2702 1708 6230 1664 1742 3189 3092 2571 3190 3300 3189 2578 5497 5798 3305 6235 3305 2571 6801 3298 3305 6801 3298 3299 6817 6803 3298 3298 3305 6801 3187 3197 3195 5635 1655 2864 2749 3300 3298 2955 4191 2694 3298 3305 3186 3298 3299 3092
4031
4016
4029
1572 588 671
596 657 671 1572 702 674 594 488 1695 660
4003 1695
4029
2907
4016
4016
4035
4030
5503 5511 5203 5844 3793 1507 5878
6624
2312 2883
6726 5428
4016
1625 2865
2904
5717 2312 3305
2838
2883
4016
4016
2883
1716 1716 1716
4030
4016 4016
2904
4029
4016
4035 4034
4029
6591
4016
4029 4003
2907
1268 1838 1334 368 2312 2181 3247
2904
1660 3548 3190 3189 702 1810
4029
2907
4030
4016
4029
2907 2084
4007
2883
2882 4030
3978
2904 3735
2907
3991
4016
3426
2883
4016
4016 3072 2384 3001 3089 3077 5478 3926 6793 6792
5572 3181 3805 5810 4016 1642 2122 2850 6218 1642 3426 4005 3194 2312 3196
4016
2845 4030
4016
4030
4029
2883
4016
4029
1694 1695 4016 4030 4016
2576 2694 3189
4040 4016
4016
2084
4005
4003
4016
4016
2097 2850 2078 4029 2849
4029
1643
6527
5810
4030
2427 2408 5809 4286 5664 4016 4284
4016
2904 5496
4016
4030
4030
4016
4029
2883
2904
4016
2883
4016
2849 2845
5496
4016 368 1695 1330 389 1277 1228 389 1695 490 671 596 1277 450 1330 368
2696 3226 2736
1754
4029
6547
4799 5505
4016
4030
2883
4029
4029
3213
3181
2838
1810 450 490 1629 1658 702 488 671 650 490 671 450 665 1658 702 488 450 1658 490 1629 671
4016
4032 4016
4181
3978
4030
2091
4016
4029
4029
4029
4031
4030
2838 2845 4030 4016
4016
2845 2838 2091 2864
2904
4016
2907 1501 3979 2907
666 588 488
4016
4029
4029 2907
4016
2849 2845
2306 3199 5354 5847 6797 3190
4016
4016
4029 2845 2838
3341 3208 3246 1717 6138 3340 3197 2694 6801
4030
4016
3978
2871
4016
4029
4695
2883
2313 4016
4029
4016
4030
793
4016
3077 2185 3426 2486 3247 4620
2893
4030
2883
5404 1782 5794 5505 5879 3381 2405 2578 2736 5879 5404 5477 5505 1782
5810 1227 389 1729 5810 1697 703
4016
3189
