2884 3067 2418 2864 2859 1529 1419 5070 1227 2864
2534
1567 5923
3611
3620 2599
5489 1930
2614
1027 1529 1413
3598
3612
3598
4097
2592
2614
2955 6034 2855 2958 6032 2957 6032 6032 2958 2964 2955 2958 2964 2957 2955 2951 5829 2955 2958 2955 6032 2958 2964 1543 2955 2958 2957 5146 3226 2958 2959 2416 6032 2864 6032 5146 2844
4046 5825 2621
5050 4849
3555
3611
2070
3611
2614
2038 3598 2316
2614
3612 2614
3616
3611
3612 3611
1493 3611
2614
3612
2614
3613
1637
3598
3598 4516 2234 3487
3565 4794 1512 4795 3565
2463 2156 1587 5880 5501 1601 5098 4895 1585 1940 1355
3598
3611
2621
1866
3611
3598 3598
3598
1866 2567
3612
1866
3598
3566 2621
3598
3598
3598
2064 341 1926 2323 2437 2431
1543
3598
3612 2593
2592 3612
2621
3598
3598 3598
1567
3612
3976
3612
2621
3598
3598
4873
3598
2070 2614
5090
3612
2614 3615
2581
3612 3598 2621
1215 837 979 981
3611
3598 3612
3612
3598
3611
2851
3598 311
1901
3612 1901 2593
5883
2614
1498
3598
3612
3611
3225 5223 2424 1567 1920
3375
3611
3612 2593
3611 3611 3612
1530
3611 2593
2614
3598
3611
2614 2548 2564
1348
2557
2614 2483
2605
3612
5538
2995
2593
1543 2982 2482
3565
2509 534 2509 4884 605 636
2614 532
3611
3621 3598
3612
4858 3611 2748 3371
2614
1532 1495 1530 1413
3611
3598
2621
5804
2614
1348 3612 3598
2614
2064 2300 5079
3970 2273
3611 3616
3613
3598 3598 3612
2614
1348 3565
4535 3029 2357 3183 2474 3105 3395 3690 1355 6035 2850 3107 2474 1554 2850 3693 4988 2029 2357 3394 6034 3107 5409 2803 3074 1356 2802 3687 3105 3748 2076 2518 3180 3964 3074 2802 2396 1975 4660 6032 2854 3105 3029 1355 3693 3395
3611
3598
2070
2603
2065 3613
3614
3598
2070
3613
3621 6032 6032 6032 2578
3598
2065
3612
2139
2438 3387 5776 1930 3068
3612
1500
3598
4873
2614
2317
3598
2614
4737 1500 1590
2593
3613 4520
4045
2614
2859 2329 5167 2180 2958
3612
3611
2614 3598
3612 3598
2614
3622
1499 2468
1500
4793 1496 3598 3612
2070
2614
2621 1496 1866 5145 5220 1496 2866
1419 1646 1419
1567
3598
3598
3611
3565
3611
2614
2071 1952 2518 2535
3598 3598
3611
3598 3612
3612
3598
3612
4097
2614
1567 2272
3384
2614
4896 2489 1940
3612
3571
3598
2534 1413
5883 2806
3598
3611 2065 2548
5825
3616 3611
2621
2621 2614
3598
3612
5961
2603
3611
3598 2265
3611
3612
3611
2592
3611
2156 5154
2614
4884 4794
2070
3611 3611 3598 2065
2534
5906
3611
2593 2560
2614
3565 3598
4873 4875 1535 1500
4006 2418 2416 3394
2331 4890
5065 1639 1419 5001 2865
3612 2590
3611
3611
1575
3612 3598
3612
2178 1652 1648
4875
3598
3611
2614
3612
3612 3170 1497
2364
1500 3067
3566
2614
3621
2614
3621
3611
3598 2614
2986
3556 3598
3611
2614
3384 4805
2593
3598
1615 2865 2071 1355 3415 5070 2438 4894 3390 2064 2326 1615 4988 1356 2904 2316 3452 4894 2865 3388 3412 2431 1607 4883 3691 1549 5001 2326
2614
3611
3621
3598
5441
3598
3611 5433 3612 3598
3618 3612
3612
2265 1505
2593
2614 3598
3598 3615
3612
3612
2857 1939 2859
3612 1576 4346 5056 2571 2553 5058
2593
637 531 2978 1419 637 1419 1923 637 1419
2614
3598
3598
3611
2593
3612 1508 2427 2731
2068
2593 3612 3598
2534 1530
2621
3612
5489
3611
609 1637
3612
3611 5435
3612
1567
5537
1576
3616 3611
2614
3565
1348 1348 1348 1348 1348
3735 5826 2416 3068 3390
2318
1866 2621
5966
5024 3097
3612
3614
2534
3618
4708
3614
