4016 4016
4005
4030
4016
3978
2883
4030
4029
4029
2888 4016
4016
4030 2405 2845 3737 2882 1669 2405 4029
4016
4030
4030
4029
3978 4016
4016
3978 4016
4016
4016
2881 4035
4029
4016 4029
3978
3978 4016
4033
2904
4016
4016
4032
4029
4030
4030
4030
4016
4016
4029
1781 1781 6768 1781 1781
2904
4030
4029
4029
4007
4030
4016
2838 4007
4016 4029
4016
4029
4030
2904
4030
4030
4030
4030
4016
4016 4029 4003
2838 2837
4030
4029
4029 2883 4016
4029
2904
4029
4016
4035 3978
4029
4029
4016
4016
4016
4016 4030
4040 4016
4030
2845 2091
4016
4030 2893 4016
4030
4030 4016
4029
4016
4030 4036 4016
4016
4016
4029
4040 2509
4030
4029
6559
2839 2904
2906 2850 6727
4030
2904
1662
4030
2883
4016 4030
4016
2904 4016
6808 1664
5341
3018
4031
4029
4016
2838 4016 2848 4532 2845
2904
2851 4016
4040 3971
4016 4029
4040
4016
4030
4030
2881
4016
3199 2792
2884 4016
4005
4040
4029
4030
4016
4030
4030
4016
4016
4029 4016
2904
2880 4029
2904 4029
4030
2091
4016
4029
2906
4040
4016 4030
4030 4016
4016 4030
4016
402
4029
2881
2845 2091 2857
4016
2881
4016
4030
4033
4016
4016
2839 2845
2494
4029
4040
2378
2650
4016
4016
4030
4016
2904
4016
402 2882
4003
4029
2861 2091
4030 4029
4016 4030
4030
2888
4016
4030
4029 2881
4016
2904
4030
4040
2850 2848
4016
4016
3978
4016 4040 6537
4030
4029 4016
4029 4016 2884
4029
4016
2846 4040
4016
2883
4029
4029
4030 4016 4034
4030 4030
3978
4029
4016
4029
4016
4030
4030 4029
4016 2091 2838
1717 4016 1675 1717
4030 4016 4016 4030
2845 2838
2838 2091 2881
4029 2882 4029 2091 2882 2845 2838 2091
4030
4029
4016
4029
2904
4016
4030
4030 2632
4030
3978
4016
4029 4016
4209
4030 4016
4030
2904
4030 4016
4040
4032
2882 4029
4030
2904
4030
4034 4016 5404
3978
6147 2575
3978
4029
4029
4005
3967 4036
4029
