2071
5166
3612
4097 5166
2175 4881 3598
5167
5166
5166
5166
5166 3598
5166
3613
5167
5167
5166
3612
3598
1348 5166
5146
3598
3621
3611
2614
5166
3598
5166
5166
5166
3613
3614 3612
2865 3405 5005 3388 2858 4070 3391 1355
5166 2951 2866 3756 2957 6032 2964 5161 5167 5829 2951 2864 4806 2322 5826 5161 2864 6034 5829 2951 6041 3756 3756 2957 2866 2964 2951 6032 2958 2083 6032 2957 3756 2859 2982 6032 2951 2468 2765 5829 3657 2866 5455 5829 5784 3226 2083 1925 2951 2083 6032 4131 2082 2083 2964 6034 6032 2957 2964 2957 6032 5051 2083 5146 2083 2468 5836 2859 5932 5825
2614
3598 3598 5167 3598 3598 2618
5166
5166
3615
5166 3611
5167
5167
5166
2858 5826 3423 2859
5167
3598 2614 5167
2618
3612
5166
3611 4858 2070
3611 1493
3598
2614
5157 5166
2237 3614
378 755
3611
4933 5166
5166 2614
5167 3598
5167
2886 2921 5778 4874
5166
5167
5167
3598 5166
5166
5166 2614
5166 3598
1530 1530
3612 2591
5166
5166
5166 3611
1509
1976 2517
3620
2952
2190 4881 5166
3611
5166
3612
5166
3598
5825 2022
1962 2136
2614 1500 3598
3612 5167
1530 1419
2860 5167 5157 5521 3693 2489 2426
2614
5166
2614
5167
5167
5167 3598
3611
5167 5220 2070
2614
3612 1329 1325
5166
5166
5166
3612
5167
5166
3612
2614
3587
5166
5166 3612
3621
5166
3406 5932 4349 2662 3598 3394 5167
5166 3611
2614
2175 4875
5166
3612
3611
6051 6051 5166 6039
5166
5167
2323 2437 1956 1355 1955 2329 2858 3411 3692 6039
2155
2614
2614
5166
5166
2919 5166 2918 2850 3419
2618
5166 361 2806 6034 4881
3615
3598
5166 3621
3611
4824 1615 5794 5528
5166 6041 4875
5166 2455 2614
3587 3598
5167 3589
5167
3614
3612
5166
2900
2199 2234 5167
3618
2614
3612
3611
5167
3611
5166
5167 2866
2614
2614
4873
5166
3611 2614
5166
1541
3614
5166 2614
3613 5166
5167
5166
5883
5353 5167
1512 1512
3598 5166
4875 3612 3598
5166 2417 1494 5167 534 1563 2455 534 2618 526 1567 526
3611
5166
5166
3612
5166
5167
3994 4251
4274 4275
3611 3587
5166
5166
5166 2618
5167
3420 5167 3067 3175 2864 5218 4045 3405 4070
5166
5166
5167
2614 2618 2618
3611 3611 3611
5166
4282 606 437 583 606 526 637 1419 610
3611 3601 3587
3598
1480 3611 5167
5534 5167 2864 1355 5932 3892 3419 3469
5450
5985 1570 5995 2611 2618
5166 2614
5166
5166 2560 1878
3598
5167
1348 5167
2199 5166 3598 1548
5166
1862
5166
2614 5166 3612
5166
3612
5166
3613
5167 3598
5166
3598
3611
1530 435 447 1413 591
5167
5166
2618
5167
3611 3598 4858
2618
5167
5166
2614
5166
5166
3611
5167
5167
532 534 594
3565 3565
5166 3598
5166
3613
5166
5166
5167 3598
5166
5166
5167 4594 2391 2780 2357 5187 2900 2029 3074 2396 1355 3964 4635 2317
3598
5166 3598 2614
5167
2614
5167
3598
5166
2455 1500 2688 5166
5166 2614
5166
3598 3612 3598
5167 1529 2859 1538 1529 2859 2069 5166
5166
3611
5167 3612 3598
3611
3598
2567
5166
5166
5166
5510 4875
5166
5166
5166 2614
5510 5166 2816
5166
5166
5167
3612
5166
5166 3598
3598 3612 2590
3611
3598
2614
2614
5166
5166 4875
3613
1611
5166
5166
2614 5166
3598 5166
5166
5167
5167
5166
3612
5166 2614
2614
5166
5166
5166
5166
3598 5167
3612
3096 3176 4629 5166 3067 1956 3402 2426 4269
5166
2325 5166
3612
4875 2614 5166
1501 4000 1355 5425
3611 2614
2065 2222 5166
2614
5166
5166
3612
3617
5166 3598
3612
5166
5166 3598
3611
5166 5157
5167 2614 3598 3612
3611
5167
5166
3612
5167
2155 1348 2071
5166 2614
5166
5431 5883
3612
1646 5562
2618 3621
3598
4882 2770 1477 2155 2162 2510 2859 3598 2313 4660 2325 2861 1355
3611
3612 3612 2614
1348
5167 532
2614 5167
3611
3611
5166
3598 3598 5167
5166
2918 2071 3598
5166
5167
1905 3612
5166
3068 1485 2865 5166
5166
5166 4875
5167
3598 5167
2614 2618
5166
5167
5166
5166
3612
3611 5166
5166 2614
2614 5167
4794 5166
5166
5166
3612
3598
3598
3612 5166
5166 2614
2614 3611
5166
5167 1496 3598 2260 3620
5166 2455 5166 3598
5166
3612
5166
3598 3598
3615
5166 4873 5157 2614
5166 3598
3569
2614
3611
2426 2036 2156 3281 5220 5776 1355 1496
3598 5167 2455
3598 3565
3598
3611
5166
5166
3611
5166
1862 5166 5923
3598 5167
2593 3621
5166
5166
3437 2859 2321 230 5829 230 2884 3437
5166 3612
5167
5167 2614
6048
5166
3598 5166
5166
3598 5510 5166
5166
5166 3598 3611
5166
3598 3598
5166
4983 4988 5998
1509
5166
2952
4858 2868 5528 5001
3612
3612
5166
5167
3618
3611
2864 2865
3611
6033
5166
3611 3598 3587
3598 2614
3186 2023 3411 3394 3403
5167
2614 5166
5166
2868 3183 5071
5166
5510 5146 5167
5166
5166
3611
5166
5510 5507
5166 2618
2626
3049 3571 3598
3612
5166
2070 5166 3067
2127 3618 3617 5166
5166
5510 5167 1548
5167 2156 2234
5167
2168 4873
5166 5510 3598
5167
2618 5167
3598
5166 2603
5146 3598
5510 4873 5166 3598
5167
5932 2982
5166 3598
3691 5166 2009 4988 2900 2865 4988
5166
5166
2618 3614
5166
5166 5166
5166
5166
3612 5167
5166
2417 5167 5065 1639 528 3068 2614 5470
5166
2614
3611 5167
5470 2325 5166
2920 3394 2317 4890 4858
5166 2614
3612
5166
3611 3598
3598 5166
2591 2550 2547
5166
5166 5157 4875
3598
2618
3617
2261 3601
5167 6020 5825 5932 2854
3598
2614
1911
1906
5166
5166
2614
3068
5166
2618
5166
3598 5167 2028 1729 2020
5166 5510 2070
5166
2463
3427 5218 4591 5167 2325 3246
5166
2474 4874 230 3008
3611
3612 3201
2420 3598 2591 5166
3612 5166
3371 4635
5166 2265 2158 835
5166
5166 3612 3612
2614 5167
1867
5166
5166
5166
5166
5143 2920 4070 5143
5166 4875
5033 2986 5167 6037 6039 6039 6032 2986 5772 5218 3842 2550 2986 3842 3888 5167 2318 5166 5165
2618 5166 3598
3612
5166
5166 5166
5166
3587
3171 3436 5998
3612
5157 5166
5166
1585 1530 1496 5167
5166
2571 1871
3617
3598
3621
3611
3565
5167 3611
5167
5166
2571 2556 3358 3073 4345
3621
3611
5166
5167
5167 2158 2156 2614
5166
5166
5166
2865 2070 2866 1767
5166
5166
3598 5166 4875
5167
5157 1563 2770 5166 1563 2770 5157 344 5157 1515 3225 534 345 5932 5157 1611 345 3225 1611 5157 3222 5157 534
5166
2614 5166 3612
3611
526 3067
5166
2618 3612
5167
5167
3590 3587
3612 5166
5166
3611 3598
2070 5167 2858
605 1639 438
3612
1419 637 637 1419
1222
3577
4794
5784 4747
6004 6004
1222 231
3611
3565
1348 1927
5799
3611
3612
4275 3067 2069 2855 2036 2436 4275
1355 2994 4874
3611
2323 4861 4915
2713
