6093 2666
4030
5354 3243 5478 3601 2306
4029
4016
6744 2694 5798 3189 3292 2750 1498 1498 3305 3298 4191 3196 6801 3299 4181 2589 3292 3327 3186 2571 6153 6563 6811 4865 2997 6810 3300 6801 1498 3305 3298 6563 3305 6810 6671 3299 3298 2273 4181 5798 6563 2310 6153 3092 3292 3197 2209 6810 2590 6558 3292 5404 1793 3299 3298 3190 6810 3292
5203 1507 5619 3264 3789 3180 5877 3260 2702 5214 2311
1656 4029
4032
4029
1348 1361 1498
2881
4040
3240 2310 2306 3241
4029
2594 1707 2174
4040
4016
4029
4033
3989
5678
6263
2756 2424 2306 2376 2410 5478
2908
5619 2207
4016 4030
4029
4029
2904 4016
4029
924 699 1084 1079
2904
4016
2908 4030
3459 3263 3427
4030
2491 5339
2893 4030
2908
4029
4029
2908
5713 1579 3605 1729 6138 596 1828 3605 5810 5505 3605 1828
2908
3978 4173
3978
1656
4030
1797
5820 5819 5820 2509 2509 5819
4029 4029
5809 4016 5810 6768
4029
2881 2881
4003
2792 4117 5663
4040 2881 4016
2164 1716 6751 3355
2881
2904
2482
2904 4029
2695 1758 3547
3978
2904
1758 3324 2934
4016 4016
1498 2904
1782
4016
4016
2908
260 2228
6098 6099 260 6093
2313 2589 2306 2589
4029
1819 6089
4016
4016 4029
6727
2881
3218 2590 3795 5478
4031
2715 5343 1742
2908 2908
4016
4030
4030
4016
1498
4016 4029
4173
4016 1498
5250 5251 5265 2306 2717 3293
4029
4034 4029
2881
4030
4030
2193
2306 6104 6095 6100
4029
4030 4030
4016 4040
2306
3967
2904
260 5663 6559 5662 6104 5665
4029
3972 2887
4030 4016 4016
2904 4016
4029
2694 3789
1579 596 1579 1579 590 596
5499
3744 3362
1498
4029
4029
4029
2261 2269
4030
4016
2756 2774
4030 4030
4030
4029
3788 3789
2286 4337
4016
4030
1498
6739 3782 4586 4586 3782 6739
4029
2736 5387 5478 2736
703 596 5810 586 1729 5810 5810 4035 3290 5810
4029
1662
1626 1828 703 1579 3256 3195
4029
594 1626 588 596 5810
6526 6532 2704
3829 260 4783 5404 6147
4029
1752
1936
