526 536 608 594 1666 1634 1469
3598
3598
3613
3612
2916 2603 3067
3611
3598
3612
1530 1419
1496 1568 1926
3565
3612
3612 3611
2958 2845 2957 2964 2855 2959 5146 2779 2859 2868 3067 2768 3843 2855 4793 4794 2858 5146 2855 2959 2866 2416 1622 5932 2858 6033 5995 5146 3747 5932 5992 5995 2866 3850 2312 5146 2858
3598
2593 2076
2980
3612
3598 3598
3598
2070
3611
3611 3612
3612 3598
2325 2288 2039
3598
2614
2614
4865
3613
2593
3611
3612
3598
3598
3598
378
3617
3612
2571 1906 2571
2614
3611
2614
3605
2559 2555
1575 1962
3598
3612
1530 1530
3598
2614
3598
3598 4882 840 984 766 1216 378 378 1226 2424 2071 1413 636 534 3693 2919 4485 4007 1355 4488 3614
3612
2614
3611
1542
4760
2615
584 2029 435
4349
3611
3611
4875
3612
3611
2434 1962 5070
3611
3612
1587 1927 2177
3598
3611
3611
2614
4793 5528 1607
3611
634
3565 3560
3611
3598
637 3073
3611
3612
3611
3598
3598
3577
3611
3611
3437 3437 1655 1419 2849
3598 3598
3598
2593
3621 2256
3613
3587 3601 3601
3612
2593 5815 2560 2561 1867
2978 1585
3611
3598 3612
2578
1605 4880 1962 2010 5491
3201
3611
3598 3611
3598 2594 3621
3612
3612 2593
1207 1102
3611 3598
2614 3598
3612
2989 2317 5527 5463 5510 1962 2315
3611
3611
2593
1587 4880
2593
3612 2593
4740
3605
3612 3612
3598
3598
3611
3598
3010 4660 2802 3964 3029 2780 2029 6032 1355 5187 1601 3693 2357 3901 4594 3009 5073 3394 3010 2091 3087 1355 5187 3692 3964 2641 2770 2670 2357 2973 2029 4708 3009 4602 4660 4601 2780 4609
3598 3598
2614
2808
1563
2265 3068 3420 3413
2595 2595
3613
4858 2858 3177
3598
2265
2868 2509
3611
2191 2167
3565
3598
3612
3612
3611
3598
1496 3543 2171 2195
3621
3598
3622
3598 3598
4097
3618 3598
3612
361
5220 2325
3598
3618
3612
3611
5883
2077
2592
3598
2614
3612
3598
1576 1496 1646
3615
2616
2593
4983 2923 4601 3425 3435 2919 2314
2593 3598
3611
3598
3598
361
3612
3612
2614
3598
3598
4099
3598
3598
2731
3612
3612
3612
2243
3612
3611
3615
5534 908 984 2489 632 3410 1946
3611
3621
2614
3611
3586 3611
3598
2593 2603
3611
2850
3469 2455 230 1496 528
2614
3611
3612
2594
4097
1872 2548
2509
1646 637 1646
3611
2688
3565
3611
3611
5419
1497 2491 2393 5983 3611 3587
3598 2064
2614
3521 2614
3621
3614
4986 230 5826 1991 1501
3611
3611
3601
2592 2596 2593 3598
2957 3756
3611
2556 3621
3613
4880 3413 2313
3073 3598
4604
3598
3487 531 3394 5001 5932
3612 2614
3614
3612 2560 4444
3598
2560
3611 2028 5066 4740
2594
3598
3617
230 1415 2931 3488 3488 2507 4879
1413 597 1634
1646
3589 3616
2510
5039 2065
3598
3601
3598 2028 2020 2071
4635
3598
3611
3611
3612
4858 2156 2232
2614 3598
1493
3772
3611
3612
1935 3693 4985 1946
5070
1206 1208
3611
5820
5065
2614
3612
3598 3598
3611
3693 2455 1535 3388 2806 3394
2614
2071 3401 3177 4839 5994 2028 5025 3282 2884
3613
2156
1465 3067
1529 1634 3598
3611
3622 3615
3614
3612 3565
3611
1622 5220 1622 3612 4882
2555
3587
5803
3612
3565
1350 2617
3746
1530 637 1530
2158 3698 2325 230
