4526
4016
4173 4040 4530 3978 4040
1656
4029
4030
4029
4029
4029
4016 3978
1656 4029
4032
4029
4030
4030 2893
2795 3426 2795
4029
4029
4030
4029
4033
2893 4033
4029
4036
4005 4005
4030 2881 4030
4016 2881 3973
4016
4330 4324 2736 5487 1660 5790 5783 1713 1715 3309
4030
4029
4173 4033
3978
4030
4030
2905 4173 1742
2908 4030
1715
2881
4003 4005
3978 4173
3978
4030
1656
4030
1797
4173 3978 4030
4036
1656 4040
4029
2838
4030
4003
4016
4030
4016
1656
2881
2482
4030
4173 3978
3953
4030
4029
2318
1656
4030
4036 4005 4036 4005
4031
4016
4030
4016
4031
4173
4030
4029
4034 4029
4016
4030
4030
4173
4029
4029
3978
4029
4030
4031 4173
4016
4030
4016 4029 4003 4016 4016
4029
4035
4029
4029
4035
4030
