1498 1498
3310 3227
4029
5501
3978
2883
2547
1498
2881 2901
4029
1498 1498 1498
4030
1498 1498 1498 1498 1498
4032
4030
1498 1498 1498
4029
1654 1695 1579 4341 1654
2893
4029
4029
4029
4040
1498
1498 1498
3562 2173 3788
4030
2881
3978 3978 1498
4029
4893
2869 2883
1812
4030
1769 6545 1754
1498
4016
5689 5689
4030
3978
1498
2883
4030
2880 1498
4586 5633 6208 5634 6802 2312 6802 2306 5842 1793 2313 6568 3789 2578 5634 5207 1793 2313
2883
1660 2261 3199 3195 3552 2261
2091 2130 2909
4035 2883
3782 3219
4029
2792 2273
1782 1752 5819 384
3978
4040
1498 1498 1498 1498 1498
2908
4030 2908
4029
4016
2904
4030
4112 1714 5878 5666 594
5500 5713 1498
2904
4016
4029
6149
2881
4016
2593 2594 3199 3867
6558 2772 2771
3978 3978
2840
1498 1498
1498
3460 2572 5218 5356
2578 5501
2918
1968
5478 3978
6804 1807 6811 6804 1807 6811 6804 6811
1498 1498 1498
380 1666
3426 3788 3551 6194 6173
3805 2890 2306 5614
3982 2885 2885
4030
5709 3663
4032 2883
4016
5696 2695
3227 2713
5713 3323
1498 1498
4030
4029
4016
4029
2148
4016
4003 4030 4003 4003
2794 1133 1673 1714 671 5504
2881 2883
4030
4029
1498 4363
4029
4029
2908
1498 1498
4029
2696 5794 2405 1654 1654 2696 1935 5794 2694 2575
6099
4030
1498
1812 702 669 1810 671 1812
1717 4164 5617 5502 4625 1507
1626 1498 1498 1498 1498
4030
3978 2908
4033
4092
2908
4029
1498
3180 3785 2904 2792
4033
4016 2173 3851 2796 1708
3840 2904
4030
703
1807 1658 490
1805 665
4029
2904
1579
4030
5501 2713 5502 2159 3789 2522 2736 2545 1797 2403 1507 2159 5697 2585 3788 2584 2696 5810
3978
1498 1498 1498
4029
3784 1717 3780 3227 3254 3181 3254 5478 3227
3783 6687 6147 5798
4030
4029
4029
1507 5496 6559 2695 5695 3196
2850 1716
1133 6199 2312 5176 2756 2205 2207
4029
4030
2313
1498 3978 3978
3979
2908
1498 1498 1498 1498
4016
4016 2577
3978
2594 3214 3195
4016 2904
6255 260 5490
2904
1498 1498
1498 1498
1498 1498 1498
1498
3813 2594 2893 3991
1498
4029
1498
4030
4030
5176 6802 1793
1498
4030
5192
1498
1498 1498 1498 1498
4029
1498 1498 1498 1498 1498 1498
2880
3661 2709 5503 5478
6245 2336 1507 2384 1971 1683 5511 5205 5634
4030
1819
1498
4030
3190 3782 2266 2767 2572 1805 1579
2893
2885
4029 2880
4030
2278 2707 2704 2703 649 814 2717 1133 671 4284 4289 4293 2587 2707 4294 4286 1713
4029
1655 4790 6559 3828 4793
4030
1498 1498
2530 665 588
2904
5494
2883
4031
4180 3305
4030
4016
4030
2589 6089
4029
1498 1498 2883 1498 1498
3978
1498
4341 497 5681
6558 4118 3240 5622
2904
5695 4317 2765 260 4317 2765 260 2765 260 4317 260 2765 4317 2699 3324 260 260 4317 2771 4317 260 2765 260 2765
6801 6208
703 1579
4031
586 671
3978 4032
2307 588 2307 6209 1758 2792
2857 2880 2091 2838
4029
6179
2881 1673
2881 1775 2893
6801 5561
4030
1498 1498
2904
1498
4016 2904
2881
3546 3190
2169 2736 3565 260
4029 4030
6173 5619
3807 2405 5404 3784 3218
1498 1498 1498
1498
2904 2410 2409
1498 4016 1498 4053 1498 1498
2577 1716 4993
3873 5494 1664 3218
1498
4030
1498
6803
2746 5676
4029 4029
4030
6733 5794 3783
4029
3974
5207 2307 6506
3978
2403
2577 2713
4029
4029
3219 2275 3785 3191 2695 3427
3381 3818 5477
4029
1695 1626 1629 1825 1626 1629 260 1810 1695 672
4029
1498 1498 1498 1498 1498 1498 1498
1579 1812
2881 6801 6811 6806 6682 6806 6811
4040
4030
2307 2313
1498 5708 1498 3783
1626 1579 3547
657 588
1579 703 3551 814
4030
2904 4029
3661 5478 6559 2227
3829 3784 2579
3805 1715
4030
2904
6559 260 260 6559 6263 260 2794
2893
3899 3903 2904 596
596
4030
1810 675 1840
4804
1498
596
4016
4030
4029
4030
593 593 1626 1812
4030
3227 260 2275
1498 1498 1498
5692 5692
4029
2893
4030
4029
1498 1498 1498
2886 3973
6199 5819
2893 4016
4029
2885
4030
2908
4030
3794 3793 2269 5665
2484 5715 1733 1758 260 1733 4429 260 1356
4030
6179 6217 6235 5387 6235 6241 2307
2736 3323 3546 586
4036
4030
5810 3244
2908
4030
2881 4040
4032 4029
4036
1498
4030
4030
4029
2881 4016
1579 1819
4016
2883
6687 4164 3783 424 2736 1652
5503
1694 1825 1626 1572 1579 1812 1695 665 1629 260 6801
3978
4016
2883
6801 4029
5478 2405
2881
3254 2970 4283 3426
6153
2881
4030
6802 2589
5504 6250
4029
1717
2209 6099
3199 260 3426 6801 260 2334 5677 260 3822 2273 3258 260 3851 3123 5499 260
2904 3978
588 1498
1357
3239 2704 3254
2736
594 5844
4030
586 594
4016 586 665
1093 1355 1361 1361 1346 1366
4030
1498 1498 1498
4364
2409
2881
2261 3821
4016
5879
2904
4029
4029
3978
5494
2736 260 1685 3182
6559
6801
1717
5714 2402 6244 260 5713 2424 2587 6506 260 5715 1572 1694 1825
1840 703 1694 675 3789 260 4557 3426 261 692 1810 2904 692 594 675 675 4783 260 4163 3427 260 2931 5125 3533 3427
3226 5671 4202 5503 5671 5516 4203
3805 5782
2893 2893
5511 5620 260 5619
1498 1498 1498
6559 5501
1498 1498 1498
1498
1498 1498 1498
3978 3978
1498
4016
2893
1840 3776 1579 2246 260 4341 4118 1579 260 1133 260 2595 4115 260 1133 4117 4203 261 4115 260 4203 2313 2595 4122 4118 4203 4557 4341
5692
4030
4030
2881
1498 1498
1498
