2614
2289
2614
4097
3611
2614
2489
3611
1348
4875 2512 1939 4805 5143 2614 5510 1547
3611 3624
3612
5552 4360
3565
2392
1543 6032 6032 2982 2957 2901 2964 2958 1576 4794 2858 5065 5146 6032 3756 2860 2064 5927 6034 5146 2858 2322 1496 2864 2421 2416 2858 2322 6032 5470 2951 2951 2858 6032 2958 2312 6032 2982 2958 2964 2857 5000 2958 2866 6032 2957 4389 2416
5050 5050
2614 3598
2590 1348
3612
3612
2593 3566 3612
3618
3611 3612
3611 3618
3598
3611
1888 3614
3598
3611
3565 3612
3598
3611
2614
3598
2614
4883
2614
3464 2902 2065
3598 3268 5826
2614 3612
3612
3598
2614
3616 3620 3611
3598
5058
3624
330 339 2919 3443 2884 5974 6053 2064 5000 5992 1741 5167
3598
3612 3598
3611
2071 3384
2163 2162 2619 3612
2591
2614
3554
3612 3411
3612
3611
2614
3598
3598 3598
2614
3612
3612
2614
2022 5419
3612
1929 2071
1635 1494 437
1480
3598
1492 5992 5562 1492 3171 4858 4794 5218
3611
1419 1419
3611
528
3612
3611
2614
2614
3611
2614
2180 6039 6039
2071 1960
1639 1530
3611
2591
3612
3598
3612
2330
3611
1664 1144 350 1184
3598 3621
2517 6037 6042 1746 4858 5041 4630
3621 3598
3612
3611 2614
5065
3612 2614
3611
3598 3598 3598
2614
3598 2614
5562 230 4869
2618
2614
3615
6041
3612
3598
3698 2139 6032 2029 2357 2483 3029 4660 2855 3107 3394 1355 3964 2029 5188 3029 5562 4894
3611
3612
2614
4619 3394 2155 2028
3067 2028 1956
1567 2642 2979 1565 1939
4893 3437 2860 4269 2490 2314
3598
3598
3613
837 3598 984
3598
5552 2092 1355 2139 1767 1518 4890 4620 5000
3611
3612
2614
1862
3598 3598
3612
3612
3598
2614
3613
3612
2614
3612
3613
3746 2964
2916 2919 378
2618
1501 4482 4619 2858
2614
3070 3612
2614 3598
4037 1558 2902 2069 2997
3598
230 230 5413
3598 3612
3612
3598
3612
2614 3611 3598
3612 2614 3598 2553
2614
3611
524 605
983 1217
2591 3756
1901 3612
3598 3598
2614
3598
2591 1509
3612
3611 5136 2320 3872
5825 3598 3302
3068 4910 3612
3611
3598
3598 3598 3598 3598
3565
3612
3413 2158 4794 3390 2884
3598
3612
3612
3621
3598 3612
3611
2614
2614
3612
2627
3621
3612
3612
2614 3598
3067 5070 1991 4986 230 231 230 4986 3067 5539 2950 3067 5539 230 4986 3067 5539 4986 230
1419 1419
3611
2614
2614 3611
3612
3278 4858 5826 1991
2614
2560 3601 3618 3598
3411 1549
3612
357 4980 4039 3399 1491 4976 4618 4620
2614
2614 3621
2591
534
3598
3612
534
5186
3611
5167
3611
3612
2434 3393 3388 4269
3598
3598
3612
3611
2618
3614
3613
1348 3598
3587 3611
4858 2180
2601
2593
3601
5794 5793
3612 3611
4257
3611
3612
3612
3612
637
3598 3615
2614
2614
2614
3598
5157
5967 3621 2591
3612 2603
3590
3612
3598
2593 2591
3598
2903 2426
2204
3598 3621
3611
3612
3611
3616
2614
3611
2464 1931 3524 2136 5539
3255 3267 2071 3395 230 4070 3067 231 626 1637 2614 3278 3157 3419 3735 626 532 609 3176 2916 3068 3290 1355 3176 3068
3622
3239
5770 1500 4793
2064 3402 2424 230 5996 378 3401 5157 2426 5778 3172 230
3611
6200 6190 5074
3693 4754 2064 2982 5065 3067 4875 2077 4752 5033 4989 4752
1348 1348 3670 1348 1348 1348 1348
3565
3369 5409 3383 3371
3587
3615
2591
2613 2560
