526 536 608 594 1666 1634 1469
3598
3598
3613
3611
3612
2614
2614
3612 3598
2614
3612
3612
1530 1419
3612
3612 3611
5146 3747 5932 5992 5995 2866 3850 2312 5146 2858 2866 2757 4988 6032 2964 2757 5455 2957 2982 2958 6032 2957 2779 2957 2964 2858 6032
2593 2076
3612
3598
3611 3612
2614
5510 2916 2920
2614
4865
2593
3590
3598
3612
3598
3598
3598
1655 1648
378
3617
2571
2614
2559 2555
3598
1586
2614
3612
1530
3598
2614
6025 2863 2162 2007
2424 2071 1413 636 534 3693 2919 4485 4007 1355 4488 3614
4633 2023 2865 5932 4801 2155
2614
1542
4760
3612
2615
2614
4349
2614
3611
3611
2434 1962 5070
3612
1587 1927 2177
3611
3611
4793 5528 1607
3612
3612
3612
3598 2614 3612
637 3073
3612
2614
3611
3577
1655 1419 2849 3395 2417
3598
3611
3598
3611
3611
2593
3612
2978 1585
5814
3611
3598 3612
2614
3612 3598
3611
5495 535 584
3611
3621
3612
3611
3612 2593
3614
3611 3598
3598
3612
3611
2614 3611 3598
3605
361
3612 3612
3598
3611
3565 2593
3598
2357 3010 2973 2029 4708 3009 4602 4660 4601 2780 5073 4609 3394 2091 3087 1355 5187 3692 3964 2641 2770 2670
3589
2614
837 905 981 984 802
2595
5793 5143
1508 2933
3612
2868 2509
2191 2167
3598
2592 3612
3612
3598
2195 2171
3598
3622
3612 2614
361
3598
3612
2077
2592
3612
3598
361
3612
2593
3598
3611
3598
361
3612
3598
3598
4099
3598
3598 3611
2614
2064 3598
3611
3615 2614 3612
3621
3598
2614
3611
3598
2850
2455 230 1496 3469 528 2884 230 2321 2064 2426
3612
3611
3565
2614
3611
5419
3611 3587
1530 524 534 1666 2614
3612 2591
3598
2614
3521 2614
3614
4986 230 5826 1991 1501
3067 2156 1496
2614
3615
3598 3598 3598 3598 3598 3598 3598 3598 3598 3598 2614
3601
3598
3611
2556 3621
3613
4604
3222 6028
3598
3394 5001 5932 2455 5068 3390 5932 1563
3614
2560 3612
3612
2594
3598
230 1415 2931 3488 3488 2507 4879
3612
1413 597 1634
3589 3616
2614
3598
2071
4635
3598
3621 3598
3598
1493
3611
3622
2614
3611
3612
1935 3693 4985 1946
1206 1208
2614
3615
2614
3612
3615
3612
2071 3401 3177 4839 5994 2028 5025 3282 2884
3613
1601 2235
1465 3067
1529 1634 3598
3612
3615
3565
3387 3420 2858
1622 3612 4882
2555
3587
3612
3565
3746
1530
3698 2325 230 2158
1548 2919
1944 3394 4133 3395 2316
