4016
4016
5794
4016
2902 2850
4016
4016
4016
4029
4016
4016
4016 4016
2904
4016 2904
4029 1656
4030
3978
4030
2798
4016
4029
4016
4029
4029 4016
4016
4016
4029 4003
2883
4005
4030
1914 2883
1672 2077 5565 2845 2861
4016
4030
4016 1656
4029
2883 4033
4016 4016
4035 4034
4030
4033
1656
4016 4016 4016 4016
4030
4016
2907 6727 2883 4032 5502
4016
4033
4016
4016
4040 6721
4016
2886 3985 1656
2904
4016
1656 4029
4030
4016 4040
4016 4029
4030
4016
4030 3978
4029
4016
4029
4029 6117 2850
4030
3978
4029
2883
4016
4016 4005
4016 4030
2883
4003 4016 4029
4016
4016
4003
2919
4016
6541 2850 5432 2084 5602 4016
4029
4034
4016
4030 4029
5589 4016
1708
4029
4029
1656 4029 1656 1656 3978
4029
1656
4016 4016
4016
4016
4016
4016
2904
4016
2883 1677 1672
4031
