3611
2071
1348
3587
3612
3611
2628
378
1500
3612
2958 2964 3747 3747 5784 6032 3756 2957 2964 2957 6032 6034 2958 4999 5826 2312 5927 6039 6032 2312 2858 2312 5829 5146 3735 2779 6032
2614
3612
3611
2614
5220
3611
2618
3598 3616
2593
3565
3598
5466
2591
3598 3598
3565 3598
2603
2614
3565
529 444 1530 1530 4269 605 605 5146 1635 532 2614 5051 5992 2988 350 610 5995 4882 603
3612
3612
3598
2593
444 531 2029 3577
3598 3612
2614
3598
3611
3611
3612 2614 3598
3612
3598
3621
3611
3611
3667
2558 2567 1348 2593 2614
3598
3565
3171 2892
3621
2114
633 1491 311 987 835 1491 3384 2277 983 835 633 1567 3384 1491 1296 983
3612
2593
2603 3612
1509
3611
3598
2614
3611
534 5157
2614
3612
3612
3612
2614
3611
3611
3598
3598 1348
4346
3621
5128
5812 5580
2614
2614
3598 3615
3612
2071 1226
2277 5979 2509
2455 4874 3598
3611
442 584 1639
3611 2614
3617 3616 3612
2593
2560
2282 2983
3605
3612 3598 2614
3598
3612
3620 3611 3611
3613
1348 1348 1025 526 1348
3029
3612
1413
1576
3612
3590
3612
3612
2614
2614
2593
3598 3615
3611
4097
378 2020
3598
3616 3617
2614
361
5826
3618
3612
3615
2595
3598 3611
4785 4784
3556
5555 5218
3598
2614 3598
2593 3611
2614 3612
2603
2614 4345
3612
3612
3611
3598
3612
1530 350 330 1419 1403 1150 1158
2593 3598
2434 2988 2859 2894
3170 2859
3611
3598
5007 4794 3390 3413
2865 2517 2391 5569 2438 6034 1355 4254 3746
2611
3598
3598
3615 3598
3612
2594 3621
754
3598
2581
2064 610
3611
3611
3611
5025 4980 230 5027 5539 5419 2463 3067 230 4986
3611 2736
3611
3612 3612
3598
1500
534
2071 2316 3888 4752 3225
2560
3617
3598
2550 3598
3613
3612 3612 3612 3612
3611
2593
2614
1567
1491 4880
1478
3611
2614
5826 1764
2957 3756 2966
3598
3598 3612
1535
3611
3611 3612
2614
3612
3237
3611
3347
3612
2614
3565
2600 5090
3611
6032
2614
3612
2857
3598 1927 5191
3611
2916
3612
3611 3611
3611
5053
2614 3612
3611
3612
3621
3618
609 4268 230 3734 3068 231 981 230 2639 4545 3158 3068 231 230 2639 4070 2474 4545 3068 230 2892 1975 1226
3411 5132
2265
3613
5065 3693 4134 4134 4752 2070
1222 231 1219 988
5826 4879
3611
1348 1348 1348 3667 1348 1348
2603 3565
2591 3612
3590
3611
3611
3565
