3591
5033 4884 4794
2614
3611
3598
3611
1866
3598 3611
2614
1530 605 2614 1635 5219
3611
2593
3614
3591
3612
3634
2071 1965 5456 5057
3598
599 531 531 599 442 1025 532 599
1529 4890 529 626 2594 637 1529 4890 1419
3598 2593
2614
1741 1942 1960 2020 3734 2916 2417
2593
3612
1348 1348 1348 1348 1348
3384
3611
1348 1348
3612
3598
3598
2594
3598
1209
2614
5098
3612
3611
1491
3611
3598 2614
3565
3611 3565
5492 3411 4632 2068 2238 3387 3386 3177 3424 4629 4118 5826
3611
1348 1348 1348 1348
2593
3598
3614
3611
3598
2593
2593
2614
2614
3598
4874
3611
3598 3612
3598
3612
1348 1348
1348
3612 3598
2614
3612
3612
2484 1489 6048
2614
3598 2593 3598 3598 3598
2614
3412 6035 2614
4255
5932 2891 1567 2455
3611
3611
3598
3611
3612
2614
3611
3611
3612
2614
3598
3612
2593 2593
3598
3586
5966
2593
1348 1348
3611
3591
3611
1348 1348
2603
3611
3611
2614
3598 3565
3394
3611
3612
3621
3611
2614
2614
2614
3598
3611
3611
5220 3265 3459 3883 3598
2560 3615
1348 1348 1348 1348
3611
2593
3598
2614
2614
3612
1348
2155
3611
1348
3613
2593
3611
3068
3565 2593
3611
3611
2614
3594 3598
2614
5007 4129 4131 5007
532 1530 599 599 1469
3565
2614
2614
3598 4622 1767 1622 5186 2439 1551 1622 1491
3598
605 435 532
2071 3060
1901 3617
3693 4546 3394 3029 1355 4660 3180 3074 2391 3105 2139 6035 2802 3964 2396 3107 2854 2029 5825 2855 2357 4117 3097
1904 5794 2614
3612
3598
3565 3565 3565 3598
3612
1985 2139 5066 5028 4490 5146 2780 1985 5024 2517 1939 5146 3068 1927
2614
2614
2560 2593 2593 2567
3565
3598
3612
2592
2593
3611
3613
2614
3611
2601
1025 1639 1530
3611
3611 3616
3612 3598
3612
3612
3590
2614
1348 1348 1348
3611
3613
3589
3611
2603
3611
2614
3617 3617
3598 3598 3598 3598
3612
3565
3657 5776
3598 3598 3598 3598
3611
1862 2593
2868 2809 3387 2885
2614
3611
1548 4879 3687
3612
3565
3109
1348 1348
3612
3598
1653 1639 1654 1672 1413
2605 2592 2594
3611
2614
3611 2614
3598 2614
2592 1575
3612
3611
2614
3614
2614
5880 5508 5518
5157
3611 3598
3612
3612
2614
1348
3598 3388 2859
3617
3598
3612
3611
3565
3611
3611
2603
3611
3598
3612
3587 3617
2614
3598 2614
3611
2614
2593
3611
3611
3612
3598
3611
2614 3566
2614
3611
2614
2614
2614
2614
2614
3615
2614 3598
1348 1348
3566
2599
3612 3577
3612
2614
5041 3564 1886 2578
3587 3611
3611
3598
2593
3598
1100 2455 1230 1092
5886 1207
6040 6035 6040 2891 6035
1348
3598
3394 5489 5552 5505 3175 3067
2593 4052
3611
2614
3589
1493 3611
3613
3611
3621
3565
1204 1206 1414
2603 2076 2426 3422 4070 3423
2603
3611
4779 3569 5498
1348 1348
3598 2593
2614
3620 3616
2614 3598
3565
3598
3611
3587
5090
3612
3436 3282
3612
1901
3598
2603
1496 5470 4593
3598
1348
3598
3611
3611
378 1210 1222 378
3222
3598 3598 3612 3598 3598 3598 3598 3598 3598
1543
2593
378 379 1073 1530 603
3611
2614
3612
3618 3617
1348 1348 1348 1348 1348 5219 1348
2603 3598
3565
3611
3612
5157 5221 5156 5136 5139 5419 5426 5065 2968
2614
1348
3611
3612
2614
6028
3598
3598
1548
3612
4432
3612
5146
347 3027 532 591
3598
2593
1348
2614 4915
3598
3611
3611
2593
3587 3587 3587
3598
2593
2614
3611
3612
3612
5432
2593 2561
3598
3598
3598 1582 5493 1582
3612
3611
2593 3612 3612
3612
3612
3611
3612
5510
2614
3612
3612
3621
2614
2593
2614
3611
3611
3613
3611
2614
378 231
3612
2036 3265 4988 4742
2593 3611
2614 3612
3612 3612
3598
3612
3611
5440 3611 1517
3598
3598
1550 1587
2020 2464
915 1217 987 1227
3611
3611
2593
1348 1348
440 1639 1639 440
3611
2614
2614
2849
5418 4805 4253 2614 4254 4805 5420 4737
3611
3598
3621 3598
2614
3611
3598
3617
1348
4858 3401 2022 4598 2885 4858 4890 2068 5544
3617
3611
2614
2131
3756 2858 1348
1493
3598 2593
2614
442 593 605
2863 2020 1496
3598
3612
2614
1348 1348 1348
3612 3598
2858 2328
1348 1348
531 605 1413
3613
1866
2614
2603
3612
3598
3612
2614
3612
2548
2593 2614
3616
3598
983 1217
3598 5920
3612
3883 2978
5439
3621
3611 3612
2614
3565
3611
3611
3598
3612
2114 2114
3612
3588
3544 3598
3611
2593
5000 5778 4278 6048 4278 5778 1355 2593 2330 3452 3105 3107 5066 5188
2614
3621
1740 2865 1938 1567
3612
2614
608 636 1645 532
3598 3598 3612
4858 915 766 5146
3598
3611
3612
3598
3615
3612
3598
3598 3598
3611
3598 3612 3618 3598
3598
3598 3612
2394 3565
3612
3598
2595
2593
2560 3598 3598
3598
2614
2614
3591
1535
3335 3621
1348 1348 1348
2614
3613
2892 3693 2717 2891 4858 3390 2892 3693 2854 4858 2854 2894 3390 4858 3387 4070 2892 2854 2908 4858 442 531 599
2614
3615
3390 4858 3734 5932
378
2593
2614
3615
3598 3622 2593
3598
3598 3598
3405 3389
2614
3614
3611
2593
4253
2593
2289 2270 1921 1355
2614
2614 3612
1419 1646 1670 1419 1646
3598
2614 4187
3565
2593
3621 2593
3598 3611
2593
3612
3598
1534
2593
5146 3612 5146 5146
2614
2614
2154 1500 4875
4795
2064 1955 3394
2593
3598
2593 2603
3612
3598
3598
2614
2614
1529 231 634
3854
3566
2614
2916
2593
3611 5531 1498
2614
3614
3613 2603
2593
6048
3611
3612
5146 2071 3834
3598
2028 1518 2065 1820 2604 2593
2614
5464 1509 1499 2156
2614
3621
3612
2614
3612
988 981 1219 231 231
3621
3612
3611
3611
1348
2614
2265 3747 2845 3746
3565
1348 1348 1348 1348
3614
1348
1348 1348
2603
1646
2614 3611
2614
3598 3612
3622 2593
3598
3611
2614
5065 3403 5530 5826 4988 3274 5470 2318 3282
2614
3615
3615
1866 4436
3566
3611
3611
3612
3598
3565
2593
2593 2594
2614
3175 2994 3171
2593
1348 3634 1348
3611
2314 3391 3854 5932 3180
4350 6033 6039 1612 6032
3612
3612
2731 3612 2612 2613
4874 3068 2891
3598
4598 3225 3870 1935 2979 524 5071
3613
3612 5492 5492
1348 3598
2614 3598
3598
3598
230 4253 2271
5070 2071 1355 3657
1348 1348 1348 1348 1348 1348
2614
2614
2614
3611
2614
3586
1348
2593
2614
4635
3598
2528 2046
3598
3598
2603 3611
3598
2593 2593
2603 3565
3598 2593
1348
1530
3611
3611
2593 2593
3621 3565
5066 3391 5826 2416 5001
1348
3598 3598
2593
3621
2614
3598
3613
3611
2920 2316 3435 1492 1355
3615
2593
2614
3612
2614 5966 3612 2593 4052 2593 3565 3598 3621 3615
3611
3611
3598 3615
3850 5146 3842
3611
3611
3587 3618
3615
3612
3612
3840 2065 3224 2323 3843 2698 3598 5146 5489
3598 2614
3613
3598
3598 3598
3598
3598 3598
3612
3612
3598
3611
3611
2593 2593
3565 2593
2687
3565 3611
3598
2593 2593
3598 1901
2273
3598 3598
3565
3621 2614
3622
2076 6035 3766 2885 5186 1509 4070 4070 5025 5024 1355 2076 6035 1509 5518 4070 2325
1348 1669 1665 1650
1348
1503
2614
3735 2851 2982
3612
3598
3068 5439
3598 2614
3565
3615
3601
3598 3598
2593
2372
1348
2614
2614
2569 3621
3565
2614
3612 3612
2614
3565
3565 3621 2614
3370
2603
2553 5813 2548 3598 3073
2594
3611
5850
3611
2614
2614
3615
3611 2594 3611
3611
3598
2076 5007 2982 5899
5967
3598
3611
3565
3598 3612
2594
3611
2903 2681 2865 2884 6035 3964 2879
3598
2614 5033
1901
2614
3611
1355 4095 3765 3469 2849
3598
3611
3611
3614
2614
3612
2439 6033 2431
3611
3977 3977
3598
3565
2593 3611 2560
3612
2593 2323
3617
3611
1348 1348
3598
3612
3598
1348 1348
3612
2614
2614
3598
1348
2614
3565
3614
2614
3598
378 1222 1222
2614
230 3870 1963 3157 230 3870 230 4983 3157 3180 3182 230 3157 230 3158 3183 3180
2593 2593 3612
3598 3611
5966
2614
3728 2858 2314 2859
3565
2614
4881 1567 3106 5470
3598
2593
2396 2674
2418 3171 1930 2455 2614 3420
3565
2593 3612
4950 2619
4097
3598
3554 1489
3612
2614 3598
1147 350 1140 330 1530
2603 3612 2614
2314 2891 2418
3598 3612
3612
2614 1587
231 378
3565 3611
3611
2438 3415
2614
3598
3598
2614
3598
3598
3613
3598
2614
1348 3598 1348 1348 1348
3598
3612
2326 2920
3598
2071 4268 3466
2923
2614
230 2495
2614 3598
3067
3612
5816
2583 3598
3598
989 1496
3611
3611
2614
637
3598
2593
5814
5146 5476 5146
2614
3622
3611 2614
2070 3622
3601
2614
2614
3611
3565
3598 3612
3612
3613
5065 3870
3598
3105
3614
3598
230 3876 5507 4618 5507 3008 3876 230 4620 230 5507 4622
3598
2614
3598
4873
437 2593 605 3621
3598
4785
3614
1419 2071 1419
2614
3598 3611 3598 3612
3611
3613
2614
3612
3611
3611 3389 3173
3598
3598
3940 3917
2482 3697 3843
1646 2320
3611
2614
3612
3565
3565
1348 1466
3598
3598
2614
3611
1348
3565
3956 2568 3067 3956
2789 2256 3068 2904
2560
3598
3598
3587 2594 2593
3611
5531 2455 230 5826 5531 230 1348 2455 5826 2455 5826 230
3611 3598 3612
3598
3598
3611
4743 4872 5470 1586
2614
2593 2614 2593
2507 1529
1348 1348
2614
2614
3612 3598
3598 3589
3611
3598
3612
1348
6032 6032 3067 6032 6032 6032
2571 3937
1348 1348 1348
2614
2614
3612 3612
3612
3612
1348
3598
2614
1348 1348 1348
3612
1348
2614
3565
2614
3617 3616
3616 3618
3612
3611 3612
1348
3612
3612
3611
2064 4052 1501 1590 3621 6032
1944 3689 2904 5932
3612
2614
5126 3621 3598 3598
3598
5562 230
5058 524 5058 2076
3611
2594
3612
3598
3390 5146 2431 2861
3612
1348
2593 3612
2593
3598 3598
2614
2614
2418 2314
1563
2455 3411
1586 1587 1575
3612
3612
2593
2614 3598
2614
3612
1866
2593
2614
3598
3598
3587 3611
3394
2614
5425 5426
3612
3613
906 1208 231 230 2022 2070 5928 5826
3611
3598 2614
1500 1500
3612 3571
2614
3611
2614
1348
1990 2094 3247 1355 230 606 1469 1637 531 1466 5066 2094 2101 2094 2391 3262 1992 3870 3243 2094 531 637 1466 606 1413 231
4926
2596
1348 1348
3612
2593 2596
3612
3106 2718
3612
3612
3611
3611
3598
1348 1348 1348 1348 1348
1496
2344 3097 2894
3598
1530 637 2070
3612
2614 3562
3598
3611
3611
2612
3614
2593 2611
3612
2666 1958 2653 2742 2653 2687 1965 2655
1348
3565
2614
3598
3612
3402 230 6034 1480 5072
3614
1348
3691 2314 5028 4794
3621
3612
3601
2614
2172
3613
3598
3201
3612
3617
2614
3612
3598
3612
3598
2071 2593 2071
3598
3612
3611
2614
3612
2614
2614
3612 2593
3611 3587
2614
3598
2507 1926 1962 3390 5527 2065
3067
3611
3612
2614
2551
2614
2614
3598 2593
2614
2180 2155 1646 2270 5426 1866
2691
2065
3613
3565
3634
2614
1348
3598 3598
3590
3621
1634 1530 2614
3565
4147
3612
1530
3611
3067
2371
5436
3611 2614
5489 2614
3565
3565 1348
3598
3598 3598
3612
3598 3612
2593
3598
2593
2603
3598 1642 1995 2481 1642 1642 1642 1563 2802 1866 1642 1642 1642
3611
3598
3612
636 531 534 599
2614
2614
2614
2614
3621
2964
3598
1222 766
3611
3611
2593
2919 4619 4985 2919 4983 2916
2614
3598 3612 3598
2563 2593
3612 2593
3612
3611
2614 3598
2593
2557 2547 2314 5527
1639 2865 1639 3390
2593 3612
3611
1985 3068 2593
3611 3612
3613 3598
3598
2614
2614
2064
2593
2614
4983 2849 230
591 534 636 1639 1413 534 1413 603
3565 5055 2022 1925 1480
2593
2065 1962 2863 3442 2065 2883
3621
3617
2593
3612
3621
3589
1646 1646
3611 2614
2614
3552
2614
2593
3598
3612 2603 4961
5439 5809 3611
2614
1348
3611
4187
3558
3612
3620
3612
3612
3612
3565
3565
4879 2418 3245 5143
2436 4858 3766
3611
5157
2614
3612
3611
5041 5523 3434
3598
2614 5967
2603
3611
4890 5146
3617
2555
6034 2908 2908 6034
1348
2614
2594 3352 2593
915
3591
3565
2614 4912 2324
3598
3621 2593
3598
3612
3598 3621
1219 983 1222 231 2482 2860 230 378 1216 983 231 1976 230 2859 1992 1216 915 231 378 983 1992 230 2859
3565
3565
1768 230
3612
3612
3406 3394 3395 6032 2510 3691
3612
1939
3612
3611
2603
1092 2892 2418 2455 435 1530 1652 524
739 610 1469 230 1419
2593
231 1296
2593
2614
3598
2614
2593 3616 3618 3618 3616 3616 3618
5072 230 2139 3008 5072 5066 2802 230 1355 231 230 2490 2919 231 1642
3621
3598
3611
2593
3611
2593
5927 2455 2455 1567
3068 6032 1646 1466 637 1962 3565 2314 5001 1355 2071 6034 2314 1962 3068 6035
1665 1654 1413 350
2614
2951 2789 2125 2876
3565 2593
3621
2614
5191 3521 2982 2865
2593 2593 2593
3027 347
2614 1530
5157 1355 2321
3611
2603 3598
2614 6032 2455
3598
1642 1642 1637 230 637 231 599 1025 599 231 1642 1025 531 636 637 636 599 531
1348
3157 2844 3067
2614
3611
2274
3621
3611
3611 3612
3618
1530
5166 1419 2994
3876 2894 230 3891 3876 230 3158 1655 230 1469 1659 1025
3611
6052
3587
5188 1498 2070 4884 2849 1348
230 2851 2455 5143 5058 5143 230 4879 2851 5143 230 5143 230 4045 3854
2780 230 2139 3170 1530 637 230 2064 3419 2315 230
3400 2455 2858 5056 3766 1551 5218 5058 1355 2068 4070
3612
3612
2614 2593 2593
3565
2614
2614 3611 2593
3612 2614
3565 3598
2070 3598
3565
3612
3598
3611 3611 2593
2958 2463
3071
1956 2983 3068 5778
3598
3616 3612 3617
2593
2614
3587
2593
2614
2614
2593
3591
2851 230 5143 5143 5558 3170 230 5143 230 4976 1740 230 5466 4874 1930 230 4890 5464
5218
1866 5434
2614 3598
1586 3612 1962 3888 2065 5501
3611
3391
532
3565
2614
6037 2065
3611
5826 5071
2594 2595
2559 3612
2139 230 1355 2139 230 2309 1518 5539 5518 230
230 2851 3964 230 2476 2155 5558 230 2802 2651 230 5558 1355
2041 2064
610 1646 636 524 525 1187 330 350 350 330 1151
5419
230 3888 4872 2434 230 3389 5156 3888 230 5132 5143 230 2509 5489
3565
3565 3614
2431 5983
2614
1348 2593
5221
3519
1355 3290 3247 3254
2593
3598
2614
3598
526 1348 1348 1348 1348
3621
4088
3916 5850 3904
3612
2614
3612
3611
1207 1222
3611
3611
3611
2614 2594
3565
3577 2578 2593 2568 4967
1587 3693 3013 3349 2583
5154 2894
3598 3598
3621
3621
3481
5806
3565
3612
1127 3068
3621
2593
2857 2426
3598
3598
2560
3622
2620
3613
1475
1348 1348 1419 1508 1348
231 231
3612
3611
2614
3622
3614
3612
3613
1611 345 1611 345
3611
3611
2614
3612
3612
3612
2593
2614
2614
3611 2614 4961
2614
3612 3611
3611
2270 4623 3435 3388 2071
3611 3598
3611
2593
3612
5489 1520 230 2325 5489 230
2614 3598 3612
1500
1903
2614
3612 3611
3598
2614
2865
230 2863 2139 231 3074 2325 230 4661 378 2344 5157 3687 3074 230 1355 1530 1025 534 1652 230 1227 3074 230 2139 3436 2858 3436 2309 2802 230 378 5157 2517 230 3436 6034 2144
3611
1348 1348 1348
2593 3621
3611
2614
591 1639 636
1348 1348 5424 1348 5167 1348 1348
2614 3598
3611 3611
2614
3565 3565
3611
3611
1348
2614
3612
3598
5167 4618 3442
3611
1348 1348 4857 1348 1348
4098
3611 3598
2036 3106 3105
3613
5053
2614
3612
3565 2593
6032
3620 3616 3616 5138 1978 3620 3616 3620 3616
3615
231 378 378 231
5056 6032
3598
1348 1348
3612
3667
1587 1587
3067 1496 4793 5219
3612
3598
3611
2593
3612
2599
3612
1903
3411
5482
5218
3565
1348 1348 1348 1419 1348
3613
1348
3621
6032
1210 1207
1348 1348 1348 1348
1348 1348 1348 1348 1348 1348 1348 1348 1348
343 1514 1514 343
3611
3612
2022 5186
3612
3611
3618
3611
2163 6036 4793 2594
2576 3558
3910
3612
2603
3613
1348
3621 3621 3621
2908
6034
2594
2563
3615
1465
