3188 4341 3208
4016
4030
6245 3381 1819
3305 3298 6801 6803 3299 5633 6559 2571 6682 6808 6801 2571 6563 3189 2571 5798 4164 3092 6801 6803 3298 2694 3298 6801 3299 3176 3296 3298 6801 3299
2904 2312 2792
4030
4117 2696 5744
5879
2908
4016 4034
2883
4016
1266 1283 389 368 1330 4040 1328
4016 4016
1695 1626
4016 2893
4016
4016 4016
4029
2893
2904
3788 3427 3218
1807 594 591 497 1695 4784 671 5798
4030
4032
2883
3991
4016
4016
4029
4033
3788 2695 5493 3805 1016 1793 5642
4016
4029
4029
659 2207
2848 2857 1498 2883 2904
4016
1654 3776 2534 1088 924 699 1733 3776 1654 1440 1088
4030
5249
2883
4029
2904
4029
596 5810 1729 1729 596
4030
4040
4029
4016
2884
1672
5713
4034
6739 2792 2534
2736 5495 4016
2883
4030
4030
4029
2840
1498 1133 588 1498
3381 4558 5491 2269 1508 4557 2801 2802 2318 2270
4016
4030
3785 5204 3196
1572
3339
4030
4031
4029
260 2228
6559
2795 3201 6113 6141 2850 2851
4030
4033
4016 4029
2881
5395 5394
3969
3991 2881
4016
2883
2904 4016
2883 4029
4030
5511 3564 1654
2904 4873
4030
4029
6687 5404 4030
2713 3333 3190 3229
5642 5404 3784 3807
1498
4029 2901
4030
2871
6099 2745 3426 260 5620 6230 6104 260 5620 260 6230 6107 5620
4033
4030
2575 2694
4016
596
2840 4016
4030 4030 4030 4030 4030 4030 4030 4030
2883
4029
2904
5157
4029
3427
4029
6559 1968
3298 4191 3307
2482 2410
2904
4030
2307 3867
2904
6801
3426 2561
2904
2851 3190
4029
4029
4029
5692
4029
4030
2313 702
260 2931 4557 2756 5125 3427 260 3227 2206 675
2522
4031
1361 261 1358 1093
4007
4029
1487 6558 1646 3427
