5671 5505 5404
2904
4502
4016 2883
2904
3776
1498
6687 2173 3174 2307 4016
2904
3806 6804
1015 1089
2181 3787 6559
4029
6726
4016
4016
2384 3460 4118 5126 3788 3381 1507 5250 3556 3435 2663 3471 6804 3122 4421 2669 3473 3185 2270 6558 3186 2623 4610
2893 4031
2882
3979
3199 3131 3781 3219
2882 1741
4016
6624 6197 6208
4029
2904
2883
4016 2904
2889
6632 1345
2904
1342 1344 1573
4016
424 1348 1361 424
4029
4016
6114
4016 1748 6179 1748
4016 2904
424 261
4030
2261 2746 2312 1358
3785 3189
649 1133 702 662 1572
4031
2904 4016
1654 2713 3776
2904
1088 1356
4331 3323
1483 2424
2904
1439 1131 1477
5634 6506 4793 6817 4793 6506 1507 2883 2594 3851 3471 3473 5709 5844
2904
5478 1015 844 5798
4016
4016
424
4016
4016
4016
672 1572 588
2883
2904
4030
1093 1086 1358 261 261
4030
4016
3381
5204 2155 3788 5218 3784
3199 5662 4767
2594 4879 6802 6808 1783
4040 4030 4030
4016
4016
4016
4029
4030
4016
6726 4030 2904 4532 2883 3978 4016 4040 4033 2883
4030
2988
4031
2318 6804 4203 3219 5842 1673 4557 4557 5663 5662 1507 2318 6804 1673 6208 4557 2589
4016
4016
2904
4016
1770 260 1699
4029
2904
2904
1361 424
6726
2588 260 2547 2491
3967 1652
261 424
4030
1660 1094
4029
4030
4016
260 4323 6196 5203 6196 3356 4323 260 5205 260 6196 5207 3356 260 5203
2904
2904
2702 3797 260 2736
2904
6098
2883
2904 4016
6801
1006 1346 261 260 2263 2312 6683 6559
5620 3471 260 6230 261 5614 6230 5695
2187 2947 2961 3050 2947 2988 2196 2949
3796 260 6803 1642 5715
4030
2424
2883 4016
4030
4030
1507 2718 2972 5478 4783 1672 4116 1935
4016 2904
1361 844 1361
4003
5617 3180 260
3978 5695 2263 2154 1642
2307 2193
2883
1819 1228
5810
2904
5680 6214 3828
2904 5535 2588 4687
1358 1088 1361 261 2765 3191 260 424 1355 1088 261 2207 260 3190 2228 261 1355 1015 424 1088 2228 260 3190 424 1015 1358 261 1088
2893
488 1695 1825 586
424
261 1440
2883
3379 386
4323 3229 260 1828 260 1629 1832 1133 4340 4323 260 3533 6173 260 3182 260 1507 5794
260 3182 2736 5794 5698 260 5500 5794 3182 5794 260 5794 260 4525 4298 4298 5500 260 4340 5794 260 2307 260 3822 4341 5713 260 1778
1695 703 260 3093 260 2384 3546 2306 3813 2576 260
3426 3218 6687
2312 4016
3182 260 5794 5794 6251 3546 260 5794 260 5610 1935 260 6149 5495 2159 5511 6147
2883 4030
2384 260 1507 2384 260 2568 1683 6230 6208 260
260 3182 4421 260 2759 2402 6251 3122 260 2944 260 6251 1507
260 4337 5493 2713 260 3783 5809 4337 260 5782 5794 260 2792 6173
2709 6744
4575
2904
4029
2904
3885
1637
261 261
4031
3789 260 1972
2883
2527 5208 3829 3782 2313 2312 3339 424
6173 1685 260 2589 6173 260 3783 2716 1794 260 5495
6717
2904
261 424 424 261
2883
1348 1345
2853
