6173 2159
4016
2882
3186 3296 6803 3299 6801 3298 6801 6801 3299 3305 3296 3299 3305 3298 3296 3292 6563 3296 3299 3296 3299 6801 3305 1708 3296 3299 3298 3299 5798 3606 3300 2694 6801 3195 6801 5798 3174
5689 5469
3968
1656 4029
4016
4016
4029
4016 4016
2084 2857
4030
2084
4016
4016
4016
2882 4030
2911
4016
2911
4016
5494
4016
2312 2904
1354 926 1084 1086
4030
3182
4016 346
2125
4029
3605 5882 2702 1733 2147
3764
4029
4029 4029 4030
1695
2904 2838 2854
6229
3340
2883
2792 596 702 2792 5505 671
4040 4016
5478 4029 3058 3760
4016
2911
2904
4429 2530
4029 4034
1498 3978
5109 3381 2623 3559 2756 3471 3789 4115 1507 6804 3181 3473 2756 1720 3181 4118 5622 2270 2623 3788 6803 3473 6089 3123 3435 1508 3122 4112 3471 4182 2318 2802 3556 4421 3435 3122 2669 2206 5250 6801 3185 3471 3381 1507 4118 3789
2307 4031
2312
2307
2384
4030
4016
4031 5091
4525
2904
3190 2593 5820 2427 3299
5403 1660 4016 4030
2911 1660 2084 5797 5879 1660 3197
1579 1819
4016
4029
4029
4030
4030
4029 2307 2838
6558
4034 4029
2911 2904
6719
4016 2522
4029
2882
2904
5505 5404
3978 4016
4474 2696 2694 3788
2595 5511
5708 1812 1579 5635 3196
4029
4030
2425 1825 1821
4029
2630
4029
4016 2904
4029
2883
4016
3851 5515 3196 1508 3782 3806 2709 1778 5504 3240 5622 4116 1715 5635 2590 1786 2577
4029
4040
6123
4016
2522 1669
2883
3188 2168 3190
703 593 3323 1579 703 1579 2152 703 1579
4016
2883
2911
4030
6173
675 1810
4029 6117
6228
4034 4029
2579
5662 3460
4030
4036
5306
4032
