1572 596 1825
2307 5709 3793 4805 2074 1695
4806
6208
6801 2736
2904
4040
3196 2790 3782 4016 5478 3190 6527 1660 2261
4030
4806
5505 1345 424 5501
4029
4030
5117 3321 4047 389 368 6172 4805 1274 4046 1328 3326 1330 5112 4806 6245 1282 5696 1265 2261 3601 5635 2312 1508 4118 2269 3789 2588 3879 2716 4558 4117 3326 4790 2196
703 702 6742 6532 6525 703 1828
2307 3780 6570 3189
2168 3560 3188 4046 2594
2512 5478 3782 5709 3188
3291 2589
5696 4525 3196 2589 1093 927 381 1667
2765 2307
5478 6803 5786 3776 6802 5798 2402 3295 4790 4202
5678 3866
424 1345
5478 5877 2904 4331 3427
3258 1936 2311 2694 5663 5214 3813 2792 3264 3789 5666 3186 3263
5228 3788 2161 2608 3560 3603
4806
2904
3806 2904 2318 3783
4117 3218 3192 2717 3426 6166 1664
3989
3774 5262 4512 2266 396
5511 4016 5794
1734 1655
3782 2736 2904 5205 3784
3839 2578
4016
1661 2547
4805
5189
2312 3806 4118 2717 3238 3782 3781 3532
5842 3829 3788 3189 5842 6526 2590 6739
4030
4046
4806
2125
692
3324
5215 3806 5478 5477 3783 5877 3788 3784 5635
4030 5462 4030
1695 676 1579
2904
3788 3190 3188 6212 5354 2957 3794
2908 3977
5218 4783 3821
4046
4046
4030 6527 424 6754 1088
346
4029
5205 3218 3821 3829 5215 3877 1507 6559 5251
1345 4705
4030
2313 3219 3218
5478 3427 260 424 261
4029
5798 5477 6739 4046 4118 6734 6526
2904
3131 1810 594 662 588
2155
2319 3427
4029
2881 4030
1661 1724 2312 1695 5787 2312 4317 5501 2169 1724
3978
4047
3796 5787 2713
5403
6803 4030
1498
3427 3806
5836 5844
3985
2790
5713 260 5713 5714
1507 6506 2904 6789 5635 2594 4793 1655
4421 3559 3260 3813 6251 5696 6149 2608 2173 3603 1715 3813
590 1812
1345
4805
3324 2904 4016 3291
4805
3219
2893 5696
4031
2881
6682
424 261 1366
2881
3191 3190 3381 5342 2313 4046
6802
1181 688 432 408 1193
3784 260 2575 5494 6687 261 1356 1088
3784 1810 6687 2575 4163
6568 424 2794 3190 1783 5820
4030 4040 4030
3182 3229
4046 5708
4016
4016
3978
4806 1742 6802
2161 3426 2441 2158 396
4046
1572 659 588 586
4805
2792 2577 2306 5477 1777 5405 2904
4033
5695 5642 2277 3601 2311 2307 3258 5695 5696 1507
4046 3764
3186 2547 3293 2595
6509
4163 1507 2228 4164 396 3459 5696 5354 5697
4029
2790
4030
3799 4610 6568 1507 4784 2326
4016
2241
2893
838
2196 830 2717
6559 2790
4805
4016
4806
2228 260
260 5505 5878 5343 5404 6149 1700 5404 5878 5505
5622 2709
1655 260 260 1655
424 699 261
1936 3260 260 3260 1936
1361 261 260 2313 2148 1507 2575 2313 1572 5511 6738 1695
6199 260 3181 4335 2441
4029
424 261
3196 3788 6559 2189 2205 2713 2608 3800 2326
4040
1695 1694 700 676 440
5204 3788 6199
4805 6526
3427
3411
6801 3240 1507
260 2241 2491 4772
4806
6153 6682 2575 3185
3427 5810 2584 6522
2908
4805
4029
2904
5496 6801
6153 3240 2771 2704 1507 3263 5695
1367 424
4047 1082
4030
2736 260 3796 5453 2152 260 3532 3427 3532 2736 5453
6740 6738 6525
6801
4790 2736 260 5794 2147 3810
3310
4805 3243
6801
3851 3817
4047
2156 6504 5368 4118 2575 2277 3218 2402 3219 3240
4030 4029
440 1695
6251 6263 5695 3264 260 2587 6251 2764 2161 260 260 3264 5610 260 396 6263 2774 2713 260 3556 2313 491 490 1579 1695 703 1828 2579 6089 260 6624 3532 260 2938 2766 3264 1507 2169 3356 260 2313 3264 260 5610 1828 703 260 2694 2579 6208 3356 1507 2938 2306 260 4298 5404 3356 260 2587 260 5619 3556 260 2193 6263 2713 260 3264 6818 6263 260 6251 2694
3093 2669 4804 3293 2709 3082
5062 4514 4805 2319 6565 5622 1507 4512
6632 6559 1507 260 6563 1367 844 1079 3182 1346 3553 1778 260 1507 2586 6222 3290 1786 5695 260 1507 6222 3552 3182 6222 1673 3552 6559 2957 260 2713 844 6222 6565 6563 1089 1346
586
2313 1089
4930 6500 1784 2756
1972 3776 5477 2307 6189 5878 6199 3460 5404 4118 3759 2702 3240 4788 3194 4790 3241 1507 2484 1714 2425 6559 3782 3891 3783
6506 2164
4805
2261 5511 2904 6559
424
2796 5126 2792 3220
6166 5709 2904 3426
4016
3310
1498 3805
3787 5494 3549 2261 3258 2694 3254
4514 4046
6687 3783 2261 3199 2694 1660 2736
4638 2484
5478 5222 1778 1928 2530 4806
4040
3800 4118 6687 4793 2589 3782
260 1094 424
260 1507 5696 5493 5493 5696 260 1507 6251 260 1507 2168
3219 2509 2709 1507 1714 5879 6565
6173 5404 5813
5810 4118 6189
2306 2572
6559 5663 5620 6213 5665 260 5614 6559 260 6213 6104 260 5620 6559 260 6230 5665 5620 5663
5454 6804
2904
1660 2261 3196
4030
3227 6194 3789 4804 3796
260 5511 2156 260
1361 3978
2587 2264 5782 3291 5714 5713 260 5714 6230 5494 260 6230 260 2194 2932 260 2326 3472 260 3310 6199 6218 260 6563 6565 6568 3553 5610 842 1344 5125 1342 2326 2325 1361 1365
2736 4806 345 3788 3787 2694 4163 2264 5877 3789 408 2264 688 2173 3788 434 3785
4040
4047
4805 3338 4267
4806
4804 672 1812 1629 1810 4016
4029
4878 676 1805 1963 650 4092 5223 591 1810 4469
3978
5819 6559 3260 3220 2699
2746 6527
4030
1695 2281 1579 495 4029 703 2584 3293 4030 2595
6527 6509
6801 2313
2904
663 1821 692
433 408 1193 5404 688 1179 693
5494 4805 6737 1716
5189
4030
4016
3258 260
676 1825 4458
4030
3426 424
4016
261 424 1355 1088 260 2207 3191 1358 261 1088 1361 2205 260 3191 2207 1361 1440 261 1088 2205 3191 2207 260 1358 261 1361 1088 3191 1935 260 3552 1088 261 1358 1361 926 2205 260 3191 261 1088 424 2205 260 2207 3190 261 1361 1088 1355 2205 260 3190 2207
424 1345 1346
3427 5798 1507 2772 5782
3199
4590
260
4804
3342 260
6801 3264 1661 1507 6801 2938 260
3122 3293 2326 3290 2801 2189 2307 2384
2193 3427
6179
2310 2704
2881
1825 593
699 6249
5794 3310 2306 1507 260 6624 6197
260 5218 5610 2736 260 5610 1677 5218
1015 4805 5676 4030 2595
2241 2307 6531 345
1655 1654 3427
5794 4317 5782 260 5794 260 4323 3796 6803 260 396
260 2932 3093 2568 3184 4317 260 4317 260 5125 260 2587 4317 260 1936 3187 2306 1681
3799 2307 3801 4805
5369 3548
3427 1652 2772
2904 3514 5754 5306 2277 1819
6624 260 6563 260 5610 6568 4317 260 488 1828
260 5610 3182 5794 6199 260 1935 260 3264 6199 260 5744 5794 2736 260 3553 1935 5610 260 4612 3218 1715 260 3182 3564 2164 260 3182 260 5794
5641 3123 4118
3546 3828 3310 260 1507 260 495 491 2313 588 2307 6817 2579 3310 6817 2771 1507 2263 6209 260
5813 3783
4805 4806
2306 2792 260 3822
5877 3788 1367 5877 3196
4046 2881
4805
4047
4805
2893
6756
2578 3813 2189 1742 3788
5757 1786 5713
2764 2790 2159 260 491 703 1695 1579 3356 260 5622 3546 260 6506 3549 3356 1507 260 3560 2771 6801 2273 260 495 1755 260 1626 1507 2587 1579 1818 2568 2273 260 3546 260 2577 2587
6526 3887 6758
2736 6803
6746 6523
260 3821 261 844 1366
3427 2261 3199 3552
3789 1717 260 3821
4016
260 3196 1507
4805
1728 1193 409 688 424 436 1171 430 689 1156 408
5348 6524 3360 6522
3796 2578 260 2277 2587 5640 260
1731 3807 3801 5404
2313 260 3783 2696 3356 260 6209 260 4331 2169 2696
3427
3781 2577 4322 5048 5622 3194 3229
6565
3796 2736 260
4034 4035
