2908
2312 1971 6801 1972
5819
4040
6784
2908
5819 5496 1664
5819
2307 5511
2908
2126 4016
5819 6801
4031
4030
6559 5819 5218 590 1626 6558 1695 2181 5205 2310
5496 5819
5798 6199
4030
5820 490 1734 495 5819 1579 676 703
4029
4030
4029
5819
2269 6247 2306
5820 2908
2715 2312 6734 3821
5820
3806 4123 2736
1498 5819
2904
4030
4029
5820
5820
3788 5819 5635 5496 2736
4029
4030 2869
5819
2312 1579
5819
4029 4029
5819 2904
5819 4030
4003
5820
4029
5819
5819
4030
5819
2270 6684 3789 2185
1671
2881
3219 3427 5879 3227
3324 3229
5820
6199 2312 5819
4029
4016 2904 5820
5502 5820
5819
5634 4334 1971 6147 5477
4030
5819 4040
4029
4190 3299
2908
4029
5820 2312 6199
4016 2709
5820
2527 1819 1579
5819
4030
1637 5713 3867 2226 1362 3785 2263
5819 2196 1507 5713 2325 5819 1626 4335 2589 1507
5820 2904
5820 2904
4030 2881
5819
5819
4016 1695 1828 1579
5819 6687 4016 6199 2904
4030
5820 5496 1579 1717 2410 2409
5819 5478 5496
2207 2801
5820 2904
2908
5820
2904 5820
3411
5819 4016
5819
1695 1579
5819
5820
1695 3427
4016 5820
4016 5819 4030 2908
2904 5820
5819
3806 3817
5819
5820
4016
6804 6811 6811 6804 1807 6804 6811
4030
5218 6801 2266 2402 3627
6247 6186
5819
5819 2904
4029
4030
5798 3532 3548
5820
5820 4016
1016
5820
5395
5820
5820
6559
4030
5819
2904
2736 6687 5494 1695 1579
4016 5819
2904
5819
5819
2695 2269 1507 6802
5819
5820
4003 4003
5820
5819
665 1572 5634 6225 593
5820
4030 5820
4030
3196 5642
4933
2904
5820 4016
4030
1507 3787 4340 6189 3324 2696
5820
5819
2405 5820 2702
5208 5798 4016 3189 5714 5819
3098
5820
5819
4031
4029 4029
1498
3871 2349 5819
5404 5496 5819
4040 4016
1972 588 5715 5695
2904
5820
5820
4005
4032
664 671 703 594 1629 495 703 1825 665
1362 5714 5713
5819
5819
3236
5820
5504 5368 2229
5497
6758 1818 3427 6563 1695
5819 2719 1717 4016
2589
5819
5495 5819
5820 2904
5819
4030
5820
2908
4029
5820
2881
3191 2579 2472 4114
5819 5714 2904 384 1782 5368
5820 6801 5496
4016
4030
5819 4016
5819 2695 1658 5820 596 1729 2736 596 2908 588 1733 588
5819 5496 2736
6199 2736
5503 2736 5819
4030
5820
6199 5820 4016 2736
4029
5820
2904 5819
4029 4029 4029
2736 5819
5819
2904
5819 4040 4016
3805 6804 2595 1507
1579 1819 676
5819 2736 2410
5819 6526
2410 5794 3310 2713 2405 5819 2195
4003
2424 5819 2402
4029
5819
5819 1664 2736
5820
4030
5819
1626 1819
2484 5819 2424
5820
4032
4016
6203 1650
5819
4122 5820 2713
4030
5819
5819 6199 5496 5819
5819 2904
4029
5819
5820 4040 2736 2403
2883
4030
3547 5456 3227 2736
5819 2908
649 2715
5819
6506 6213 2313
4029
2881
2736 2904 5820 1717
5820
1579 1695 703
5516 3190 5820 4016 6803 3831
2736 5820
2403 5819
4032
4031
2904 5478 5819 2403
2313 1742 5819 5404 3674 1507 3660 1675 6220
4003
5820 6801 5496
4029
5511
4029
2908
5819
5820 1694 3190 1703 1694 3190 2311 5819
5819
2307
5819 4016
4029
5820
2713 2717 6624 2587 2707 4337 4030 4285 5782
4005
4030
5819
2904 5819
5820
5819
3258 2669 2269 4557 3310 3806 4118 1971 5477 3826 3333 6522 2270
2908
4334 3427
5819 2904
5820 4016
2881
5819
4016 5820
5819
6197 3788 2736 3789
4030
5819
5820 2904
2904 5819
4016
5819
5820
5819
5820
5819 4016
4029 4029
2904 5820
3813 3355 3788
5819 4016
4029
2883
4029
5819
4029
5820 4016 4029
3237 5620 2184 3867
2908
5819
4030 4191 2277 3213
5820
6147 2881 4016
2983 260 3807
4029
6817 3219 5203 5708
6113 6628
5222
1819 6255
4031
5820
5820 594
2904 5820
5820 2904
4003
4039 4036
3256 2313 4016
2871 2869
5819
5820 2126
2904
3196 5487 1685
4030 2881
2904 2908
5819
5820
2881 5183 2306 4585 2904
5820
5819 1695 1807
4029
2312 6199 5819
5810 2405
5819 2904
2402
4030 5819
6801 5502 5819
4016 5819
5696 3785
2904 3426
2904 5819 6199 5496
2704 2277 2403 3664 5879 6504 1507 1660
2908
4029
2883 4040
2709 2736
5820 4030 2736 2719
2736 5819
5819
4030
5819
5819
5819 2904
4016 2908 4029 2904
5819 2904
2491 5511 260
1498
5820
2468
4030
5496 5819 6803
671 491 1812
2125 2908
5671 3331
4030
4030
3191 3781 2736
4029
2908
2403
3293
4030
2908
4029
703
5820
2908
4036
4029
5820
5819
4030
2736
2717
5677
4029
5819
2696 2311 3219 1655
2704 3238 2593 3651
5819
5820 2904
4029
5819
4016
5819
6568 5819
1498
4029
2840 3718 2841
2484 5819
2917
3219 5671
3327
588 657 1840
5819
5820 5496 2405
5819
1695 3472 5820
3199 3868
5820
5820
5820 6802 1793
2994 2864 6194 2941 2849 3047 2970 6260 2522 2868 2994 2880 2902 2850 4030
5820 5819
260 2794 3866 260 6559
4030
5642 5877 260
6148 4068
3973
1828 5814
4116 5819 2247 5622 3236 3196 5622
5819
2908 4032
5819 5496 2736
5819 4016
2695 5820 5708 1812 590 3427 2904 6153
2904
5635 5794 4557
4030
5819
5819 2904 3978 4016 5422 384 1782 391 5496 2424
2881 2840 2837
3978
586 495 5809 5819 6199 667 2904
2716
2908
6801 5820 4016
3180 5820 1812 1626 3199 3196 1626
3796 260 3556 5794 3556 260 2161
5819
5692 5692
1819 1498 1819 1819
4029 4029
5794 2810 260 2578 1507 5453 3565 2810 260 2578 2810 260 5794 260 5794 2578 2810 2810 2578 260 5794 2810 2578 3565 260 260 2810 2578 5794 2810 2578 3427 260
2130
5819
4029
5819
2587 4337
1572 1819 665
4031
4180
5504 2908 5819 5478 5504 2908 5478
4040
5820
5819 5820
3977
5819
5819
4030
4793 4790
3628 3821 5877 5174 5820 2589
5515 260 260 2756 2572 3789
6810 6141 6804 3244
2893
4030
6199 4016 5819 6687
4029
5820 5404 5879
5819
2858
3290 2318 4783 1507 1683 1685 5820
2908 2908
5496 5819
5819
5819
2908
5819
2908 5819 4016
5355 1733 2736
2575 2719 5819 5675
3652 3789 4123 3229 3797 3220 4202 2173 4558 2608
5819
5403
2185 3426 5306 3131 3186 4030 2881
2883
2908
5820
4029
4030
4040
5820
4029
4128 927 1361
2901 5478
4030 2908
5819 5496 6199
5819 2883
4032 2908
5496 5820 6199
5819
5820 4030
5810
5819
5820 2904
3785 3427 2152 1810 1717
2881
588 3426
4033
4030 4029
5820
6217
4991 2908
2490
4030
2965 3780 260 3427
5819 4039 4035
1634
2904 5819
671 1812 491
3982
1579 703 703 1579
4029
260 3426 3564
4030
2908 4033
4790
2893 2883
4030
1507 3339 5495
