4016
4030
4040
4040
3978
4029
4029
4030 4040
4030
4030
4030
4029
4029
4016
4029
1656
4016
4029
4029
4016
4030
4030
4029
1661 5481 5708 5341 6252 6820 6682 5404 5879
4029
4029
2616
4029
4029
2883
4016
4016
1656
4030
2906 4032
4016
4029 4030
4016
4030
2883
4030
1656 4030
2883
2902 2850 5698 2522
4016
4016
4041 2883
4030 2906 4016
1656
2883
4016
4029
2906
3741 5432
4031
4030
2904
4029
4016
4031
4029
4029
5677 4433 1733
4033
2881
1656 4030
4029
4005 4005 4005
3519
4016
2839
4029
2904
2318 2318
4033
4029
4030
4029
4016
4531 4029 1656
4030
4030 4029
4029
4029
4029
4029
4030 1656 3978 1656
4029
4016 4029 4016 4003 4016
1656
4030
2904
2852 2850
2883
4029 4016
1656
4040
4030
3404
4031
4040
4003
