4030
2884
4016
2904
4016
2904 4016
3978
4016
2880 4029 4030
4016
4003
2639 4030
4029
4030
2904
4029
4029
4029 4016
3978
3978
4034
4016 4034
4030
2840
4029
2883 3988
4029
4029
4030
1498
3725 2845
4029
4029
1781 6768
3978
4016 4016
4029
4007
4029 4003
4016
4030
2904
4016 3978
2904
4016
4030 4016 4029
4030
4029
4029 4003
4016
4033
4029
4029
4016 2893 4035
4016 4029
4030
2848 2857 1498 2883 2904
3978
4030
4034
4029
4040
2880 4029
4016 2884
4030
4016
4029
4016
2886
2904
4030 4016
4016
4029 4016
2904
4016
4016
4016
2883
2883 4016 3978
3971 5810 2908
4031
4030
2840
4016
3978 2883
4016
4016
4030
4029
4030
4040
5499 6149 5505 5499
4005 4029
4040
4030
5877 6189
4016
5387
4029
4016 4033
2904
4030
1498 1498 1498 1498
6147
2883
4034 4029 3991
2902
4016
1498
4016 2904
4030
1498 2883
4029
4016 4029
4029
4016 4030
4029
4030 4016
2881
4029
2883
3977
3978
4029
4031
4030
1498
4029 2904
2509 3427 2509 3427 2845 2509 3934 3427
4016 2904
2893
4016 4030
4029
4029
4033
4030
4036
4036
4029
4029 2901
4029
4030 4029
2881 4016 2883
6106 2155
4016
2904 4016
2902
4040
4033
4030
3978 1498
4030
4029
4030
4029
4030
4016
4016
4033
4029
4029
3978
4030 4029
4029
2378 2904
4016 4030
4005
4030
4029
2840 4016
4029
4029
4029
4029
4029
4029
4030
4030
2893
4029
4016
4016
4029
6718
4030
2893
2286 4016
4016
4040
1498
2904
4016
6801
4016
2883
4016
4016 2883 4016
1498
4029
4016
4029
4040
4016
4029
2884
4016
4029
4031
4016 4029
4029
3978 2893
4031
