524
3598
3598
3598
3611
3612
2261
5967
3598
2651 3074 2489 4858 1930 3964 5556 2650 1355 909
3612
3598
3589
2440 3277 5033 2861
3598
2617
3591
2560 2616
4793 3589
3598
5143 5143 1563 1563 5143
3598
1237 3612
3598
3612 599 532 1419
2614
3603
1530
2593
5219
2593
3384
3587
2614 3598
3613
3598
3611
3611
3369
1601
3598 3598
3598
3598
5143 5143
2617
626 584 1637
3598
3598 3612
3612
3622
1568 6053 637
3587
3598
2612 2560
3598
3565 3612
3598
3565
2076 4071 5040 3411 1939
3620
2068 2155 1940
3611
2593
3612
2614
3598
2593
3611
2614
3612 3612
2616
1481 535
3613
2593
3598
3598 2071
3598
3611
3598
725 647 641 725 647 3565
3612
1960 4988 2144 2069 3598 3256
2593 3598
3612
3598
2614
1612
3746 341 1502
3598
3598
3612
3615
3598
1565 1576
3598
3612
3598
3614
2614
6258 4618 2071 2391
3565
3612
3182 3598 2065 3172 5055
3598
2603
3598 3612
3621
2614
3612
3565
3598
3598 3598
3598
3598
2593
3611
3598
3611
3612
3618
911 1023 984 632 378
5488 4875 3067 2919 3437
3615
1595
3611
3598
3611
2617
3612
3598
3565
4856 4881
3201
3598
1611
3598
3598
524
3613
5070 4883
2614
3598
3612
2614 3598
2614
3611 2593
378 973 1226 1207 4740 1742 5146
3611
3566
3612
3598 3575
3598
3611
3097 3096 4160
3612
2614
3611
442 1637 598 3693 2139 2780 1103
3612
3598
3617
2614
3621 2617
378 1218
3598
3612 3598
3598
3565
3598
3598 3598
605 535 1413
3598
6033 4160 1551 2439
3612
3598
3611 3598 3611
1355 3766 342 4070 3243 1503 2431 2144 3747 4743 4071 2801 5859
3612
2614
3587 3598
3612
2431 2780 2090 5146 5066 4490 1985
3598
3598
3611
2593
3613
3068 3096 5072 3387 2483
3587 3611
3565
3598
4046
3612
3612
3565
3598
3612
3611 3598
2065 3459 3090 1741 4983 2927 3598
3617
3611
3598
3615
3612
3611
3611 3598 3612 3565
3565
1465 2491 5146 3182 2904
3598 3611
3611
3598
3612
3598
3612
2863 2071 3391 3390
3598
3067 2614
4204
3611
3598
3613
3611 2614 3611
3692 3395 3394 2065
4097
3617 3617 3617 3617
3598
2603
1530 1646
532 1530 636 1652
3612
3612
3618
722
2064
2270 1530 1419
1862
3621
3587 3616
2073
3598
3565
3611
3565
3611
2614
3598
3611
2024 1990 3464 2894 3735 2463 1355
3886 3598 2324
3598
2071
3598
3612
2514
5006 1923 5826 3420
4890 2670 2077 2064
2071 3388
3611
3613
3612
2593
3560
3598
3612
637 1532
3615
3598 3598 3598 3598
2593
3598
3598
3611
1102 378
3598
1469 524
3565
3613
3598
3621
3612
3598
3598
3598
3598 3611
2071 5218
3612
5065 2483
3613
3612
1610 6004 1610 6004 1610 6004
2548 3612
3598
3598
2431 5826 3395
4097
2594
2593 2603
3612
3565
3598
3598 3591
3612
3598
3611
3611
3611
3612
3612
3611 3598
3598
3612
2593 2603
3612
5850
3598
3612
3612
1637 3068
3611
3590
3598
526 435 605
3612
3571 3591
3612
1498 2154 5425
3612 2614
3612
4795 2863
1530 598 524 626
3565 3598
6035 6036 6040 6035 6035 6040
3615
3589
2616
3598 3621
339
3598
3598
3615 3621
3598
3598
3598
3577
3598 3598 3598
3598
3598
3611
2004
741 746
5055 2487 4661 4155 3173
3611 3598
3613
3618
3612
4635 4142
3598
3612
3612
3615
3384 1575 2578 2548 2559
3598
3611
1222
3613 3613
3598
3598
378
3565
3089 3875 3419 2070 1955
3598
1866
3612
5516 1603 5966 4817
3598
3612
634 610 1530
3612
2575 3355
5813 3611
3612 3598
378
3612
3598
2617 2617 3561
2614 3598
3598 1493
3598
3598
3612
2617
4045
3611
3598
3612
3137
2064 4743 3289 3395
1587 3384 3067
4872
3611
3522
3612
3587 3587
2614 3598
3611
3598
642 720 725 649 647 725
3612
3598
3612
3611
3612
3620
1573 3598 5776 4766
3612
3612
3614
3615
3598
3598
3621 2356
3598
3561
3611 3611
2071 1646 3598 2476 2071 3657 2512
3586
3598
1551 3612
3598
3611
3598
2603
3612 3612
3612 3598
1595 4056 3355 5810 6031 3029 5143
3598
3598
3611 3611
3598
637
3598
2593 3615
3612
3598 3598 3598 3598
3611
3598 3591
3617 3616
3598
3598
3598 2324
2614 3756
3565 3565
3598 3598 3598 3598
1355 3830 3793 4128 2561 4485 2562
3598
3567 2617 1350
3598 3598
3612
1550 1550 3612 1550
3612
3612
3611 3598 3598
2614 2560
3612
3598
2617
3611
1563
605 636 1639
3612
1350 2617
3565
3073 5434 3598 3073 5426
3598 535
912 840 1216
3611
3615
3617
3618
3598
3567
3598
3611
3598
3598
3598
3612
3598
2594 3612
2391 2028 2918 4883 3765
3615
3611 2614 3612 3598
605 3598 442 599 1639
3621
3565
2614 3611
3598
3598
5825 2071 3393 3459
5007 1613
3598 3611 3598 3598 3598
3598
3598
3611
3598
3068 4357 360
3612
2069 1960 4128 4620 5472 5552 5181 3413 1355 2865 5471 2071
2892 6032 2431
2594
3611
3598
2593 3614 4881
361
3565
3611
3612 3598
3598
3612
3598
3621
3598
3612
3612
1568 2863 2416
3615
3612
3336 4012 5024 3010 5025
1543
5776 4070 4009
3611 3587
3598
3067 3067 3067
3612
2603 2593
1741 2879
2603
3598
1774 2393 2891
3611
3598
3615
2886 3598 2464 2076
2370
3579
3612
3613
2115 2114
3612
2509 5460
3612
2614 3598
3544 3340 2558
3611
3565 3556
5519 2442 1355 2885 3875 3434
3612
3621
1502 341
3589
3620
2568
4795 2071 2603
3598
3612 3598
2593
3565
3611
5218 1486 3617
3565
3029
1546
2614 3611
3611
3612
3598
2659 5512 3734
4858 1935 5932
3615
1496 3172 2859 2858
3598
3612
3598
3598
2593
3612
3565 3394 3393 2561
3598
3611
3615
2593
3612
2036 1590
1576 4070 230 5098
2206
3613
3565
3618 3598
2579
3611
3591
2167
2617 3612
2614
3598
4881 1576 4875 1496 6032
4394
3565
3598
5962
3611
3598
3621
3611
3598
3615
3612
3615
2614
3613
3598
3598
2617
3402 4793 2314
3613
3598
3598
2528
3598
3598
1742 3964 3393 1737 3964 2865
2603
5432 5444 4046 3621
3613
3598
3598
3067
3611
5510
3611
3598
3598 3598 3598 5161 3598 5161
3388 4070 4857 3854 2969 4045
3611
3183 3424 1355 3468 2317
3565
2614
3598 3611
2603
3598
3612
1493
3598
3614 3598
3598
3612
3598
1112 350 536
3598
2593
3598
3554
3598
3611
3615
3601
2614
3587 3613
3598
3598
3598
3612 2593
1742 3176 230 5552
3611
3611
3618
534 1469 603 1530
1492
1634 603 1639
3611
3612
3612
3565
2071 3390 2507
3612
2617
2593
5135 3692 3598 2892 4874
3620
3612
3598 3611
2314
2416 5932
3611
3598 2581
2617
3598
3613
3589
3565
2593 1516 1524 1516
1350 2603 2617
3561
3612
3598
3598 2594
3598
3612 3598
3598
3589
3612
2594 3598 3598 3598 3598
531
3565
3622
916
3612 3612
3598
3598
6025 4988 2020 4858 2309 3598
3612
916 983
3598
3611
2593
2617 2603
2614
2517 230 5092 5028 2851 2139 1355
3611 2594
3412 2853 3411 3412 5157 5967
3598
2593
3598 3611
3598
3268 2317 3297
3591
5143 4635 1985
3598
2555 2548
2592 3612
3598 2325
3756
3598
3437 3690 3265
1772 2865 2071
3598 3612
3598
3621
3611
3615
2713 4598 4635 5569
4037 3598
3598 3612
2614
3611 3598
3613
3598
3612
3598
3613
3611
3612
3565
3598
3612
3611 4567
3598 3591
3621 3612
3598
1664 350 1672 1665 591 6016 3068 3947 388 622 1050 1060 1068 365 1529 1419 637 6017
2571 3571 3598
3621
3612 2593 1906
3565 3565
3598 3612
3612
3612
3611
3598
3598
3613
3612 2548 2548
3611
3598
3611
3565
2593
3565
3598 2302
5534 2070
3612
3598
3598 3598 3598 3598
3618
3598 3611
3598
3598
3051
2845
3622
3598 1529 1530 3598
3612
5927 2178 2325 230 2198
3598 3598
2863 5932
3621 3612 3621 3598
2617
3613
2614
3621 3598
2858
3611
3170 5220 2864 5157 5000
5418 5413 5419 3598
1355 2801 1992 2144 3252
3598 1866
3612 2617
3598 5038
3598
3612
3598
600 1639
5552 2644 2650 3371 230 2393 5072 2314 2661 230
3611
5535 4878 4045 2978 230
2614
3841 3840 3612 5146
3611
6032
3598 2617
3621
3591
3598 3621
3598
3598
3611
2265 2651 3598
3612 2593
3611
2864 2064 5065 2885
3598
3612
3611
3613
3587
1944 4629 916 1208
3612
3565
3612
3618
3611
3395 5066 3598 3390
4046
3598 2593
3598 3598
2560 5815
2592
1481
3598
3611
3611
3615
3565
5826
3621
3598 3621
2617
3611
3612 3612
3561
2614
3598
3611
3612
3612
3598
3598 3612
3611
1935 3391 2455
3612
3598
3598
3615 3565
3612
3565
3611 3598 3611
3598 2616
3598
3370
3598
2593
3598
3598
2614
3612 3598 3612
2982 5220
1940 2927 3073 1355 2071
3598
3611 3598
3611
2320 5220
3598
3611
2064 2691
4988 5220 3693 4988
2617
2583
3612
3612
2617 3611 3598 3611
3611
5538
3611
3611
3561
3598
3598
3598 3621 3598 3565
3598
3598
3611
5415 1516 4766
3598
3598
2617
3611
2234 2272 2288
3615
3621
3598
3565
2198
3611 5435 2560
3598
3613
3621
230 4976 2885
3598
3598
2614
2181
2070
3785 2744 2483
3621
3598
3587
1903 2614
3613
2593
3598
3590
3598 2603
2617
3611
3598
3598
3598
3612
3565
3598 4855
3598
6034 6035
3598
1741 2483 6049 2916 5065
3611
3611
3598 3598
230 2651 3870 2090
1497 2314
3067 3390 4593 2885 3280 2426 5825 1355 3691 2436 2884
3598
3598
2227 2612
2614
3598
5439 1867
2603 3577
3598
3612
1071 384 622 627
2614 3598
3611
3612
3598 3598 3598 3598
3612
3598
3565
3584
3612
2593
2593
2318 230 2426 3443
3612
3589
603 1506 603 1530 525
3598
3615
4071 230 5024 5066
231 378 1207
3598
3612
1906 3612 2617
3612
5059 1607 3489
2593
3612
2418 2891 2455
3598
2603
3598 3612
3591
3598 3616 3618
5439
3611
3565
3598 3598
3598 3612
4875
3598
3598 3598 3598
5794
3612 2603
4873 1496
637 1466
3612
3611 3612
2592 3559
3598 3598
3611
916 378 983 1218
2614
3590
2603
3598 3614
3611 3598
6032 1768 5219
3618
3611
3598 3611
3598
3612
3587
3598
3613
3009 3009 4742 2318 3009 5001
3068 3598 3598 3598 3598 3598 3598 3598 3598 3598 3598 3598 3598 3598
5220
3598
3598
2482
1516
3598
5146 2865 3598
3587 3611 3587 3611
3598
2273 2274 2286 230
5157
4743
3587
2628
765 5038 5157 2617
3598
2614
3612
3598 3598
3598 3598 3598 3598 3612
2352
3598
3598
3598
2070 1480 535
3611
3598
3541 3612
5510 2507 230 5510 3157 230 5510 2482 230 2481
3614
4330
1150 330 1530 350 1192 1192 1494 605 437 636 1666 1634 437 1469 402 402 437 1469 1494 636 435 605 605 584 1637
3598 3598 3598 3598 3598 3598 3598 3598
3756 3756
3598
3612
4070 2858
2018 3691 2090
3598 3612
3612
2592
3598
3611 3612
2593 3622
3587
4484 4070 4881 3598
2024 1355 4071 2426 4070 5038 3175 5006 5510 4872 5056 5146 3389 5038 3766 4976
2593
2614
3598
3611
3598
3612
3041
3611
3565
3565
3598
2603
1644 1646 3598
3598
3611
3411 4858
3598
2593 3612
5498
3598
3611
1863
5556 230
3611
3598
3598
2614
2221
1355
3598
3598
3598
637 1529 446 1637 531 1652 1529 1646 637 1419 1419 637 3068 1646 1419 1529 446 1637 599 531 637 1529 446 1480 601 531
3598 3598
3598
3556
3598 3612
3598
3615
3407 3407 2858 3407
3591
3598
3611 3598
3598
3612 3598
5781 1587
2440
3612
3565
4957 3598
3598 3612
3611
2614
3612 3612
3611
3612
3613
2866 3126 2071 1611
1902 1355 2858 3697 3466 3175 2860 3172 3412
3598 3598
3612
2592
3611
2514 6056
3612
2614
3613
5219 2562 2593 3612 3598
2617
3611
3176 230 5826 2032 2318 2507 5886 230 1355
1355 4890 2593 1518 3565 2071
3611 2593
3611
5071
3541 2593
4888 4046 4046 2070 5055
3612
4890
3591
5966 5435
3611
3598
5456 6034 5559 2528 2903 1550 6034
3611
3565
3565
2617
2616
3611
3233
3617
3611
2617
3614
3612
3612
3611
3390 2431 2434 2064
3201 3974
1505
3611
3615
3611
3598
3612
3611
3612
3617
1227 1102
2858 2860 1960 4976 2510 1946
3614
3611
3612
3612
3611
1355 3398 4629 2884
3612
2614
3598
3616 3617
3587 3611
3612
3598
3612
3612
3390 2865
3586
1218 378 378 984 1329
3621
3612
3612 3611
1550 2221 230 5058
3611
1932 1355 3269 1109 5534 3243 230 2094 1355 1355 3269 3262 4635 1565 2408 1611 230 2409 345
2481 230 5778 1355 1355 1927 230 2455 1923 4988 5007 230 5161 4622 230 5161 2071 1927 1355 1923 230
3611 3612
1493 3565
1543 1543
3598
3611
2903 6033 2908
1570 2163 4879 2024
3598
4436 4435
3621
5880 4622 5558 230 1355 2851 2344 230 3876 3157 230 230 2321 4857 3389
3565 1901
2490 230 3157 230 3158 3158 230 3157 230 2646 1355 3157 3158 230 5489 2323 3157 230 2490 230 3157 2323 230 4861 230 2323
2256
1653 626 532
2436 2105 2438 3222
3598 3612
3563 2260
3612
593 535 636
2994 5852 1502 341 1355 2361
1538 230 2464 3827 2464 230 2507 3067 2463
3611
3612
3598
2070 2068
3598
3612
3589
3618 3621
2982
3611 3611
3611 2557
3614
6037 915 1570 3391 974
3598 3598 3598 3598 3598 3598 3598 3598 3598 3598 3598 3598 3598
3598
3565 3565
2598
2894 2892
3598
3598
3565
2616 2616
3598 2593 3598
1512
2617
3612
3612
3598
3611
3598
3601
3598
3621
3598
3614
3970 2593 3567
3612 2614
3766 3464 3413
3617 3617 3617
3598
3612
3068
6018 4941 3612
3598
3598
1929
3612
1216 1227 1208
2560
3598
1576 4785
3621
3598
2983 5520
230 2892 3181
5927
2614
5966 6017
3068 3388 3180 3180 2421 2222 2954 2155 1858 2954 1858 3180
3598
1646 637
1567 230 2071 2919 1567 2868 1962 5055
3598 3612
2068 531 2193
3598
3598
2617 3612
3598
3612
3611
3600
3598 3598 2603
3598 3598
3964
3598
2311 2455 3068 4861
3621
1419 1646
2617
3598
3598
5218 230 3436 2885 3440 3411
3598 3598 3598
2640 2395 230 230 5006 2431 2007 230 2751 2431 2752 230 2651 3009 2691
3598
2028 5218
3621
4794 5220 2316
3617
3598
3569
6032
3612
4873 4881
3598 3611
2071 2864 909 3509 1575
3612
2670 2139
3611
3598
3598
3614
3611
3598
3616 3612 3611
3598
3615
5792 528 3598 5493 2344 3157 2069 5507
3611
3598 2614
3598
5776
2593
4858
3565
3598
3598
4873
3598
3566 2617
3621
3566 5063
3612
3707 3706 3705 3704
3612
3611
3615
3598
3587
3611
531 603 529
2865
3612
3598
3611
3598
3598 3598 2593
1511
3612
3611 3587
5092 1508 230 4985
3598
3611
3598
3598
4282
3598 3611
3617 3617 3598 3617
3615
3611
2614
3612 3201
3916
1921 2007
230 3434 1962 2969 4837 3183 230 2969 5569 2969 5825 4132 2548 2969 230 1962 230 1872
2592 3611
3611
2563
3598
3598
5434
2614
3598
3612 3621
1646 5078 6004 524
3612
3611
3612
3598 3611
2162 2288 1355 5932 2849 2455
3598
2617 1350
3598
3611
3611 3611
2593
1586 5220
3611
3598
230 2884
5001 4988 1355
3598
3611
2744 2713 2855
2593
2614
2954
3598
1611
2601 2594
2891 2708 5001 2316
3598
2548 3621 6004 2548
3611
3611
3274 2421 2069 2691
1803 1935 1920 1993 2070
3598 3613
2614 3598
3565 3565
1508
2578 2578
3598
3598
4622 4188 5776 4198 3068 5523
3611 3598
3598
2312
2614
3393 230 1962 1976 983 1222 231 910 1296 2904 230 1976 230 1976 5825 3390 5825 3390 230 1222 231 983 910 1216
3335
5056 1355 1932 5416 5836 230 5058 230 2481 3870 230 1985 5065 1932 1985 2277 1932 5067 230
1939 5568
3598
5932 2416 1496
3612
3598 6037 2288 6040
1729 3284
2329
3611
5531 2064 5157 1355 1355 5157 2071
3613
2020 4858 2289 3067 5057
2594
3616 2593 3618 3616 3618 3616 3618
2599 2599
3598
3612
3598
3541
3598
3612
5778
3413
4976 2408 3242 5534 1109 2851 2662 230 3172 230 2476 5058 3041 2756 1355 3873 230 3068 230 1480
5148 5148 3029 3346 5148
3395 3246 4861
2908 2868 5218 2561
3598
2418 2894 230 2317 3097
3612
2865 2068
5443
4793 4793
5782 3392 6032
5190 230 2323 1962
230 2851 3262 5143 2391 2849 1355 230 1355 1930 3170 3068 3243
3615
3612
3598
5058 3265 3067
4873
2274
3611
3068 2418 1496
378
394 230
5880 230 4978 2464 2036 230 4978 4875 3875 3433 4983 230 1480 230 5071 5070 3876
3182 3180 230 230 2323 5143 2969
1500 2864 3416 2316 5219
975 1218
3598
3598 3567
3611
3598
3612
3598
535 599
230 1607 2640 3829 230 1742 1621 1737 1742 3176 5058 5780 4743 230
2029 5778 230 1930 5778 230 4070
3615
2594
3612
3565
230 3394 3426
2616
2593 3565
4858 2161
3612 3611
1419 2064
5218 5058 4766 528 529 535 532
3612
1530 3068
3618 3612
3615
3612
2603
915 983
4894 4895 230 1923 230 1927 3735 2488 230 2488 230 3876 1355 5146 230 4874 230
3611 3611
531 626 591
5558 3437 4708 1927 230 5880 3183 230 5552
3612
3598
2071
3009
2317 2205 4869 4857 2216 2455 2158 1611 4794 1611 5143 4884 5220 3029 2158
1611 345
3613
4858 6033 6033
5065 1567 3170 3172
230 3157 1929 1939 2491 230 4009 2481 5058 230 5880 1355 1935 230 1929 2488 5489 230 1985 1355 1985 5489 5072 1355 2331 230
2617
3612
2507 230 3158 5880 609 637 637 230 2507 3067 230
3615
3565
2617
230 3067 1533 2318 2491
2593
5432
3868 230 230 2994 2507 2491 3106
2028 1567
2617 2593
3611
1740 230 1740 1737 230 2919 3171 2476 1355 5001 1740 230
1630
343 3068 1514 1563
3611
6053
3612
3565
626 534
3611
3617 3616
3201
6035 4740 230 1576
3612
3437 2850 2923 3437
3612
1607
4878 1914 5927 4046 3648
2594
3598
