4502
4030
4016
6687 2173 3174 2307 4016
1015 1089
1729
3305 6801 3186 3299 3298 2578 3189 6801 2156 5338 3197 2586 3298 2571 3195 3299 6801 3292 3305 3299 6801 3427 3292 2996 3292 6563 2578 3606 2384 3077 3197 3176
4030
6245 3431
2904
4016
2904
4036
4016 2904
2904
4030
4016
2904
3785 3189
4029
649 1133 702 662 1572
3381
4202
2904
1654 2713 3776
2904
4030
1483 2424
1439 1131 1477
4029
1729 593 596 593 6138 596 6138
2904
4029
368 1272 1269 1319 389 4030 1268
2904
2904 4032
4040 2883
2904
4016
3381
5204 2155 3788 5218 3784
1572 2904
4016
5404
4030
4029
4029
4031
2306
4030
4016
4016 2904
4016
2904
2904
2904
4016 4029
3978
4030
4030
4016 2904
4191 2883
4030
4030
2904
2883
4029
2904
6098
4029
3989
2904
2883 4016
4016
4029
5620 3471 260 6230 261 5614 6230 5695
2883
2424
4016 3789 5478 2694
3327
4016
1729 2972 4118 4116 596 4116 3229
596 1729 5708
4032
1819 1228
2904 4030
4030
4029
4029
3307
4040
4029
1498 1825
1498
2883 4030 596 702
2904
3189 4016 3190
3015 5405 1579 703 1579 5698 5511 1579 3936 5698 591 1810 1579 5698 1792 4317 1579 2152 2152
4029
4029
3934 2170 2904 3035 6218 2943 2287 2767 2522 2403 3035 2170 2427 3934 6218 2778 3291
675 261 703 675 261 1810
4030
2410 2372 5344
3301
4036
6687 3229
4029
6148
