1749
2904
3197 3069 5622 6801 3305 3298 3069 6137 3298 3327 3299 6801 3092 3189 6801 3305 3298 3299 3298 5798 6801 2571 5798 5819 5634 3197 3292 6196 3197 6563 3606 6216 3305 6801 6563 3298
2904
5478
4005
4032
6199
4016
6199 3254 3259
2883
4016
3955
1828 1821
424
6089 2207
4030
1797 3197 3215
4029
4016
1695
4927 2904
4029
6793 3194 2409 2244
5678 2173 4114 6687 3203 4068 2767 2482
2326 699 4888 424 2902 2881
2883
4030
4029
2881
2904
3991
4030
4030
2904
4029
5794 1717 2736
4029
3427
4029
4030
4030
4030
4016 2904 4030
699 1084 924
2904
4003
3180
4029
3789 2695 3831 1729 3831 6687 2575 2181 3785 4213 4216 4215
4030
4016
4029
2378 4030
4029
4030
2622
6183 597 650 4030
4029
4016
5502 5496
4032
596 1805 702 660
2472
4005 5496
4016
2699 5695 5494 3601 3603
4030
1672 3272
4030
4016 2904
4030
4031
3764 2904
4030
4030
4016
4030
2446 2312
4016
2311 6214 4318 3254 3236 5218 4512 2310 3238 2384
4032
3741 5149
5496 5478
4029
4030 2883
2904
588
2881 2881 6196 3978
4030
4016 4029
4041
4029
5404
2904 4030
4016
4030
4016 4040
4030
4029
4016
2460
4031
4030
4030
4016
424 1131
2335 2857 3191 3551 4030
4103 3514 1508
2736 1717 5515 3199 3219 5478 3782 4783
1695 586 596 1840 2904 1812 649 1695 1840
4033
5481
4016
4030
6099 2261 260 6104 4102
1762 1664 4030
2471 2312
4029
4030
4029
4016
2904
2694 1572 3817
4016
4032
2736 5711 3784 6687 1729 596 5496 590 596 6687 1579 596 1579 2410 596 2715 593 5708
4030
4030
4030
3821
1667
4029
4016
2904
4016
2881
2269 2261
4030
4029
1656 4030
4029
4030
4040
4030 3236 5341 3926 2173 3602 2185 2904 3219 2579 5671 3926
4016
2704 5696 5404 2696
4016 4029
4040
6118
1770 2485
2716 2736
3195
596 5810 5810 3605
2881
4029
1793 5879 2883
2717 3661 5478 2590 3784
3978
2880 4029
4030
2402 2533
1714 3258
596
5478 3019
