4046
4047
4030
3730
4047 4029 3978
4029
4804
4805 4046 4046
4805 4046
3978 4805
4046 4029
4032
4047
4029 4806
4016
4030
3978
4047
5478
4047 4029
4047 3994 4029
4047
4029 4003
402
4806
4173 4016
4806
4806 4016
4030
4030
4030
4806
1656 4035
2307
4033 4047 4030
4047
4030
4036
4805 4030
4016 4806
5564
4804
4040
4030 4047
4046
4030
4046
4029 4003
2881
5810 5433 2843
4016 4806
4046
4047 4805
4030
4030
4046
4029
4804
4016 4804
4806
4030
4040
4040 5429
4016
4046
4030
4029
4806
4046
4030
4046
2893
4030
4805
1656
4804
4005 4005 4005
4030
3978
4016
4806
4046
4029 4047
4804
5809
4016
4806
4046
4030 4030 4029
4029
4029
4030
4805 4047 4806 4804
4029
4047
4806
4806
4805
4030
4029 4016 4003 4046
1656 4007 4806
4046
4173
6811 4035
2880
4806
4029 4046
4029
4040
4046 4007 2484
4029 2880
2409
