524
3598
3598
3591
3611
3612
3598
3598
1532 3611 3598 3598
3612
2261
3611
5967
3598
3565
3247 2007 1548 2651 3074 2489 4858 1930 3964 5556 2650 1355 909
3612
3598 3589
3612
3612 3598 2560 5776 2983
3614
3598 3598 3598
3598 3598
3598
3598
2617
3598 3611
3591
3598
2560 2616
3612
4793 3589
3611
3598
5143 5143 1563 5143 1563
3598
2617
3612
1237 3612
3598
1419 637 1613
2984
3612 599 532 1419
3171 2065 535 528 4890
2614
3565 3603
1530
3598
3613
534 438 603
3598 3615 4046 2593
3598 3598
5219
3598
2593
3384 3384
3598
3587
3621
2614 3598
3613
3598
3598
3611
3611
5146 3390 2916 753 4274
3598
3598 3565
1601
3565
3598 3598
3598
3598
5143
2617
2024 1222 5056 2486 633 2481 633 1023
626 584 1637
3598
3598 3612
3612
3598 3598
3612
3621
3622
3598 3611
3611
1530 637 1568 3666 1568 637 6053
3611 3587
3598
3598
3598
2612 2560
3598
3565 3612
3598
3612
3611 3565
3621
2076 4071 5040 3411 1939
3598
3611
2617
3620
2068 2155 1940
3611
2593
3612
3612
3598
3611 3587
2593
3611
2614
3612 3612
2616
1481 535
3612
3613
2593
2320 2234 2180
2592 3612 2594
3598
3611
3598
3598 2071
3561
3615 2593
3598
3611
3598
725 647 641 725 647 3565
3611
1960 4988 2144 2069 3598 3256
2593 3598
3598
3598
3612
3598
2614
3598
3598
3612
3598
3615
3612
3598
3598
1565 1576
3598
3612
2593
2222 2855 3693 2456 3747
3598
3598
2614
6258 4618 2071 2391
3611
3601 3613
3565
3612
3611 3182 3598 2065 3172 5055
3612 3598 3611
3598
2603
3598 3612
3621
5510 2071 1355 5070 4070 3402 3420 3612
1419 1419
3598
3565
3598
3598
3598 3598
3611 3612
3598 3598
3598
3598
3613
3598
3612
3598
3565
3612
3618
911 1023 984 632 378
3611
5488 4875 3067 2919 3437
3615
1595
3611
3612
2617
3612
3394 1955
3612
3598
3565
3612
3612
4856 4881
3201
3611
3598 3598
3598
3598 3598
2560 3612 3598
524
3611 3613
2614
3611
2561
3612
2614
3611
2614
3611
3598
5907
3611 2593
2614
3611
378 973 1226 1207
3611
3566
2885 4983 4986 2886
3598 3565
3598
3612
3598 3575
1509 2489 2020 2885 1954
3598
3611
3097 3096 4160
3598
3612
5038
2614
3621 2617
3611
3612
3598
3617
3621 2617
378 1218
3598
3612 3598
3613
3598
3565
3598 3598
3598
3565
3598
3598 3598
605 535 605 1413 535 3598 605 535 1413
3598
3615
3612 3613
6033 4160 1551 2439
3612
3598
3598
3611
2593
4743 4071 2801 5859 1355 3766 342 4070 3243 1503 2431 2144 3747
3612
2426 3765 5976 3598
3598 2614
3587 3598
3612
3598
3598
3598
2593
3613
3466 3068 3068 3096 5072 3387 2483
3611
3694 3693
3565
3692 3434 2064 4858 2858
3598
4046
3612
3565
3598
3612
3598
3611 3598
4884 3598
2065 3459 3090 1741 4983 2927 3598
3765
3598
3615
3612
3611
3611 3598 3612 3565
3565
1465 2491 5146 3182 2904
3598
3611 3598
3611
3598
2617
3612
3598
3598 3612
2863 2071 3391 3390
3598
3067 2614
2614
3598 3611
4204
3611
2241
3598
3598
3598
3598
3598
3613
3611 2614 3611
3565
3692 3395 3394 2065
378
4097
3618 3598 3617 3617 3617 3617 3617 3617 3617
3598
3622
3598
3622
3598 1210 2859 3459 1548 1355
3565
3598
2603
1530 3067 6048 1530 1646
532 1530 636 1652
3612
3612
3565
3616 3617
3612
3618
722
3591
2064
2270 1530 1419
3611
3618
5825 2861
1862
3621
3587 3616
3598
2073
3565
3556 2593 3565
3611
3565
2614
3598
3611
1575 2068 5558 3391
2024 1990 3464 2894 3735 2463 1355
5151 4794 2740 2325 5058 3886 3598 2324
3598
2071
3598 3598
2510
3612
2514
5006 1923 5826 3420
5966 4890 2670 2077 2064
2071 3388
3615
3598
3611
3613
3612
2593
3560
3598
3611
3615
3611
3612
637 1532
3614 3598
3565
3615
3556
3598 3598 3598
3565
2593
3598
3611
1102 378
3598
3598 3612 1469 524
3565
3613
2603
3598
3611 3611
3612
3598
3598
3881
3618
3598 3611
5065 2483
3611
3611
3598 3598
6004 1610 6004 1610 6004 1610
2548 3612
605 532 528 1634
3598
3598
4097
3612
3565
2594
3612
3598
3598
3611
2593 2603
3612
3612
3598
3565
3565 3598
3598
3614
3612
3611
3598
3598
3611
3611
3612
3611
3612
3612
3612
3611 3598
3598
3612
3612
3598
3598
2593 2603
3598
3612
3598
3598
3598
5850
3598
3598
3612
1637 3068
3598
3611
3590
3598
3611 3587
3598 3612 3598
526 435 605
3612
3571 3591
3612
3611
3565
1498
3611 3598
3598 3611
3612 2614
4795 2863
1530 598 524 626
2109 909 914
3611
2617
2593
3598
3598
3565 3598
3577 2593
6034 6036 3598 6035 6037 6035 6036 6035 6040
3615
2850 3427 3598
3589
3598
2616
3598
3621
3598 3621
339 339
2593 3405
3598
3598
3589
3612
3615
3598
3598
3598
2865 2070 3693 3082 2916 3621 3615
3611
3598
3598
3612 3598
3598
3598
5498 3577
2396 5024 1563
3598
3611
3598
2004
1722 2593
5055 2487 4661 4155 3173
3613
3618
4635 4142
3612
3598
3612
3615
3384 1575 2578
3598
3611
2617 1222
3435 3413 3433 3436 4984
1508 1859 4936 2555 2571
3613
3598
3598
3598
2617
2616
378
3612
3089 3875 3419 2070 1955
3598
2614
3611 3612
2614
1587 1586 5516 1603
3598
3598
2593
3598
4875 2806
3612
3611
634 610 1530
2575 3355
3612
3612 3598
1419
378
3612
3598
3598 2617 2617 3561
3611
2603
2884 5826 2463 3410 3466 1990 1355
3276
2614 3598
3612
3598 1493
3846 2421 2508 3097
3618
3598
3598 3611 3598 3598
3611
3598
3612
2617
4045
3611
3598
3598
3598
1466 1530
2064 4743 3289 3395
1587
4872
4113 3598 2908 3612
3591
3611 3611 3611
3587 3587 3587 3587
2614 3598
2593
3611 3587
3598
642 720 725 649 647 725
3612
3611
3598
3612
3611
3612 3612
3620
2614 3598
4041
1573
3612
3612
3565
3612
3598 2614
3614
3615
3598
3598
3611
3598
3598
3615
3598 4046 3621
3068 5033
4046 4945 3621 2401 3201 3621 2356
3598
3561
3611
1901
1646 3598 2071 2476 2071 3657 2512
3586
3598
4988 2070 3394 4766
1551 3612
3693 3598 2431
3598
3611
3598
2603
3612 3612
3612 3598
230 2455 4128
3598
1595 4056 3355 5810
3598
3611
3598
3598
2593 3615
3612
3612 3612
3598 3598 3598 3598 3598 3598
3611
3612 3598
3598
3617 3616
3598
3598
3598 2324
3612
2614 3756
3565 3565 3565
5033
2975 1355 2071 4485 1355 3830 3793 4128 2561 4485 2562
3611
3598
3621
3611
3567 2617 1350
2594
3598 3598
3612
1550 1550 1550 3612
3598
3612
3612
3598
3611 3611 3598 3598
3598
2614 2560
3598
2617
3611
1637 605 605 636 1639
3611
3612 3612
2617 1350 1350 2617
3565
3598
5426 3073 3073 3073 5434 3598 3073
3616 3611
3611
3598
3598
3621
3611
3614
3611
3615
3598
3618 3617
2593
3598 3565 3598
3598 3598
1529 2850 4066 2646 2670 3041 1355
3598 3611
3618
3567
3598
3613
2614
3611
1530
1493
3598
3598
3598
3598 3598 3598 3598
3565
3612
3589
3598
2594
2391 2028 2918 4883 3765
3615
3598 3598 3611 2614 3612 3598
637 593 605 532 1666 605 3598 442 599 1639
3621
3598 2614
3565
3611
2614
3611 2614
3612
3598
3598
3598
2614
5825 2071 3393 3459
5007 1613
3598 3611 3598 3598 3598
3598
608 532 626
3598
3611
3598
3068 4357 360
2593
3615
3612
3598
2069 1960 4128 4620 5472 5552 5181 3413 1355 2865 5471 2071
2593
2892 6032 2431
2594
3613
3611
3598
3611 3598
2617 5967 2593 3614 4881
361
378
3565
3611
3612 3598
3598
3612
2593 3598
3612
3612
3598
3621
3598
3612
3598
3612
3598
1568 2863 2416
3615
2455 1771 2020 3012 2463
1666 3598 532 605
3615
3615
3612
3336 4012 5024 3010 5025
1543
3611
5776 4070 4009
3587 3611
3611
4869 3598
3598
3967 3067 3067 3067 3067
3612
2603 2593
2859 1551
3598
3611
3611
3611
3598
3615
2076 2886 3598 2464
3612
2370
2913
3598
3579
3613
5157 2115
3612
3612
3612
2614 3598
3598 3612 3611
3621 2567 3343 3544 3340 2558
3611
3565 3556
3612 3565
3611
3598 3598
378
2617
2442 2885 1355 6048 2868 1492 3009
3612
3621
1502 341
3591
3611
3620
2568
345 2437 3391 1611 2331
3613
3598
2747 3645 3612 3598
2593
3598
535 1413 609 3598
5455 5218 1486 3617
3565
3615
2593 3612
3029
1546
3612
3598
3611
3611
3598
3612
3611
2659 5512 3734
3615
3598
3615
3598
3612
3598
3598
3598
3598 3598
3598
2593
3612
3394 3393 2561 3565
3598
3598
3611
3614
3611
3615
2593
3565 3612
3611
3612
2036 1590
2171 2206
3613
3565
3618 3598
2579
3598
3611
3591
2167
2617 3612
2614
3598
3598
3598
3611 3598
3598
3612
6032
4394
3591
3565
5825 1655 1962 1646 4045 1355
3598 3598
3621 5962
3611
911 984 1219 906
3598
3612
3621
3611
3565 3598
3598
3615
3612
3598
3598
3598
3612
3601
3615
3598
2375
2614
3613
3598
3612
3598 3598
3613
3612 2592 3598
3598
2528
3598
3598
3611
3598
2603
5432 5444 4046 3621
3598
637 1646 1466 1646 3613
3598
3598
3598
3067
3611
5510
3622
3611
3598
3598 3598 3598 3598
3598 3598
361
3598 3598 3598 5161 3598 5161
3388 4070 4857 3854 2969 4045
3183 3424 1355 3468 2317
3565
2614
3598 3611
2603
3598 2614
3598
3598
3612
2596 3571 1493
3598
2155 3041 2724 2431
3614 3598
3598
3612
3612
2592
5825
3598
1112 350 536
3598
2593
3598
5966
3598
3612
3554
3598
3598
3611
3598
3598
2593 3611
3615
2614
3587 3613
3598
3598
3598
3612 2593
3611
3611
3618
534 1469 603 1530
3598
3598
3612
3612
1634 603 1639
3598
3611
3612
3612
3598
3598
3565
2071 3390 2507
3612
2617
3598
3565 2593
5135 3692 3598 2892 4874
3612
3598
3620
3598 3611
3598
2314
3598
3598 3598
2987
3611
3612
5972 361
2617
3598
3613
1586 4784 4784 2617
3589
3565
2593 1516 1524 1516
1350 2603 2617
2071
3561
3598
3612
3598
3598 2594
3598
3612 3598
3598
3612
1493 3611
3589
3612
2594 3598 3598
3598
3612
531
3622
3611
3598
916
3612
3614
3612
3598
2614
2309 3598 6025 4988 2020 4858
3612
916 983
3598
345 1611 1655 1419
2593
2617 2603
2614
3613
2489 2851 2517 230 1355 2517 230 5092 5028 2851 2139 1355
2997 2139
3611 2594
5825
1355 3412 5157 2891 3412 2853 3412 5157 3411 5967
3598
2593
3598 3611
3598
3268 2317 3297
3591
5143 4635 1985
3612 3598 3611
2592 3612
3598
3756
2891 5826 2892
3437 3690 3265
3611
3615 1772 2865 2071
3614 3598 3612
3598
3598
3612
3612 3598
3621
3612 3598 3598 2614
3615 3598 4445 2560 5188 3615
2617
4037 3598
3598 3612
3611 3598
3613
3598
3612
5540
3598 3621
3598
3613
3611
845
3612
3565
3611
3598
3598
3598
2614
3621
2603
2617
3598 3611
3612
3598
3612 3611 4567
3591
3598 3611 3621 3612
3598
1664 350 1672 1665 591 6016 3068 3947 388 622 1050 1060 1068 365 1529 1419 637
3598 3612
3571 2571 3598
3621
1740 4875 2850
3613
3612 2593 1906
3598
3565 3565
3598 3612
3612
2517 1530 2139 2029
3612
1481 3073 1478
3612
3902 2234
3611
3598
2418 1639
3598
3598
3613
3611
3611
3598
2323 5501 5772
3598 3611
3618
3565
2617 2593
3565
3598 2302
3614
2617
3598
3598 3611
3611 2614 3598
3598
3611
3051
3565 2614
2614
2845
2593
1529 3612
3622
2614
3598
3598 3598
3612
3598
3598 3612 3598 3598 3598
3598
2863 5932
3565 2593
3612 3621 3621 3598
2617
2614
3621 3598
2858
3621
3611
3612
3170 5220 2864 5157 5000
5418 5413 5419 3598
2064 1355 2801 1992 2144 3252
3612
2593 1866 3598
3612
5038 3598 5038
3612 3612
3598 3598
3612
3598
3598
3598
3612 600 1639
5552 2644 2650 3371 230 2393 5072 2314 2661 230
2378 4046 3598 2364 3614 3621 3598 2990 3621
3612
3611
4045 2320 2979 230 5927 5535 4878 4045 2978 230
2614
3611
3611
6032
3598 2617
3613
3591
3598 3621
3612
3598
3611
2617 3598 3598 3598 3598
3598
3611
2265 2651 3598
590 363 532 3612 2617 3612 2593
3611
2864 2064 5065 2885
3612
3598 3598
3611
2573 3598 4935 3598
3613
3587
1944 4629 916 1208
3612
3598
3565
3612
3618
3611
3611
3395 5066 3598 3390
3611 3598 3598 4046
3201 3598 2593
3598 3598
2560 5815
2592
2617
3598
3611
3611
3615
3598
3565
5826
3598
3611
3598
3611
3621
3612
3598 3621
3598
3598
2617
3611
3612 3612
3611
3598
3611
3598
3598
3598
3621
3612
3598
1611
3598
3612
3612
3598
3598 3612
3598
3598
3598 3598
3611
3598
5527 1935 3391 2455
6032 3068
3612
3598
3615 3565
3611 3598
3612
3598
3611
3611 3598 3611
2616 3598
3612
3598
3370 3370
2614
3615
3598 4269 3087 2071
3598
3598
5826
3612 3598 3612
2982 5220
3615
596 534 1639 437 1506 442 584 597 608
3598
3611 3598
2320 5220
3611
3598
3598
3611
535
2064 2691
4988 5220 3693 4988
2583
3612
2617 3611 3598 3611
3611
3611 3611
3611
3598
3598 4097
3561
3598
3598
3598
3598 3621 3598 3565
3598
3598
3611
5415 1516 4766
3598
3611
2617
2234 2272 2288
3598
3611 3565
3611
3598
2617 1350
3621
3598
3565
3611 3598
3611
909 1224 3173 4485 378 1102 1203
3611
3611 5435 2560
3598
3598
3598 3598
3613
3621
3616 3617 3598
230 4976 2885
2366
3598
3611
3611
3598
3613
2181
2070
3612
3785 2744 2483
3613
3621
3598
3587
1903 2614
3612
3613
3598
3590
3598 2603
3611
2617
3611
3598
3598
3598
3612
3565
3598 4855
3611
3612
6034 6035
2603
3612
3598
2560 1906 1741 2483 6049 2916 5065
3611
2614
3565 3598
3598
3598 3598
230 2651 3870 2090
1497 2314
3067 3390 4593 2885 3280 2426 5825 1355 3691 2436 2884
3598
3598
2227 2612
2614
3589
3565
3598
5439 1867
3560
3598
3612
5033 3435 3394 4037 4349 1071 384 622 627
3612 2614 3598
3611
3598 3598 3598 3598
3612
3598 3613
3598
3565
3598 605 1642 532
3584
3598
3613
3612
3612
2593
3598 3598 3598
2593
3612
3598 3589
5932 2046 1355 3067 4879 1413 5143 2865 603 1506 603 1530 525
3598
3615
2614
231 378 1207
3611
3598
3612
1906
3598 3612
5059 1607 3489
3611
2593
4785 3067
3612
2418 2891 2455
3598
1587 2032 2028 1587 2603
3598 3612
1567
3591
3598
2614
637 1530
5439
3611
3565
3611
3615
3598 3598
4129 906 1932
3598 3612
3598
3598 3598 3598 3598
5794
3598
3612 2603
4873 1496
2489 5482 637 1466
3612
2592 3559
3612
3612 3598 3598
3587 3598 3611
2594 3622
2614 3611
3611
3612
916 378 983 1218
2614
3590
2603
3598
3598 3614
6032 1768 5219
3618
1921 3395 2140 1944
3611
3611 3598
3615
3598
3598
3598
3598 3598
3612
3587
3412 5058 3435 3068
3598
2593
3613
3598
3009 3009 5001 3598 3009 3269 3009 3009 3009 4742 2318 3009 5001
3598
3068 3598 3598 3598 3598 3598 3598 3598 3598 3598 3598 3598 3598 3598
3611
3598
2561 3612
2482
1516
4070 4839
3598
5146 2865 3598
3587 3611 3587 3611
3598
5920 5432 4794 5464 6033
3598
5157
4743
3587
2628
765 5038 5157 2617
3598
3598 3598
3612
3598 3598
3598
3598
3611
3617
3598 3598 3598 3598 3612
3611
2352
3598
2560 1866 4970 5808 4820 3598
3598
2982 6053 2592 1605
2070 1480 535
3611
3598
5510 2507 230 5510 3157 230 5510 2482 230 2481
3614
3598
3598
1500 402 1904 3598 605 1494 1634 1530 350 1192 1192 1150 330 437 636 1494 605 437 1666 1469 1634 402
3621 3598
3598 3598 3598 3598 3598 3598 3598 3598
3756 3756
3598
3598 3612
4070 2858
2018 3691 2090
2614 3598
3612 3598 3612
3614 3598
3612
2592
3598
3611 3612
2242
3598
2593 3622
3611
3587
3598
4484 4070 4881 3598
2323 3766 3391 4874 4070 2024 1355 4071 2426 4070 5038 3175 5006 5510 4872 5056 5146 3389 5038 3766 4976
3611 3611
3598
3611
2614
3598
3611
3598
3612
3041
3598
3611
3598
3612
2614
3598
3067
3611
3598
2593 2603
6053 6052
1644 1646 3598
3598
3598
3598
3611
3411 4858
3598
3598
2593 2593 3612
5498
3598
3614
3598 3598
3611
3598
1863 2593 1863
2614
5556 230
3611
3598
3598
3598
3598 3598 2614
2221
3598 3598 1355
3598
3598
3598
3611 2593 3598
3598 637 1529 637 1529 446 1637 531 1652 1646 1529 637 1419 637 3068 1419 1646 1419 1529 1637 446 599 531 637 1529
3598 3598
3611
2614
3598
3556
3598 3612
3615
2592
231 912 1216 981
3598
3598 5157
3616 3620
3615
3407 3407
3591
3598
3611 3598
3598
3612 3598
5781 1587
3622
3612
3565
3612 3611
3598
4957 3598
3598
3598 3612 3598 3598
3611
2614
3612
3611
1551 1511
3612 3612 3612 3598 3598 3598 3612
3613
3611
2866 3126 2071 1611
2593
3598
1902 1355 2858 3697 3466 3175 2860 3172 3412
2614 3598
2614
3598 3598
3612
2592
3611
3598
3612
4869 230 1355 3689 4837 5098 230 5559
2614
3613
3598 5219 2562 2593 3612 3598
5883
2617
3394 5826
2617 2603
4879 230 1497
4791
1518 3565 2071 1355 4890 2593
2593 3611
3612
3598
5071
5007 4861 3395 1939 3565
4888 4046 4046 2070 5055
3598 3598
3612
3591
5966 5435
3854 1621 230 5070
3598
3611
3598
5456 6034 5559 2528 2903 1550 6034
3612
378
1500
3611
378 1225
3565
2865 1551
3565
2617
2616
3612 3611
3617
3611
2617
3614
3611
3612
3612
3621
3612
3201
1505
3611
3611
3615
3611
3598
3612
3611
3612
1227 1102
2858 2860 1960 4976 2510 1946
3614
3611 3598
3611
3612
3612
3611
3067 2884 1355 3398 4629 2884
3611
2603
3612
2614
3598
3598 3598 3598 3598 3598 3598
3587 3611
3598 3611 3598
3612 5967 3565 3612
3598
3612
3390 2865
3586
3619
3598
1218 378 378 984 1329
3611
3621
3612
2859 2860 2431 3765
3612
3611
3262 3243 3247 5886 1355 2455 230 4635 3262 5058 1355 5058 2851 1932 1355 3269 1109 5534 3243 230 2094 1355 1355 3269 3262 4635 1565 2408 1611 230 2409 345
2481 230 5778 1355 1355 1927 230 2455 1923 4988 5007 230 5161
3611
3612
5180
1493 3611 1493 1493 3565
3621
1543 1543
3598
3611
2903 6033 2908
5161
3598
3611
3621
4622 230 4623 5880 4622 5558 230 1355 2851 2344 230 3876 3157 230 230 2321 4857 3389
3615
3611
3565 1901
5038
3612
2614
5501 230 3157 5880 230 230 2323 230 2323 3158 230 1740 3158 3157 1740 230 3157 2490 230 2490 230 3157 230 3158 230 3157 3158 2646 230 3157 3158 230 1355 5489 2323 3157 230 2490 230
2256 2256
1653 626 532
2436 2105 2438 3222
3598 3612
3563 2260
4881
3612
593 535 636
3613
2994 5852 1502 341 1355 2361
3598
1538 230 2464 3827 2464 230 2507 3067 2463
3612
3598
3612
2070 2068
3598
3598
3598
3612
3589
3618 2513 3618
2982
3565
3611
3611 3611
3611 2557
3614
6037 915 1570 3391 974
3598 3598 3598 3598 3598 3598 3598 3598 3598 3598 3598 3598 3598
3598
3565 3565
2598
230 4495 2894 2892
3598
2617
3565
394 1419
2616
5969 3598
3598 2593 3598
3621
1512
3598 2614
3612
3612
3598
3612 3598
3611
3598
3598 3598 3598
3601 3601
3598
2028 2916 4618 3694 4633 534 5825
3598
3598 3598
3613
3598
3577
3621
3598
3614
3970 2593
3612 2614
3766 3464 3413
3598
3611
3617 3617 3617
3598
1493
3612
3068
2561 3612 2611 5950 6018 4941 3612
3598
2403 5967 2405
1563 3565
3598
1929
3612
3598
2560
3598
3598
1576 4785
3621
3598 3598
5419
3598
2983 5520
3611
2614
5966 6017
3390 5555 3180 3068 3388 3180 2421 2222 2954 2155 1858 1858 3180 2954
2325 230 1500 5146 2868 2417 230 2417 230 1567 230 2071 2919 1567 2868 1962 5055
3598 3612
3598
2068 531 2193
2593
2510 3384
3598
3598
2617
3598
3612
3611
3600
3598 3598 2603
3598
3598
3964
3598
3622
5436 2311 2455 3068 4861
3621
1419 1646
3598 3611
3611
2617
3598
3598
3612
3598
4795
3612
3598 3598 3598
1355 2640 2713 437 230 230 437 230 1642 2979 2265 526 1355 5510 230 2640 2395 230 5006 2431 2007 230 230 2751 2431 2752 2651 3009 2691 230
3621
3598
2071
3598
2593
3613
2028 5218
3621
3598
3611
4794 5220 2316
3611
3598
3598 2583 3569
2358 2155 3611 6032
3598 3612
534
4873 4881 4873 4881
3598
3611 3598 3611
2071 2864 909 3509 1575
3612
3598
3598 3565
3598
3598
3598 3598
2593
3611
3598
3611
3616 3612 3611
3598
3598
3598
3598
3565
3616 3617
3615
3598
3621
3598
3598
5220
528 3598 5493 2344 3157 2069 5507 5792
3611
3467 3469 2561
3598
5776
3565
2593
4858
3565
3598
2178
3598
3598
2616
3611
3598
3566 2617
3598
3621
2581 594 435 1530 531 583 594 626
3612
3612
3598
3707 3706 3705 3704
3598
3598 3612
3621
3611
3598
3587 3587
2395 4522
3611
531 603 529
2865
2861
3612
3598 3598
3612
3614
3611 3612
3611 3616
3598
3598
3423 5826 3411 230
3611
5219
3598
3611
2593 3598 3598 2593
3598
3598 1511 1511
3612
3598 3611
1203 378 378
5065
3611 3587
2868 2868
3611
5092 1508 230 4985
3598
3611
3598
3598
3598
4282
5053
3598 3611
3617 3617 3617 3617 3617 3598 3617
3615
3598 3613
3598 3615
3611
3598
3598
3598
3611
2614
3612
3598
3916
3611
3611
1921 2007
5825 2524 1962 3436 3185 3434 2969 230 5143 3185 2459 230 3434 1962 2969
2592 3611
3611
3611
3587
3598
3598
3598
3598
3612
3598 3598 3598 3598 3611 3598 3598
3598 1486
2614
3598
3612 3621
3598
1646 5078 6004 524
3598
3612
3612
4879 4861 3389 2440 5070
3598 3611
3613
3611
3612
3692 2859
2617 1350
3598
3612
3611
3598
1586 5220
3611
3598
5001 4988 1355
1530 1634 636 1666 1634
3598
1572
3598
3612
2744 2713 2855
3598
3611
3598
5527
3612
5070 2859 2071 2325 2270 2440 3598 3437 1501 3402
1903
3598
4879 2865
3598
3598 1611
3621
2891 2708 5001 2316
3598
3612
5813 5813 6004
3611
4742 6034 2908
3611
3621
3274 2421 2069 2691
2070 5155 1803 1935 1920 1993 2070
3611
3598 3613
4566 2593
3598
1511 2180
3612 3598
3611
2614 3598
3565
2593 1512 1508
3612
2455
3565
3598 3598
2578 2578
3598
5460 3393 1419 1419
3612 3598
2065 3076 4622 4188 5776
3598
3611 3598
3598
2312
3612
2614
3390 230 1972 1962 3393 230 1962 1976 983 1222 231 910 1296 2904 230
3335
2617
3613
1355 5552 5507 2481 230 5552 230 5065 5507 1985 5416 5836 230 5056 1355 1932 5058 230 2481 3870
3613
1939 5568
3598
2490
3598
3587
5932 2416 1496
1478
3598 6037 2288 6040
1729 3284
3598
3621
3598
3598 3612
2064 1355 5157 5531 230 1355 5157 231 2064 5531 2064 5157 230 5531 1355 5531 2064 5157 1355 1355 5157 2071
5932 2512 1092 3693
3613
3598
3565
3598
2594
3988 4839 1962 2979 6048 6049 6032 1355 230 5008 4576 6032
3616 3618 3618 3616 3618 3616 2593 3618 3616 3618 3616 3618
3612
3565
2594
3598
3181 2851 1355 230 3290 2476 4017 2919 4558 230 4460 1355 3870 230 2683 4635
3611
3612
3598
3541
3598
3598
3598
3612
5778
1355 3284 4618 4983 3413
3185 2476 1945 1355 4635 1355 2851 3870 230 2408 3242 5534 4976 1109 2851 2662 230 230 2476 5058 3172 230 3041 2756 1355 3873
5148 5148 3029 3346 5148
3395 3246 4861
2617 2234 3615 2156 2908 2868 5218 2561
3598
2418 2894 230 2317 3097
3612
5826 2885 2069 1568 3393 5008 2865 2068
2614
5443
5782 3392 6032
3598 2581
3598
5190 230 2323 1962
3612
5132 1637 531 230 5157 5143 2919 1963 3172 3262
3612
3598
5058 3265 3067
4873
2481
1206 764 378
2274
3611
2455
3611
3068 2418 1496
2849 2850 1548
378
3556
394 230
2481 230 3090 3176 2438 2481 230 3157 5569 230 2232 2439 3222 230 2431 3224 5880 230 4978 2464 2036 230 4978 4875 3875 3433 4983 230 1480 230 5071 5070 3876
4857 5220 1500 2864 3416 2316 5219
1768
975 1218
3598
3598 3567
3611
3612
3598
3598
3587 3587
535 599
1355 2463 2464 230 2640 3829 230 1607 1742 230 1621 1737 1742 3176 5058 4743 230 5780
3612
2029 5778 230 1930 5778 230 4070
3611 3598
2594
1964 230 2952 3970
3612
3611
3613 4569 1899 2560
3565
3614
2455 3403 230 3507 230 3394 3426
2593 3565
4858 2161
3612 3598 3612 3611
3612
3612
1530 3068
3618 3612
3615
2603
5966
915 983
2507 230 1355 5568 3067 3158 230 230 2488 2070 2323 230 2039 230 4894 4895 230 1923 230 1927 3735 2488 230 2488 230 3876 1355 5146 230
3611 3611
2555
531 626 591
5030 5507 5029 230 230 5043 5880 3402 230 5558 5043 5464 1540 2395 230 1355 5464 5466 1590 5558 230 5558 3437 4708 1927 230
1498 5778 4857 4857 2851 230 2849 5886 4857
3612
2562
3612
3598
3756 2955
2071
3612
3171 3009
4884 1611 3029 4857 2904 4794 5220 2317 5143 2317 2205 4869 4857 2216 2455 2158 1611
1611 345
4858 6033 6033
5065 1567
3158 2507 5071 230 2077 2491 230 5030 1355 3157 1929 2488 230 1929 230 4978 1929 1939 230 3157 2491 230 4009 2481 230 5880 1355 1935 5058 230 1929 2488
2617
3612
5218
3612
3621
1221 231 765
2507 230 3158 5880 609 637 637 230 2507 3067 230
3615
3565
3612
2617
3612
2593
5432
2416 3862 3867 230 2491 3425 230 3868 230 230 2994 2507 2491 3106
2076 2866 3387 1939
2028 1567
2617 2593
1740 230 1740 1737 230 2919 3171 2476 1355 5001 1740 230
637 610
343 3068 1514 1563
3611
5927
3612
3565
626 534
3617 3616
3201
230 1576 6035 4740
3612
