3598
1348 1348
2614 4287
3618
2614
3591 3591
3598
3611
3612
2969 2892
3621 2593
2591
3612
3611
4880
3565
2593
3611 3598 3611 3611
2614 3612
2614
3612
2287 2069 4487 3692 6032
3612
3598
3612
2455 360 3734 3412
3598 1903 3598
3622 3598
3621
2603
1348
2614
2591 2611
3611
3612
3598
3611
5439 5434
526 603 1413 603 435
1348 1348 1348
2618
2587
3587
2950 2071 1927 4620 3281
2590
3598 3614 3068
599 1637 3612 599 626 626 599 4743 626 599 531 3612
3598
1413 532 1530
3598 3598
3598
2550 3621
1530 1419
3612
3611
1348 1348 1348 1348 1348 1348
3598
3598 2156 4839
2614
2603
2591
3598 3611
3614
3611
2325 3067
3598
3612
2614
3612
3617
3467 2865 5066
1348 1348 1348
2614
3598
2614
3598
3598
3612
3598
5792 5994
3390 2076 5510
3589
2326 2326
3598
3612
3598
1355
3612 3598 2619 2620
378
3611
1491 1530 1419 3892 1491
3395 5166 5994 2455 3224 3565 4795
3598 3598 3612 3598
3598 3577
2593
3612
2593 5058 4253 1547
2614
3617
2614
3612 3612 3598 3621
2614
2614
3614
3598
5464
2603
3611
3614
3611
3611
3611
3612
3612
3612
3612
3393 2859
3615
3618
2618 3612
2618
2603
2614 3612
2020
3565
3621 2614 3565
2614
3612
2180 2180
3611
3598
3611
3612
3611
3621
1493
3612
3612
1348
1348 1348
3612
3612
3615
2127
2560 3613 3186 1944 3394
3565 2593
2591
1219 3419 1296 4119 3403 2417 2488 3883 3618
3598 2591
3598
3598 3598
3565 3565 1348
3611
3613
2614 3598 3598
3611
2863 1975 5534
2579 2593
3612
3611
3611
2614
2507 2325
3611
3598
3611
3598 6053 2071 1355 2391 3277 6048 2507 2860
1639
3621
4915 2808
3611
3598
3611
3612
3598 3612
3598
3612
3622
5812 1587 1600
3611
3612
3591
3611
1348
3611 2614
3598
3598
3611
3598
3611
3612
3612
3612
3611
1939 1082
3616 3611
3598
3611
3598
6051 3067 2317
3612
3614
2322 2320
3589
3598
3598 3612
1612 4070 1355 1940 2650 3888 2180
3617 3587
2618 3598
3598
3598
3598
2614 3598
3615 3598
3565
3612 3598 2618
3598
3622
2614
3598 1348
3565
2070 2455 1355
1348
4893 5928 2864 2417 2071 2855 3690
2614
3621
3612
3611
3598
3598
3598
3612
2614
2071 5992 1355 3261 3297 5505
2593
3621 1226 1222 1567 2076 2438 4095
3611
3617
3612
2434 2884 5825 2859 5007 5825 5007 4988 1939 2818 4795 2156 3598
3621 2614
3622
2614
2495 6033 4133 4095 4999 5518 5000 6033 2070 6033 2064 2934 5186 6033 2071 1622 5186 1622 2071 5834 3395 2317 5000 4622 1622 2071
2593
3612
3598
3571
435 605 532
1496 2020 2868 2020 2863 1496 2864 3176 2020
2614
2614
1872 1906 2619
3617 2593
3611
3388 2885
3105 3698 2459 3964 2927 2357 6035 3107 3007 2780 2849 2770 1355 3394
2071 2428 6053 2012 2070 1567 2071
3612
3598 3565 3598
3611
3612
5146 5028 4490 1939 2139 2517 2865 5028 2614 5146 2517 1985 2309 4794 3068 5028 2517 1985 5146 4490 2885 1985 2517 1939 5028 5066 2860 5146
3611
2509 2032
2022 3598
3598 311
3612
1506 5072 3068
3598 3587 3611
1611 1585 5166 345
3565
2901 2885 4858 3394
3612
3612 2614
3611
2614
2614
3612
3598
3598 3598 3589 3598
3598 3598
3611
3598
3611
2591 3598 3598 3571 2591
3612
1355 2139 3465 2919 4980
3353
3741
3598
2601 3558
3565
2614 3598
3611
2614
2957
3459 2028
3611 3616
3611 3565
3612
1530
3621
2068
1348 1348 1348 1348 1348
2614
2614
3612 3598
3598
2618
3552
3613
3611 3611
5420
2603 3612
3612
3617 2483 3617 3617 3617 3617 3617 3617
2614 3611
3598
3577
3598
3076
3612
3612
3598
3612
3612
3612
3612
3612
1637 2614 3598
3598 2593 3598 3612
3657 3096 5825 3656 3097 3407
3611
3613
2614
3612 2618
3612
3612
2591 1888
3611
3598
2614
3612
3611
5808 5432
3612
2614
3687 1548 5219 5028 532
3612
3565
3612
3611
4874 2509 2923 1211 2029
5809 3612
4879 5070 1348
3612
3598
3612
3612
3612
2511
3612
2894 3175 1590
3611
3612
3598
3611
230 6039 3276 1623
3612
3614
1575
3565
3598
3598 3598 2023 3598 1613
2614
2614
3598
3598
2614
3598
3598 2071 1216 916 1222
2614
2614
311
2455
3611
3611
3613
3612
3598 3612
4441
3611
3612
3617
2614 2770 2395 2518 2064
2614
3611
3598
2614
2603
4890
3611
5071 5146 4879
3598
3611
3598
2591
3598
4620 2670 1208 1207
3617 3587
3565
3612
3598
3611
3598 3615
2614
2329 2330 2868 3465
3612
5825 2489 2488
3612
3565 3598 4432 3598 4194
2614
3591
3611
4097
361
2068 4269 4115 3427 1355 2028
3611
3611
1550 4884 5220 2025
2614
4046
3741 3611
4269 4858 3388 3067 3434
3612
3598
3598
2614
3621
3612
3590 3590
3598 3612
2744 3170 2865
3565 3565
3614
2550
3598
378 1216
1348 1348
1348
3615
3618
3611 3616
2952 2391 2670 4633 2232 1492 5028 3096 1355
3598
3612
3598
3621
3598 2614
3097 2313 4633 4754
3612
3598 3611
3612
2614
3612 3612 3612 3612
2317 4880
3612
3067 3622 3598
2627
1764
3612
3598
4858 3565
2614
3598
6035 1635 6042 6035 1635 6042 6035 6042
3598 3612
1348 1348 1348 1348
2560 2561 4785 5809 4046 3598 3612
1494
2614
3612
341 1502
3598
2614
1920
3067 3394 3175 5505 5489
3411 2600 2064 4980
339
3589 3589
1348
3427 4070 3390 5825 5966 330 350
1500
3612 3598
3569 2595 2595
3621 2614 3598
3598 3611
3612
3598
2614
3598
2614
2591
3598
3571 3571
3612
3612
3612
5066 3280
3614 2593
3612
3612
1543
3611
3590
3265 3245
3598
4743 5219 230 4882
2464
2614 3612
2593
5056 2417
3598
3566
2155 3391 2859
3618
3062
3598 2603
3598
2892 2434
3876 1492 4115 2070 3188 3412
2614
1962 5070 2923 2919 5070 2978
5516
751 2436
2591
3612
3571 3611
3611
3611
2614
1962 2988 3612 4883
3611
3617 3617 3617 3618 3617 3617
3598
3612
1348 1348
2614
3611
3612
3611
5065 1547 2314 1551 2324 5136 2325
3612
3611
2591
2618 3611
3587
3598
3617
3621 2614
3598 3612
3598 2614
1487 2614
3611 3565
3612
378 1207
3027 3067 347
5419
3598
3611
1921
3591
3621
3598
3612 3598 3611
4837 2323 2512 2193 3989
3598
3612
3587 3612 3587 3587
3611
3612
3611
3587 3611
3622
3611
3612
2510 1025 1509 1548 605 4883
3565
3611
3598
3612
3612
2032 1607 1920 5413 2614
3598
3598
3612
3611
3565
5074 1540 1491 5536
5498 5816
3612
3612
3611
2614
3407 4740 4858 1579
5804
2591
3598
3611
3598
3565
2593
3598
1348 3914
3331
605 1637 435
3612
2591 2591
3611
3618
3611
4976 2916 3598 2491 2071 3158
2618
1348 1348
3067
2578 2614
3611
2593 3612
3612 3612
3611
3565
2827 4600 3068
3612
3611
3590 3970 4522 4893 2064 2239 4894 4741 4895
2561 3598
2614
3598
2064 4203 2071
2567 3611 2548 2555
1940 4268 2071 3394 3177
2591
2614
2614 330 1664 350 1192 1196 608 626 524 594
3394 3186 4858 1535 4115 1355
3611
2614 4097
2614
2886 1550 4872 2512 3388 3175 3693 5007 3068 2978 3390 1939 3180 3170
3612 3598
2418 5143 2158 1491 1491 2418 1740 5143 2416 2314
1550 3612 1550 1550
5413 5167 2070 5416 5418 402 437 606
5419
361 1606
3612
3598
1348
3565 3612
835 984
3613
3612
2614
3598
3598
3068
1639 636 603 1637 605 1639
5826
3565
2597
3598
5418 3073 1862 3073 4805 3073
3598 3598
3611
3611
3612
3598
3565
3598 3612 6032 3598
2614 3611
3611
3598
3611 3598
1551 3735 4983 4881 4132 1355
1413 3598 1637 3598
1466 1348 1348 1348 1348
3692 3766 230
3598 3598
2618
2614 3598
3598
2614 5432
3612
2548
3567
2071 5219 2904
3611
1646
2614
2603
3611
3612
3611
3565 2618
3615
2591
3598
2591
2618
1611 345
1639 445 3551
3611
3611
3598 2614
3612
3598 3612
3565
5090
3612
3577
3612
2315
2892 5191 3598
1348 1348
3598 3598 2614 3611
608 1637 1634 608 532 1634
2614
3598
3611
2614
3612
3598
3598 3598
3612
2618
1348
3598
3612
3621 3621
2849 3391 2614 2509
3598
3611
3611 3598
2603 2603
3565
3565
3615 1576
3614
3598 3612
3611
4757 2603
3598
603 532
5432
3615
3612
5808
3614
3565
378 667 720
2614
3598
3612
3598 1944 3452 2512 1543
5804 3621 5808
3612
3443 2614
3612
2614
3612
3611 3587
3598 2591 3598
5167 2020 2325 3621 2020
2614
3612
6032
3598
2596
3611
3565
3612
637
3598
3611
2614 3598
3621
3589
2614
3598 2614
3466 2920 4619 2919
3565
3622
3598
3598
2114 2114 2114 2115
2614
3598 3621
1634 599
4878 4629 1952 2070 2330 3435 4988 5784 4278 1355
3598
1419 610 1646
3611
3598 3612
3612
3612 3598
647 725
3612 3616 3617
3612
3598
3612 2614
3598
2614
3613
2591
3612
5431 5432 2558 3612
3612 3598 3618
2863 2662 2885 3403
3612 3565
230 5065 4879 1497
2618
2614
3615 3613
3598
2603
2614
2614 3565
3589
5005 2065
2591
2166 2302 2191 1337
4857
3611
2614 3613
2884 1496
3612
5400
2603
4753
3612
2591
5801 2591
3611 3598
3395 2265 2455 2287 1626 4880 2434 4881 1930 5057 2321 3394 2320 2418 5157 2156 1355 1930
3591
2107
3598
3335
3565
1348 1348 1348
2333 2312 3598
3611
3611
2614 2593 3612
3612
3390 1551 3386 2892 2916 2850 2916 4858 2892
2204
2614 3591
3389 5932 5464 5146
3598 1348
2603 3741
2593
3612
3611
4046
3611
3615
3611
3615 3615
3598
3611
3611
3612
3612 3598
2614
3615
2591 3612
3598
2593
3613
1355 4875 5826 2417 5055 2865
3598
4986 4985 231 230 4983 633
2614
2560 1550
1025 5510 2070 4593 2474 1974 1976
3612
3598 1348 4187
3612
3565 3565
3611
2591 3598 3612 2591
2620 3612
3612
2071
3435 2071
2618 2603 2603
3565 2614
3598
3612
2313 1207 2271 378
3613
3598 3611 2614
3618
3598 5578
3622
3611
3598 2614 3621
3598
3611
2614
5161
2431 2858 3834
3598
4052
3565 3565
2591 3565 3565 3565 2593
3612
1348 3565 3565
2587
3612
3598 3611 3598
3598 3598
2591 2603
3612
2069 3411
3612
3611 2591
1530 524 1111
2618
2614
2885 4858 4070 3406 5460
3598 2614
3566
2618
2593
2068 3068 526 5070
3567
3598
1222 231
3587
2614
2591
3613
2614
3571
1348 1348 1348 1348
4204 3612 5219
2591 2064
3598
3577
3565
5056
3598
2614
3611
3598
3598 3598 2316
622 385 1073 1530 532 603 1634 637 1530
350 1664 5831
3598
3598 2614
3614 3598
526 1634
3598 2614
3612
3612
2591 3611
2595
3612
3565
3620
2918 2916
3611
3598 3598
2560 3621 2614
1509 2614 2561 5579
3598
2455 3435 4873 3390 2416
3612 3612
3598
3565
6032
3612
1626 341 1502
3577
3612
2391 2071 3281
3589
2614 3621
3621 3612
2614 3598
1348 3612
2330 2880 2864
3611
3618
2323 2029 2614 3008 1518
3613
2614
3612
3613
2670 5500 1985 5055 6025 2850 4858 5007 4759 6053
534
1348 1348
1348 1348
1348 1348 1348
3621
3611
1348
5218 2851 230
231 2396 3734
2614 3612 2618
3109 2528
3598 5992
1579 1355 2069 4522 3964 3870
2614
3611
3419 2330 2603 3577
3621 1348
3565
3598
2614
2881 2325
1348
3614 3598
3611
2597
3598 3598 3598
2614
3598
2591
3613
3598
3598
3621
3611
2614
5191 2865 5066 3734 4988 2865 5186 5489 4988 2071 4629 2865 5220 2426
1419 1530 1419
3613
2969 5136 5466 5218 3891
2614 3598
3565 3574
3611
3612 3612
3587
3612
3612
3612
3612
3598 2614
3611
3612
3693 2664 2180
3621
3612
3611
2614
1639 5825 3170 1637
4593 6033 1622
3612
1348
1348
3612
2593
3598
2614
4609
2316
5090
2330 5826 5834 2330 2780 378 3390 2988
3612 3598 3621 3612
3598 2591
3612
2613
1576
3598 2614
1348
1906
5492 3598 2548 2614 1603 3577 2552
2603
2614 3612
3621
3612 3598 2593 3598
2614
1348 1348 1348 1348
3613
3073
2614
2614
3611
1481
1348 1348 1348 1348 1348 1348
2020
361
3565
231 1227
3611
2590
2302
3612
2563 2591
3612
2076
3278 2431 4882 4858
2614
3612
3565
3598
5432
3611
3565
3598
3611
1496 4301
3613
3612
3611
3598
2614
3598
3612 2591
1646
3611
3598
3611 2614
1348
2614
3621 3598
532
3612
3613 2614
3621
3612
3611
3611
3598
3565
1419 2859 3388 2025 2484 2313 1634
2603
5416 5418
3598
5038 3612 5033 3612
2614 3612
2437 2851 230
3611
2595
2069 2691 5072 5066 2069 3369 1985 1582
3612 2569 2591 4046 3621 3621 4046 2591 3598 3621 3612 4046
2614
2614
3611 2590
2320 5539 2158 2232 2662 230 1355 2481 378
3598
3612
3611
2037 2429 2426 2425 583 739 2438 1025 605 3840 3845 3849 2323 2429 3850 3842 1547
3611
3611
3611
2614
605 437
3591
2614
3612
3587 3587
2530 2567 2571 2569 1872
3598
3598
3611
3613
3611 3565
3598
3612
3598
3598
3598
5555
2614
2618
3067
3565 2614
3611
3598 3598 3598
3598 3612 3546
3621
1492 4275 5826 3434 4278
2691 5794 2323
3612
1469 532 2591 593
3612
2614
1348 1348
2273 599 526
3611
3598 3621
3612
3611
3612
2614
3612
1652 1413 1639 1637
2614
361
3613
3611
4873
5156 5156
378 1207 1227 231
4824
2593
2455 2857
6042
3598
3612
3612
3598 3598 3598
4046
3565
3611
2591
2591
3611
3612
3611
3612
2614
3615
3611
3612
3621
2417
3611 3611
3612
3598
3370 4742 3370
2548
3612
2620 5094 2619
3611
3601
3611 3598
3611
2916 2911 1952 3598 5146
3611
3612
3598
3598
3598
3611 3611
2596
3615 3598
3611 3612
2614
3598
3612
231 1226 1222
2614
3598
3611
3613
3620 3598
4875
2614
2591
2894
3612
3611
3621 3598
526 435
2614
5409 2325
3611
3612
3612 3598
2618
2614
2603 3612
6034
5466 4794 4881 230
3611
3598
2591
3598
3598 2571
3734 3391 2314 1496
2614 3617
378 720 766 378 231
5501 1496 230 5482
3598
3611
3598 3611
3612
230 5220 5072 1741 1543 1355 5220 1741 1543 230 1492
4011 1500 230 1497
3611
2614
3611
3598 3598
1321
3613
3598
378 230
1530 1150 230 1149
1348 1348 1348 2593 1348 1348
3611
2982
3565
3612
2548 2591 4533 2551 2614
3598 3615 1903
6041
1348
4197 4194
3598
3615
3598
3598
2561
230 5488 2455 1355
3611 3612
3892 444 5042
3612
2431 1355 2314 5557 3394 1606 5220 2314 1606 1606 2314 5548 2158
5825 3693 2904 4988
3611
2614
3611
2614
2614
2554
1991 230 230 5418 5419
3598 3598
3612
3614
3598 3598 3598
5906 3120
3598
3613 3615
3611
5055 3870 2482 230 3870 2482 230 2482 230 3870 230 2482 3870 2979 230 2421 230 3870 2488 3870 230 2482 230 2482
3612
6032 5518
3611
3598 3598
2314 1920 5024
3612
3611
2614
3611
838 6032 5038 2885 3435 5166 5038 2865 2416 3598 5033 3598 3598
4874 3068 2983
3598 2614
230 2240 2156 2177
3612
2614 3598
3612
3611 2614
3667 3667
2603
3598
2593 3611 3611
2614
3611 3611
3291 4858
2613
3560
3419 1551 3471 1355 2418 3443 2028 1576
637 1419
3612
3589
3565
1208 1217 378 984 3598
3598
3068
1348 3612
3577
3621 2591 3598
3611 3611 2603
610 637
983 1216 378 983
2614
3598
3598
2614
3621 3598 3565
3613
3612
3756 2028 1587 2958 2957 2028 1585 2028 1585 2028 3756 3756 2957
231 378 378
3611
2614
2614
2603 3577 2071 1940
2614
3565 3614
4046
3612 1535
3612
2614
3611
3611 3612
3598
3598
3598
4805
3612
3621
3612 2614
3611
231 1222
3611 3612
2065 526 2065 5519 1590 2509
3613
3598
3612 3611
2567 2590 1872 2548
3615
3611
3612
3612
3611
3611
230 4890 1497 230
3598
3598 2614 2618 3598
3598
3598
5493
2614 1648 1962
3621
5813 3612
2583
3598
3591
4889
3611
3598 3621
3611 3611
3157 1497 5932
2614
3612
3611 1348
2614 3598
3598 3598
3598
2557 1872
3611
3598
5543 5139
3612
3612
3611 3587
3598
6032
3598
3612
2618
6032 3882 4275 4858 5218 5548 1355 2845 3390
2591 1605 2603
3615
3611
5992
3634 4805
3598
3598
2603 2593
3598
3612
230 6032 4933 6032
3598
3634 4805
3598
3598
3611
2352
3598
3611
3612
3598
3598
4955 5907 2982
1348 1348
3598
3598
2614
5146 4132 5219 2864 2766
3611
3613 3613
3612
1639 605 605 1634 437 636 605 534 1025 437 1530
5770
2614
2069 5834
3621
2614
3598
3598
3598
3612 3598 2614
3612
3054
3611
3588
4888 1606 2987 1477
632 1023 983 915
1348
3622 3565
2614 3598
1498 3598
3612
3565
3621
3067
3598 3565
1221 231 1226 1296
3611
4858 2324
6041
3612
3611
3611
3612
2614
2591 6032 2020
3611
2614
2614
3598
2618
2591
1583 5776 3598 2155 5776 5498 4858 5826 2222 5776 4858 2222
3598
2903 4915 3524 2908 3737 3524 3068 3524 3524 3068 3524 3737 5221 3068 3068 3524
2614
3611
3612
3551 2618
5531 5826 2455 5534 230 2455 5826 2455 5534 230 5826
4900 3067
2036 3188 2859 231
1940 2455 3189 230
2614 3741
2614
3598
3611
2950 1768 2859
2325
2603 3598
3611 3612
1025 531 1652 5489 4985 3290 2421
2020 1549 1496 1496 2868
6032
3598
3611
2591
2199 2282 1500
3612
2614
1348 1348 1348 1348
3613
6032 6041 3067 6032 6032 6041 6032
1348
3611
3612
3612 3598
2434 3412
3622
2591
3611
3612 3611
3598
3611 3598 3587
3612 3598
3611
3611
2614 2163 2162
1348 3598 1348 3634 1348 1348
3612
2316 1550 4440
3612 3598 3598
3612
3471 4873 1500 2884
3611
3618
1348
3612
3598
230 2925 4976 2416 230 5569 2071 1355 230 4985 4976 3870 230 5880 2481 1962 2318 3180 230 2318 4976 5552 2318 2071 4976 2418 1355 230 4976 2683 2071 2036 2434 4976 2318 2270 230 230 2323 3870 1962 230 2434 2481 2071 357 2323 3180 230 1962 5489 5569 4985 2071 230 2318 4976 5569 4985 1962 230
3612
2590
3268 4839 2489
3611
3621
3598
3612
3598
2023 3186 3395 3008 2323
1348
2614
3611
2593
3612
5189 3611 3611
5531 6053 6049 6048 230
2288 1567 230 3182
5157 2065
3611
3598 2614 3598
3612
3598
3621 3621 4988 6034 2256 4046 1542 1543 5894 5893
3612
3612
2581
3598
6034
3598
3598
3598
2464 5038
3611 3611
3068
5166 2905 6049 2903 2038
3741
2593
3611
3612
1530
3612
3612
3598 2614
3621
5143 5973 3389
3611
3561
3571
2581
3611
3612
4622 2065 5778
3565
3621 5883
2156
5146
5033
5065
2927 3735 3734
2316 2434
3617
3611
3423 3068
3612
3611
3612 3611
1903
1466 2646 3068 1930 3875 3964
3611
3391 1355 2020
2885 2034 3391 2860 2417 3068
3005
3612 3612
3621
2591
3622
3598
2614
3612
3611
3611
2325
3612 3612
3611
3613
1962 230 1355 5928 2488
3068
1500
4037 4039 2076
3029 3424 4857
3565
5883
3621
3611
5107
3611
3381
3611
4818 2352
3612
3243 1355 2100 1932 1355 2391 2100 3247 2094 1466 1469 1652 1530 4546 2396 3247 4546 2396 230 1466 1637 1530 606 1469 4546 2094 2391 3247 2396 2094
2614 3388 6035 230 231 378
1526 3395 5523 2510
4742
3598
5425
3611
3587 3611
2614
3612
1551 2020
3612 2614
3612
3598
2611
3611
3611
6037
3598
3612
3049 3598 3068 6034 2158
1348 1348 1348 1348 1348 1348 1348
3176 230 3435 2417 3435 2323 1740 1355 230 3176 230 2919 2437 230 2437 6053 6048 2323 2437 230
3598
1496 2256
3565
3611
2803 2510 1956 6034 230
2593
5510 1355 2683 230 5527
3598
1419 1419 1639
3611
2591 6032 6042 6037 5927 6037 6042
2593
3621
3612
6053 2068
3612
3008 2324
3611
2455 2232 2070 2455 5826
3621
3611
2916 2436 1355 3428 3097 3096 2885
3611
3612
3612
2611 2591
3389 230 3437
3612
2653 5501
2065 2071
1348 5065 1348 3389
1466 1419 3171
3565 3565
3618
3611
3611
5809
3598
2614
4619 3422 6032 3388
3067
1355 5505 5527 1567 1932
230
2314 2199
3611
591 526
3598
5814
2614
4097
3611
2614
3598
5191 3765 5825 4985 4620 3765 5188 2139 1355 5146 2070 5826 2028
1419 637 3175 739
3612
2614
3616 3620 3613 2603
3423 2919 3476 2438
1348 1348
1348
3612
3611
2236
3612
3611
4288 4289 2614
2139 5189 2770 2859
3598
3612
3611
1329 1295
3617
3612
3611
2900
3598 3938 3902 4520 3943 1530
3615 2614
3598
3598
3612
378 5569 230 231 5558
3435 3390 2318 4884 5489 3182 230
3598
3611
3598 3565
2954 3180 1858 3180 1858 2954 2139 2954 2770 2139 1858 3391 5826 5932 4873
3612
1222 1207
3611
3612
3612
2614
2614
445 531 605 532
3612
3062
3615
2618 3612
4839 2483
3612
3611 3587 3598
5814 3615 5413 2603 5817
1479 5033 5033
3598 2614 3611
3598
230 4794
230 5826 5826 5569 230 2510 230
2614
3598 2593
2865 1742
3612
4999 6048 1621 1858 2969 5132 3008 1355 230 2997 3007 3068 1355 2640 230 5132 2083 2969
3613
3613
2603
5146 2320 3068 3068 2439
2591
3612
3611
3607
3598
3612 3598
3494 3498 2614 534
3598
3598
3621
3590 3590
3612
2614
1637 609 1666
3612
2071 2064 2064 3390 2916
3612 3611
3612
3611
3598 3565
4287
3598
1348
2614
3598
3612
3611
3598
3612
3616 3620
3611
2071
3598
3615
2509 3766 4858
1862 1862 4097 5927
3590
2040 2025 4498 1355 4492
3598
3612
1348
3612
3598
2978 6033 5070
3598
3611
3106 1940 2265 2029 1601 3467 3106 2029 3467 3106
3598
3613
3741
3412 1551 5825
3612
1540
6041
1655 1530
3612
3598 3598
3566
4620 2919
3612
5038 2323 3053
2317
3612
2591
4635 1355 2323
3611
2070 5219 2070
3598
2614
3598
3612
2614
3598
916 378
3612
531 531 1466 1639
3612
3611
361
3598
3611 3612
3611 3598 3620 3616
378 984
3068 6048 1543 1940 4522 1534
3618
3612 3612
4858
1567 4633 1355 6042 4766 6039 2886
2614
3611
2614
2892 230 2034
1348 1348 1348
3621
3612
5053 5053
3611
2065 3452
3622
3615
2614 3618 3617 3617
2614 3598
3612
3598 3598 3598 3589 2603 3598 3598
3554 3543
2614
3611
2603
4874 4858 1487 4742 5056 3465 5482 2155 2424
3611
3612
3541
3611
3611 2614 3598
3612 3598 4046 2618
1227 988 231
231 1226 766 1222
3598 2614
3612
1921 2007
3611 2590
1348 1348 1348
2199
2865 4633 2488 1355 2507 2593 2864
2596 3560
5510 5166
3611
378
3611 3612
4805 5436
3612
3612
2562 1860 2591 2531 4046 3612
1926 4766 4858 2455
378 3565
3598
2614
2614 3611
5166 6037 4874
3612
1502 341
3612 3612
3611
4858 4794
3611
3598
2593
3613
4881 1496
2603 3598
3598 3598
6032 6032
2314 2416 3734 3393
3612
2614
2614
3567
2595
3612
3611
2618
3612
3400 3399 2028 5027
2614
2614
3598 2614 3611
3615
1609
3067 4873
3612
3615 3598
3598
2591
2234 5072 1567 1590 230 1567 3970 230 1217
3612
2614
5526 5543 5493 5543 5548 2065 4778
3598
2455 2978 3170 524 1355 2314 3435 3281 1940
3618
3612
5157 2908
2618
3612
2591 3621
3614 3611
3618
1652 1530
3565 3565 3565
3612
3598
2324 2578
3612
3621
3612
1926 2886 2431 2029
1348
3605
3612
3618
3612 3598
3598
3617
3612
1511 2071 2178 1355 5007 6049
1222 1207 1224
3598
2614
3621
2859 5072 1976 230 1976 230 1974 2860 378 1216 983 2859 1974 1976 230 1216 983 1222 231 1976 230 1974 2859 1219 983 378 231 1976 230 2860
3612
3611 2591
2593
3295 1768
3618 3612
3612
3613 3068 2911 1956
3612
3612
3612
2614
2614
3611
3611
230 6032 2240 230 5825 2780 2139 230 6032 2076 230 2240
2591 3598
3598
3598
3598
1419 1419 1646
2614
3616 3618 3616 3590 2550 3618 3616 3616 3590
3598
2614
3598
350 350
2437 3389 3390 5826
3598
3611
2608 5907
5218
3612
3612
5932 3735 3389 378 2455 1489
1518 1210 1227 1962 4857 3068
3612
3565 3598
3612
4875 2488 5508
2916 1741 2983
4882
1534 5778 1927 5146
2614
3615
3611
378
2232 916
2554 2614
4793
3612
3735 4976 3176 1935 230 4986 1355 2071 230 6032 2488 5146 1355 1942 230 4976 2065
5157 2320 230 2320 5157 5156 5157 2320 1355 5157 230 2320
5883
2416 2865 5156
3598
1547
3048 3598
1529 1652 1466 1413 3242 1974 5552 1355 2474 1355 4858 2916 1419 1639 1530 599 1469 4858 2916 230 6032 6032
3565
3068 2548
3614
3598 3598
3598
3598
3598
3622
3611
5424
3612
3618
3598
3598
3611 3601
230 4985 2426 2894 2239 3402 230
230 4976 2071 2455 2071 2845 230
3598
2593
2614
4131 5163 1985 2866
3617 2620 3598
2923 230 6032 6034 3412 230
230 3464 2323 3434 230 1742 1741 2139 230 2780 2323 230 2064 3465 230 2064 3434
2603 2614
3611 3587
3621
5125 3598 5127
6032 3611 6032
3598
2596
3067 5978 5985
3613
3612
2591 6034 5814
3612
1550 5056
1500 6049
3565
4858 2158
2614
3598
2591
3067 2916 2673 3839
2614
3617 3612 2614 1348
3611
1227
3613
2614 3612
3598
2591
2851 2324 230 230 4118 3452
1208
626 1676 1673 1639
3591 3611
5470
5143 230 1740 2884 3170 230 5552 2455 230 2092 1740 4976 2455 3412 6034 230 2859 230 4874
2591
2323 4620 230 230 2969 3189 1932 2323 230 3389
2591
2418
2614
2904 2906 5007 2978
2618 2593
3612
3402 3459 230
6033 2325
4883 5557
3611
3419 4668 3394
3615 5514
3565
3612 3565 3612 4054
6048
3565 3598
3598
5033
3611 3587
2803 230 3452 230 3452 2064
3870 2693 2323 230 2416 2395 2674 2640 230 230 3964 5558 2416 230 5005 1355
2455
2020 4881 3386
1551
1978 5419
3611 4740
230
3565
3621
2578
4397
2318
3598
3612 2949 5983
3612
3598
3590
3598
4794 5927
3612
2614
3598 5466 1535
2614
2614
2614
4268 6048 2868 230 3067 6032 2309 2474 2674 2683 230 230 2090 6053 2518 5928 230 5039 230 3428 3386 2683 6053 2032 2919 230 3452 2803 4878 230 6053 2674 2474 230 6049 2309 6053 230 1355
2591
2592 2567 2570 4046 2483
2426 2082
2614
2614 3565
3611 3587
526 1348
3615
3571
3612
3615
3598
3612 3058 2561 3587
3598
3612
3612
2036
3611
3587
5792 2331 2902
3612
1218
5058
3565
3598
3611
3556 4752 4756 1484 4046 2371 4754 2294 4070 3693
3612
2614
2455
5188 532
2507
2618
3245 2436 3278 5146
3612
3598
524 532
4603 3666
2614
3611
2614
3598
2614
2028 2029 4873 2028 2028 2028
2614
2614
526 2488 1469 609 1935 1355
1348
2614
3611
1348
2455 4070 3423
3598 3598 524 599
3552
3621
3598 2614
2064 5157
3612 3611
2603
988 1216 1222 1222 1208 1226
3612
3612
2475
1901
3612
1348 1348 1348
3615 3613
3915
3428 3400 230
3615
2162
2591
3611
3611
2020 3427
3565
3598
5220
2591 3565
3613
5432
5808
3621
3612 3620
6049 6049
2614
2614 3612 2863 3834 2065 2865
4985 378 2077 2071
1622 6043
3611
3611
2614
5038 5492 3395 230
3612
2770 3746 2314
584 584 444 1639 532 584 1639 584 636 584 636
2614
3565
2548 3612 2573 2550
1496
5419
5880 3170 2489
3614
3611
3598 2591 5812 2591
3741 2614
984
318
2426 1962 230 1742
2614
3565 3565
3622
3612
3612
4873
2455 230 1520 2851
3612 2614
5967 6032
3611
4988 4070 2455 2455 1637
2455
1217 983 1520 1512 5973 3105 4593
3611
6032 6032 2864
3616 3589 5138
6032 6032
5518 5569 5070 3611
3612
2593 2614
3621
3612
1518 230 1558 1498 1534 1516 6032 230 1622 3068 5510 230 2894 6032 2434
1551
2177 5071 2155 5551 230 5070 2316 2455 2314 2323 5778 230 5072 1216 1222 1413 1529 1652 5070 1355
230 3888 5056 2323 3483 2455 1549 230 1607 3885
2891 5033 3765 4882 5033 4895 3766
2591
5854 3565
2603 2603
3872 3105 2418 4883 4881 1551 5543 5156 4883
3611
3617
3565
5812
5880 2904 5161 2904
5146
3611
4890 4986 230 4985
2603
4881 2083
2554 3349
3892 230 2330 230 2288 3892
3611 2596
532 636 605
4046 4046 1872
1348 1348 1348
4202 4360 4432 4983 5907
2560 2561
6032
5826 4880
1348 1348 1348 1348 1348 1348 1348
3611
1622
3611 2273 6037 2507 6039 1623 2272
1348 1348 1348
3565
1348
3612
3611
1348 1348 1348
384 1072
3565 3565
3067 3411 2952 4037 3412 3423 4766
1348
1503 4867 3888
3605 4098
3598
2323 2892 2437 5886 1355 5136 3419 1932 3459 5501
2603
2591
3068 6032
2008 1666 3384 1419 3892 3693 230 1419 230 1419 1025 3690 230 2331 230 1025 3692 3766 231 3690 230 3766 3697 2071 2331 3693 3766 3892 4070
2603
2325 5065
2455 230 5932 3391 2488 2488 2488 2481 2489 230 3565 3656 3657 2489 3657 1355
5053
3612
3612
3612
3565
1656 1657 3068
3974
3615
3590 1526 3590 6033 6033
984 6035 837
2065 2029 2029 2065
3615
3611
5995 1590 1590 2323 2316 4983
1551
231 1222
2858 4858 1867 2510 5826 2923 3176 2426 1655
3068 2916
6032 4988 3428 1576 2071 2865
3612
1419 1419
3612
5770
2314 3611 3611
2591
4838
3611
4856
5966
2317 5482 2156 5482 5482 230 5456
3634
3565
1348 1348
1348
3565
3587
