2736 2264 5404 3789
2307 4525 3814
2871
4029
4805
5782 4804
4805
1498 4047 4046
2587 2528 2587
2850 2908 6116
2885 3969 2908
4337 4047 1810 1498
2704 3260 2306
4046
4030
1498 4806
6558 6558 5696 6558 2194 5218 2181 594
4046 1498 1498 1498
4046
4805
4029 4003
4030
2717 2811 5794 3814
4806
4806
4046 4806
4804
4030
4047
3667 3627 3628 3188
2908 2908
4046 3978
4029
4046
2263 4029 4805 1819 2881 2812 1819 1812 1819 2313
4030
4047
4805
4029
4046
4047
3659
4118 6801 1665 1786
4047 1498
4029
4046
4029
3254 2207 2270
1498 4806
4805
4047
4030
4806
4041 4047
4804
4046
4046
2756
4030
4046
4804
4046
4030 2881
2125
3781 3471 4046
4804
4804 1498 4046 4805 1498
4030
4046
4805 4040
4030
4035
4032
6559 1695 5406 2908 5819 5709 3866 4806
4046
4040
2312
4029
3196 2736
4046 4804
4031
4030
4806 1498 1498 4016 1498
4029
4029
4030
4047
4805
4047 1498
4030
4030
4046 2904
4804 2663 4335 4202 6248 2171 2306 2589 2576 1507
4806 1498 1498
4804 4016 1498
4047
4030
4030
4806
4558 4118 2159
3190 5205 6212 2595
2908 4030
4806
4806
4030
4046
4016 4047
2893
6527
2471 3931 5836 1664
2881
1498
1498
4030
4029
3219 2590 3220 3218 3565 4047 5642
4532
6811 3237 6804 6804 6804 6092 6811 6811 6092 6804 6804 6092 6811 6804 6804 6811
2881
4805
4046
3426
4047
3640 5614 5218
4046 4806 4804
2441 2695
1498 4046
4046
4030
2881
4030
4805 4047 4806 4806 4805
4030
4805
379 1638
4046
4806
4047
3559 2578 3228
4805
1498
4030
4806
4804
4047
4046
1498
4047
4046
4029
4003 4003 4003
2546
4029
4805
4047
2881 4040
4047
4805 2881
6113 2908
4032
2908
4029
4805
4612 4335 4804 6744
1770
4804
4047
3962 4046
3978
4805
4806
3549 2173 2319 1700 3851 4804 2189 1700 6179 5478 3549 3789
1654 2696 2405 5782
2405 1715 2764 3782 3831 3782 6106 6098 4047 2588
3098
1810 490 1695 4806
4029
4806 1498 1498
4806 586
4047
4806
4805
4046 1498 1498 1498 1498 1498 1498
4047
4115 3788 3219 3813 2667
4047 1498
2881
6801 4046 6811 3228 2716
4005
4032
1714 1629 594 669
4047
4805 4804
1695 4638 1133 4046 4784 1695 2313
2307
4804
4030
4046
4030
2126 4804
4046
2908
4804
4030
4033
6558 2313
4029
4046
2312
4030
4030
4029
4805
1714 1507 3785 2908 2440 2719 4557
3978 2883
4047
588 1812 659 1805 4804 491 1752
384 1782
4047
4804 2713 3806 3840 1507 3627 3817 2704
4806
2904
4029
1828 596 1729 1579 4047 1729 596
4030
4804
4805
5521 260 1685
4046
4032
4805
3978 4047
4030
4806
4804
2881 2893
3789 5501 2572 2713 2736 2482 2159 2312 2773
4047 4806
4804 1498
4806 1695
4115 2263 6522 6524 6523 4047
588 490 1819
4030
4804 2904
4805
4029
4806
4804
4804 5690 6523
4046 6801
4030
6559
1579 3788 6804
4806
4046 4805
2313 3782 4421 6526 6199 4331 6526 1936
4804
3627 2702
4806
6803
2194 2764 3291 4625 5218 6230
4040
4047
4047
4805 6801 1794
4046
1498 1498
2306 4335
4046
3196 4804
2881
4029
4805
4029
4804
4047
5342 1661 5368
6113
703 1579 1498 4046
1498 1498 1498
1498 1498 1498
4016 1498
4804 2881
4030
4030 2904
593 4029 3195 3807 4047 2736
1498 4806
4029
4029
4046 1498
4029
4804
4047 4806
4047
4033 5798 6559 5478
4805
4030
4046 6504 2263 1695 3806
2588 3190 3227 6526 5690
4806 4046
2326
2156 2696 3781 2306 2771 4805 2156
4805 1498
4804
2904 4806
4047 4805 1498 4804 4046 1498 4806 4805 1812 1498 1498 1498 1498
4041
4047
5500 3661 2709 5798
4806 2313 5209 6245 2759 2270
4047 1498 1497
4046 2881
4806 1498
4046
4804
4806
4639 4804
4046
4029
4806 2881 4805
4047
4805
4030
4047
4806
4804 4805
4046
2908
4804
2908
4806
2893
4804 4118
3472
4029 4805
4046
4032 4030 4047 3339 2881 4030
4309 5214 5708 3686 3238
4805
2908 4806 3735
6247 2881 2587 2587 1770
3258 2306 3822 3266
4806
4030
3298 3240
4805
4046 4030 4805 4804 4047
2126 4806
4804
2425 2164
4046
4804 3190 5619
4046
4046 5877
2890 5435 2850
2844
3229 2699 260 2699 2585 2772 2699 3229 2765
4047
4805 2736 450 491 669
3978
4046
676 814 702 4805 703
4805
4047 2307 2181 3259
2790 3240
4035
4806
3967
2595 2307
4805
2908
4029
4806
4035
5635 2265 586 2169 3356 4804
5877
4806 1347
5390 1688 3426 4805 4016 4046 2764
2893 4047
4029 4046
4041
4806
4806
4805
4046
4047 2881
1498
6812 260 6143
5819
4046 1498
4806
2736 6512 4805
4804
4805
3562 3195 260 3789 2608 3552 2261
5713 4804
4046
6759
4047
4047 1498
4030
4805
3199 3553 2261
4016 4029
1579 1819 4047 588 1133 657 1579 1694 2194 1694 3548
4805
1498 1498
4030
4806 1498
1695
4047
4046
4047
4030
4047 1498 1498
4806 1828 1498
2908 4805
4047
1498 1498
4047 4806
4016
1683 1699 2908 6559 1819
4030
2881
4016
4805
6810 3328
4047
4030
4047 1810
4016 4030
2881 2125
4030
2904
4047
4029
6506 5847 2278
2881
2908
2871
4029
4029
2736 1812 5432 4047
4805
4029
4047 4805
4806
4047
1642
4804
2275
4046
4029
2736 4047
5676
4029 2880
2908
6803
4047 4029
2261 1681 1660 3196 260 5503
4030
4804 1498 1498
3859 3796 260
3472 3473
703
2881
703
2904
4016
4806
1498 1498 1498
4805
4016
1729 4047
4046
4804
6526 3426
4805
3128
4804 2482 1498
588 702 2306 1579 4625 6818 3190 5716 4340 3219 3426 6529 3219
5502
4029
4804
2595 2595
3784 2893 2908 4118 3978 5671 3254
2904 4804
657 498 588 4805 1805 1810 657
4047
2265 2736 2792
4804
4030
1361 4478 2529 260 2575
3978
4046
4804
4030
2262 2589 4030
5847 6559
1708
4806
4046
2794 260 2794 260 3196 260 2794
4805
3551 260 5166
4047
4805 4047
4047
2736
4039
596
4806 2696
4047
4047
4016
2694 1579 4804 6189 596 5496 6801 1812 1579 596 1742 1579 1812 6189 3427 5708
1807 4806 591 669
4047
3645 4180 1507 2713 3427 2388
4030
5819 2326 4806
4029
1667 4046 381 5422 391 3978
4047
2812 1579
4029
4806
2924 2871
2904 2881
2587 2261 260 2587 2261
2883
4046
1812
2266 3356
3229 260 3227
3298 1642
4029
4805 1498
5692
4805 4806 4029
4806 1819 1819
4029
5495 5369 1654 6166 1507 2702 1649 3869 5877
4046 4804 1498
4804
5478 5504
4804
1498
2880 4030
4805
4047 3276
4031
4046
4804
5478
4029
6153 5494 5877 3821 5504 4123 3785 2490 5511 3814
4805
4003
2572 260 4429 2572 260 1733 4429
4029
4047 6217 5478 2904 6235 1688
1737
2009 2010 6803
3244 6803 6803
3978 2881 4806 4016
6801 2881 2736 6148 5844 5810 4804 6148 6809 2795 6810 4068 4805 5810 6801 2144
1498
3978 2881
4030
4046
5794 2886 6179 4804
4806
4030
4806
4805 2908
4804 6758 6759 6524
4806
4046
4046
4804
4805
260 4525
2881
4805
2270
4805
6801 2765 260 6818
4806 4804
4046
4016
4805
2409 2410 1717 3556 6804 2307
4029
3978 4805
4047
1736 260 2530 2425
4805
6092
4805
5516 3807 3189 1695 3195 3547 3551 3788
2713
4016
4046 6186
2893
4047
4047
4804
2306
4047
1715 2313 261 2578 260 2313 4586 6801 260 6801
4804
2595 3817
6802
4805
4003 4029
4047
4035
2715 3260 3784 3220 3817 4806 3794
4047
4046 1498 1729
4046
1717
1679 382 3426
4804 4046
261 1629 1695 1658 671 490 669 1810 1695 498 1629 261 490 1810 1695 261 261 1695 1629 1810 1629 1810 1695
4804
4047
4016
4047
4804 4046 4806 4805
2746 6804 1733
4805
4035
3780 3828 2812
2164 3551 1700 5478 2773
702 4805 3381 594
1579 703 1828 2736 1828 3254 3195 1828 1828 1579
2318 3203 3239
4806
1345
2881 4036 3327 1720
4046 4804
2881
2263 1685 6811
4047 4046 703 1626
4047 5499 1667
3229 2773 3978 1937 3238 6818
4036
4029
4029
4046 1498 1498
1737 4586 2608 6568
4033
4804 4046 4806 4805
6758
4805
2736 588
3784 5798 3459 1786 1087
6116
1498
4806
4804
5502
4005
4047
5782 3546 260 5125 2482 1507 2931 260 5794 5782
4007
2796 4525 3427 2796
4040
4040
2326
4806
