4016
4029
4016
4016
4016 2904
2883
1498 1498
4016 2883 4016 4016 4016
2904
4030 2904 4029
4030
2904 4016
1729
3305 6801 3186 3299 3298 2578 3189 6801 2156 5338 3197 2586 3298 2571 3195 3299 6801 3292 3305 3299 6801 3427 3292 2996 3292 6563 2578 3606 2384 3077 3197 3176
4029
1498 1498 1498 1498 1498 1498 1498
4016
671 488 594
4016
2904
2904
2904
2904
4029
4016
1498 4016 4191 1498
4036
4016 2904
4016
2904
4016 2883
4016
4029
2883
2904
1716 1754
1498 1498 1498 4053 6113 6118 6116 1498
4029
2904
2904 4030
3180
4016 4016
4035 4034
4191 3189 1498
3194 2261 1660
4030
1498 1498
2904
2904
4030
2904
3978
4016
2904 1498
4030
2904
2666 3978
2904
4016
4030 2882
4040 2883
4030
3979
368 1272 1269 1319 389 4030 1268
2904
3254
4040 2883
2883 4003
2904
2522 4181 3176 4180
6727
2904
1498
2883
2904
2883
1572 2904
4029
4016
4029
2904
4016
4016
1498
4016
2883
4003 4036
2587 4287 3001 4016 5798 6173 4284 2307 3603
4029
1498
4164 3182 3327
2482 2427 2402 4016 5635 4029
4016 2904
4029
6589
4016
4029
4029
4029
4016
4029
1507 4586 4202 3871 3180
4029
2904
2904
2883 4030
4156 3189 2575 3190
4030
3978 4029
2575 3226 2696
2904 1754 5820 3189 3188 1754 4157
4030
4029
2904
2904
4016 1498 1498 1498 1498 1498 1498
3262
4191 2883
1498
4016
4016
2904
4016
490 2883 671 4040
5395
4016 4029 4016 4030
4392 4366
1819 2584
2904
1498
2904
5344 5493 6153 1753
2904
4030 4016
2861 4388
2904
2904
2904
4035 4034
1819 703 676
2904
1729
2904
2904
5477
4016
1498
2883 4016
4030
4030
1498
4030
4030
2883
4040 5404 4016
4016
4029
2904
3327
4016
4053
1498
4029
3978 1498
4016 1815 2231 2764 1815 1815 1815 1729 3122 2084 1815 1815 1815 1815 1815
4016
2904
3305
4029
2904
2883
4016
2904
4030
4030
2904
4016
2904
2904 4030
3292 3107 2370 3208
2904 1695
4016
2904
5844 1662 2312 5505 3180 1498
1498
3978
2883
2904
676 1819 586 587 702 389 368 1276 1325
1498 2883
2904
4029
3189 4016 3190
4029
4016
4030
1782 384 1782 384
4029
1664 5403 5787
2904
4029
657 1812 702
1498 1498 6104 1498 5820 1498 1498 1498 3299
4030
1754 1754 2904
3426 1660 5403 5878
1498
3301
4016 4029
1498 1498 1498 1498 1498 1498
3242 3070 1713
4029
4191
