4005
4030
4030 2893
4029
4030
2882 4029
4030
4029 4030
4030 4016
4033
4005
3967
4036
4030
4016
4016
4030 2908
2893
4029
4029
3978 4016
4029
2904
2904
4029
2908
4029 4003
2893 3978
2893
4016
4040
4030
2893
2312
4029
4016
4029
4016
4029
4029
4029
5369 1724
4007
3427
4016
4030
4030
4036
4029 2136
4016
4016 4030
4016 1498
4029
4029
4029 2904
2904
2312 4016
4016
4035
2904 4016
4016 2904
4029
4030
4016
2893
4029
4029
4030 2908
4030
4029
2908
4016
4030 2904
5820 5819 5820 2509 2509 5819
4029
2908
4030
2845
4029
2885
4016
4016
4030 2908 2857
4029
2908
2994 5676 2994
3978
2904
4029 3196
2904
2904 4029
1498
4030
2904 2908 2893
4030
4016
4016 4016
4016
2904
4016
4029
4040 2904
4030
4030
4016 402
4030
4030
1782
4016 4029
4034
4034 4036
4016
4030 2893 3978
4029
4030 4016
2882 4030
2904
2904
4016
2908 3980
4030
4016
4034 4029
4030
4030
4029
4016 4029
4029
2126 2893
2904
4029
2904
2908
4030
1498
4016
4030
3427 3934 5810 3327 3934 3427 5810 3427 6768 3342 5521 3427 3342 5798
1754
6595
2893 5521
4030
4029
4016
4036
4029
402
4029
4029
4029
4030
3954
2306
3967
2908
2904
2908
4030 4016 4016
2904
2136 4016
2904
4029
2871
4029
2904
4030
2908 2860
2904
4030
4016
4029
4030 4034 4016
2904 4030
2908
4016
4029
4030 4029
4016
4029
4016 4029
4016
4030
4016
4029
4016
4029
4016
4030 4030
2893 4029
2904
4029
4016
4029
4030
6147 1664 6252 6189 2778 5696 2908 2838
4030
4016
4030
4029
4016
2908
2774 2774 4016
3978
4030 4016 4016 4016
4029
2904
4029
4030
4029
4033
4030
5521 4016
4030
2908
2904
4040
4029
2893
