5792 5794
5413 2394
3612
4097 4097
2614
378
3611
2614
2614
3618 6025
3611 2614
3067
3678
4752 2907 4858 3222 2064
2603
2614 3605
3598
3598 3612 3611
3611
3598
2614
2951 2468 5983 5146 2858 2416 1348 1348 1348 2964 2957 3756 2865 6032 2982 3747 2325 2958 2951 6042 4337 2855 2312 5470 5829 2694 2959 6041 5829 1348 2964 6032 2957 2957 2964 5923 2958 6041 5146 3747 2032 2951 5829 2866 2068 5470 2779 1978 2326 6041 4794 5825 2951 1622 2958 2957 2859 6041 2951 2957
3612
4046 3621
3611
3741 3612
3611
3618
4618 1355 4985 2925 3395 2849 5218 2921 2424 4629 2069
1493 3611
3598 3611
3612
3614
3611
1210 1222 1348
4933 4933 1496
2591
3621
3565
2904 2068 2064 2905
2614
3611
2330 1542 1945
3621
3617 3617
3598
3611
2614
3615
3598
3575
3612
3612
2603
3611
3598
5040
2614
5569 2618
2591
1768 5558 2424 3391
2023 3176 2426 2418 3391 2865 2064 4747 1576 1355 4801 2474 2177 2064 2131 2163 4858
3612
3612
2560
3611
2618
435 532 2029 2029 444 5167
4985 1976
3598 3612
2614
2064 3394 2090 5025 3406
5927 2464 4875 5419
3612
3611
2528 5157 6040 4449
3612
2614 1348
3611
3611
2289 3222 2994 5826 2326 5992
3412
3612
3612
3598
3598
2614 3598
5814 2555
5826 3067
2614
3611 3611
3611
3613
3618
3556
4875
974 633 835 979
2614
3598
2618 3612
3096 2924 3068
3612
2614
1541
3614
2240 4738
2603 3612
3611
5794 5792 2614
2614
2618
2581 2628
3618
3598 3615
3611
1348
3611
2618
5070 1419 3225 1563 5456 534 1655 3225 5157 4884 3225 1655
2618
3565 3741
2614
3611
3565
3612
1493
3612
1942 1962 5055 5098 230
1626
1639
5167 5166 5167 2256 2256 5166
3611 3611
2614
3598 3598 3598
5156 3598 3598 3598 5157 6004
3598 2614
3611
3611
3598
3598
2591 2591
3598
2020
2614
3587
3598
2509 3692 5025
3611
3621
3611 3598
3621 2591 3598
1935 1550 5989 3007
3612
3598
3611
3611
2591
2614
2614
2232
2614
2614 3611 3611
3613
2614
2417 1590 3171
3612
3612
3565
2614
1935
1590 2979 2642
3598
6032
3598
2614
2614
3598 3598
2611
3612
1348 2614
2618
3612
3598
3598
1611
2614
3598
3598
3611
3612
3612
3611
3612 3618
3617 2455 1550 3598
1494 1529 439
3565
3224 2982
3598 3598
2618
2614
3618
230 1992
5418 5419 230 5413
3598
2071 2325 2064 2325
2028 2923 5024
2614 3612 3598
2590
3611
3612
1646 5409
3598
3612 3617 3617 3612
2591 3612
3598 3611
5967
2591
3598 3598
2884 2326 3401 4858
3613
2436 4742 1576
2618 2618
3598
3612
2614
3612
3598
1348
2614
3598
5166
3598 3611
3612
3598
3741
3598 1348
3598
4660 4661 4671 2064 2438 2952
3611
2029
3598 2614
3616 3611
1606
2114
2591
3598
3598
2614
3612
3612
3612
3611
3611
1671 1637 1633 1649
2614
2614
1962
2595 2463
2064 5424 5415 5420
2184
3611
3598
3612 3612
2618 3612
3611 3587
3598 3621
1413 2069
2618 2614
378
3621
2064
3554
2614
230 5025 5826 5024 5424 5027
3611
2618
3559 2597
3612 3598 3598
1465 2243
3611 3598
2603
2614 3598
4212 3394
3611
3598 2603
3598 2618
3611
2416 3395
2065
3612
2614 3598
1419 534 1419 1419 528 534
4878
3566
2560 3612 2591 5579
3356 3013
3598 3621
3612
3612 3598 3612
1348
3611
3611
3611 3611
2020 2028
2614
2614
3612
3598
231 637 610 1532 603 1419 442 2474 2491
3598
3612
3612 3612
3741
3612
2084
4858 2232
2580
3622
3612
3611
3394 3395
3611
2045 3888
3598
2618
3598
3621
5883
3612
2591
1348
5157 2336
3622
2614
3598 2614 3598
2614 3598
3577
3612 3053
1568 2156
3388 4095 5979 3388 5979 4095
4881
3611
2618
2614
2455 4778 4858 2455
3612
5544 5157
3621
637 534 5157 524 1563 5157 5157 3617 5157 2949
3611
2323
2548 2550
5220 1622 2618 3612
2591
2614
4193 345 1611 3621
2614
1498
4811 352 2071 1920 6084
3611
1466 1655 637 1419 2918 2864
2590
2587
1348
6004
3611 4567 2611
3611
3612
3612
532 1466 526 534 5157
5793 5799 2426
3435 230 4268 4794 5464
3589
3611
3611
1585
1741
3355
