4046
4030
1812 5634 2306
4030
5358
3298 4191 6801 3305 5789 6810 3299 3298 2310 6801 3299 6803 3299 6801 3298 4191 6687 3237 6753 2310 5341 3327 5798 3092 6193 3327 2310 5690 3298 3292 3189 3299 6801 3327 3122 3299 5798 4181 3606 6563 2310 2310 3197 4865 6563 3191 1724 6687 6801 3327
5689
2512 5478 3782 5709 3188
2376
1498
4804
3258 1936 2311 2694 5663 5214 3813 2792 3264 3789 5666 3186 3263
4029 4036
5228 3788 2161 2608 3560 3603
4046
2904
4046
4806
593 671 669 497
3260 3263
2125
1579 1782 384
2904
4805
4030 6527 424 6754 1088
2904
1345 4705
4804
4029
2155
2904
3427 2904
4029
4029
4030
4030
2838
1498
4030
3985
4421 3559 3260 3813 6251 5696 6149 2608 2173 3603 1715 3813
1729 2904 6235 1729
590 1812
4804
4029 4003
2509 3334 5819 3331 5816
4041 2904
4029
4040
3191 3190 3381 5342 2313 4046
6802
4029
3978
4046
2881
3978
4804
4804 2326 3190 5209 1694 2326 1694 5209 3190
591 2736
4029
4046
4029
4805
4046 3764
4029
4163 1507 2228 4164 396 3459 5696 5354 5697
1667 4030
4030 4806 4016
2790
4030
4016
4016
1655 260 260 1655
4804
4030
3411
2904
4806
3427 5810 2584 6522
4029 4046
2908
4029
4016
4046
6740 6738 6525
4046
4046
3851 3817
4806
5432
4806 2881
440 1695
4029
4514 4046
6687 3783 2261 3199 2694 1660 2736
5478 5222 1778 1928 2530 4806
3800 4118 6687 4793 2589 3782
2904
4806
4029
3789 2189 3219 2306 1507
6734
6559 5663 5620 6213 5665 260 5614 6559 260 6213 6104 260 5620 6559 260 6230 5665 5620 5663
4030
6504
4804
2904 3327 1638 379
2904 3229 1579 3229
2904
4805
1716 1777 3328 2403
2904
4805 3338 4267
4806
596
4046
4029
4030
4030
4878 676 1805 1963 650 4092 5223 591 1810 4469
5819 6559 3260 3220 2699
4805
1695 2281 1579 495 4029 703 2584 3293 4030 2595
6527 6509
663 1821 692
4806 4804 6682 5708 5453 6212 2409 5782 4805 1696
4030
4016
4029
2269 2261 2904 2269 4030
3033 2798 3062 4046
4029
1498 2904
2310 2704
699 6249
2241 2307 6531 345
4804 2904
4016
2904 3514 5754 5306 2277 1819
3974
5533
2578 6138 5810
596 671 1805
402
2893
2736 4007
3327
7189
3203 3256 2702 3256 1626 703 1828 1626 1579 703 1579 593
2904
2588 2482 260 2405
6746 6522 6742
2904
4029
4029 4804
4030
5798 2193 2313
2746 2766 2160 3427 4875 3035 2170 3342
3801 5404 1731 3807
4031
3781 2577 4322 5048 5622 3194 3229
2908
6801 3426
4030
2880 2845
