5166
5167
5166 4873 4881 3591
5166
5166 3598
5167 3611
3558 2618
1413 525 605
2614
2614 5167
5166
3611 5166 3598
3621
3587
5166
3612 2618
5166
4858 5510
3612 2070 5167 3611
3589 2155 3552 2591 3598 5167
3612
3612
1901
5166
1926 5415 5414 5425
5167
2614 5167
3621
6017
3612
5167
2590
5167
2618
3611 5166 2614
5166
2614 5166
5166
5166
3611
3611
3598 2201 5166
5167
5166
5166
3587
5166
5167 5510 1500
2978 5166 3598
5166
599 1413
2065 4890
1939 3598 2065 2618
3598
3612
3613
3612
5510 4858 5166
5166
5166 1911 3598
2618
5166
6032 2158
5166 2156
5166 6032
5167
5167
3384 3384
2591 2593 5166
3612
2587 5167
5166
5166
5166
5166
3613
5167
2618 3565 2632
1542 1489 1543
1585 5491
5166 3598
3611
3589 3612
5167
5146 5510
5167 2614 3598 2234 2177
2234 5166
2417 2155 1550 1741 2927 5070
1209
5166 1530 1639
5086
4858 1549
5166
4881 5166 2190
3612
3598
2155 5166 2455
5167 437 1568
3611
5492 2222
3598
3598 5166
2071
3612 3612 3598 3612 5166 4875 2155 3612
5166
3612 3612
3622
3428 2892
2591 2918 3170 5001 2030
3615 3201
2579
5166 3611
3611
5167 3611
3611 4794 3611 5167 2618
3614
5167
3565
3598
3611
2436 2070 5974 3427
2211 1500 5166 2071
5167
5166
3598 3621
5166 4881 1500 5510
3598 5167
5167 3598
4887
3612
5166
4251 2158
3612 3598 5166 3598
5166 3611
3598
3412 3698 2455
5166
3589
3612
2614
5167
5167
3612
5510 5167 2455
2548 2618 2608
5826
3611
5167
3611
3615
5166 2614
3611
1497 2082 4910
3612
3598
5167
3394 5166 5001 4875 2455
3598 5167
3611
3613 3601
3611
3612 3611 5167
5167 2614
5167 3611 2155 3598
3612
5167
2455 5143 5146
2158
5166
378 984 378
5166
2070 1419
5167
5166 2131
5166
5166
4794 5167 5220 5167
2064 3435 3393
5166 5825 3598
3611 3611
5167
5167
3598
6034 4875 5167
5166 2614
5166
2603
3611
5167
5166 3612
3612 5167 4443
3598
3611
5167
5167
5167
5166
3565
5167 2177 2234
1587 5166
4988
3612
3598 4875 5166 5157
2029 5929 3395 1956
3611 5166
3612
5166
3612 5167
3622
5167
5146 2679 3277
4950
1507
5166
2614 3611
2618
3611
5166
2077 4890 2919 2326 2978 1355 2919 2077 5055 5055 1976 1355 2919 2455 2077
5166 3611
5167
3611
5166
2070
5167
2618 3598
3598 5166 5510 1500
5166
3598 3598
3611
2591
5167
2885 3068 5220 2892
5166 2158
3611
3612
2618
5167 3612 2616
2979 2894
3612
5166
3598 5166
5167
2614
5167
2455 2599 3598
5167
2614
5166
5167
5166
5166
3611 5166
5166
5166
5510 2070 5166
5166
5166
2489 2071 5558 5501 5070 5489
3612
1915
3557
2858 5826 3398 1355 1976
3621
1960 3467 5886 2952
3611
6032 5167 2455
5166 3612
5007 5166 5007
3068 5166 1630
1903 3565
5166
5167
5167 2455
5166
5166
2614 5166 3201
5166
2071 2178
5000 3885 1767 5464 4857
524 5167 3598 1666
3612
5166 3621
5166
5166 3611
3693 3390 3692
4793 2070 2528 5072
3598 3598 5166 5167 3598 3598
3459 3479 3693 2434 2920 2591 3419 2344 5167 3452 1944
5167
5167 2158
5166
3612
3612
3755 2958
3612
3611
4983 4740 5219 5189 5834 5025 3612
4875
5166
3598
2071 5166
3611
5166
5166 2614
3598 5167
2618
2071
3611
5167
5166
3598
5167
4873 5166 2196
5166
5166
5166 5167
3598 3618 5166
5166
5166
5166 5510 5220
5166
2350 2398
2028 2596 2618 2593 5166
2614 2070 3611
3611 3565
5167 4875 1500 2614
2070 5510 5167
5166
5166
5960
1567 5167 1355 2860 2323
5510 5167 2070
5166
5167
2591
3413 4274
5167
2177 5166 2455
4873 4875 5166 5166
3613
5166
3611
5166
3613
2614
3565
2618 2028 4009
5166
3617 3617 3617 3617
3598 5166
3598 5167
5167
3598
5166
2614
1646 1530
584 1639
3612
3612
5932 5157
5166
5167 3598
3598
3616 5166 2614
3612
5166 5143
3612
2614 3598 5166
5167
2424 1478 2455
5167
2591 1888
5166
2865 5166 4045 2979 2864 5825
2618
5166
5166 5167
3612
2614
5166 3611
3598
5070 2082 5166 1965 1355
5167 2614
5167 2614
2614 3612
2071 1568 5065
3612 4875 5166
3741
6103
3598
3468 5166
3611
3598 3598 3598 3598
3612
5166
5166
1348
3611
3621
3565 3598 1940 5166 2455
5166 605 1025 583 2065
3613 5167
5166
5166 1348
5167
3388 2028
3611 2614 3611
3612
2416 5510 2864 3067
2614 3612
3598 3598 3598 5167
3598 5166
3067 3266 3267 2071
5166
5166
3565
4278 1489
2603
3612 1639 1469 626
5166
3374 1582 3067 1516
3611
5166
3565
5166
5166
5167 2618 3612 5809
6052 2864
5143
3617
3611
5166
5166
5166
3612
2483 5166 3612
5166 2608
1637 524
3858 3861
5166 4858 4875
5166
5166
1610 6004
5167
2614
5167
5977 5793 1613 2614 3391 5074
5166 2455 5510 2603 5166
1648 1530 2071
5167 2614
3571 2618
3615
5166
5166 2192 3598 5507
5166 4097
5167
2455
5167
3564 2591 3579
2234 5167 4875
977 906 1216
3611
5166
3612
5166
5167
5470 4881 1500
5166
3615
3591 5166
2416 3391 2455 5068
1976 3390 5025
378 1207 5166 1920 4253
2614 5167
5166
4873 4875
3611 5166 3598
5166
3053
3611 5167
4875 5157 5166
5166 3611
3612
5167
4873 2614 5510 3598
3612
5166 3598
5166
5166
4881 2155 4858
4873 5166
3611
3611
5166
5167 2614
3598
4278 3411
3612
3598
3598
6032 5166 3612
5166
5166
5167
3436 2904 1548 4635
4717 4717
3611
5167
5166 2614
2614
3612 3612 3612
4875 5166
2614
3612
1530 3068
5167 2155 2234
2455 5166 4875
3612
2614 5166
5167
3598 5166 3612 2618
5166
5143 5166
3412 3423
2593
3598 3598
2455 5166
2591 5167 3565 3612
6035 6042 6042 6035 1635 6035 6042
3612 2614
4046
2591 3598
4633 6032 2025 2155 3245
5167 5167 5167 339 1140 2476
5166 5167
3611
2109
5166 5220 2199
5166 5166
3589
5167
5166
3621
5167 2593 3598
3598
5166
3612 6032 5167
5554 5498
5166
5166
5166
3590
1940 5167 2234
3598 5510
3612
5166
5146 3157 3172
5166
5220 4794 5166
2590 5166
1902
3612 5439
3611
2158 5826 2232
1478 1480 5166
5166
3611
2590
5167
5167
2614 2618 3598
3598
5167
915 1023
5166
5167 5825
3621
3612
5167
5166 3598
4835
1355 5056 2314 3422 5826 2868 2436 5992 1742 3405 2905
5166 2618
5167
3565 3598
1348 382 5146 1348
6041
5167
4785
3611 5166
3622
3598 5166 3611 3598 3598 3598
5166
3613
2614
5167
5166 3612
5167
3612
5166
3612 5167
2905 5024 2919
5167
5167
5492 4821 2437 5167 4835 3612
2845 2849 2023 5460 5008 2418 2424 1944 3419 3395 2855 2994
4299 5166
5220 2614
3598 4875 1500
1567 2070 4976 5024 345 1611 4268
3598
2614 3598
2614
3611
4278 3598
3618 3617
2455 5932
3598 3598
5166 3598
4881 5166
5167
3598
3284 3173 2927
5166
3611
5166
3598
5166
3565
3068
3741
3615
5166
3598 2150 3598 3598
2614
3611
5166
5510 2070 3598
5167
3611
5167 983
6032
3611 2614
3612
5166 4873 3591
5166
6033 2417 2028 1355
3611 3611
3615
5166
766 378 231 378
6004
5167
5167 3598
3614
3611
5166
4875 2070 5167
3611
5166
2455 1576 1500 230 5527 5219
5166
3612
5167
3612 5167
5166
3612
2614 5166
2509
3598
2128
3621
5166 3612
5166 5143 4875
3565
5167 3612
5166 5143
5510 5166 5161
3598 4858 5510
3598 2614 5167
5166 2614
6032 4873
5166
3611 5166
3598 2614
5166
5166
3615
3612
5167
2865 5007
2317 1496 5166
4391
3611
3598
3611
2591 3611
3612
3598
2389 4036 3189 3068 4986 5167 2069
3598 5167
2614
2455
5166
5167 3598
1939 2065 5167
4350 230 5539
5166
5167 3611
3598 5166
5166
5167
2618
5166
5166
3565
1992 3452 1568 1211
2855
5166 2437 2193
3611
2618 3621
3598 5167
3598
3598
1355 3393 3891 5501 2979 2418
6041
3741
3598
3612 3612 5167
5167
1940 4794
5166
3598
3612 5167
3612
5166 5166
3617 3616 3617
984 984
1902
5167
3598 5167
2437 4794 4890 5167
3611 3611
3614
5166
3598 5167
3621
5166
2155 2239
4875 5166
532 600 626 442 608 5166
5167
5167
2158 5167 2424
2614
5166
5166
4623 5146 3598 2858 5071 5166
5166
2317 4741 4009 5188 5007 2512
5167
2614
3598
1585 1550
5416 437 5418
2782
2065
3598
5167
5166 3598
5167
5167
3611 3611 5166
3612
3613
3612
1222
3612 5167
5166
5166
1413 603 1639
5166
2614 2455
3611 3611
5166
5166 2614 3565
4875 5166 3598 5436 2587 4805
3611
3611
5167
3618
3598 5167
5167
5166
3598 5166
5166
3612
5167
3614
5167
1413 1637 597 1639 1635 2331 2032
2614
3611
3565 3617
5166 5166
5166 3621 3598 3598 3598 2512 3488 1955 3401 4882 2076 3400
5166
5166
3598
1768 526 5072 5055
5166
2614 3598
3616
5166
4875
5167
3611
4874 1567 4738
5167 3598
3598
5166 3611
5166
3611
5166
3611
5167 2394
5166
5166
5167
3589
5166 2155
3615
5166
2070 5510 5167
5166 2155
637 532 1469 598 605 637 1652 599 442
5166
3621
1223 5071 5070
5166 4858
3427 2860 5157
5166 5166
4883 4765 1993
5167
2156 4875 5167
5995 1645 3068 5829 1530
2614
5166
5167 3598 3598 3598
5166
3612
5166
608 626 532
2325
5440 2455 2562
5166 2618
5166
3068 2321
2614 1989 5167 1492 1992
5167
2614
3598
3612
5166 2070 2614
2859 2455
5167 2614
3598 3621 5166 3621
5167
2614
3611 5167
3598 2614 5167
2591
2591 3615
3598
2076 3612
5219 2488
5166
2455 5167 2434 3612
3598
2859 2065 3598 5427 4882 2614
5167
5166
5166
3612
5166
5166 2455
5166
2028 3989 4893
4890
5167
5166
5166
5166
5166 2455 2865 2982 4871 2232 2418
5432 5166 4875
5166 1666 605
5166 3598
3615
1489 1601
5166 2455 3558 4881
5143 5167
3068
3598 1348
3611 5167
2325 5167 2029 3598 5867
3612
2618
5167
5166 5167
2618
4875 5166 6032
2603 3615 1768 1511 2455 2315
5167
3612
3598
3611
3611
5166
5166
3612 2614
5167
2155
5166
5166
3613
3598
5166 2114
2155 2455
5167
5166 4875
5167
4881 5166 4859
2571 2587 5166 3598 1901 2587 3621 2570
3612
2614 3598 5167
5167
3621
2614 3612
5166
2860 2318 2222 3689
5166
5792
5167
5167
3612
1413 2916 2321 5166 1413 1626 1742 2916
5166
2324 2323
5166
3613
5166 4875 3598
3612
2603
5166
5166 5166
5166
3838 2326 2464
3612 5167
230 2651 4872
1500
5166
5166
5510 2455
1419 1530
5166
5166
5167 5909
5166
3612
5166
2614 3598 5166 3598 3598
2894 230 5825 2313
2166 5166 2204
2614 3611 3611
5167
3555
3598 5166
5166
3611
4046
5166
5166
5166
4875 5166
5167
5167
5166 2153 5157
3618
5166 5166
3611
5166 5167 3611
1576 5166 4875
3591
3612
2591 5167 3598
4820
5166 3611
3615
2614 5166
3419 2273 3395 2071
2614
2158 2218 5166
3598
5167 5510 2927 3435 3698 5834 1355 2064
5166
5167
5167 5510 5143
5776 3615
5166
2614
3598 5166
3612
3598 5166 3612
5166
4985
5167
2859 5025 3386
5166
2905 3411 2071 1960
4875 5166
5166
5167
3411 6035 2331 1355
3611
1926
1419 1646 610
2614
5166
1639 437 603 5166 5793
5167 2558 2614 1903
2591 3598
3013
5167
5166 3612 3598
2065 5510
5166
5166
5166 2070
5166
3612
5167
5167 3612 2614
3612
2567 2555
5166
3611
2455 4875 5166 3598
5510 5166 3598
5161
1873 2618
3067 5167 4759
3611
3611
5167
5166 5166
5166
5167
3621
2916 1496 2864
3565
3611 5167
5166
5167
3598
3541 5167
5167
5166
5166
5166
2155 4858 3598
2614
2858 5186 3419 4858 2978 2883 1939 3224 5930 3394 5055 2474
5167
5167
3565
4873 2204
3598
3587 3598 1622 5166
5166 1500 2455
2455 5167
3598 5166
2618
5510 5167 2155
2436 3068 3385 2860
5167
5166 3598
3923
3612
3598 1873 2064
5510 3598 5167
4858 1940
3611
5166
5166 1956 3172 5218 3390 3506
1581 1576
5166 2614
2591 1551
2593
5166
5166
5167
2155 3598 5166
3565
2065 5166 4875
5166
3611
1466 1466 1646
5166
5166 3612
5167
5167
5166
6032 5167 2155
3614
2455 4875 5166
5167 2155 5146
3598
3612
4875 5166
2612
3598 5167
2313
5166
231 633 1492 230 2892 2904 1355 4988 3697 378 1210 231 1210 1222 231 1222 231
5514 1488
5166
5167 3565
5167
5166
4880 5166 230
5166
608 636 534 5167
3612 5167
3437 3074
3598 5166
2614
5166
3612
3622
3598 2614 5166 3598
5166
3621
5166
5166 2614
5166
5166 4875
5167
4858 2849 6053 4988 2421 2326 2760 6025
3598
3611
3598
2614 2591 3598 5166
5166
3598
1480 2916 3411 1355 3067
3611
5166
5167
5166 4875
5167
3611 5166
378 1217 1215 984 378
3612
1868 3565
3598 5167 2614
5166
5167
2090 5527 5167
5221
5166 2064
2155 2070
3171 4839 2892 2455
2071 2509 5167
3559
5166 2581
3598 3558
5166
5166
5166 2618
2618
5834 3176 5829 3428 230
5166
4875 5166
583 2436
5166
3598 5166
3612
5778 5522 2071
5504
5167
5166
3611
2614 2591 5071 1223 5167
5167
5166 3613
5167 3612 3598
3888 5218 5166 5218
3598 3611
3612
4046 1914 2569 2571 2613 2611
2618 5167
3611
5167
4881 2455 5166 3598
5167 3598 2614
5166
5166
2603 3611
2065 5071 5167
5166
3612
2455 2614 5167 1551
5166
5167
5167
5510 2065
1419 1530 637
5167 2904 5057 3173 4070 2455
5166
5166
5166
3621 3612 3612
4895 2859 5167 3598 6034 3437
4881
3612 2455 5510 2614
5167 2560 2562
2025 5825 2023
3565
3068 230 3170 5569
5167
5167
2455 5167
3614
2591
2071
3614
3613
5166
2591 1603 3598 1603 4781 2575
5166 2603
3565 5166
3611
3598
2071 1576 5166 4794 3291 1355 3277 1511 5529
4875 5157 1480 2004 5166 2356 3976 2004 3598 1480
5167 1477 3598 2611 3068
3565
4890
5166
5932 5161 5166 5157 3880
5167
5166 4858 5221
1639 2455
3612
5166
3618
5792 2548
5166 2156 5220
4873 2204
5166
4875 3612 5157
2591
3611
5166 5166
2155 5166
3611
5166 4875
5167 3612
1939 4881 5166
3612 3598 5166
6032 4873 5166
4861 3598 4875
3611 3598 5166
5167
5166 3971
2436 5166 3598 2434 5167
2618 5167 4874 3565 6032 2155
5166
3598
5166 3598
3611
2603
2591 5167
5161 5510
3613
3612 5167 3598
3621
2316
5166
5166
2614 5166
2070
3611
3598
2614 3611
5038 5038 5166
2615
230 2744
4875 2455 3598 5166
3598 5167
3617 3611
3621
5166
3612 2990 4046 2569 2591 3621 3612
5166
3559
3565
3611
230 5558 2491 1216 231 5157 230 4794 2491 5569
5166
5167
5166
2434 2438 5880 2323
3611
3611
5166
3589
3612
3612 3612
5166
5166
3587
2569
5166
2614 5166
3611
5166
3388 2916 2865 2918
5167
5166
5166
2614 3612
5167 3615
4873 5167 1500
5166
5167 2614 3611
3612
5166
5166
5166 3598 2614
5166 1563
3613
5167
5166 3612
5166
5167 3598
3612
5167
3611
2591
5167
5166 4875
3611
3598
2919 2396 2028 4070 2969 3412 3693 1767 4857 3432
4875 2618 5157
3598
5167
5166
5166
3612
5166
2608
5167
5166
3885 3068
3067
5166
2555 5813 5816
5166
5166
5510 3598
5166
5166
2201 3598 5167 2234 3598
2070 5510
4761 5143 2314 5166 2222
5166 2614
5166
2177 5166 2234 3612
5166
2591
5166
5166
3598 5167
3621 5166
5166
5167
3598 5167
5166 6032 4875
2614
3612
2591 5166
3612 5166
5508 3394 2455 3395
3613
1509
3621 2618
3612
5166 3598
3611
5167
5167
3598 3598
5166
4881 5166 2170
5166
2455 5166
5167
3611 2614
3611 3598
5166
3612
5167 3598
5166 4875
3370
3067 5025
5166
5167 2163 2156
2238
3612 5167
3611
5167
5166
3621
2614 5166
5166
3612
3598 3598
2455 5166 3612 5167 3598
5167 3611 3598
5166 3611
5166
3612 3612 3621
2995 5167 3598 4858 2960 2857
5167
5166
5166 5167
2616 3611
5146
3612
5166
5167
5166 3598
231 1227
3611
3561
2618 3598 5166
3611 3611
5166
3612
3235
2591
5167 2455 2614 5510
5166 3598
5166
3611
3598 3598
5166
5167
3598 5166
5166 5166 3067
4821 2559
3598
5167
5166
3611
2618
2614 5167
3419 3007 3394
5166
5166 4875 2618
4875 5166
3611
5166
5167
3598
3598
3612
5166 1227 1325
2593
6034
3621 3598
5167
3611
3611
5166
5166
6032 5167 2234
5166
5167
4875 5166
3611
230 1329
3617
3225 3282 230 3283 5218 230 3405 230 3277 2864 3405 230
1530 532 591 583 1530 444
230 1508 3970
3611
5166
3614
5166
3611
1962 230 1543 1492 1741 2071 230 1492 5220 1543 1741
5166 4875 5166
3598
5167 3598 3611
3612
1493
3612
5167
3598
3598 5166
2614
3618 5166 3598 3618
2618
5166
5166
2957 6052
3612 3756 2036 2879
2614 5167
5167
5167
3469 230 3469 2071 3402 1355 230 2683 230 3413
3612
3611
6032 5166
4858
5166 3611
5166 3598
3611
5166
3612
5166
5167
3598 3621
5166
3614
3598 5166 3390 5146 4887
5166
5166
3598
4878
5167
3621 2593
4635
5038 2064 230 2178
3340 3335 2560 2591 1906 3598
5056 3577 2177
3613
5510 5166
5166
361
5167
3590
3611
2489 5033
5167
5166
3735 2318 2850 5039
5167
3622 5167
5166 2455 5166
5166
2596 2618 3612
5166
3598 3598
3611 3598
3611
3612
3598 3558
1873 2548 5166 3598
5166 5166
5167
3618
1348 5166
3612
1465 5167 2590
4859 5166
3222 1355 4910 5932 4875 3067 4895 5510 2046 2864
2455 2070 5167 3598
5167 2614
5166 2614
5166 3615
2628
4875 5166
2562
5166
5167 3598
5167
5166
1413 1652 534 5166 1927 599 1639 636
5166 3598
5167
2455 2155 5167 1587 2591 1600 5167 2611 2613 1587 2028
5166
2431 2434 5166
5166
5167 3611
3620 3618
2614 5166
5166
3598 3598
3598
1419 1530
4875 5166
3611
3598 5167
2618
5166
2204 2168
3598
3615 1873
5166
5166 3612
5166
5167
3598
2863 2495
5167 4794 2155
5166
2618
3611
3598
2579 2581
5166
3172 230 3413 230 4910 3172 5056
3611 3612
3581 2612
2894 5166 2025
3598
3611
636 3068 1634 1666 442 526 1646 606 594 230 1469 1652 1025 526 1025 626 1413
3612 3612
5167
5166
1576 5219 230 2510
6032 5167
5166
5167
5166
3611
5167
5166
2591
5167
5166
2614 5166 532
3611
2614 5167
4875 5166
3598
3621
2614 3598 3615
5166 3598
3612
2865 4866 1520
534 608 445
2596
5167
3612
4873 5166 1516
231 1222
3598 5167
5166
5166
1652 435 2277 2240 230 2273 2071 1666 230
5166
5166 1530 1635
5166
5166
2476 1932
5166
2614
5510 5166 1551
3612
3067
5166
5166 4875 5157
2614
3598 4875 5166
5166 4873
5166
5166 3598
3611 2614
3611 3598
3601
5166
5167 3613
4875 5157 5166
3613
5166
3616 3618
5166
5166
3612
5166
5167
5143 2076
3613
230 1940 1932 5510 230 2490 5510 1940 230 6051 1940 5510 1932 5569 230 3854 5507 5098 230 5510 230 3876 4132 2495 1932 5527 230 2507 5071 1223 230
5166
5166
2222 5167 2158
4875 5166
5166 605 402 445 3621 605 437 5167
5166
5166 3621
5166
5167 3612
3598 5166
3598
5166
5166 2155
5166
5166
6032 4881 5166
5167
5166
5166 4875 4875
5166
5455
3621
5825 5167 3598 3598 2614
5166 2234 2201
3598 3612 3565
3611
3612
3565
5166 2193 2192
3598 3598 3598
5167
2614
2603
5166
2603
2614 5166
2455 5166 5166
5166
3612
5166
5166
5167
5424 4857 5181
3611
5166
5167
2548
5166
3565
3611
5167
5167 4875 5167 3598
5166
3612
5166 4875 5157
2997 2481 3068 2705 3737 2997 3737 2904 2705 3068 2314 4884 2997 3068 3598 3524
4859 5166
5166
4858 3611 5166
5166
2616 2618
230 5534 230
5166
2603 3741
5166
5167
5507 2234
4097
5166
4268 1975 2330
2192 2455 3067
437 444 6032 402 3622 5166 524 437 526 444
5167 2324
2238 3402
4873 5167 2428
2614
5166 3598
3611
2892 4857
1746 2070 2618
5167
2618
3612 3598 3612
3611
2431 2455
230 3105 1626 3402
5167 3612 2455 2440
5166
2567 2555 3612 2163 2575
5166
2455 5166
2071 4794 5157
3605
5167
5166 5166 2437 4268
3622 5167 2618
3565 2591
3612
3612
5167 3612 5166 3598
2071
5166
5191
2614
5166 4875 3591 5157
3612
2155
5166
5166
598 230 230 3870 4795 3180 2065 230 2434 3870
2323
5167
5166
5167
3391 3435 3734 2020 2614 5932 230
5166
5166
3598 2618 3611 2614
5167
3611
3611 3611
3621
3612 5166
2618
2240 4890 230
2431 230 3693 2455 2424 2440 2314 230 2455 2434 2436 2859 2455 4858 3435 2314 4070 230
2614 5167 3611
2614 3598
2614
5167
5143
5166 2153 4881
5166
2177
2683 6053 5167 3883 230 6051 230 6048 2313 3746 5529 4545 4747 2683 2090 2683 2077 1221 6048 2495 1355 230 4620 5056 5829 5834 5167 5166 2324 4870 1583 1558 4911 230 5532 2868 3177 3870 3176 230 5529 2495 2476
2550 2593
3611
3598
2321 2351
5796 5189 3394 2902 5979 3598 2025 2330 3765 4516 5772 3157 1355 2885
5166
379 1070
5167
4046 3621 4046 6034 4988 1590 4877 2070 4046 5166
2593
2603
3427 2316 230 2064
2591 3611
3598 5166 3598
3618
5166
3412 1348
5166
4873 5166 4795 5055 2234 3507 2886 3180
2180 532 2512
2603 3598
2618
2218
3886 2854
5166
5166
3885
605 438 1639
3587 3611
1023 984 983 1217 915
2318 2222 2234 2757
1901 2618
5166 2614
3612
3612
2860 3387 2455
5166 2614
3612
2238 5460
3611
2591
3566
2618
3598 3621
2156
3621
3611
3611
5166
2590
3612
5994
3611
637
3611
1590 2313 1592 1591
3611
5167
5167
3565
361
3611
3886 1518 4892
3611
5166 1496
3611
4875 5166
5166
3612
5167
3612
3611
2618 2571 2612 3621 2613
3611
5167
5167
3611 5166
3598 5167
5167 1925 2071
2040
5166
5167
5166
230 230 632 906 977 1023
3612
3611
3612
3617 1500
3611
3612
5166
3462
2614 3612
5166
5166
5167 3611
2393 3242 3269 5098 3243 3182 3262 1355 3182 5880 3242 1355 230 4635
5166
3611
5167
5166
3614
2418 2069 2885 1492
5538 1586
3614
3611
6033
2316 5166 5038 2908
5166
5166
2426 2902 2329 3268
5166 3565 3565
5167
5167
3621
3067 2070
5167 2614
5167 3612 5167
2314 3287 6034 230 1615
447 1530 591 230 526
2071 5166
3611
5166
5166 1337 4875
5167 2614
230 2490 5143 4976 230 1478 230 2644 230 1740 4976 4875 3435 230 2644 2234 4866 5143 3068 2845 230 3435
2892 3394 2890 4858 5167 3407 1355 4071 3459 3419 3442 3394
2475 1497 2482 6052
5416 230 1078 230
5166
4195
5167
3234
5166
1510 1499 6032 2025 5424
5167
5146 5482 3598
3611
6032 6032 5167
3613 5167
5167 3598
2670 2954 5166
5167
5166
2587
3612
5167
5146
3598 3598
5510 5167
3157 5519 230 5880 1419 435 1025 5143 2323 230
3611
5166
5001 2904 1548
3622
3612
3612
5166
5166
5166
3617
3611
5834 5834 5166 5166 5834 2232 5834
5166
5166 4858
3565
6043 2864 5154 378
1348
3611
5167
3613
3614
2550 3331 2551
3434 3245 3277 3246 2868 2431 2474
2672
5166
2455 6032 3565 5166
3618
2234 4875
3598
5166 3598 3598
2859 6080 2858
5166
4988 4857 2083 2028
2070 2155
5166 2614 532
4747 2858 3391 3394 2431 4858 2064 3282 3420 2314 2510
2982
5166
5166
5167
5167 3611 3598
5166
3598 3621
5166
5166
5166
3612 5166
3598
3598
2614
5166
5167
3611 3587
5825
5167
5167
5166
3068
4858 2614 1939
5166
3394 5166 2860 3176
6035 5932
3611 2614 5166
5166
5166
5166 2163 2236 2239 2239
5164
5167
5166
5166
3611
3617
3598
5166
3565
5460 5056 4986 4622 2329 5510
2614
5167 2199 2156
3621 5167
5167
5166
906 378 975
3612
3612
3612
2954 1858 3180 3225
2156 3598 5167
626 1639 603
2591
1530 3106 5167
2868 3466
5167
5167
3615
5167
3565
5167 5167 3612 1939 4875 3598
5166 3611
2590
5166
5167
3598 1940 1551
5166
2997 2851 2064 1767
3598 5166
2691 2574 5505 2648 2559 2739 2673 5566 2265 2578 2691
3598 3612 5510 5166
5167
5166
1543
5167
231 1216 378 975 230 4016 4013
1530 1419
2510 230 230 2510 3464
5166
5167
5167
5167
5166
5166
2065
5007 5218 230
2979 3158 5489 230 2895 230 4866 2507 230 2919 230 1355 230 4545 2969 2323 1932 5041 5510 230
5167 2612 3621
5166 4875
5465 3648
3611
3598
3613
3598
5166
3560
5166
2766 5166 6035 2994
2070
4099
2071 5167 3612 3612 3612
5166 4875 5157
3612
3590 1493
3402 3007
3611 3611 3611 3611 3611
4278 3390 2070 3399 2071
5166
5166
5166 3612
5066 5167 2288
3612
1903
5166 4875 2455
5166 2618
5167
5167
3464 5552 2463 3598 2916
5167 3612
5166
5166
3612 3616 3611 3620
5166 5157 5883 4762
3589 2065
3611
5166
5166 6032 4875 2614
5166
3613
6032 5166
4629 2916 2070
3612
3611 3598
3598
3005 5166
5166
5166 4875
5166
5166
5793 4801
5166
1548 1465
3598 5167
5001 5143 4070
3598 5167
610 1419 1530 1532
5166
3598 3611
4013
5167 3612
5167 3598
4875 5166
3598
5166 2614 3565 3598
3612 1503 4884
3571
1152 330 350 1196 1664 1158
3612
5166
3613
5166
2614
4894
3565
524 442 5156 5166 5510 601 2614
3621 3598
5166
3612
2455
2437
5166
5166
3611
5167
5167
3587
6032 3390 3067
4187
3611
3615
6032 5167 3598
3612
5167
5166
2849 5167 1639 1466 2868
5166
2071 3612 3611 5166
3616 3613
3611
3598 5166
2437 5167 2440
2614 5166
5166 2204 4875
5166
5167
5166
5167 3589 3612
2614
5166 3598
5167
5166
3612
6052 4794 2591 2036 5219
5167
3402 230 3180 5143 3180 230 1932
5166
3611
5166
3598
5167
5167
3611
2161 2158 5166
5166
230 5038 2907
3612
5053
3618 3617 6032
3589
1646 1348 1646
3615
5166 1862
5166 3598 1551 3598 2192
6032 5510
3067 1496 5220
5166 2065 3598
2591
2614 1939 230 5005 2040
2618 5166
5166 4881
3611
5167 2618
2076 1516 5825 230 1355
5167 3598
2317 1355 5143 2526 230 3189 4045 230 4837 378 3189 2526 2524 2526 230 5143 2317 1227 2524 378 230 2526 5143 2317 1355 4045 3189 2431 230 5143 2526 2317
3611
5007 1920 6043 5007 6035
5167
5166
5166
3611
3598 5166
5146
5166
1413 1646 599
1639 3574 2591 5166 2614 606 1530
3598 5166
231 378
2614 5166
3613
5167
3612
2916 2416 1509
5166
2596
3746
4883 2618 5166 4858
5166
3621
5166
2603 1542 3622 1537
5167 4793 4870 4870 4793 4793
609 435 1530 230
5166
5166
3611
3611
5166 5167
5166
3598
5166 2614
3384
3564
5166 2614
2065
2455 5166
4781 2618
2071 4070 5024 2885 3565
5432
5167
357 2071
3598 5166
1963 1646 5167
5167
3612
5166
3612
3565 1652 2455 534 435
3611
2591
3598
3612
4894 230 230 2474 2313 3395
5146
3598
2065 2854 2886 2314 3391 2416 3267 3734 4038
2284 3611 3226 2092 3976 2239 2104 5143 3691 5028 2783 2313
3616 2613 3620 3618 1606
2618
6041 5458 6035 2908
2603
3612
5510 3598 5166 5932
3598
3693 3412 2751
5167
4980 5167 529
5167 5167 3611 2614
5167 3565
5167 3614
4794 2455
2618
2070 2155
5166
3621 2071 2155
3076 5528
5166 3598
5157
3891
2369
983 1216 231 1216 378 3435 3403 2077 230
3598
3612
2071
2568
3611
5166 5166
5166 3612
5167
3068
2455
3612
3611
5166 2614
5167
1901
2618
3598
2071 4861 5166 3612
5166 4875
3598 5167
378 231
230 5555 4881 5505 5143 2455 230 5555 4874
3565
5166
5166
2618
3598 5167
4858 5510 3616 2616 5167 3618 3616 3590 1348 2618 3616 2618 3590 3598
3598
3330 5167 3741
5166
5166
2455 2858 1355 230 2416
2614 5166
2603
5166
4785 5776 5167 2885 4275
4753
2071 5056 5531 4794
5932 2070
5167 5161 4875
3612
3598 3598 3598
5167
3269 3395 3698 2894 3403 2886 3765 1944 3395 4071 2344
3612
5167 2455
5167
3262 3269 5065 2691 3170 3242 1355 5066 5070 3171 5489 2101 230 1355 3870 3962
2603 3614 5166
3598
5143 5166 3611
2618 5166 2618
4793
5220 5143
2436
5166
5166 3598
230 1355 2434
5166
3598
3598
4875 5166
5166 3746
5166
3611
3616 5166 2365
3611
2614 5166
2851 3247 1355 2065 1355 2997 3252
5166
2155 5510 5166
3612
3612
3607 5166
1956 3067 4708 2809 2855
3612 3598 5166
5167
3612 3611
5166
3618
5166
3612 5166
4875 6032 5166
3612
5489 4045 230 2674 2674 4045 230 3870 230 2507
230 5071 3188 4976 230 3189 3434 1355 2417 230 1932 230 2464 4620 1932
2614 5166
5166
2618
3611
2256 1550
6032 2158
3611
5166 4875
3612
1903 2612
5432 1877 2575 1899 5078
5167
5166
2870 2416
3621
5166
5167
230 5880 3870 1355 5508 230 5558 445 1469 1025 1659 2323 5143 230 2674 4747 230 5508 5880 1355 1469 1666 1025 230 230 5508 3888 5143 1659 1635 1469 230 1025 1666 2318 230 5508 5539 5880
2590
3598
5166
3615
5166 2198 2155
4875 5157 5166 3598
5166
5167
5166 3598
2916 5167 4858
5166
5143 5501 2277 2198
3598
311 4879
3621
5166
2591
5166 5143
3612
2628
3245 2851
3612
2611 4858
3612 3390 5157 3176 5157 619 2851 2434 394 6042 1612 3068 3391 2434
3598 5166
3612
3612
5166
3612 2618
6032
5166
5166 4875 5510
2618
3616
3612
5189 5778 5189
5167 5167
3613
5166 2593
3611
5166
5166
3565
3565
2591
2614 5166
3611 5167
5166
3611 3591
1923 4976 230 230 3180 4976 5489 230 5166 4976 5166 230 5489 4976
5166
3614
1548
3612 5166
3614
5167
5167 3612
378 230 3157 2997 5071 378 3157 2997 230 4604 3158 2507 2222 1222 2221 3459 230 1355 5143 3158 3157 230 4017 378
2074 5166 2075 5143 3697 4858 6032
3612
3611 3612 3611
3615
3612
5167
5167 2614
2614
3391 3068 1923 1637 1551
3598
5166
5166
5569 6032 230 2994 5056 2978 2071 6032 230 2476 2507 4045 230 608 438 1635 1469 230 6032 230 1518 5056 5558
1920 4837 230 5058 230 5501 1413 1025 230 2323 230 2006 2395
1348 1348
2591
2070
5166
5166
3615
5167
5167
5166
5167
5526
5166
2065
5166
4438 2618
1628
3612
5166
3598 3612
5166
2603 2591
2239
3611
5167 3612
1935 230 6035 1576 230 2040 1935
5167
3611
4875 5166 4097
5166 3612 3598
3612
2271
3243 2756 1355 2756 2474 3437 3242 230 1355 2144
2614 5167
5166
5167
3611
5166
230 2323 1413 1025 626 1530 1469 2418 6051 230 5518 1355 4976 4747 6032 230 2323 2614 230 5132 230 1355 5132 5143
3621
3334 3339 3612 2567
1472
2071 2919 5932 230
5166
3567 3611
3106
3612
3612
3554 5166 3618
5482 1565 6032 230
5033 3611
2232 2163 2234 2234 230
3621
2555
2865 1356 2864 2885 2905 5028 5825 2424 2904
3612
524
3390 3420 3693 3735 5218 3390 5218 2313 5932 3411
3611
2068 230 5098 4747 5068
3590
4900 1590 230 4874 230 3388
3621
3611
2618 3565
3611
2323 230 5132 2315 5501 230 5569 230 5132 3826 2640 4857 4747 230 2323 2713 230 6049 3437 2851
3621
5098 2407 1585
2864 2901 2071
3611
3614
3598
3611 2591
3587 3616
230 4872 2864 4900 230 1590
3565 3565
6053
3621
3612
2548 2550 3612
3613
3412 2029 3068 3411 3183
3612
3612
5413 4633
3615
3612
3613 3613
2455 6049 6051 4983
3545 3582
6032 3173 3105 3068
3574
1567 2417 5927
2863 1611 3395 5983 4811 345 2664 3186 3394 2020 3177 2344 5790 5793 2864 352 5995
3587
5804
3612
2618
3565
1530
