3598
3598
3621
3612
2864 5000 3394 3386 2779 3387 3386 1496 6032 3756 2957 6032 2957
3612
3614
2161 1465
3598
3598
596 536 1469
3612
3611
3612
5415
3598
2617 3612
4097
3598 3598
3598
3598
3611
350 350 330 330 1143 1192 1140 1196
3598
4959 2612 2571
5505 2069 5065 5057
3612
3620 3616 3611
4967 2563
4843
3598
2455 3388
3598
532 437 2029 584 531 363
3612
3615
3598
3613
3612
361
2065 3598 2865 3388
2616
2614
3614
2614
2593
1498 2583
2614
3611
3598
2863 3459 2679 1551 3698 2455 2892
3598
2616
3598
6034 1939
3598
3611
3598
3587
3611 3598
3611
3012 4879 1465
3598
3598
3029 2418
3067
3598
2894
3612
2279
3612 3598 3621
2511 3598 3598 2068 2614
3611
3598
3612
3598
3029 2510 6189 2802 2780 6048 4594 3009 4976 3964 2357 4620 1355 3010 3395 2029 2518 6032 3029 4660 3964 4534 4661 1355 3106 5187 2091 4594 2510 2780 3394 2068 3698 6032 2357
3598
3612
3613
3611
2860 3435 2864 3068 5836 3598
2594 3612
3598
3612
2593 3612
3612
3611
2617
2617 2614
3613
3598
3598
2614
2593
3618
3612
3118 3612 2560 4390 5435
3598 2598
3598 3612
1496
605 1666 1639
3598 3598
3598 2593
3612
3616 3611
2614
3598
3598
3598
2243 1500
3612 3598
3598
3611
3612 3565
3611
3621
3598
3598
3598 3611
3611 3598
2923 2324 2483 230
2424
1350 2617
1516 1740 1927 4743 3387
3612
5505 2858 4633
2593 2593 1568 2507
3598
3621
1476 340
526 3598
3598
3598
3598
3598
5932 2864 528 1419 637 3598 534 1563 534
3612
2603
3587
3611
3598
3611
3587
3598
3598
3612
3611
3598 3598
3598
2614
3611
4983 3691 1935 4985
3611
3598
311 3499 3494 6334
3620
3615
3612
3612
3611
2644
3611
