4805 4016 4804
4046 4030
4804
4804
4005
4016
1498
4805
2694 4278
4029
4046
4805 4016
2904 4046 4016
4046
2908 4805
4016
4030 4029 4016
4804 4030
4029
3978
2904
4029
4804
4029
4046
4016
4029
4046
4805 4016
2904
2886
4046
4805
4029
4046
4016
3978
4016 1498 4046
4046
4046
1498
4030
3965
4805
4031
4023 2841
4029
4046 4029
1781 1781 6768 1498 1781 1781
4046 4029
4804
4030
2904
4029
4046
4016 4030
4805
4046
2904 4030
3978 4016
4804
2904
4029
4030 4046
4029
4804
4804
4805
4046 3964
4805
2904
4029
4029
4805 4029
4029
4805
4016
4046
4046
4029
3427 2904
4035
4029
4030
2838
4804
4040
4805
2904
2838
4029
4805
5736 4016
4030
4040
4805
4030
4029 4804 4016 5090
4016
4804
4030
4805
2509 3334 5819 3331 5816
4029
4046 4036
2901
4016
4805
4029
2908
4046 2904
4030
4046 4016 4016
2908
4040
4046
4046
2904 4016
4046
4046 4029
4804
4804
4016 1498
4007
4804
4046
2904
4032
3991 3978 4805 4040 4016
5810 2904 4035
4804
4046
4029
4804 4016
5736
4029
4804
4040
4046
2509
4029
4040
4046
4030
4030 4046 2904
4046
4804
4046
4030
4016
4030
2306 5404 2313 5404
1667 4030
2908
4805
4805
4806
4804
2904 4016
4029
4031 4046
4030
4030 4804
4029 2880
4030
4804
4029
4804 4030 2904
1498
5405 2482 2904
4016
4029 4034
4016
4805
4030
2904 4029
4029 4046
4029
4030 2908
4805
4016
4040 4016
4046
4805
4046
4029
4804
4046
4016 2845 1498
2904
4805
3978
4016
4029
4016
4046
4029
5432
3342 3342 2557 3342 2572 3427 2509 3342 4064 3240 2509 5807 3427 3342 2509 3342 3427 3342 5810 3427 3342 3427 3342 4166
4029 4016 2838
4030
4029
1498
2904
4805
5387 1702 6098
4036
4029
4029 4003 4804
4007
4046 3978
4029
4029
4029
4806
4029
4805 2901
4804
4804
4016 4804
4030 2904 4016
4805
4805 4016
4029 2904
2881 2857 4046 3735 2901
4029
4030
4016
4046 4016
4029
4029 4034
4030 4030
2904
4030
4805
2904
4016
4046
4030
4805
2838 4016
4029 4046
4804
6547 4016 4805
4046
4046
2904 4029 4804
4030 4029
4016
4805 2904
4005
2908 4805 2882
4804
4046 4016
4029 2880 5736 4029
2908
4029
4046 4029
4029
2908 4046
4804 2904
4016
4029
2904
4804
1498 2904
4016
4003 4029
2904
4030
1498
4046
2904 1777
2904
2764
4804
4016
4804 2904
4805
4016
4046
4041
4804
4016
4016 4047
4016
4016
4804
402
4030 4016
4046
4046
4805
4046
4029
4046
4046 4029
4029
4804
4040
4029 4804
4030 4046
2746 2766 2160 3427 4875 3035 2170 3342
4029
4031
4030 4032
2908
3978 3978 3978 3978 2893
3965
2880 2845
