2904 4804
4029 4016 4029 4029
4030
4029
2893
4016 4029
2904
4016
4030
4030
2904
2908
4030
5538 3130
4016
4029
4016
4030 4016 2908
2904
4016
4029
4016 4003 4029
3978
4029
4016 4005
4016
3978 4030
2904
4030 4016
4016
2893 4030
4029 2904
4016
4030
4030
4016
2904
4995
4029
4029
4035 4003
4029
4029
4029
4040
4007 4007
4016 4030
4029 4034
4030
1498
1664
4016
3420
4016 2893
4030
2904
2908 4029
4035
4016 4030
4029 3978
4016
4003 4029
3978
2904
4016 4030
4030
4029
4016
2857 4029 2838 2845
4016
4016 4030 6801
4029
2908
2313 5878 3240
4029
5736
4040
2904
4029
2904
4030
4016
3978
4016
4016
4016 4030
6113 6114 2848 4030
4030 4016 4036
4005
6079
4030
3978 2904
4029
2881 2893
4016
2881
3985
4030
4029
3978
6801
4030
4016
4031
2904 4030 2908
4033
4016
4030
2903
2893
2904 4030
2261
4030
4030
4030
3978
2904
4029
4030
4016
4029
4016
2904
4029
4016
4016 4030 3959
4030
4029
4029
4029
4030
4030
4526
4029
2910 5740 2909
4029 4016
4016
2893 4030
2881
4029
3327
4029
4029
4029 2904
2904 4029 4016
4016
4029
4040 2881 4016
4016
4030
4526
4030
4029
4016 2904 2908 4016
6546 4030
4029 1498
4016
4016
4029 5787 2584 4319
4016
4029
4031
4030
4016
4030
4016 3978
4029
3239 5538 3934 3244 4166 3934 3427 3934 3934 3427 3934 4166 5880 3427 3427 3934
2904
2904
4016
2893 4016
4016
4030
2901
4016 2904 4016
4016
4030
4030 4029
4016
4030 4030
4031
4029
2904 4016
4029
2901 2881
2904
2904
1498
4016
4016
4030
2904 4040
4016 2883
4029
4030 4016
4030
4016
4033
4030
4029
4016
4030 4029
5478
4016 4005 2893
2904
4029 2880
4016
4030
2904 4029
2904
4029
4016
4016
4023
4036 4030
4030
4016
4029
4030
4030
2844 2904
4041
4036
4016
2904 4030
3978 4016
5671
4029
4016
4016
4030
4016
3978
4029
2908
4016
2904
1498
4029
4040
4030
4030
2746 2160 3934 2381 6230
4029
4041
4029
3978
4029
4023 4589
4007 1691 4007 6802
1717
4033
