1345 424
6093 2666
3195 2261 3553
3776 3776
2756
4035 4035
5709 3869 3196 1819 1626
1498 3194 3782 3564 1935
4016
2312 2756 3236 3800
2904
4016
2908 2943 1733 3801 6089 4117 5877 1507 1733 5218 4429 5877 6089 3263
5819 4784 3799 3196 2588 5405 4783
2904 424 1345
2669 6801 3813 2623 5108 5177 3093 2218 2965 2270 4421 1507 5843 4118 1752 2663 2972 6248 2802 5177 4421 4783 5109 6801 2972 2384 2623 3789 3122 4118 3093 2669 5177 2801 3122 3435 6801 4118 4421 2965 3471 1507 1752 2667 2802 3788 3355 2623 1508 2218 1637 5843 2802 2667 2623 6803 3435 2972 3788 2965 5177 5511 2270 3473 5521 4118 3196 1507 2663 4421 3093 2384 2218 3471
1443 1483
2908
2908
5203 1507 5619 3264 3789 3180 5877 3260 2702 5214 2311
4016
4016
3258 4016 1936
3796 3788 3219
2904
1348 1361 1498
1707 1664
2908
5203 3784 5877
2908
2881
3219 1805 3218 2736
424
4029
2904 4016
4016
4030
1579 1694 1828 1695 2266 1810 2319
2904
1089
424 2736
6532
4040
4030
4029
2904 4016
3989
2908
2908
4030 4030 4030
424
3994
4029
5819 2608 1699 5478
6098
3218 5663 4511 3192 2704 6559
2908
3427 2904
2184 3460 6179 2269 396 1507 2185 2312
2410 2403 2460 2409
6263
5478 3782 5502
5708 3426 1935 3869 3258 1507
6803
2403 2402 2424 1714
1358 1016 424 1355 1080
4029
2893
2908
2756 2424 2306 2376 2410 5478
3379 3558 386 5713 1754 386 3379 3558 6527
3381
2155 1748
2908
4016
3408 2904
3238 2306 5713
4030
2589
6801
4016
3978
4031
924 699 1084 1079
2904
4016
2586 3266 5810 3266
2736 3806
2904 346
2893 4030
2908
2312 3265 6817 5697 1507 2156 4322 4793 3815 6506 1507 2696
4029
5204 5214 3238 1507 6143 4790
4016
4016
3427 424
2126
4029
3427
4030
6802 6558 4112 2663 6687 4123
2263 6178
1770 4016
1361 261
2903 4873
2904
2667 6526 3295 4112 260
4030
4031
5622 260 4123 3784 1507 3796
4016
2313 2869
4016
6138 6189 6558
1705 2326 3427
2904
3342 2193 3381 3546
3978
4040
2311 1664
2893 2881
2908
6687 3560 3194 5697 3427
1346 1217 1358
1088 1355 261
4030 1507 2859 6504 4040 4526 2815 4030 4029
2957 4525 260 2771 2957 1660 260 2194 1507
1498 2904
4029
4016
1367 261 1345
3782
1367 1345 1089
3788 5404 2306
5844 3189 5218 1507 3254
2584 6149 6199
5478 3460
260 424 1477 260 2589 6559 6559 2312 2311 260
4331 6753 1714
3565 3796 2736 3787 260 6263
260 2228
698 1016 1094 260
2778 260
1936 1742 2313 260 1708 1655 1936 1742 260 1655 5619 2313 1655 5619 1936 5505 1708 2313 260 1655 1936
6098 6099 260 6093
1135 2313 260 1819 1805 2313 2736 1361
2936 1507 4525 2904 2194 6197
4029
1361
4030
260 6251 6558
2490 2035 1507 3264 260
2194 2273 2261 1777 2193 260 1440 3871 1507 260 2736 3815 3258
6727
3787 3196 260 6559 2694 3427 4164
3973
3471 3781 3426 6687 4016 6682 2759 3829 5502
5203 5814 2696 5456 6739 424 424
4030
2716 3784 3552 5474 2263 3227
260 3532 3427 3532 2156 260
2883 4030
4016
2778 6196 2790 260 260 6196 2161 3552 260 5203 6244 5203 6196 260 4317 260 6194 2773 6196 260 260 2773 6196 6199 260 260 2778 2161 4625 260 4625 2161 2778
2904
2792
2904
260 842 1507 3182 927 6687 261 1367 5794 3218 260 3427 6690 2695 2736 2491 5453 6808 260
1367 1080 261
5879 5491 2904
5250 5251 5265 2306 2717 3293
4029
2908
2273 3783 2206
3559 260 2790 2587 260 2765 2587 5203 2313 260 2579 260 2313 6624 2713 2773 260 2773 2159 2774 5208 2313 2713 260 3426 3796 260 2694 260 2774 6251 4317 2161 260 2169 2696 2313 2161 260 2764 260 2313 3556 6194 260 2774 6263 2713
4016
2193
2306 5622 6189 2736 2484
2306 6104 6095 6100
4031
2904 2908
2589 2736
5696 6801
261 1093 1016
4016
6806
2587
4029
3783
1507 260 2587 5494 3427 5487 260 3829 260 2792 2587 3427 260 5496 5166
1187 1728 260
260 1662 6153 260
260 5663 6559 5662 6104 5665
4687 4862
1498
3972 2887
424
4016
2904
1498 7180
2908
424 4721 260 261 260 1753 2733 3776 261
260 260 2587 260 2587 2702 2194 5477 2164 260 3356 260 2164 3532 5879 260 1344 1365 3356 1346 1342 1345 4164 1365 3553 2181 1344 1342 1366
4705 2306
4016
3972
4030
1642
2312
4030 2904
4016 5678 4112 3817 4558 4767 594
424
261 1084 1367 424 261 1084 1358 1367 1092 261
4030
1498
2410 3556 2427 6138 3828 5361 3780
1016 2313 1507 5663 5207
4030 4041 2193 5696 6739 1642 6531
2908
2756 2774
6558
2589
1275 1319 368 389
2589 3533 260 4625 2159 260 2161 2193 2277 260 2193 1507 260 3559 3533 1507 3533 260 6194 2159 5496 260
424
1088 261 1355 1361 1088 1361 261 1440 1358 1088 261 424 261 424 1088 2207 2702 3784 260 261 1088 424 1355 260 2207 3784 260 1936 2319 3191 1936 3552 3191 260 260 3553 1937 3190 1440 261 1088 1361 260 1937 3191 3552 3191 260 1936 3553 1361 260 1088 1440 260 2207 3191
5794 2772
2904
3782 5487 260
3788 3789
3967 2885
1579
6563 1937 3342 1507 260 6568 5622
2883
261 1366
2588 2313 3828
1367 261 934 1089
5794 2587 260 5794 6523 260 1507 260 6523 5794 5782 5162 5794 5794 6523 260 5157
1937 6812 5215 260 2587 6812 1507 2161 260 5205 6812 260
1507 2587 5794 2313 1805 260
3237 6739 2908 2530 3605 6754 5641 3601
260 5157 2765 2159
2312 5820 3189 4279 4277 3194 4040
4033
260 3218 4612 5610 260 5521 3323 5511 260 5610 260 5521 6173 260 3264 3218 5794 3218 2736 260 6817 260 2736 5610 3182 3182 1507 6804 3229 260 3199 1507 260 1717 1737 6251
3556 260 3828 6565 3556 4298 2193 260 1507 260 6565 3229 703 1579 1828 495 3828 2774 3556 260 4335 1507 260 4298 3828 260 5744 5306 2773 4625 3546 260 3323
2893
4337 2587 260 260 3851 6801
6251 2403 260 2932 260 2959 2773 3891 2932 260
2908
260 4485 5494 4490 260 5511 5500 260 5521 260 2318
4030
5159 6263 260 5810
4016 2904
2904
4575 495 1810
2904 4029
5696 5368 3191 3784 2663
5782 2587 3218 260 5782 3310 260 2587 2790 3182 4625 260 6506 3829 3356 3533 6506 260 3310 2932 3218 1507 2587 260 260 4525 1507 5496 2577 2219 2771 2577 1724 6250 2219 2159 260 260 6212 4525 1507 6255 260 3829 5348
261
1734
6099 6093 6093
261 1092 927 1354
6526 6532 2704
3978
1361 5093 1366
260 2502 6632 2565 3339 260 6632 260 2306 3190 1717 260 5676 260 6804 1972 260 2306 5671
2193 4340
6546 2908
1752
2491 2579 2578 3978
3800 3782 260
3339 2313 5404
3988
