2881
6121 6116
4016
2881
2904
4016
3789 5819 6756 2736 3603 3978 5405
2883
2893
2261
4016 2881
4016
4016 4016
4030
6801 1708 3299 3298 3237 3305 6801 3327 5708 5798 6801 3189 1742 5404 6682 2306 4191 3191 6803 2699 2694 1660 3195 5798 3189 2586 6153 3292 6801 3189 2586 2571 3189 6801 3292 3299 3188 5634 3299 3305 6801 3327 2694 6801 3298 4930 3299 3197 4181 3305 3299 4191 3298 6801 4181 6512
4016
4030
2904 4016
4016
488 671 594
2313 2706 6822 2250 2312 1733 2313
4016
2881 4016 4016 3985 2881
3298
4016
3437
4029
4016
2904
4029
4016
2904
6206
4040 2904
4030
4016
4029
5717 1705 1654 6227
2904
2881 2881
4029
2904 368 1838 389 1330 1334 586 660 674 692
2904
4030 1716 1716 1716
2887
2904 4029
4016
2904
4016 2904
4030
2576
4016
4030
4029 4016
4016 4030
669 594
4029 4003
4016 2881 4016
2886
2904 4016
2881
4030
2904 3978
4030
6534 2881
4016 1498
2883
4016
2883
4016
2881 4016 4030 2881
4029
4532
4016 4029 4016
2311 3805
4029 2881
4016
3991
1838 1269 389 1320 495 650 1812
389 1838 6565
4040 4016
588 1805
3256 3254
4016
5361 6822 2965 6188 2219 5695 6793 3181 5478 5642
596
2904
3215 2589
4030
4030
1733 2934 3324 1731 2168
2883
4016 2881
2904
4016
4029
4016
4031
4029
4016
4029 2904
4040
4029
4003
4016
4016
4016
2904
2883
4030
5809
4030
3254 3247 2181 4016 5798
4016
4029
4029
588 488
4016
4030
4030
2904
4016 2904
4016
4029 2893
676 703
4191 2269 1754 3299 3298 2269 1752 2269 1752 2269 4191 3298
4030 1700
4030 2904
4030
2881 4191
4016
4029 4029
4016
6801
4029
4016
1812 671 1805 490 702 671 596 1133 490 1695
4016
3427 5533 4030
4029
2881 6801 2261
4016
4029
4040
2883
4030
4016 2904
4040
4030
4040
4030 2904
4030
4030
4030
2575 2447
4016
4030
4030
4389 4351 5091 4396 1695
4029
3420
2881
4016
2904
4016
1498
4016
4016
1828 1695
4030
2881
4016
2904
2148 2244
4030
4030 4030
1498 4016
4016
3254 1936 3328
2904
4016
4030
703
3978
3240 3242 5642 3323
4016
2881
4030
4033
3188
2883 2881
4016
4016
2904
1498
4029
4016 2904
2306 5810
4040
6818
4029
2736
6801 3195
4319 3471 2696 5504 5502 1717 6235 5809 5504
1498 1498 1498 1498 1498 1498 1498
5454
