1348
3591 3591
5033 4884 4794
2614
2614 3611
2614
3611
3598
3611
1419 637 1478 341 5534
1866
3598 3611
2614
1530 605 2614 1635 5219
3611
2593
3614
3591
1348 1348
3612
3612
3611 2614
3634
2071 1965 5456 5057
2593 3622
3598
599 531 531 599 442 1025 532 599
1529 4890 529 626 2594 637 1529 4890 1419
3598 2593
2614
3734 2916 2417 1741 1942 1960 2020
2593
3612
1348 1348 1348 1348 1348 1348
3384
3611
2592
3612
1348 1348 1348
3612
3598
2593 1586
3598
3598
2594
3598
3612
1209
2614
5098
3612
2614
3611
1491 3883 3388 5166 1419 3598 2071
3611
3598 2614
3565
2614
3611 3565
5492 3411 4632 2068 2238 3387 3386 3177 3424 4629 4118 5826
3611
1348
1348 1348 1348 1348 1348 1348
2593
3612
3598
3614
3611
3611
3598
2593
2593
3565
2614
2614 3598
3598
3612
4874
3611
3611
3598 3612
3598
3612
1348 1348
3598 3598
1348
3612 3598
2614
3612
3612
2484 1489 6048
2614
2603
3598 2593 3598 3598 3598
2614
3412 6035 2614
4255
5932 2891 1567 2455
3565
3611
3612 2614 3611
3598
3611
2594
3598
3611
1952 3393 5826
3612
984 972 1296
2614
2614
3598 2614
2614
3611
3611
3612
2614
2614
3598
3565
3612
2593 2593 3611
3598
3586
3611
5966
2593
1348 1348 1348
3611
3591
3388 3189 2029
3611
1348 1348
2603
3611
3611
2614
3598 3565
3394
3598
3611
3612
3621
3611
3611 2614
2614
1348
2614
3598
1348
3611
3611
5220 3265 3459 3883 3598
2560 3615
1348 1348 1348 1348 1348 1348 1348
3611
2593
2593
3598
3598
3598
2614
2614
5532
3612
1348
2155
3611
2593
2614
1348
3613
2593
3611 3611
3068
3565 2593
3611
3611
2614
3594 3598
2614
5007 4129 4131 5007 1355 5826 2434 5007 3411 1939
3598
532 1530 599 599 1469
3565
2614
2614
3598 4622 1767 1622 5186 2439 1551 1622 1491
3598
605 435 532
2071 3060
1901 3617
3693 4546 3394 3029 1355 4660 3180 3074 2391 3105 2139 6035 2802 3964 2396 3107 2854 2029 5825 2855 2357 4117 3097
1904 5794 2614
3612 3598
3598
3565 3565 3565 3598 3565
3598 2614
3612
1985 2139 5066 5028 4490 5146 2780 5024 2517 1939 5146 3068 1927 1985 3399 1985 5070 5146 2517 5027
2614
2614
2614
2614
2614
2614
2560 2593 2593 2567
3611
2614
2509 345 1611
3565
3598 4046 1586
2603 3613
3612
2592
1646 1419 637
2593
3611
3613
2614
3611
2601
1025 1639 1530
3611
3611 3616
3612 3598
3565
3612
3612
3590
2614
1348 1348 1348 3634 1348
3611 3598
3613
3612
3589
2593
3611
2603
3611
2614
3617 3617 3617 3617
3612 2614
3598 3598 3598 3598
3612
3598
3612
3565
5776 3657
2614
3598 3598 3598 3598 3566
3611
2614 3611
1862 2593
2868 2809 3387 2885
2614
3611
1548 4879 3687
3612
3565 3565
3109
1348 1348
3612
3598
1653 1639 1654 1672 1413
2605 2592 2594
3615
3611
2614 3612
3611 2614
1025 606
3598 2614
2592 1575
3612
3611
3394 2069 2868 1944 1355 1945
2614 3598
3598 1348 3756 1348
2614
3598
3614
2614
5880 5508 5518
5157
2614
2614
3612
3611 3598
3612
3612
2614
4070 4593 5552 4633
2156 3598 1590
1348
3388 2859 3598
3617
3611
3598
3612
2614
3611
3565
3611
3611
2603
3611
3598
3598
2593
3612
3587 3617
2614
3598 2614
3598
3611
2593
2614
3612 1493
2614
2593
3611
4431 3598
3611
3612
3598
3611
2614 3566
2614
3611
2614
2614
2614
2614
2614
3615
2614 3598
1348 1348
3566
2599
3612 3577
3612
2614
5041 3564 1886 2578
3622
3587 3611
3598
3612
3612
3611
3598
2593
2614
3598 3598
1100 2455 1230 1092
5886 1207
6040 6035 6040 2891 6035 2894 6040 6035
1348 1348 1348
3598
3394 5489 5552 5505 3175 3067
2070 1565 2432 1952 1487 2416 1956
2593 4052
2603
3611
2614
2209
2614
3589 3589
1493 3611
3613
3611
3621
3565 3612
5966
1204 1206 1414
2603 2076 2426 3422 4070 3423
2603
3611
3569 3621 5498 4779 3569
2614
1348 1348 1348
3598 2593
3598 3611
2594
2614
2614
3620 3616
2614 3598
2614
3565
3612 3598
3598
3611
3587
5090
3612
3436 3282
3612
1901
3598
2603
1496 5470 4593
3598
1348
3598
3611
3611
378 1210 1222 378
3268
3222
1563
3565
3598 3598 3612 3598 3598 3598 3598 3598 3598
1543
2593
378 379 1073 1530 603
3611
3615
2614
3612
3618 3617 3618 3617
1348 1348 1348 1348 1348 1348 5219
2603 3598
3598
3565
3611
3612
5157 5221 5156 5136 5139 5419 5426 5065 2968
3612 3598
1348
2614
1348
3611 2563
3612
3612
2614
6028
3598
3598
1548
3612
4432
3612
3622
5146
3598
347 3027 532 591
3598
2593
3598
3598
1348
2614 4915
3598
3612 3611
3611
2593
3587 3587 3587 3587 3587
3598
3598
3611
2593
2614
3611
3612
3612
5432
2593 2561
3598
3598
3598 1582 5493 1582
3612
3611
2593 3612 3612
3612
3612
3611
3612
3598 2614
5510
2614
3612
3612
3621
3565
2614
2593 3565
2614
3611
3611
3611
3613
3611
2614
2593
378 231
3598
3612
2036 3265 4988 4742
2593 3611
3598
2614 3612
2614
3612 3612
3598
3612
3617
3611
5440 3611 1517
2321 4217 3292
3598
3581
3598
1550 1587
2020 2464 2070 1219
915 1217 987 1227
3611
3611
2593
1348 1348 1348 3634 5431 5436 5434 1348
440 1639 1639 440
3611
2614
2614 3612
2849
5418 4805 4253 2614 4254 4805 5420 4737 3073 3598 5420
3611
3598 3598
3621 3598
3565
3611
4635 1216 4635 983 1222 983
2614
4988 2684 2656 1965
3611
3598
3617
1348
4598 4858 3401 2022 2885 4858 4890 2068 5544
3598
3617 3616
3590
3611
2614
2131
2594
3756 2858 1348
2614
1493
3598 2593
3589
2614 3611
2614 2593 2593 3598
378 725
2614
442 593 605
2863 2020 1496
3598
3612
3612
3612
2614
1348 1348 1348 1348 1348
3612 3598
2593
3598
2858 2328
1348 1348
531 605 1413
3613
1866
2614
2614 3598
2603 3611
3612
3598
3612
2614
3612
3565
2548
3622
2593 2614
3616
1642 1945 528 529 2028 5000
3598
983 1217
3598 5920
3612
3883 2978 2028 3402 2029 5027
5439
3621
2614
3611 3612
2614
3565
3611
3612
3565
3611
3598
2614 1348
3612
1565
3565
5932 2395
2114 2114
3612
2614
3588
2593
3544 3598
3611
2593
5000 5778 4278 6048 4278 5778 1355 2593 2330 3452 3105 3107 5066 5188
2614
2593 3598
3612
3621
1740 2865 1938 1567
1355 2020 1548 3386 2863 5932 3459
3612
2614
3611 3611
608 636 1645 532
3598 3598 3612 3612
4858 915 766 5146
3598
3611
3612
3612
3598
3615
3612
3598
3598 3598
3611
3598 3612 3618 3598
3598
3617
2854
3598 3612
3615
2394 3565
3612
3612
3598
2595 2614 2595 2596
2593
3611
2560 3598 3598
3598
2614
2614
2614
2265 2434 4880 2455 3395 4857 1606
3591
1535
3335 3621
1348 1348 1348
2614
3613
2892 3693 2717 2891 4858 3390 2892 3693 2854 4858 2854 2894 3390 4858 3387 4070 2892 2854 2908 4858 442 531 599
2614
2614
2997 5070 2011 1963 5825 1646 1963 3598 2744 1646 1962
3611
3615
3390 4858 3734 5932
378
2593
2614
3615
3615
3598 3622 2593
3598
3598 3598
3405 3389
2614
3614
3611
2593
4253 1945 3419 4633 1355 3008
3598
3598
2593
2603
4756 4070 4754
2289 2270 1921 1355
2614
3612 2592
2614 3612
1419 1646 1670 1419 1646
3612
3598
2614 4187
3565 3565
2593
3612 3598
3621 2593
3612
2614 3598
3598 3611
2593
3598
3612
606 1413 526
3598
1534
2593
3612 5146 5146 5146
2614
2614
2154 1500 4875
2614
3612
4795
2064 1955 3394
2593
3598
3598
2593 2603
2851
3612
3598
3598
2599
2614 3612
2614
2614
2614
1529 231 634
2614
2614
3611 3587
3612
3854
3566
2614
2916
2593
3611 5531 1498
2614
3614
3613 2603
2593 3587
6048
3598
2614
3611
3612
3620
3598
5146 2071 3834
3598
3614
2065 1820 2028 1518 2604 2593
2614
5464 1499 1509 2156 5220 5580 2163
2614
3621
2614
3611
3612
2614
3612
988 981 1219 231 231
3621
3612
605 739 583
3611
3611
3565
3613
2614
1348
3612
2614
2265 3747 2845 3746
3565
1348 1348 1348 1348
3614
1348 1348
1348 1348
2603
3611
5967
1646
2614 3611
2614
3598 3612
3622 2593
3598
3611
2614
5065 3403 5530 5826 4988 3274 5470 2318 3282
2614
3615
3615
1866 4436
2614
2593
3566
3598
3611
3611
3612
3598
3565
3598
2894 4794
1348 1348
2593
3598
5500 5143
3611
2593 2594
2614
2868 5024 4253
3171 3175 2994
3612 2614
2593
1348 3634 1348
3612
3611
2314 3391 3854 5932 3180
2330 4350 6033 6039 1612 6032
3621 3612 3612
3612
2731 3612 2612 2613
4874 3068 2891 2551 2741 3360
3598
1348
3565
4598 3225 3870 1935 2979 524 5071
3613
3611
3612 5492 5492
1348 3598
2614 3598
1348
3598
603 532
3598
4253 2271 230
5070 2071 1355 3657
1348 1348 1348 1348 1348 1348 1348 1348 1348
3598
2614
2614
3611
2614
3611
2614
3586
1348
2593 2593
2614
4635
3598
3612
3598
2528 2046
3598
3611
3612
3598
2603 3611
3621 2592
3598
2593 2593
2603 3565 3622
3598 2593
1348
1530
3612
3611
3611
3598
2593 2593
3621 3565
5066 3391 5826 2416 5001
3612 3598 4052
1348
3598
3598 3598
2593
3621
2614
3598
3613
3611
1492 1355 2920 2316 3435 3577
3615
2593
2614
3612
2614
2614 5966 3612 2593 4052 2593 3565 3598 3621 3615 2593
3598
3601
3611
3611
3612
3598 3615
3850 5146 3842
3611
3591
3611
3587 3618
3615
3612
3611
3612
3840 2065 3224 2323 3843 2698 3598 5146 5489
3598 2614
3613
3598
3598 3598
3598
3598 3598
3612
3612
3598
2614
3611
3611
2593 2593
3565 2593
2687
3565 3611
3598
3612
2593 2593
3598
3598 1901
2273
2614 3598
3598 3598
3565
2957
3621 2614
3622
2076 6035 3766 2885 5186 1509 4070 4070 5025 5024 1355 2076 6035 1509 5518 4070 2325
1348 1669 1665 1650
3612 2593
3565
1348
1503
3612
3565
2614 2603
3735 2851 2982
3598
3612
3598
3068 5439
3598 2614
2232 2180 2155 3598 5001 3611
3612
2071 3427 2489
3565
3615
3601
3598 3598
2593
2372
1348
2614
2614
2569 3621
3565
3598
3565
2614
3612 3612
2614
3565
3565 3621 2614
3370
3565
2603
2553 5813 2548 3598 3073
2594
3611
5850
3601
3598
3611 2614
2614
2614
3611
3615
3611 2594 3611
3611
3598
2076 5007 2982 5899
5967
3598
3611
3565
3598 3612
2594
3611
2903 2681 2865 2884 6035 3964 2879
3598
2614 5033
1901
2614
3598
3611
1567 2865 3834 6051
1355 4095 3765 3469 2849
3598
3611
3611
3614
2614
3612
2439 6033 2431
2593
3611
3977 3977
3598
3565
2593 3611 2560
3612
2593 2323
3617
3611
3244 2071 2143
1348 1348
2614 3598
1601 230 1534
3612
3598
3611
1348 1348 1348 1348
3612
2614
2614
2593
3598
1348
2614
3611
3565
3614
2614
2885 5146 2865
3598
3613
3598 2614
378 1222 1222 3598
2614
230 3870 1963 3157 230 3870 230 4983 3157 3180 3182 230 3157 230 3158 3183 3180 3182 230 3183 3157 3182 3158 230 3183
2593 2593 3612
2627
3598 3611
5966
3612
230 2289 2240 2324
2614
3728 2858 2314 2859
3565
2614
4881 1567 3106 5470
2614
3612
3598 3611
2593 3611
3612
2396 2674
1469 591 529 529 5058 2845 3186
2418 3171 1930 2455 2614 3420 2434 4132 5143 5223 3420
3565
2593 3612
4950 2619
2593
4097
3598
3554 1489 3598
3612
2614 3598
3565 3611 3611
1147 350 1140 330 1530
3611
2603 3612 2614
2314 2891 2418
3598 3612
3612
2614 1587 5167 2858 2857 1587 3729
231 378
3612 3601
3565 3611
3611
2438 3415
2614
3598
3598
3598 3598
2614
4097
3598
3598
3613
3598
2614
1348 3598 1348 1348 1348 1348 1348
3598
3612
2326 2920
3598
2071 4268 3466
2923
3598
2614
230 2495
2593
1348
3612
2614 3598
3067
3612
5816
2583 3598
3598
3598
1496 989
3611
3611
2614
2581 3598
637
3598
2593 2593
3598
5814
2330 3556 5166 2329 5146 5476 5146
3598
2614
3622
3612
3611 2614
2070 3622
3601
2614
2614
3611
3612
3611
3565
3598 3612
3612
3612
3613
5065 3870
2595 5434
3598
3105
3614
3598
3427 4132 4858 3427 5219 1605
230 3876 5507 4618 5507 3008 3876 230 4620 230 5507 4622 3008 230 4618
3598
2614
3598
4873
437 2593 605 3621
2614
3598
4785
3612 3598
3614
1419 2071 1419
2614
3598 3611 3598 3612
3611 3598
3613
2614
3612
3611
3611 3389 3173
3598
3598
2156 2417 5071 2455 1355 230
3940 3917
2614
2482 3697 3843
2320 1646
3611
2614
3612
3565
3565
1348 1466
3598
3598
2614
2593
3611
1348
3565
2614
3956 2568 3067 3956
2256 2789 3068 2904
2560
3598
3598
3587 2594 2593 5961
3611
5531 2455 230 5826 5531 230 1348 2455 5826 2455 5826 230 230 1962 5826 2455 5534
3615
3611 3598 3612
3598
3598
3611
4743 4872 5470 1586
2614
2593 2614 2593
2507 1529 2507 3386 2851 2421 3401 1355
1348 1348 1348
2614
2614
3612 3598
3598 3589
3611 5219 4795
3598
3612
1348
6032 6032 6032 3067 6032 6032 6032 6032 6032
2571 3937
1348 1348 1348
2614
2954 2083 2424 4269 1974
3612 3622
3611
2614
2424 3403 230 2455
3612 3612 3611
3612
3612
1348
3598
2614
1348 1348 1348 1348
3612
3618
1348
2614
3565
2614
3598 3614
3617 3616
3616 3618
3612
637 231 1637 1635 594 524
3611 3612
1348 3412
3612
3612
3611
2064 4052 1501 1590 3621 6032
1944 3689 2904 5932
3612
2614
5126 3621 3598 3598
1646 637 610
2859 2040
3598
5562 230
3612
5058 524 5058 2076
3611
2594
3612
1551 2281
3598
3390 5146 2431 2861
3612 3611
1348
2593 3612
3587
2593
3598 3598
2614
4890
2614
2418 2314
1563
2455 3411 3403
1586 1587 1575
1217 1216 906 981
3612
3612
3611
2593
4516
2614 3598
2614
2558
4857
3612
3612
1866
2593
2614
3598
3598
3587 3611
3394
2614
5425 5426
1901
3612
6032
3613
906 1208 231 230 2022 2070 5928 5826
3611
3598 2614
1500 1500
3612 3571
2614
3611
2614
1348
1990 2094 3247 1355 230 606 1469 1637 531 1466 5066 2094 2101 2094 2391 3262 1992 3870 3243 2094 531 637 1466 606 1413 231
4926
2596
1348 1348 1348
3612
3598 3598
2593 2596
3612
3106 2718
3612
1348
3612
3612
3598 3621
3611
3611
3598
1348 1348 1348 1348 1348 1348
1496
2344 3097 2894
2614
3598
2614
1530 637 2070
3621
3612
2614 3562
3598
3611
3611
2612
3614
2593 2611
3612
2666 1958 2653 2742 2653 2687 1965 2655
1348
3565
2614
3598
3612
3402 230 6034 1480 5072
3614
1348
3691 2314 5028 4794
3611
2593
2560 3611
3621 4794 3598
3612
3970 5826
3601
2614
2139 3882 5146
2172 2200
3612
3613 2614 3616 3620
3611
3598
3598 2593
3201
3612
3611 3611
3617 3587 3565 3617
2614
3598
3612
3598
3612
3598
2071 2593 2071
3598
3612
2205 2155
3598
3611
2593 3598
2614
3612
2952 2071 4795
2614
2614
3612 2593
3611 3587
2614 3598 3598
3598
2507 1926 1962 3390 5527 2065
3067
3611
2614
3612
2614
3612
2614
2551
2614
2614
3598 2593
2614
2180 2155 1646 2270 5426 1866 2155 5826 2594
2691
3565
3612
2065
3612
3613
3565 3180 339 350 3182
1355 2439 2674 4858 4268 1508 3691 1740
3634
2614 3611
1348
3598 3598
3590
3621
2594
1634 1530 2614
3565
4147
2593 2593
3598
3612
1530
3611
3067
4862
2371 3616 3611 3620
5436
3611 2614
5489 2614
1348
3565
3613
3565 1348
1902
3598
3598 3598
3612
3598 3612
2593
3598
2593
2614
2603
1642 1995 3598 2481 1642 1642 1642 1563 2802 1866 1642 1642 1642 1642 1642
3611
3598
3612
636 531 534 599 626 2029 5146 534
3598
2614
2614
2594
2614
3598 2614
2614 3612
3621
2964
6032 5055 5567
3598 3611
3598
1222 766 1222
3611
3611
2593
2919 4619 4985 2919 4983 2916
3598
2614
3598 3612 3598
3565
2563 2593
3612 2593
3587
3612
3611
2614 3598 2593
2593
1652 532
3611
3598
2557 2547 2314 5527
1639 2865 1639 3390
2593 3612
3611
1985 3068 2593
3611 3612
3598 3613
3598
2614
2614
2064 3598
2593
2614
4983 2849 230
591 534 636 1639 1413 534 1413 603
3565 5055 2022 1925 1480
2593
2065 1962 2863 3442 2065 2883
3621
3617
2593
3612
3621
3589
1646 1646 1646
3611 2614
2614
3552
2614
3565
2593
3598
2591 3612 2603 4961
1529 1466 230 1466
4867
3611 5439 5809
2614
1348
3611
4187
3558
1530 610 1419
3612
3620
3612
3612
3612
3565
3565
2614
4879 2418 3245 5143
2436 4858 3766
3611
591 1642 435 532
5157
2614
3612
3611
3598
5041 5523 3434
3598
3612
2614
2614 5967
3612
2603
3565
3611
4890 5146
3617
3621
2555
2908 6032 6034 2908 2908 6034 6032
1348
3612
3565
2614
2594 3352 2593
915
3591
3565
2614 4912 2324 4186
3598
3621 2593
2593
2161 1550
3598
3612
3598 3621
5826 526 524
1219 983 1222 231 2482 2860 230 378 1216 983 231 1976 230 2859 1992 1216 915 378 983 231 1992 230 2859 378 915 1219 231 983
3598
3565
3565
1768 230
3612
2071
3612
3406 3394 3395 6032 2510 3691
1413 3172 2857
3612
1939
3611 3612
3611
2603
3612
2892 2418 2455 1092 435 1530 1652 524
739 610 1469 230 1419
2593
378
231 1296
2593
2614 3612
3598
2614
2593 3565
2593 3616 3618 3618 3616 3616 3618 3618 3616 3617
5072 230 2139 3008 5072 5066 2802 230 1355 231 230 2490 2919 231 1642
3621
3598
3611
2593
3611
2593
2455 5927 2455 1567
3068 6032 1646 1466 637 1962 3565 2314 5001 1355 2071 6034 2314 1962 3068 6035
1665 1654 1413 350
2614
2612 2611
3666
2951 2789 2125 2876
3565 2593
3621
2614
5191 3521 2982 2865
2593 2593 2593
3027 347
2614 1530
1355 2321 5157
3611
2603 3598
2614 6032 2455
3598
1642 1642 1637 230 637 231 599 1025 599 231 1642 1025 531 636 637 636 599 531
1348
3157 2844 3067
2614
3611
2274
3621
3611
3611 3612
3618
1530
5166 1419 2994
3876 2894 230 1655 230 1469 1659 1025 3891 3876 230 3158 5489 230 2851 230 1355 5143
3611
6052
3612 2614
3587
5188 1498 2070 4884 2849 1348
2455 230 2851 5143 5058 230 4879 5143 2851 5143 230 5143 230 4045 3854 4879 230 3891 3854 5143 230 230 2065 3428 3892 5070 230 1607
2780 230 2139 3170 1530 637 230 2315 230 2064 3419
2808 5007 3840
3400 2455 2858 5056 3766 1551 5218 5058 1355 2068 4070
3612
3612
2614 2593 2593
3067 2884 5932 4881 5146
3565
2614
3617
2614 3611 2593
3612 2614
3565 3598
3598
1866 1607 4778
2070 3598
2561
3565
3612
3598
3611 3611 2593
2958 2463
3071
2983 1956 3068 5778
3598
3616 3612 3617
2593
2614
3615
3611
3587
2593
2614
2614
3611
2614
2593
3591
2851 230 5143 5143 5558 3170 230 5143 230 4976 1740 230 5466 4874 1930 230 4890 5464
5218
1866 5434
2614 3598
1586 3612 1962 3888 2065 5501
3611
3391
532
3565
2614
6037 2065
3611
5826 5071
2594 2595
2614
1491 3598
2593 2593 3612
2559 3612
2139 230 1355 2139 230 2309 1518 5539 5518 230
230 2851 3964 230 2476 2155 5558 2802 230 2651 230 5558 1355
2041 2064
610 1646 636 524 525 1187 330 350 350 330 1151
3616
5419
230 3888 4872 2434 230 3389 5156 3888 230 5132 5143 230 2509 5489
3565
2569
3565 3614
2431 5983
2614
1348 2593
3598
5221 3598
3519
1355 3290 3247 3254 3365 2756 3395 2756
2593
3598
2614
3598
526 1348 1348 1348 1348
3621
4088
442 599
3916 5850 3904
3612
2614
3612
3611
3587
1207 1222
3611
2614
3611
3611
2614
3611
2614 2594
3613
2614
3565
3577 2578 2593 2568 4967
3611
1587 3693 3349 2583 3013 2569 2571 2573 2568 4052 3612
5154 2894
2614
3598 3598
3621
3621
3481
5806
3565
3612
1127 3068
5880
3621
3612
2593
2857 2426
3598
3598
3598
2560
3622
2620
3613
1475
1348 1348 1419 1508 1348 1348
231 231
3612
3565
3611
2614
3622
3614
3612
3613
1611 345 1611 345
3611
3395 230 1768
3611
2614
3612
3612
3612
2593
2614
2614
3611 2614 4961
2614
3612
3611 3612
3611
2270 4623 3435 3388 2071 2070 2994 378
2593 2614
3611 3598
3611
2593
3612
5489 1520 230 2325 5489 230 3389 2437 1623 230 4874
5959
1862
2614 3598 3612
1500 4793 5136
1903
2614
3590
3612 3611
3598
2614
2614
2865
230 2863 2139 231 3074 2325 230 4661 378 2344 5157 3687 3074 230 1355 1530 1025 534 1652 3436 2858 1227 3074 230 2139 230 378 5157 2517 230 3436 2309 2802 230 3436 6034 2144 1646 230 2139 1642 2391 2101 5157
3611
1523 4052
1348 1348 1348
2593 3621
3611
2614
591 1639 636
1348 1348 5424 1348 5167 1348 1348 1348 2958 2958
2614 3598
3611 3611 3611
2614
1348
3565 3565
3612
2614
3611
3611
1348
2614
3612
3598
5167 4618 3442
3611
3611 3611
1348 1348 4857 1348 1348 1348 1348
4098
3611 3598
2036 3106 3105
534 231 1025 610 1652 594 532 637 231
3613
5053
2614
3612
3565 2593
3615
6032
3620 3616 3616 5138 1978 3620 3616 3620 3616 3620 3616
3615
231 378 378 231
5056 6032
3598
608 1413 1530 524
1348 1348 1348 1348
3612
3667
1587 1587 2614
3612
3067 1496 4793 5219
3612
3598
1348
2614
3611
2593
3612
2593 2593
2599
3612
1903
3543 2595
3411
5482
5218
3611
3598 3611
3565
1348 1348 1348 1419 1348 1348
3613
1348 1348
3611
3614
3621
6032
1210 1207
1348 1348 1348 1348 1348 1348
1348 1348 1348 1348 1348 1348 1348 1348 1348 1348 1348 1348
2906 2758 1547
345 1611 343 1514 1514 343 343 1514
3611
3612
2022 5186
3612
3615
3565 2593
3123 5826
3565
3611
3565 6034
3618
3611
2163 6036 4793 2594 6034 2416 1509 2162
2576 3558
3910
3612
2603
3613
1348
3621 3621 3621
2908
6034 6039
2594
2563
3615
1465
3586
2630 1348
3756
3613
