3598
2916 2603 3067
3611 3598 3611
3598
1496 1568 1926
3565
3611
2959 2660 2957 2964 2416 2957 3756 2957 2958 2779 2855 2958 2845 2957 2964 2855 2959 5146 2779 2859 2868 3067 2768 3843 2855 4793 4794 2858 5146 2855 2959 2866 2416 1622 5932 2858 6033 5995
3598
2980
3598 3598
2070
3611
3612 3598
2325 2288 2039
3598
3613
3565
3611
3611
378
3612
2571 1906
2614
3611
3611
2614
3605
1575 1962
3612
610 1419 1530 1530
3598
1216 984 633 4435 3612 1866 3598 4882 840 984 766 1216 378 378 1226
3612
3611
584 2029 435
2594 3611 3616
3611 3611
2614 4875
3612
3611
3611
3598
3611
2614
3611
634
3565 3560
3611
3598
3611
3612
3611
3598
3598
3611
3611
1872 1920 3437 3437
3598
3598
3621 2256
3613
526 608 6039 2180 1506
3587 3601 3601
2593 5815 2560 2561 1867
3598 3598
3598 2578
1605 4880 1962 2010 5491
3612
2614 3611
3201
3598 3611
3598 2594
3611
1207 1102
2614
2989 2317 5527 5463 5510 1962 2315
3611
2593
1587 4880
2593
3612 2593
4740
3598
3611
3611
1355 3693 2357 3901 4594 3009 3010 4660 2802 3964 3029 2780 2029 6032 5187 1601
3598 3598
2808
1563
2265 3068 3420 3413
2595
3613
4858 2858 3177
3598
2265
3611
3611
3565
3612 3612
3611
1496 3543
3621
3598 3598
4097
3612
3612 1872
3618 3598
3612
5220 2325
3618
3611
5883
3598
2614
3612
1576 1496 1646
3615
2616
4983 2923 4601 3425 3435 2919 2314
2593
3611
3598
2614
3612
2614
3598
2731
3612
3612
3612
2243
3612
3612
3615
5534 908 984 2489 632 3410 1946
3611
4003
3586 3611
2593 2603
3611
4881
2614
3611
3598
3612
2594
4097
1872 2548
2509
1646 637 1646
3611
2688
3611
350 1664 330 1192 1530 350 1183 1158 1112
3611 3587 1497 2491 2393 5983
3598 2064
2614
3577
3621
2177
3611
3611
3601
2592 2596 2593 3598
2957 3756
4880 3413 2313
3598
3073 3598
2547 2593
531 3487 531
3612 2614
1926
3598
3612 2560 4444
3598
3598 3598 3598
3611 2028 5066 4740
3617
1646
2510
5039 2065
4194
3601
3598 2028 2020
3611
3611
3612
4858 2156 2232
2614
3611
3772
3612
5070
3611
5820
5065
3612
3598 3598
3611
3693 2455 1535 3388 2806 3394
2614
2465 1355 2650 5826
2156
3611
3622
3614
3612
3611
1622 5220
5803
1350 2617
1530 637
