1812
586 2715 5490
2907
4029
2084
2883
6227
1579
2883
2884
6218 3215
4029
703
4030
2884
2790 1972 5218 594 2189
3788 1507 5478 3814 3189
1783
2575 3780
2883
1819 703 1579
4030 4016
2884 6247
4029
4029
1782
2575 2306 3801 3782
4030
2883
2883
6802 1734 5207 1574 1970 5642 4334 5207 6802 2718 1717
3194 5810
703 1626 2313
4029
703 6559 6093 1812 491 673 1695 1695 6559 1626
2313 6263 6193 1770 6106
1979 1819
4029
2907
2904
1579 2527 1819 1579 1819 2527
2884
4016
2845
2265 2226 2745 3867 4164 3784 1637
4335 2588
4697
2883
2884
4030
3978
4016
4029 4030
597 1805 671
4030
2883
3180 4557 1812 5481 2717
4030
676 1579 1695
4030
4016
6804 6809 6804 6809 6809
1810
5388 6186 3991 4033
4030
4040
1812 1572 671
4030
4016
1507 2306 3784 6570 1733 5209 2694
1828 1626
2883
1705 2183 4623 4016
4030
3011
2904
3932
2838 2883
4003 4003 4003
4029
4040 4040
4029
1819 2307 2746
4030
5794 6800 3381 4030
4319 5698 2883
2403 2736 2290
4016
3784 5711 5877 4331 6687 2155
4029
2709 5180 2306 3806
3978 3978
3979
3788 5496 3549 5478 1507 2173
2883
2696 2148 2530 5794 3460 2736 2335
4029
1695
4029
4016 5503 2312
2893
671 1812
2904 4016
4029
4030
4016 597 671 649 2884
4030
4033
2313
5503 3219 5478
2883
2883
4005
4016
6218 2790 590 1812 661 1572
6803 2193 2709 1355
4029
4030
2311 3789 5634 3819
1936 3213
1979 2665 3226
2883
1695
2792 6143
2884
4005
657 702 649 1782 1652 384
2446
4030
1828 3831 2694 1828 3831 3831 593 3831 1828 1828 2091 2147
5478 2164 6687
1742 4557 260 5744
379 1638
3227 593 1810 1825 4016
2883
4016
2860 2837 3722 2861
1937 4421 3787 1932 3196
4040
2883
2907
3381
4030
2907
4029
4033
3426 2883 2766
4029
2857 5515
4016
2306 2792
4016
2884 4030
2884
2845 2838
5713 6558 5744 3256 6208
3978 2904
4029
3019 5181 5222 6263
2883
2904 2845 2091
4030
4016
1695 1579 5557 2883
4029 6116 4029
4031
4016
2884
4030
1579
1579 1729
3195 3552 5879 5879 3247 5810 3546
2907
4029
1642
5798 4285 4284 4030 2717 2713 5798
3974
2883
2884
2883
4029
4029
4016
2156 1695 6801 3782 2965
5697 3780 3781 2313 6802
4029
3191 3687 5218 3342 5215
495 5676
6249 5808 3323 3339 2218 2219 1778
4016
4016
4033
5622 3240 2884
2893 3991
6726
2906
4558 260 5662 5709
6589 6589 6589 6589
4032
2869 2871 2211
4029
2313 5713 4557 4016 3788 5635
4029
4041
703 2702
4034 4007
4029
2850 2884
4191 4191 4191 4191 4040
2907
1812 5478
4040
6682 1677 1700
2884
1828 1819 1626 1694
2660
3978 4029 3978
1642 667 593 499 1694 1272 389 368
2884
3189 3801
4030
2883
2884
4030
2527 5495 6222 260
4040
3953 2883
4016
4029
2886 4402
4030
1717
4030
4035
4030
4029
4030
4029
4030
2883 4031
4029
6547
4030 2883
3664 4319 3868 3324 2181
6133 4029
345 5764
4029
4016
4030
2094 2848
2883
4029
1742 3662 3659 5696 1507 2709 2577
1812 1828 5218
2884
3978
596
3782 5495 3426 3806
1819 703
5695 3199 5789 3601 2739 260 2667 2384 3345 6194 3603 260 2699 2699 3345 2718 5695 260 5789 2667 2384 3324
4030
4030
6727
594 596
3819 5711 2953 2933 596 5711
2084
1660 1660
3978 1812 1626 1825
4032
596 5708 590 593
4016
3254 4118 5714 5794
4030
4030
593 665 5478 1695 2310
391 5422 5422 391
2695 2528
4030 2838
2893
598 2699 657
5692 5692
5478
6196 3219 1507 5496 3426 3196
4030
2904
5453 3559 260 3310 3310 6558 4625 2838 260 2091 5794 6263 260 3558 6263 5794 6251 260 5794 4525 2193 260 3342 260 3310 5453 4525 260 3556 2587 260 2587 3556 3342
3298
2907
4035
5504 2091 2883 5478
2871
4016
2882 4030
2883
4030
2313 3560 588 2590 1626
260 3218
4029
4003
3295
2312
2891 2884
6803 2850 2130
2884 2845
2427 3188 1507 2696 2320 2534 1675
3427
4040
1579 703
4032
2746 5709 2306
4030
4030
2306 5810 5810 2306 260 2313 5810 5810 2313 5810 2306 5810 2306 2306 5810 5810 1507 260 2306 261 2306 5810 5810 2306 1507
2853 2845 2883 2861
3648 5404
3780 3781 5478 3194
3974 5810 2736
3427 260 1642
4030
5403
2918
260
2851 2857
4033
4030
6809
4041
4030 2853 2084
3214 5478 3012
3978
5166 5643 4016 4558
4040
3978
2747 1507 2943 6559
3426 2883 597
4030
2883 5501
3546 3548 2429 1733 5496
1810 3186
2883
2883
5877 5092
1793 5879 5879 1793
703 1797
2884
4029
1801
2884
4029
2696 3196 2091 1782
2907
1579 1828
5481
5499 2139 6682 4526 4068
5478 1695
