591 532 1634
3598
2614
2614
2614
3598
4027
3612
2614
3554
4881 2191
3598
3586 3612
4097
3616 3587
1563
2855 2964 6032 2958 2957 2317 2858 6032 1927 4737 2866 2322 2312 2864 2958 6032 2957 2951 2958 2964 6032 3068 2951
4793
3612
5552 3071
2614
6050
3611
2614
3612
2614
3598
3611
2614
2614
3618
3598 2614
3613
2593
3612 3598
3612
2614
3067
3598
2587
3612
1567
3611 2614
3598
3598 2614
3611 2614
2614
3615
3391 2858
2614
3598
3611
4097
583 1025 583 636 596 1413
2614
3029
3765
3612
2614
2614
1491 2434 3384
2614
3612
3611
2593
1295 1023 1329
2614
3598
3612
3611
1563 531 534 531 5456 534
3612
2614
3612
2614
3611
3611
2614
2614
2614
2593
2614
2614
2614 3614
3621
2593
3571
2614
3598
2614
3598
2614
2614
3029
2135
3598
3552
3598
4794
3611
3598
3598
3611
3598
3613
2064
3612
2594
3611
3612 2594
2614
2614
3618
3598
2614
3616
2614
2614
3612
2614
5927
3612
3598 3611
3565
1944 2344 3452
3598 2614
3756 2593
3612
3612
2614
2614
3384
3598
2614
2614
2614
2593
3621 3621
3598 2614
3611
2614
3598
2614
3565
2614
3612
4873 5221
2614
2614
3612
5418
2594
3891 2979
3575
3611
1348
2593 3598
3598
3611
3611
2070
3611
3612
4986 3105 230 5539 231 4980 5539 5055
2593
3612
4754 3611
3598
3598
2627
2592 3612
2614 3598
2982
1563 2674 3693 3691 534
3614
2614
3611
2614
3615
1646 1112
3612
3613
3611
3612 3577
3598
3611
2966
3621
3611
3612 2593
1348 1652
3612 3612
3611 2614
2614
3611
2614
1348
3612
2614
3611
2593 3612
3612
2858
2709 4795 1419 637 1419 5058 4890 1419 3526 5058 529 1637
2614
6004
3611
3611
3612
3598
3621
2614
2614
3524 1941 2614 2729 5527 2650 2046 2484 2265
609 231 637
3613
2070 4754
1348 1348 1348 1348 1348 1348
2960
3615
3611
5932 2894
3611
3613
5465
