4030
4005
4016
2881 4029
4029
1749
4030
2881
4030
4030
4035
4030 4532 2845 4997 4991
4016
4016 5814 2402
4029
4016
4029
3978 4016
4040
4016
5496
4029
4040
4030
4031
3978 3978
2881 6785 4030
4005
2312 4040
4030 2881
2855 4016 2881 3444
4030
4030 4016
2881
4030
4016
2482 1707
4029
4029
6768 1781
3978
3978
4029
4005
4029
4016
4016 3978 4016
2904 4016
4029
4029
2881 2845 5814 5798
4030 2881
3978
4016
4029
4016
3991
4029
4029
4030
4029
2850 6121 5395 6121 5387 2904 4029
4029
4030 4030
4030
4035
4016
4016
4029
4030 4016
4030
4030
4029
4030
4030
4029
4040
2881
4030 2851 2901
4029
4030
2904 5090
4030
4030
3968
2378 4030
4030 4034 2312 4035 5794
4030
4016
2312
4016
4029
4029
4033
4029
4030
4030 2881
2880
2312 5481
2936 2356
4007 2906 4007
2312 5481
4032
2402
4016
4005 5496
4029
4016
4030
2881
4033 2881
2881
4016 4030
4016
4016
4030
4030
4029 2313
4016
4031
4016
4030
4036
2313
4030
4016 4030
2881
4029
4029
2881 2885
4016
4016
4016 2136 2838 4030
4016
4029
3978 6801
6801 4033 4016
4030
4030
4029
2881
2888 4319 4319
4016
4034 4029
2851 4030 2850
4029
2312 5481
4030
4030
4032
3741 5149
4030 2881
6768 6694
4030
4029
6801 5810
4041
4029
4029
5798 4016 4030 2881
4029
4031 4016
4030
2893
4016 4040
4030
2766 6208 5496 3342 6527 6558 3342
4016 4016
6113
2893 1754
4030
4031
4030
3959
4016
3978
4029
4030
4029
402
4035 4030
4030
2313 6149
4016 4030
2313
4016
4016
4030
2881
4016
4030 2312
2794
2906
6801
2906
2838
2904 4030
4030
4030
4029
2312 5481
4033 3978
4030
4030
4029 4030
4040 1716
4016
2881 4029
4005
4030
4016
4036
2880 4029
4029
4016
2904
5481 2312
4029 2838 2881
4031
2904
4035
4030
2904
4030
4030 2312
4029
4030
4030
4532 4016 2881
2906
2306 4016
4029
4030
4030
2904
4016
4016
6219
2888
4030
4040 2901 3738 6121
4029
3978 4016
4029
4031
2906
4005
4030
4030
4029
2890 2881
4029 4030
4030
