1579 1695 3427
4016
2904
6733 2384 3471
2904 1498
4016
4016
4030
5511 1579 590
3215 5696 6559 588 2759 1695 6559 2181
594
1695 1579
4029
4029
4030
3262 2319 3866 2313 2206
4030
4030
4016 4030
3978
2904
4029
3978
1812 3558 6646
5354 3243 5478 3601 2306
1579 676
4016
1498
4016
4029
1754 1764
4030
3789 3427 3227 2168 3227 5879 3427 3784
2881
2663 3801 2173 1672 1507 3219 2261 2772 2663 2312 3219 2173 2904 3801 1507 2772
3978
4040
4029 2883
2908
4030 4016
1574 4338 5634 1971 2579 6802 2316 1971 6802 2035 2702 2696 2579 1714 4338 3426 6802 1971
2904 1752 1695 384 6559 1782
1770 3807 2313 702 5635 6263
1819 1825 702 1812
4031
4033
1812 1133 1695 2792
2904 4016
5878 5478 5879
2881
5666 1714 1664
2589 703 2325 1579 2772 4335 1828
3240 2310 2306 3241
703
2908
4016
2904
2932 3180 2667
2881
4016 2904
4029
1812 2312 5456
2883 4030
2594 1707 2174
5610
3969
2908 2840
2904
4032
3817 3426 2207
6804 6811 1807 6811 1807 2904 6811 6804 1807
6114
4029
3818 1707 5614 5218
2908
1498
1764 3982 1770 1764 1764
1715 6523
5678
4030
488 671 594 1807 671
4016
2908 4030
1810 1815
3254 3817 6806
2318 2893
5877 6559 3426
703 1828
3627 2572 3559
2904 4016
5344 2441
2883
2313
4030
659 1572 5708 588
4041
2908
6166 6217 6220 384 2376 1782 2313
4003 4003 4003 4003
4016
2908
5619 2207
4016
4030
5343 2883
4029
4030
1810
3978
3667 3681
1700 5478 2189 3801 3562 1507 6179 3562 5711 3801 1700 2189 5478
3806
3978
2904 4016
3338
671 1805 1812
2904
4033
5642 2765 1810 3547 5635 1825 1133
3840 4117 2579 3805 2575 5715
4007
4029
4005
3978
4029
4030
4034 4005
4016
2904
4031
594 1807 671
1783
3459 3263 3427
4030
6739
4029
2883
2491 5339
2904
1782 384
4016
2883 2861 4016 4557 4558 2263 2263
4030
5162 5049
2893
4030
2908 3978
4030
4029
4003 4029
5713 1579 3605 1729 6138 596 1828 3605 5810 5505 3605 1828
1786 5820 2908 2281
2904
4029
4030
4030
3215 3244 1638
4016
5501 2577 2576 2713 2736 2522 3789 2468 1507
1717 3227 3783 3784
4029
2904
4029 4029
4016
4030
2904
703 1695
4045
671 1133 1812 6099 6143 6104 6526 6093
1652
3978
4016
3660
2792 4117 5663
4016
2528
5836
4029
2164 1716 6751 3355
4040
3426
2908
4029
2409 1579 2410 1717 5397
4029
4031
2904 3333 2277
2529 2792 3254
4029
5181 2441 4376 2440 2881
4016
3978
3978
6504
4029 2085 6118 6116
4030 4016
4030
4031
4031
6524 6522 3128
4031
2908
1498 2904
4031
1579
2893
4030
3978 4030 4289 3309 4288 1133 2587 1729 1579 703 588 671 1133 1688
2908
4029
6801
4040 2908
4016
5505
4029
3971
4016
4016
4030
4016
2881
4030
4029
2904
2908
2904
3426 4865 2766
4016
4029
4030
3560 3829 3840
5798 4116 3783
3823 3868 260
3227
3785
1819 6089
4030
4029
2168 2313 3240
4035
3218 2590 3795 5478
2715 5343 1742
4349
2881 4032 669
6151 5502
2307 1507 1941 3789 4116 2663 1733
2904
1936 2307 2794 2790 3262
4036
4016
3985
3978
497 2313
3426
2893
3219 3815 3829 1507 3816 2307
2908 4016
3564 260 2736 3459
1579 6558 1694
4030
2881
6803 3237
2904
498 1825
4030
2908
4334 3785 260 2694
2881
4029
2908
4016
6801
6506
5671 3199 3818 3427
1819 2210 1699 5205 3801 1683 3789 6559
6223
2904
4525 5126 260 1699
2904 4016 4030
2880 3254 5698 2152
669 490 3214
4030
4030
1716 1649 3189
4007
2403
4030
1782 384
4029
2904 1498
2125
2908
3239 2798
4039
3298 3327
1697 1818
4030
5695 260 6214 6214 260
4035
3627 4341 260
2908
4040 4030
4029
6241
3236 3334 3240
2893 2384 3295 2965
2893
2427 6527 2313 3339
588 657 498
4040
6691 3356
2893
3304 5633 3213
4016 4030
4029
2970 2994 3047 2941 2766 2522
2848
6559 260 3793 6559 260 260 6559 3218 6559 3218 260 260 3218 2794 6818 260
6148
6801
588
2694 3789
4030
1579 596 1579 1579 590 596
6251 2313
4016
4016 2904
1629 3019 5794
5499
5422 1667 391 381 4016
3744 3362
2881
1812 2904 596
4030
6096 2266
4117 5878 4118 4030 1733 6801
814 1579 703
5692
1819 1819 1819 1819 1819
2715 260 3785 2577
4030
1498
4029
1717 5819 2736
5478 5504 2908
4029
1782 384 2904 1695 703
2908
4525 3310
4029
4030
4030
260 2572 3789 260 3851 5397
3866 3801
1717 1683 6739 4016 5478
4799
2904 2908
3244 6803 6803 3244 6801 6141
2908 2904
4030
4030
1812 657 1819 669
2904
2313
4040
2883 2908
3203
5676 3784
4040
260 1649 2589 2736 2171
2881
5478
4030
6804
2702 3244
4029
2881
1705 1703
1629 594
5348 1625
3195 1720 5478
6801
4003
4032
2908
2883
6113
5478 3667 2374 1793
4030 4030
2736 5387 5478 2736
2904
4029
2908
1652
1664 6099
4697
2313
1694 593
4526 2841 2840
2125
3328 2536
4035
1626 1828 703 1579 3256 3195
1677
4016
3327
2313 2881
703 703 1626 1626 4016
2405 5493 260
5369 260 5810 6196
4030
4029 4030
5676 2590 6823 2575 5306
5744
594 1626 588 596 5810
5617 5619 5620
3829 260 4783 5404 6147
2908
4029
4029
1498
4033
3556 2568 260 5250 4164 6687 260 5125 3784 2736 657 1695 1572
703
