4036
4016
2590 2590
4016 4030
4016 3991
4016
1656
4029
4029
4029
4029
4033 4016
4016 3978 4016
4029 4036
4016
4029 3978
4016
4030
2904
4030
2795
2904
4030
4173 4029
4016
4016
4016 4029
4016
4005 4005
4016
2904 4030
3985 4029
5708 1713 2575 1717 2588 5787 2589
4016 2904
4030
4036
2883 4030
4016
4016
4030
2881
4033
4030
4005
2904
4030 2904
4029
2904 2883 4030
4173 2893
4029
4036
4030
4016
4016
2904
4029
4029
4031
4016
4040
4030
4029
4029
4005
4016
4016
4016
2904 4016
4033
4029
6810
4030
2904 4173
4029
4016
4030 4016
4030 4029
4173
4030
4029
2883
4029
4805 4806 2904
4030
4029 4003 4016
4007 4007
4173
6810
4036
4030
4029 2881
3404 4016
2904
4007
4173 2904
4029
2893
4433
4029
