5166
5166 4875 2155 2614
3612
5167
5167
5166 4873 4881 3591 3591
5166
2418 3291 3262
5166 3598 5167
5167 3611
5166
3612
2618 3558
1413 525 605
2614
2614 5167
5166
3611 5166 3598
3621
3587
3598
3598
2618
3611
5166 3598
3612 2618
5167
4875 5510 3008 5167
3601
2070 1767 6032 1768
5166
5166
4858 5510
4794 3269 3278 4858
2618
3612 2070 5167 3611
2155 3552 2591 3598 5167 3589 2614
3612
3612 2070 4633 2916 5510
1901
5166
3621
1926 5415 5414 5425
5167
5167
2614 5167
3621
6017
3612
4875 4884 5167
5167 3611
2455
2590
2618
5167 2614
2618
3611 5166 2614
5166
5166
2614 5166 2232 2155
5166
5166
3611
3611
5166 4875 1500
3598 2201 5166
5167
5166
5166
3587
5166
5167 5510 1500
3612
2978 5166 3598
5166
599 1413 599 445 3612 599 626
2065 4890
1939 3598 2065 2618
3598
3612
4875 5166
3613
3612
3598
5166 984 378 1216
5166
5166
5167
5166 1911 3598
2618
5166
6032 2158 5167
1902 3598
5166 2156
5166 6032
5167
5167
5166
3384 3384
2591 2593 5166
3612
2587 5167
5166 3598
5166
3598
5166
5826 5166 4633 528 1952 4620 1466 5825 1530 2068
3612
5166
3614
5166
3613 3611
5167
4875 5166
5167
3565 2632 2618
1542 1489 1543
3611
2614
2618
1585 5491
5166 3598
3598
3611
3589 3612 3618 3598 3618 3589
5167
5146 5510
5167 2614 3598 2234 2177
2234 5166
2417 2155 1550 1741 2927 5070
1209
5166 1530 1639
4858 1549
5166
4881 5166 2190
3612
3598 3598
3612
2155 5166 2455
5167 437 1568 442 5166 1419 610 637
5166
3611
6032 2455
3612 2603
3598
3565 5166
5166 3598
2071
5167 4752 2040 5826
3612 3612 3598 3612 5166 4875 2155 3612 3612 3612 3612 3612
5166
3612 3612
3611
3622
3428 2892
2591 2918 3170 5001 2030
2614 5167
3615 3201
2170 4873
2579
5166 3611
3612 5166
1939 1551
3618
3611 5167
5167 3611
3611
5166
2455 5510 5166 5166
5167
2028 5554 2064
5510 3565 2222 5167
3611 4794 3611 5167 2618
3614
5166
3598
5167
5167
3565
3598
3611
5166 4875 3611 2592 2158
5167 2618
2436 2070 5974 3427
3598
3598
5166
2211 1500 5166 2071
5167
3612 2530 4567
5166
3598 3621
5166 4881 1500 5510
3598 5167
5167 3598
4887
3612
5166
4251 2158
3598 5166 3598 3612
5166 3611 2614
3598
3412 3698 2455
5166
3589
3612
1348 5166
5166 4875 4738
3598
2614
3693 2070 3692 5880 1939
5167
5167
3612
2614
2455 5510 5167
2548 2618 2608 3556 2618
5826
3611
5167
3611
3615
5166 2614
3611
1497 2082 4910
5167
3612 5166
3598
5167
5146 5167 4875 3598
3598 5146 1500
5167
3394 5166 5001 4875 2455
5166
5166 3598 1348
3598 5167
3611
3613 3601 3601 3613
5166
3598
3611
3612 3611 5167
3616
5167 2614
5167 3611 2155 3598
3612
5167 3598
2455 5143 5146
2618
2158
3612 2579
5166
378 984 378 3615
5166
2070 1419
5167
5166 2131 2489 2314
5166
5166
4794 5167 5220 5167 3612
2064 3435 3393
3611
5166
5166 5825 3598
3611 3611
3598
5167
5167
3598
6034 4875 5167
2614
5167
5166 2614
5166
2614
4986 3262 5419 6053 2865 3394 3277
2603
3611
3611
5167
5167
5166 3612
3587
3612 5167 4443 3612
3598
3611
5167
5167
3611
3611
5167
5167
3611
5166
4070 1768 2177 2904
5166
5167 2177 2234
1587 5166
3612
4988
3612
3598 4875 5166 5157 3591 3598
5166
2029 5929 3395 1956
5167
3611 5166 2614
3612
3612
5157 5166 1348 4875
5166
3612 5167
3622
5167
3598
5146 2679 3277
4875 5157
5166 2614
2614
5167
1507
5166
2614 3611
2618
3611
5166
4890 2919 2326 2077 2978 1355 2919 2077 5055 5055 1976 1355 2919 2455 2077
5166 3611
5167
3611
5166
2070
2863 5825
5167
2618 3598
3598 5166 5510 1500
5166
3598 3598
5166
3611
5157 2170
2591
3598 3598
3589
5167
2885 3068 5220 2892
5166 3598
5166 2158 5166
5167
2550 2575 2547 2571
3611
5167
3612
2618 5167
4794 5166
5167 3612 2616
3565 2614
2979 2894
3612
5166
3598 5166
5166
2614
5167
2614
5167
5167
5166
2614
5166
5167
5166
5167
5167 2618
5167
5166
3611 5166
5166
5166
2618
5510 2070 5166
5166
5166
2489 2071 5558 5501 5070 5489 5219
3612
1568
5167
1915
3557
3611
2603
2193 3598 4858
2614
2858 5826 3398 1355 1976
3621
1960 3467 5886 2952
5166
2614
3886 1567
3611
5167
4881 5167
6032 5167 2455
3612 5166
5007 5166 5007 3836
5493 5492 4778 1489
3068 5166 1630
1903 3565
3598 3598 3598
5166
5167
5167 2455
5166
3565
3411 2618 2509 4633
5166
5166
2614 5166 3201
5166
2071 2178
5166
5000 3885 1767 5464 4857
524 5167 3598 1666
3612
5166 3621
5166
2064 2860 3435
5166 3611
3693 3390 3692
4793 2070 2528 5072
3598 3598 5166 5167 3598 3598
5167
5146 1940 3565 2603
5166 3598
5166
3459 3479 3693 2434 2920 2591 3419 2344 5167 3452 1944
5167
5146 4490 1985 5066 2780 5028 3068
3611
5167 2158 3565
5166
3612 5166
3612
3622
5166 3598 2614
3755 2958
3612
2156
3611
5166
4983 4740 5219 5189 5834 5025 3612
4875
5166
3612
2071 5166
5166 3598
2071 1587 3413 3432
3611
5166
5166 2614
3598 5167
2618
2071 3598
5166
3621 2569
3611 3598
5167
5166
3598
5167
4873 5166 2196
5166
5166
5166 5167
5167
3611
3598 3618 5166
5166
5825
1492
3412 2426 3403
5166
5510 2455
5166 5510 5220
5166
2350 2398
2028 2596 2618 2593 5166
2070 3611
3611 3565
5167 4875 1500 2614
5167 2070 5510
5166
5166
5960
1567 5167 1355 2860 2323
5510 5167 2070
3598 2431
5166
3611
5167
2591
5166
2614
3413 4274
3598
5167
2177 5166 2455
4873 4875 5166 5166
3613 5166
5166
3611 3611
5166
3613
361
2614
3611
2618 2028 4009
5166
5166 4875
3598
5166
3617 3617 3617 3617 3617 3617
5167 3598
3598 5166
3598 5167
5167
3598
5167
5166 4858 3598
2614
584 1639 5505 3068 3598 5167
2474 5167 2426 2919 3598 2065 2438 2395 2455 2901 2770
3612
3612
5932 5157 5166
5166
5167 3598
3598
3616 5166 2614
3612
3612 2614
5166 5143
3612
2614 3598 5166 2234
5167
2424 1478 2455
2270 1646 1419
2064 5191 2865
4875
5167
1888 2591
5166
2865 5166 4045 2979 2864 5825
2618
2614
5167
5166
5166
3612
5166 5167
3612
5167
2614
5166 3611
5166 3612
3598 4858 5166 3598
3465 1990 1223 3391 2022 1475 5070
5070 2082 5166 1965 1355 5166 1466 3886 2325 1355
5167 2614
5167 2614
2614 3612
3693 4883 3184 2455 2865 1542 1355 5167
2071 1568 5065
3612 4875 5166
5166
3391 5493 4873 1548 2416
4875 2070
3741
6103
3598
3615
3468 5166
3598
3611
3598 3598 3598 3598
3612
5166
5166
5166
5167
4873 4875
5167
1348
3611
3621
3565 3598 1940 5166 2455
5166 605 1025 583 2065
3613 5167
5166
5166 1348 3598
3598 5220 2158 3612
5167
3388 2028
3611 2614 3611
2193 5166 2158 2614
3612 2614
5166 5135 5510
3598 5166
2416 5510 2864 3067
2614 3612
3598 3598 5167 3598
3598 5166
3067 3266 3267 2071
5166
5166
5166
5166
5218 2885 2858 2438
3565
2528
4278 1489
3029 2020
2603 5167 2614
3612 1469 626 1639
5166
3374 1582 3067 1516
3611 5167 2232 2156
5166
3565 3615
5166
3612
2924 2417 3885 3437
5166
1348 5166
5167 2618 3612 5809
6052 2864 5432 1542 5166 3598 2614
5143
3598 5167
3617
5166
5166
3589
3598 1530 1655 1419
5166
5166 5932 3598 5510 2614
3612
5166
5167 4875 1419 1551 2163 2162
3598
5166
2483 5166 3612
5166 2608
1637 524
3858 3861
5166 4858 4875
5166
5166 2614
1610 6004 1610 5167
3612 5166
5167
2614
5167
5977 5793 1613 2614 3391 5074
2455 2614 5166 2155
5166 2455 5510 2603 5166
4875 2614 5166
5167 3598
1648 1530 2071
5167 2614
5166
3571 2618
5166
3615
3598 5167
5166
2618
5510 2070 5166
5166 2192 3598 5507
5166 4097 2614
5167
3587 3617
3601
5167
3564 2591 3579
5166 2614
5167
2234 5167 4875
977 906 1216
3611
5166
5166
3618 5166
3612
5166 2614
5167
5470 4881 1500
5166
3615
3618
2618 6039 2614 2455 3598 5166
3591 5166
983 5166 632
1976 3390 5025
378 1207 1920 4253 5166
2614 5167
5166
5166 3598 3611 3587
5166 2614
3053
3611 5167
4875 5157 5166
5166
5166 3611
3612
5167
4873 2614 5510 3598
3612
5166 3598
3598
5166
5166
4881 2155 4858
5167
1530
5166
4873 5166
3611
311
3611
5166
5166 4875
5166
3394 2029
5167 2614
3598 3598
4278 3411
3612
3598
3598
3612
6032 5166 3612
5166 4858
5166
5166 2614
5166
5167
3436 2904 1548 4635 3434 3423 4858 2431
4717 4717
3611
5167
5166 2614
2614
3612 3612 3612 5157 1939 3612
4875 5166 3612 3565
2614
2614
3612
3621 5167
1530 3068
3598 5167
5167 2155 2234
2455 5166 4875
3612
2614 5166
5167
3598 5166 3612 2618
5166
2614 5167
5166
5143 5166
3412 3423
5166
2593
3598 3598
2455 5166
2591 5167 3565 3612
6035 6042 6042 6035 1635 6035 6042
3612 2614
5167 3612
437 1494 4879 3465 2065 5218
5166
4046
5166
3611
3612
3611
1926 5166
4633 6032 2025 2155 3245
5167 5167 5167 339 1140 2476
5166 5167 3068 3598 1955
5167 3598
3611
2109
5166 5220 2199
5166 5166
5167
3589 2455 5510 3589
5167
6038 5166
5166
3621
5167 2593 3598
3598
5166
3612 6032 5167
5166
3598 5166
5554 5498
5166
5166
5166
3590
5166 2614
5167
1940 5167 2234
3611
3598 5510
5166
3612
5166
5146 3157 3172
5166 3611
5220 4794 5166
2590 5166
1902
3612 5439
3611
2158 5826 2232 2426 2865 5024 1355 2886 5826
1478 1480 5166
3565
5166
5167
3612 5166
3611 5166
2590
5167
5167
5166 4875 2614 2234
3611
2614 2618 3598
3598
5167 3598
2232 2270 2230 2232
915 1023
5166
5167 5825
3621
3612
5167
5166 3598
4835
3587
916 3402
5166 2618
5167
5166
1348 382 5146 1348
6041 3621 6034
2070
5167
4785
3611 5166
5167
3622
3589
3598 5166 3611 3598 3598 3598
5166
5167
378 378
3613 3613
2614
2614 3598 3612 5167
526 4866 532
5166
5167
5166 3612 3611 2614
5167
3612
5166
3612 5167
2222 2158
2905 5024 2919
5167
5167
5492 4821 2437 5167 4835 3612
2561 2560 5907 2614
2845 2849 2023 5460 5008 2418 2424 1944 3419 3395 2855 2994 5826
4299 5166
5220 2614 5167
3598 4875 1500
3612
3598 5166 2614
3598
2614 3598
2614
3611
4278 3598 5167 4795 3466 5146
5166
3618 3617 3617 3617
2455 5932 4873 1530 1419
3598 3598
5166 3598
3586
4881 5166
3598 2614
5167
5166 4875 2614
3598
3284 3173 2927
5166
3611
3068 3693 2919 1992 2314 2849
3598 5166
5167
5166
3598
3611 3598
5166
5166
3565 5510 5167 2222
3068
5167
2614
3741 3598
3615
5166
5166 3598
5166
3565
2557 2578 2618
3598 2150 3598 3598
2614
5166
3611
5166
5510 2070 3598
5167
3611
5167 983
6032
5166
5186 5932 2863 3067
5419
3598 5167 2614
3611 2614
3565
3612
5166 4873 3591
5166
5166
3565
1646
2417 2028 1355 6033
3611 3611 3611
3615
5166
766 378 231 378
6004
5167 3621
3587 3587
591 626 531
5167
5167 3598
3614
3611
3388 5466 3067
3622
5166
599 1413 5000 5534 531
4875 2070 5167 3598
5167
5166
2455 1576 1500 230 5527 5219
2591
5166
3612
5167
3612 5167
5167
5166
5167 3598
3612
2614 5166
2509
3598
3598 2618 5167
3598
2128 5167 5776
2614
3621
5166 3612
5166 5143 4875
3565 3565
5167 3612
5166 5143
5510 5166 5161
3598 4858 5510
3598 2614 5167
5166 2614
6032 4873
5166
3611 5166
3598 2614
5166
5166
3615
3612
5051
5167
2865 5007
2317 1496 5166
4391
4875
3611
3615
3598
3611
5166
2591 3611
3612
3598
3189 3068 4986 5167 2069 2389 4036
3598 5167 2614
2614
5166
2455 5157 4884
5166
1634 2982 2919 3177
5167 3598
5167
1939 2065 5167 2614 5166
5167
3612
2593 3598 3611 5167
4350 230 5539 5539 230 230 5539
5166
5510 5157
5167 3611
3598 5166
3598 3589
5166
5167 5167
2618
3611
5166
3575
5166
3565
1992 3452 1568 1211
2855
5166 2437 2193
5167
3611 3598
2618 3621
3598 5167
3587
3598
1355 3393 3891 5501 2979 2418
6041
3741 3615
3598
3612 3612 5167
5167
1940 4794
3611
5166
3598
3612 5167
3612
3611
3617 3598
5166 5166
3621
3617 3616 3617
984 984
5166
1902
5167
3598 5167
2437 4794 4890 5167
5167
4875
3611 3611
3614
5166
3598 5167
5167 2065
5166
3621
5166
2155 2239
4875 5166
532 600 626 442 608 5166
5167
5167
2158 5167 2424
2614
5166
5166
4623 5146 3598 2858 5071 5166
5166
2512 2317 4741 4009 5188 5007 3394 5825 4872 1413 534 5007 5187 1550 1025
3612
5167
2614
3598
3611
1585 1550 1550
5166 2614
5416 437 5418 2065 444 2029 1494 1652
2782
2065
3598
5167 2614
5166 3598
5167
5167
3612
3611 3611 5166
5166
3612
3613
3611
1222
3612 5167
5166
2071
5166
5166 3598
5166
5166
2614 2455
3611 3611 3611
5166
5166 2614 3565
2614 5166
4875 5166 3598 5436 2587 4805 3567 4805
3611 3611
3611
5166
4187
5167
3598 5167 2201 2221
5167
5166
3598 5166
1348
5166
5166
5167
5167
605 1469 599 445
3614
5167
1413 1637 597 1639 1635 2331 2032
5167 3598
5166
2614
3611
3565 3617
365 384 1562 388 1082 1073 1561 633 378 766 633 1207
3469 2105 5166
4794 4875 5166
5166 5166
5166 3621 3598 3598 3598 2512 3488 1955 3401 4882 2076 3400
5166
5166
3598
5166
3598 5464 4858 4874
1768 526 5072 5055
5166
3611 3611
2614 3598
3616 3617
5166
5167
5157 2199 2614
4875
5167
2614
3611
4874 1567 4738
5167 3598
3598
5166 3611
5166
2614
3611
5166
3611
5167 2394
2455 5166 5510 5166
5166
5166
5166
5167
5166
5166
3589
5167
5166 2155
3615
5166
3598 3612 5166 2591
2070 5510 5167
5166 2155
598 605 637 532 1469 442 637 1652 599
5166 2192 2158
3621
5825 1497 1530 1558 4866 5167
2618
1223 5071 5070
5166
3611
5166 4858
2614
3427 2860 5157
5167
5166 5166
4883 4765 1993
5167
2156 4875 5167
4876
6032 5167
5167
4875 2614 2204
5995 1645 3068 5829 1530
2614
5166 2440 1551 3598
5167 3598 3598 3598
5166
3598
3612 3611
5166
5167
2232 5167
608 626 532
2325
5440 2455 2562
5166 2618
3598
5166
3068 2321
2614 1989 5167 1492 1992
5167
2614
3598
4874 5166
3612
5166 2070 2614 2618 3598 2070
2859 2455
5167 2614
2641 2780 2139
3598 3621 5166 3621
5167 1348
3621
3598
2614
3611
5166
3611 5167
5167
3598 2614 5167
2591
2591 3615 4881 4881
3598
3612 2076
5219 2488 2894 3183
5166
5166
2455 5167 2434 3612
5510 5167
3598
2859 2065 3598 5427 4882 2614
5167
5166
5166
3612
5166
3586
5166 2455
5166
5166
2028 3989 4893
4890
5167
5166
5166
5166
2614 5166
5166 2865 2982 4871 2232 2418 2455
5510 5143 5167 3598
5432 5166 4875
5166 1666 605
5166 3598
3615
5166
1489 1601
1348 4881 5143 5167 2614
5166 2455 3558 4881
5143 5167
3068
3611 2178 3587 2156
3598 1348
3611 5167
2325 5167 2029 3598 5867
5167 3598
3612
2614
2618
5167
5167 1348
5166 5167
2618
2614 5166 3598
4875 5166 6032
2603 3615 1768 1511 2455 2315
5167
5167 2070 2155
3612
5167
1348
3598
4875 5166 2614 5854
3611
3611
2199 5166 5507
1639 602 636
3621
5166
5166 3589
3612 2614
5167
5167
2155
5166
5166
3612 4046
5166
5166
3613
5166 3598
3598
5166 2114 2114
2155 2455
5167
5166 4875
5167 5510 3598 2155
4881 5166 4859
2455 3391 3734 5932
2571 2587 5166 3598 1901 2587 3621 2570 3082 4875 3621
590 525 529 1413 603
1635
3598 3598
2591
2082 4708 4278 6048 1355 5778
3612 3598 5166
2614 3598 5167
5167
3621
2614 3612
5166 3565 2549 3598
2860 2318 2222 3689
5166
5166
5166 5071 2614 345 1611 4765
5792
5167 6032 4875
5167
3612
5166
1413 2916 2321 5166 1626 1742 2916 1413 3176 1626 2916 1956 2916 2318 2916 2329 3176 1355 1944
3617 5167
5167
5166
2324 2323
3598
5166
5166
3613
3612
5166 4875 3598
3612
5167
5166 3598
2603
3612
2614 3598
5166
5167
5166 5166
5166
5166
2455 1939
437
5166
3598
5166
5166 3598 3612
3838 2326 2464
3566
5166
3612 5167
5166 2614
230 2651 4872
1500
5166 4875 2455
5166
5510 2455
1419 1530
5166
4882 2455 5166
3565
5166
5167 5909
5166
3612
5166
2614 3598 5166 3598 3598
4893 4895
2894 230 5825 2313
2166 5166 2204 2166
5167
5167
2614 3611 3611
5167
5510 5167 3598 2455
3612
3611
2298
5166 3598 3598
2905 5166
3618 3618
3598 5166
5166
3611
4046
5166
5166 2614
5166 2614
5166
4875 5166 2614
2196 2170 2171
5167 3598
5167
5166 2153 5157
5166
3618
5166 5166
3611
5166 5167 3611
3741
5166 4875
5167
3591
3612
3612
2591 5167 3598 4881 2618
4820
5166 3611
3615
2618
3611 3598
3611 3611 3611 3611 3611
5166 2614
3419 2273 3395 2071
2614
5167
2158 2218 5166
5167 5510 2927 3435 3698 5834 1355 2064
5166
5167
2455 5166
5167 5510 5143
5166
5776 3615
5166
2614 5167
3598 5166 3598
3598
1355 2859 5070 2064 3172
3612
3598 5166 3612
5510
5166
4985
2614
5166
3598 3598 3598 3598 3598 3598
5166
3834 3840
5167
5167 3068
2809
5166 3621 3598
3612
5167
2859 5025 3386
5166
2905 3411 2071 1960
4875 5166
5166
4784 230 1867 4875
5167
3613
3411 6035 2331 1355
3611
3611
2313 1930 1952 3411 2417
1926
1419 1646 610
2064 2614 1939 5166
2614
5166 2163 2455
5166 5793
5167 2558 2614 1903
5166
2591 3598
3013
5167
5166 3612 3598
2065 5510
5166
5166
5166 2070
5166
3589
3612
5167
5167 3612 2614
3612
5166 2614
2567 2555
5166 3565
3611
2455 4875 5166 3598
3598
5166
5510 5166 3598
3598 5142 4858
5166
5166 3611 3598
5161
1873 2618
3067 5167 4759
2163 5143 2969 2434 2158 5166 1964
3611
2317 3175 3419 2317 3175 3394
5166
3611
5167
5166 2455 4875
5166 5166
5167
5166
3598
5167
5166
5166
3598 2614 5167
3587
2155 3612 5166 2618
3621
5167
2916 1496 2864
3565
1675 1413 1637 2158 3350 1867
5166
3611 5167
5166
5166
5167
3598
3598 2234 5166
3541 5167
5167
5167
5166
5166
5166
5057 5166 3598 2069 1543
2177 5166 2155
2155 4858 3598 5167
2614
5166
3611
5166
2858 5186 3419 4858 2978 2883 1939 3224 5930 3394 5055 2474
3598
2618
5167
5167
3565
3612
4873 2204
3598
3587 3598 1622 5166
5166 1500 2455
5167
3598 5166
3612
2618
5510 5167 2155
2860 2436 3068 3385
3611
5167
5166 3598
3923
3612
3598 1873 2064 2064 2512
5510 3598 5167 3598
4858 1940
5167 2614 3598 5157 5143
3611
5166
5167
5166 5071 1551
5166
5166 1956 3172 5218 3390 3506
1581 1576
5166 2614
2591 1551 2618
3612
2593
5166
5166
5167
2155 3598 5166
3565
5166
5167
2065 5166 4875 3598 5166
3612
5166
3611
1466 1466 1646
5166
5166 3612
2234 5166 2177
5167
5167
3598 5510 5166 3612
5167
5166
5166 2155
3565
6032 5167 2155
5166
3614
2455 4875 5166
2614
5167 2155 5146 2982 5146
3598
3612 5166
4875 5166
2614
3598 5167
2313
5166
231 633 1492 230 2892 2904 1355 4988 3697 378 1210 231 1210 1222 231 1222 231
5514 1488
5166
2614 5167
5167 3565
3612
5167
5166
3598 3598
4880 5166 230 634 1530 231 445 609
1509 5418 3974 1518 3598 5426 5431
3598
2618
5166
5167
3612 5167
3697 5167 2434
5166
3437 3074 5166
5166 3598
5166
3598 5166
2614 3992 5167
5166
3612
5166
5166
3622
3598 2614 5166 3598
5166
3611 2614
5166
3621
5166 5510 4875 5166
5166 2614
3611
5166
5166
5166 4875
5166
5167
4858 2849 6053 4988 2421 2326 2760 6025 2139 2849 4858 2760 2326 4988 6025 2723 4070
3598
3611
5166
3612
3598
2614 2591 3598 5166
3565
5166
5166
5167 3621 2455 2156
3598
2614 5166
3589
2593
1355 3067 1480 2916 3411 1355 2923 3067 2865 5166 5967 1500 2957 2440
3611
5166
5167
5166 4875 3591
5167
5166
3611 5166
378 1217 1215 984 378
3612
3598 5167
3598 5167 2614
5166
5167
5166
5510 4740 5507 5156 5166 2857 2071
2090 5527 5167
5221
5166 2064
2155 2070 5166
3171 4839 2892 2455
2591
2071 2509 5167
5166
3611 3598 5166
3559
5166 2581
3598 3558
5166
5166
3612 3565
5166
5166 2618
2603
2618
5834 3176 5829 3428 230
5166
5166
4875 5166
2028 3587
583 2436
5166
2614 5166
3612
3598 5166
5167 3614
3612
5778 5522 2071
2618
3612
5504 5167
5167
5166
3611
2614 2591 5071 1223 5167
5167
5166 3613
584 4881 435 532
5167 3612 3598
3888 5218 5166 5218 5218 3648 5218 2614
3598 5167
5167
3598 3611
3612 3612
4046 1914 2569 2571 2613 2611
2618 5167
3611
5167
4881 2455 5166 3598
5167 3598 2614
5166
5166
3565 3612
2603 3611
3601
3612
2065 5071 5167
5166
2591
3612
2455 2614 5167 1551
3612 5166
5167
5166
5167
5167
5510 2065
1419 1530 637
5167 2904 5057 3173 4070 2455
5166
1355
5166
5166
3591
3621 3612 3612
3612 5166
4895 2859 5167 3598 6034 3437
5166 3620
4881
3612 2455 5510 2614 5166
5167 2560 2562 3598 2644
2025 5825 2023
3565
3068 230 3170 5569
5167
5167
5167 2155 2234 3598
2455 5167
2156 5166
3614
2071 361 3622
3614
3613
5166
2591 1603 1603 4781 3598 2575 4778 1603
5166 2603
3565 5166
5167 2618
5166
3611
2614 4858 5166 2156
3598
2071 1576 5166 4794 3291 1355 3277 1511 5529
4875 5157 1480 2004 5166 2356 3976 2004 3598 1480
3587
5167 6032 4875
5167 1477 3598 2611 3068
3565
3611
3598 3598
4890
5167
5166
5167
5932 5161 5166 5157 3880
5167
5167
2590 2156 5166
5166 4858 5221
1639 2455
3612
5166
3618
5792 2548
5166 2156 5220
3611
2234 5166
2618
3611
5166
5166
5167
4875 3612 5157 1348 5166
2591
5166
5167
5166
5166
3611
5166 5166
2155 5166
3611
5166 4875
2065
3467 4983 2064
5167 3612
1939 4881 5166 3621
3612 3598 5166
5166 3598
6032 4873 5166 5166
4861 3598 4875
3611 3598 5166
5167
5166 3971
2436 5166 3598 2434 5167 3598
5167 4873 3611 3598 4875
3598
3613
5166
2618 5167 4874 3565 6032 2155
2744 3398 1992 2020 4873 2431 5932
5166
2614 5166
4873 4875
3611
3621
5166 3598
3611
2603
2591 5167 2591 3612
2064 5507
5161 5510
2614
3613
3612 5167 3598 3598 3598 3598
3621 3612
5071 3746 2689 2937
2316 5167 3613
2455
5166
3598 2455
5166
2614 5166
5166
2614 5166 4861 4875
2070
3611
5166 3598
3598
5167
3611
2614 3611
5038 5166 5038 3612
3612 3612
230 2744
3611 5166
5166
3598 5167
3617 3611
3621
5166
3612 2990 4046 2569 2591 3621 3612 3598 2618 2569 4046
5166
3559
3565 3601
3611
230 5558 2491 1216 231 5157 230 4794 2491 5569 5489 230 2488 1985
5166
5167
5166
2434 2438 5880 2323 2429 3888 3612 3841 5132
3611
3611 5166
3598
3611
5166
3589
3612
5166
3613
3612 3612
5166
5166
5166 3598
3587
2569
5166
2614 5166
3611
5166
3388 2916 2865 2918
2561 2560 3598
5167 4835
5166
5166
2614 3612
5167 3615
5167
4873 5167 1500
2232 4858
5166
5167 2614 3611
3621 4784 4961 4054
3598 2234 5166
3612
5166
5166
5166 3598 2614
5166 2982 2858
5166 1563
3613
4875 5166
5167
5166 3612
5166
5167
5167 3598
3612
5167
3611
2591
5167
5166 4875
3611
3598
3612
2919 2396 2028 4070 2969 3412 3693 1767 4857 3432 2988 5789 2029
4875 2618 5157
3598
5167
5166
5167
5166
3612
5166
2618
2608
5167
5166
3885 3068
3067
6032 4794
5166
2555 5813 5816
5166
5166
5510 3598 2614
5166
5166
2201 3598 5167 2234 3598
2070 5510
5166
4761 5143 2314 5166 2222 2968
5166 2614
5166 3611 3598 1500 4858 3598
5166
5167 3598
2177 5166 2234 3612
5166
2591
2614
5166
5166
3598 5167
5166 3621
5166
5167
3598 5167
5166 6032 4875
2614
3892
3612
3598 3598 1902
5166 3598
2591 5166
3612 5166
5508 3394 2455 3395
3613
3615
1509
2618 3622 3598
3621 2618 2618 3621
3612
5166 3598
3611
5167
5167
5166 5166
5166
4881 5166 2170
5166
2455 5166
5167
3611 2614
3611 3598
3611
5166
2618
3612
5167 2614
3612
5167 3598
5166 4875
3370
3067 5025 5166 2023
5166
2614
2614 5167
5167 2163 2156
2238
3612 5167
3611
3616 3587 3616 3587
5167
5166
3621
2614 5166
5166
3612
3598 3598
2455 5166 3612 5167 3598
5167 3611 3598
5166 3611 3598
5166
3612 3621
2995 4858 2960 2857 5167 3598 3836 1952 5146 2919
5167
3598 5167
5166 4859
5166 5167
5166 2455
2616 3611
5166
3611
5146 5167
5167
5166
5167
5166 3598
231 1227
5166
3611
3561
2618 3598 5166
5167 3598
3611 3611
5166
3612 5166
5167 2614
5167 4875
5166 2618
3235
2591
5167 2455 2614 5510
5166 3598
5166
3598
3611
3611
3598 3598
5166
5167
3598 5166
5166 5166 3067 3068 3067
5166
5167
4821 2559
1348 5166
3611
3598
5167 1348
5166
3621 5167
3611
3611
3612 3598
2618
5167
3419 3007 3394
3574 2265 2923 2287
5166
5166 3598
5166 4875 2618
5166
4875 5166
3611
5166
5167
3598
3598
3612 3611 3598
5166 1227 1325
3621
2593
3612
6034
2618
3621 3598
5167
3611
3611
5166
5166
6032 5167 2234
5166
5167
4875 5166
5166
3611
230 1329
3617
2618
3225 3282 230 3283 5218 230 3405 230 3277 2864 3405 230
1530 532 591 583 1530 444
230 1508 3970
3611
5166
5166
3614
5166
3598
3611
1962 230 1543 1492 1741 2071 230 1492 5220 1543 1741
5166 2614
3611
378 378 231
5166 4875 5166
2614
3598 2731 4779 5883 5167
5167 3598 3611
3612
1493
5166
378 378 230
5166
3598
3616 3613
5166
3598
5167
3598 2591 3565 3615
3598 5166
2901 4986 1955 3465
2614 3618 5167
3618 5166 3598 3618 3598 2070
2618
5166
2618
5166
2957 6052
3612 3756 2036 2879
3615
2512 1939
2614 5167
2614 5167
5804 5166
5167
2614
5167
5464 2591 3598
3469 230 3469 2071 3402 1355 230 2683 230 3413 230 4119 4275
1470
3612 3598
3611
3598 2614
3612 3565
3611
6032 5166
3587 6048 2885 4618 5065
4858
5166 3611
5166 3598
3611
981
5166 2618
3612
5166
5167
3598 3621
5166
5146 5167
3614
3598 5166 3390 5146 4887
5166
5166
3598
4878
5167
3621 2593
5167 1348
231 378
4635
2879 2897 5825
3612 5166
3598 3556 5166
5167
5038 2064 230 2178
5167
3340 3335 2560 2591 1906 3598 5167 3598
5056 3577 2177
4794 5166
3613
5166 4875 3598
3565
5510 5166 1348
5166
361
5167
3590
3612
5166
3611
2489 5033 5166 3598 3598 3598 3598
5167
5166
5166
3735 2318 2850 5039
5167
3622 5167
5166 2455 5166
5166
5166 1348
5167
3612 2177 5167
2596 2618 3612
5166
3598 3598
3611 3598 5167 6032 4875
3611 3611
3612
3598 3558
5166
1873 2548 5166 3598
5166 5166
5167
5166
3618
1348 5166
3612
1465 5167 2590
5166
4859 5166
2070 5826 3886 3076 4858
3222 1355 4910 5932 4875 3067 4895 5510 2046 2864
2455 2070 5167 3598
5167 2614
2614 5166
5166 3615 3614
5166
3598 3598 3621
2628
5167
3068 2156 5166
230 4985 4268
4875 5166
2562
5166
3565
5167 3598
3611 5166 3611
1656 1656
5167
5166
1413 1652 534 5166 1927 599 1639 636 1413 1927 1639 591 1147 1530 1187 350 330
3587
5166
5167
5166 3598
3612 2603 5166 2614
2455 3598 2437
2614 5166
5166
5167
2455 2155 5167 1587 2591 1600 5167 2611 2613 1587 2028 2028 1587
5166
2431 2434 5166 3598
5166
5167 3611
3620 3618
2614 5166
5166
3601
3598 3598
3598
3612 3601
1419 1530
5167
4875 5166
3612
3598 5167
3598
2618
1911 2614
2614
5166
3611
3598
3598 2455 2417 4857
3615 1873
5166
5166 3612
5166
5167
4875 5166
3598
2614 5167
2863 2495 5167
5167 4794 2155
5166
2618
3611
3598
5166 2455
2581 2579
5166
3541 5166 3598
3172 230 3413 230 4910 3172 5056
3611 3612
3581 2612
2894 5166 2025
378 2271 5057 1962 230
3598
3611
1940 3611 4858
2614 3598 5167
5166
3611
5167
636 3068 1634 1666 442 526 1646 606 594 230 1469 1652 1025 526 1025 626 1413
3612 3612
5167 2155
5166
5166
2155
1576 5219 230 2510
6032 5167 5167
5166
5166
5166
3598
5167
5166
5167 1902
3611
3611
5167
2614
5166
2591
5167
5166
2614 5166 532
3611
5166
3598 5167
2614 5167
4875 5166
3598
3621
2614 3598 3615
5167
5166 3598
3612
2865 4866 1520
5510
3612 2591
5166
2596 2614 5166
5166 3598
5167
3612
4873 5166 1516
5166
231 1222 1496 231
3611
3598 5167
5167
5166
5167
2591 4600 2064 4094 2614
5166
1652 435 1666 230 2277 2240 230 2273 2071
2426 2430
5166
5167
5166 1530 1635
5166
5166
2476 1932
5166
2614
5510 5166 1551
3612
3611
3067
5161 5166
5166
5166 4875 5157
2614
5166
3598 4875 5166
5166 4873
5167
5166
5166 3598
3611
3611 2614
3611 3598
2618
3601
2070 5510 5166
5166
5167 3613
4875 5157 5166
3615
5166 3598
5166 5157 4875
3613
5166
3565
5166
3598
5166
2614
5157 2158
5166
5166
5166
4875 4858
3612
5166
5167
5143 2076
3613
230 2490 5510 1940 230 6051 1940 5510 1932 5569 230 3854 5507 5098 230 5510 230 3876 4132 2495 1932 5527 230 2507 5071 1223 230
5166
3612
5166 2614
2222 5167 2158
4875 5166
5166 605 402 445 3621 605 437 5167 437
2601
3598 3621
5166 2614
2155
5166 3621
3598
5167
5166 3591
4793
2618
5167 3612 3598
4986 5470
3598 5166
5166
5166 2155
5166
5166
6032 4881 5166
5167
3598 5166
2614 5146 5166 5219 1518
5166
5166 4875 4875
5166
5455
5166
3621
5825 5167 3598 3598 2614
5166 2234 2201
3598 3612 3565
3598
3611
2614
3612
3565
5166 2193 2192
3611
1532 610 603 1466 634 1652 1655
5166 3598 4873 2614 2158 3611
3598 3598 3598
5056 3391
5167 2614 3067
3611
2614
2603
5166
3452 5166 3394
3411 5070
2603
2618 2603
2618
2614 5166 5510 4875
5220 3611 1500
2455 5166 5166
5166 4875
5166
3612 5166
6035
5166
5166
5167
4740 3611 2706 5793
5424 4857 5181
3611
5166
5167
5167
2548 5166 3598 1623 5166
5166 3903
3565
5167
3611
5167
5167 4875 5167 3598
5166
2618
2314 4877 2155
3612
5166 4875 5157
2997 2481 3068 2705 3737 2997 3737 2904 2705 3068 2314 4884 2997 3068 3598 3524 3524 3524 3068 5157 2555 2618 6032 2904 2318 2705 3524
5166
4859 5166 3565
5166
4858 3611 5166
5166
5166
2616 2618 5090
230 5534 230 3797 230 230
5166
2603 3741
3612
5166
5167
5507 2234
4097
4858 3598
5166
4268 1975 2330
5166 3598
2192 2455 3067
437 444 6032 402 3622 5166 524 437 526 444 402 437 636 3598 2892 2892
5146 5506
5167 2324
2603
2238 3402
3611
4873 5167 2428
2614 3611
2614
5166 3598
2892 4857 4743 3403 2510
1746 2070 2618
5167
2618
3598 3612
3611
2431 2455
230 3105 1626 3402
5167 3612 2455 2440
5166 5166
2567 2555 3612 2163 2575
5166
2455 5167
2455 5166
5166
2071 4794 5157
3605
5167
5166 5166 2437 4268 4118 2082 4269
3622 5167 2618 2618
5166 3612
3565 2591
3612 3611
2614
5166
3612
5167 3612 5166 3598 5510 3598
6039
5166
2071
5166
5167
3611
5191
2234 5143 5143 2232
2614
5166 4875 3591 5157 4099
5166
3612
2155
4875 3598 5166
5166
5166
598 230 230 3870 4795 3180 2065 230 2434 3870
2323
5166 5805
5167
5166 2614
5167
3391 3435 3734 2020 2614 5932 230
2155 5157 5510
5167
5166 3598
5166
3598 2618 3611 2614
5167
5166 2614
3611
1940 5146 3598 5166
3611 3611
3621 2192 5166 2158
3612 5166
2618
2240 4890 230
5166
2431 230 3693 2455 2424 2440 2314 230 2455 2434 2436 2859 2455 4858 3435 2314 4070 230
2614 5167 3611
2614 3598
2614
5167
5167
5143
5166 2153 4881
5166
2177
230 6048 2313 3746 5529 4545 4747 2683 2090 2683 2077 1221 6048 2495 1583 1558 1355 230 5829 5834 5167 5166 2324 4870 4620 5056 4911 230 5532 2868 3177 3870 3176 230 5529 2495 2476
2232 5167 2155
2550 2593 5883 5220
2614 5166 3611
5166
3611
3598
2321 2351
5166
379 1070
5167
4046 4046 6034 4988 3621 1590 4877 4046 2070 5166 6041 4046 2070 3598 3598 4046 4046 3621
2593
2603
3427 2316 230 2064
2591 3611
3598 5166 3598
3618
5166
3412 1348
5167
5166
4873 5166 4795 5055 2234 3507 2886 3180
1550 2067 5166
2512 2180 532
2603 3598
2618
2218
3886 2854
5166 3612 5157 5507
2612
5166
3612
4875 5166 6034
3598
3885
605 438 1639
5825 5489
3587 3611
1023 984 983 1217 915
3613
2318 2222 2234 2757
1901 2618
4875 2070 5166
5033 2986
5166 2614
3612
3612
2455 5167
2860 3387 2455
3565
5166 2614
3612
2238 5460
3611
2591
3566
2618
5166 2155 2222
3882
3598 3621
2156
3621
3611
3611
5166
2590
3612
5994
2618
5794
3614
3611
637
3611 5166
1590 2313 1592 1591
3611
5167
5167
3565 3565 3565
2614
2618
1670 1419 1646 1419 1646 231
3611
3886 1518 4892
3611
5166 1496
3611
3612
4875 5166
5166 2614
3612
5167
3612
3611
3565
2618 2571 2612 3621 2613
3611
5510 4875 5167
5167
5167 2618
3611 5166
3598 5167 3598
5167 1925 2071
5167 3598
3746 5470 2670 1355 4708 5161 2395 3082 3007 6037 5042 2309 5034 6035 4070 3766
2614 3598
2040
3565
5166 3598
5167
5166
1935 2274 1355 5156
1939 5058 4894 5510 5166
5166
230 230 632 906 977 1023
5507 2070 1820 1962
3612
3611
5166
5166 3612 2614
3586
3617 1500
2455
3611
2438
2064 2509 4883
3612
5166
5166 2614
5166
3462
2614 3612
5039
5166
5166
3613
3612 3611 5510
5166
3621
5167 3611
2393 3242 3269 5098 3243 3182 3262 1355 3182 5880 3242 1355 230 4635
2618
3611
6032 3068 5167
5166
3611
5167
4880 230
5166
5166
3614
2418 2069 2885 1492
5538 1586
3614
3611
6033
2316 5166 5038 2908
5166
5166
2618
2426 2902 2329 3268
5166 3598
5166 3622
610 1529 1419 637
5166 3565 3565
6032 5167
5167
5167
3621
3067 2070
5167 2614
5167 3612 5167
2314 3287 6034 230 1615
526 447 1530 591 230
5166
3598
3611
5166
5166
3598
3230
5166 1337 4875
5167 2614
5167
230 4976 1478 230 2644 4875 3435 230 1740 4976 230 2644 2234 3068 4866 5143 2845 230 3435 5167 5166 230 230 4866 2238 230 3157 2902 4866 230 4788 2323 3435 230 2323 3435 230
2892 3394 2890 4858 5167 3407 1355 4071 3459 3419 3442 3394
2475 1497 2482 6052
1576 1629
230 1078 5416 230 1083 2884 230 230 1562
3598 5166
5166
3611
4195
5167
3234 2260
5166
1510 1499 6032 2025 5424
5167
6032 6032 5167
3612
3613 5167
5167 3598
2670 2954 5166
5167
5166
230 3827 5539
2587
3612
5167
5166
5146 5166
3598 3598
5510 5167 3598
1419 435 1025 3157 5519 230 5880 5143 2323 230
2614
3611
5166
5001 2904 1548
2070 2077
3053
3612
3612
5166
5166
3598
5167 6025
5166
5166 4875
3617
3611
5834 5834 5166 5166 5834 2232 5834
5166
5166 4858
5510
3617
5167 3598
3565
6043 2864 5154 378
1348
3611
5167
3613
3611
2071 6033
2618 3598
5166
3614
2550 3331 2551
3277 3246 3245 2868 2431 2474 3434
2672 2672 5569 2653 5539
2234 5166
5166
5166
3565 5166 3565
3618
1510 5167
2234 4875
3243 2851
3598
5166 3598 3598
2859 6080 2858
5166
2593 5167
4988 4857 2083 2028
2885 5033
5166 2614 532
3995 3995
3386 3390
4747 2858 3391 3394 2431 4858 2064 3282 3420 2314 2510
2982
5166
2557 5167 2552
3272 3175
5166
5167
3612
526 591 1666
5167 3611 3598
5166
2593
3598 3621
1576
5166
5166
5166
3612 5166
3598
3598
2614
3611
3601
5166
5167
3611 3587
5825 2139 3697 5825
5167 4875 2158
4873 2217
5167
5166
5166
3068
4858 2614 1939
5166
3611
3394 5166 2860 3176
3616 3620
6035 5932
2431 5527 3281 2065
5166 5161 2455
3611 2614 5166
5166 3598
2429 5166 4794
5166
5166
5166 2236 2239 2163 2239
5164
5167
5166
3617 5166
5166
3611
3617
3598
3612
5166
3579
5166
2618
3565
3615
5460 5056 4986 4622 2329 5510
2614
361
5167 2199 2156 2614
3598 3598
3621 5167
3612
5167
5166
906 378 975
3612
3612
3612
3611
3598
2954 1858 3180 3225
2156 3598 5167
3612
626 1639 603
2591 5166 3598
1530 3106 5167
2868 3466
5166
5166
5166 5544
5167
5167
5167
3615
5167
3565
5166
5167 5167 3612 1939 4875 3598
5166 3611 2618 3598
2590
5167 6033 1622
5166
2614 5167
3615
3611
5167
3598 1940 1551 3598 3611 3587
5167
5166 3598
2997 2851 2064 1767
3598 5166
1618 2969 2314
2648 2559 2739 2673 2691 2574 5505 2265 2578 2691 5566 2590 2612 2560 3612
3598 3612 5510 5166
5167 5166
5166
1543
5167
231 1216 378 975 230 4016 4013
1530 1419
230 2510 3464 230 5826
5166
5167
3612
5167
5166
5167
5166
5166
5166
5166
2065
2591
5166 2614
5007 5218 230
2979 3158 5489 230 2895 230 4866 2507 230 2919 230 1355 230 4545 2969 2323 1932 5041 5510 230 230 2323 5470 3402 4118 230 230 3389 2418 5825 1540 230 2713 1225 1208 1204 2640 1206 1204 1207
5167 2612 3621
5166 4875
5465 3648
3611
3598
3613
3598
5166
3560
5166
1348
5166
3621
2614
2766 5166 6035 2994
2611 5166
2070
4099
2071 5167 3612 3612 3612
1655 5161
5166 4875 5157 2614
3612
3590 1493
3402 3007
5166
3611 3611 3611 3611 3611
5166
4278 3390 2070 3399 2071 2071 3394 2618
5166
5166
3621 3598 2614 3598 3598 3598 3598 3565 2618
5166 3612
1348
5166
5066 5167 2288
3612
5167
1903
5166 4875 2455
5166 2618
5167
5167
5166 3598
3464 5552 2463 3598 2916
5167 3612
5166
5166
5166
5167
2071 5510
3605
3612 3616 3611 3620
5166 5157 5883 4762
3589 2065
3611
5166
5166 6032 4875 2614
5166
3613
6032 5166
2222 1348 2455
3405 2083 1944 4268 4117 3395 1975 2330 2023
3587
4629 2916 2070
3612
3611 3598
3621
3598
3005 5166
5166
5166 4875
5166
2614
5166
5793 4801
5166
1548 1465
3598 5167
5001 5143 4070
3598 5167
5510 5167
610 1419 1530 1532
5166
5166
3598 3611
3245 2416 3437 2029 2855 599 636 534 5166
5167
4013
5167 3612
5167 3598
3617
4875 5166
3598
5167
5166 2614 3565 3598 4811 345 1611 352 4875 2177
3612 1503 4884 1466 637 610 1476 2618 3575
3571
1152 330 350 1196 1664 1158
3612
5166
3613
5166
5166
5167
5167
2614
4894
5166
2455
5166
3565
524 442 5156 5166 5510 601 2614
2618
3598 3621
5166
3612
2455
2437
2614
5166 5166
5166
3611
5167
5167
3587 3587
6032 3390 3067
2618
3611
3615
3611
5166
5166
6032 5167 3598
3612
3611 3598 5167
3598 3598 5167
5510 2455 5166
3435 3068 2434
5167
5167
5166
2849 1639 5167 2868 1466 2865 1466
5166
2071 4794 5220 4196
2071 3612 3611 5166
5166
3616 3613
3611
1348
3598 5166 6032 2155
2437 5167 2440
2614 5166
5166 2204 4875
5166
5167
5166
5167 3589 3612 3618
2614
5166 3598 4881 5146
5167
3598
5166
6052 4794 2591 2036 5219
5167
3402 230 3180 5143 3180 230 1932
5166
3611
5166
3598
5167
5167
3611
2161 2158 5166
5166
3612
3612
5166
5053 5053
2491 5166 3598
3618 3617 6032 3617
4859 2614
3589
1646 1348 1646 1646
2153
3611
3615
3611 3611
5166 1862
5166 3598 1551 3598 2192
6032 5510
3067 1496 5220 361 3067
5166 2065 3598
5167
2591 2618
2614 1939 230 5005 2040
2618 5166
5166 4881 1496
3621
3611
5167 2618
3598 5166
2076 1516 5825 230 1355
5167 3598 1921 3598
230 3189 4045 2317 1355 5143 2526 3189 2526 378 2524 230 4837 2526 1227 2524 378 230 5143 2317 5143 2317 230 1355 4045 3189 2431 2526 2317 230 5143 2526 2526 2317 4837 4045 2317 3189 230 2526 2317 5143 230 2526 2317 5132 378 378 2525 3068 230
3611 3611
1920 6043 5007 6035
5167
5166
5166
3611
5166
3598 5166
2323 3888
5166
1413 1646 599
1639 3574 2591 5166 2614 606 1530
3598 5166
5166
231 378
2614 5166
5166
3613
5167
3612
2916 2416 1509
5166
3598
5166
2596 378 1207
3746
4883 2618 5166 4858 4883 2618 4858
5166
3621
1551 5167 5221
5167
5166
1542 3622 1537
5167 4793 4870 4870 4793 4793 3565
609 435 1530 230
5166
5167 4874
5166
3611
3611
5166 5167
5166
5166
2560
3598
2614 5166
3384
3564
5166
5166 2614
2065 2065
5166
2455 5166 2614
5166
3612
3611
4781 2618
2071 4070 5024 2885 3565
3611
5167
357 2071
3615
3598 5166
1963 1646 5167
5167
5166
5166
3612
5166
3612
3611 3598
4278 4275
5166
3611
3612
5166 2199 2218
2614
5167
5167
5167
2591
3598
5167 6032
1666 606 1666 532 1637 5070 605 531
3612
3598
4894 230 230 2474 2313 3395
5146 5167
3598
2065 2854 2886 2314 3391 2416 3267 3734 4038
2284 3611 3226 2092 3976 2239 2104 5143 3691 5028 2783 2313
2234 5510 5166
3616 2613 3620 3618 1606
3598 3598
5166 2614
5167
5167
2618
6041 5458 6035 2908
5166
2614 5166
3611
2603
5166
3612
5510 3598 5166 5932
2614
3598
3693 3412 2751
5167
3067
4980 5167 529 599 2322 1184
3611
5167 5167 3611 2614 3611
3565 5167 3565 3565
3612
5167 3614
4794 2455 5166
2618
2512 4904
2070 2155
5166
5167 4794 5220
3621 2071 2155 3605
3076 5528
5166
5166 3598
5167
5157
5166
3891
3598 2591
2369
1512 5166 2325 2314
3598
3612
378 983 1216 231 1216 2077 230 3435 3403 230 983 1216 1222 230 2927 3388 838 983 1222 231 231 983 1216 1222 230 1976 2424 3393 5191 2859 230
3598
5167
2071
2568
3611
5166
2949 2076 4268 1355 1518 1520 5167
5166 5166
5166 3612
5167
3068
2455
5166 5166
3612
3611
5166 2614 3598
5166
5167
1901
3068 3427 5167
2618 2618
3598
2071 4861 5166 3612
5166 4875
3598 5167
378 231 378 231 2512 5132 2076
2455 230 5555 4874
5166
3565
5166
5166
5166
3598
5166
2618
3598 5167
3616 2616 5167 3618 3616 3590 1348 2618 3616 2618 3590 3598 3618 3616 3616 3618
1518
3598
3598 5166
3330 5167 3741
5166
3598 4875 4858
5166
5166
5166
2455 2858 1355 230 2416
5166
979 1215 1219 984 1218 974 5166
3611
5166 2436 2455
5166
3611
4785 5776 5167 2885 4275
4753 1567 2455
2071 5056 5531 4794
2163 5167 2614 2857 2416
5932 2070
4881
5167 5161 4875
3612 5167
2314 2440 5166 5037
3598 3598 3598
5167
5167
5507 1927 5071 3888 4629 5778 5562
3269 3395 3698 2894 3403 2886 3765 1944 3395 4071 2344
3612
5167 2455
5167
3269 3262 3170 3242 1355 5065 2691 5066 5070 2101 3171 5489 1355 3870 3962 230 4663 2101 1355 3298 3435 1355
2603 3614 5166
3598
5143 5166 3611
5829 230 5829 1355 4988 5831 5834 230 1355 5829 5829
5166
3618
3615 3598
5167
3611 3611
2618 5166 2618
4793
5220 5143 5166
2436 5166
5166
5167
4875 2614 5166
5166 3598
230 1355 2434
5166
3612
3598
3598
4875 5166
2614
3611
5166 3746
3189 4635 3170 5157 2321 2322 230 2180 5157 6053 1355
5166
3611
3616 5166 2365
3611
2614 5166
3620
2851 3247 1355 2065 1355 2997 3252 2495 2481 2065 1355 2756 1974 3416 2093 3182
2618
5166
2155 5510 5166
3612
3612
3607 5166
2614 5166
3598
1956 3067 4708 2809 2855 3612 2591
5166 1348 5166
5167
5166
2593
3612 3611
5166
3618
5166 5166
3612 5166 3068 2316
4875 5166
4875 6032 5166
3612
5489 4045 230 2674 2674 4045 230 3870 230 2507 5831 5132 2331 2421 230
230 5071 3188 3189 4976 230 3434 1355 2417 230 1932 230 2464 4620 1932 230 2853 6043 1746 230 6048 4119 4620 4620 6049 230 4629 5071 2455 230 4620
2614 5166
5166 3189
2618
3611
2618
2256 1550
6032 2158
3611
3598 5167
5166 4875
3612
5432 1877 2575 1899 5078
5167
5167
5166
2870 2416
3621
5166
5167
230 5880 3870 1355 5508 230 5558 445 1469 1025 1659 2323 5143 230 2674 4747 230 5508 5880 1355 1469 1666 1025 230 230 5508 3888 5143 1659 1635 1469 230 1025 1666 2318 230 5508 5539 5880 230 1621 1355 230 5143 5132 3870 2495 230 2071
3883
3612
2590
3598
2476 4545 5932 230 2323 2476 230 2323 230 1518 2482 3487 230 2853 2455 230 2916 1930 2323 230
5166
5166
3615
5166 2198 2155
4875 5157 5166 3598
3068
5166
5167
5166 3598 2614
2916 5167 4858
5166
5143 5501 2277 2198
3612
3598
311 4879
3621
5166
3703 838 1222
2591
5166
5166 5143
3612
2628
3245 2851
3612
2611 4858
3612 3390 5157 3176 5157 619 2851 2434 394 6042 1612 3068 3391 2434 5166
3598 5166
3612
3612
5166
3612 2618
3601 3598 3598
6032
5166
5166 4875 5510
3611 3612 5166
2618
4876
3616
3612
5189 5778 5189
5167 5167
3613
5166 2593
3614 2618
3611
2243 2201 2244 2239
4875 5167 5510
5166 2618
5166
5166
3565
3565 3565 2618
2591
2614 5166
5166
3611 5167
3598
5166
3611 3591
4976 230 1923 230 3180 4976 230 5166 4976 5489 5166 230 5489 4976 230 5508 4976 3008 5558 5070 230 1923 5489 5098 230 2510 2884 230 1923 5489 1923 230 4976 4874 2510 1923 230
5166
3614
1548
5166
230 1355 3854 6048 3434
5166 2614 1942 2950 1540 4984
3612 5166
3614
5167
5167 3612
378 230 3157 2997 5071 378 3157 2997 230 4604 3158 2507 2222 1222 2221 3459 230 1355 5143 3158 3157 230 4017 378 4017 378
5167
3697 4858 6032 2074 5166 2075 5143
3612
5157
3611 3612 3611
1583 2528
3615
3612
5167
5167 2614
3690 3692 1355 2488 230
5166
5166
2614
3565 5166 5157
5166
3391 3068 1923 1637 1551
3598
5166
5166
5569 6032 230 6032 230 2994 5056 2978 2071 608 438 1635 1469 230 2476 2507 4045 230 5558 6032 230 1518 5056
230 1920 4837 1413 1025 230 5058 230 5501 2395 2323 230 2006 5146 230 1355 2640
1348 1348
2591
3395 5001 2344 2455 3427 1945 4618 1960 1570
2070
5166
5166
5166
3615
3612 3611
5167
5167
5166
5166
5167
5526
5166
5157
2065
5166
4438 2618
1628
3612
3885 4857
5166
3598 3612
5166 2614
2603 2591
2239
3611 5167
5167 3565
5167 3612
1935 230 6035 1576 230 2040 1935
5167
3611
5220 2438
4875 5166 4097
5166 3612 3598
3612
2271
5166
3243 2756 1355 2756 2474 3437 3242 230 1355 2144 2396 2683 1964 3173 230 2670 3386 230 3068 3242 1975 3255 1355
5167
2614 5167
5166 3553
5167
3611
5166 3620 3617
1413 1025 626 1530 1469 230 2323 2418 6051 230 5518 1355 4976 4747 6032 230 2323 2614 230 5132 230 1355 5132 5143
3611 2614 3587
3621
3334 3339 3612 2567
5166
1472
2071 2919 5932 230
5166
5167
3106
2614
2614
3612
3612 2599 2618 3612 2618
2614 5166
3554 5166 3618
3611
5482 1565 6032 230
3569
5033 3611
2232 2163 2234 2234 230
3611
2618
4999
3621
2555
3189 3067 2418 2488
2865 1356 2864 2885 2905 5028 5825 2424 2904
3612
524
3390 3420 3693 3735 5218 3390 5218 2313 5932 3411
3611
2068 230 5098 4747 5068
3590
4874 230 3388 4900 1590 230
3621
3611
2618 3565
3611
2323 230 5132 2315 5501 230 5569 230 5132 3826 2640 4857 4747 2713 230 2323 230 6049 3437 2851 2507 5778 1355 3008 230 1590
3621
5098 2407 1585
1746 4950
2864 2901 2071
3611
2595
3565
2455 2982 5826 5146
3614
3598
3611 2591
1073 629 1073 1047 624 629 430 1562 1741 5501 2697 3224 2780 2091 2647 2407 1945 5505 2426 2693 1605 5191 2744 2670 2783
231
3587 3616
230 4872 2864 4900 230 1590
3565 3565
3612 2618
6053
3621 3621
3612
230 3067 3188
2548 2550 3612
3613
3412 2029 3068 3411 3183
3612
3612
5413 4633
2618 3615
3615
3612
5505 2674
2603 2593
3613 3613
2455 6049 6051 4983
3545 3582
3612
3611
3612
6032 3173 3105 3068 3105 3107 230 5068
5166
3068 2865 3435 3437 3288
1567 2417 5927
5793 2344 2864 3186 352 2020 5995 2863 1611 3395 5983 4811 345 2664 3394 3177 5790
3587
5826 2065 1478
5804
3612
4876 3693 3412 632 2028
3613
2618
2064 4890 230 3395 1551 230 3442
3565 3565
1530
3611
3565
3565
