5820
4030
2908 3971
2904
2904 5820
5819
4016
4016
2908
5819 4016
5820
2312 1971 6801 1972
5819
2908
2402 3965 2881 4016 5820 4005 2904
4030
2312 5218 3254 6199
4040
4040
6784
4030
5496 5505 5820
2908
5819
2904 5819 2482 2402
5819
5819
5819 5496 1664
5819
3323 5819 4016
2307 5511
2168 4016 2307 2908
4016
4030
5819
2908
5819
6801 2405 5820
2126 4016
5819 6801
5819
3776 3776
2881 2883 5819
4030
5819
6559 5819 5218 590 1626 6558 1695 2181 5205 2310
5819
5496 5819
5820
3978 2924 2908
1707 1652 1708
4029
5820
5798 6199
5820 2904 4016 2484 2424
5478 1715
4016
4030
2402 5819 2736
5820 490 1734 495 5819 1579 676 703
5819
4029
6801 2736
4016
2313
5819
4030
2904 5820
2869
4030 5819
2168 1717
4029
5819
2269 6247 2306
6199 3978 2472 5820
4016
4029
5819 5496 4029 2882 2405
5820 2908
2715 2312 6734 3821
4016
4016
2460 1664 5819 2313
5820
4016 5820
4030
4016 5819 4030
4016
3806 4123 2736
5819
4005
1498 5819
2904
4030
2904
5820
5819
5820
5798 5820 5496 4016
4016 5798 1664
5820
3788 5819 5635 5496 2736
5819 4016 1498
4016 5820
4029
4029
4030 5820 4029
4034
4016 5820 4029 2402
4030
2908
2405
4030 2869
5819
424 1089
2312 1579
5819
5404 5820 5879 5820 4030
4029 4029
5820
4016
5820
5819 2904
5620 3645 6099 6822 3196 3788 3660
5819 4030
4003
4030 5820 4997 4030
5820
5820
4029
4029
5820
5819
4557 1972 2424 3240
5819
5820 2424 2484
5819
4030
4030
5819
2270 6684 3789 2185
4029 5819 2904
4030
5810 5819 1498 5496
5819
4041
5820
4016
1671
4029
4029
3194 6558
2908 4016
5819
4016
2881
5820
3219 3427 5879 3227
5819 2405 5819
5404 5819
5820 4030 2906
3324 3229
2904
5820
5819
5820
5819
4029 5819
5819
6199 2312 5819
1734
5820
4029
2441 4016 5478
2904
2904
5502 5820
5819
5820
5820 2736
5819
5819
5634 4334 1971 6147 5477
4030
5819 4040
5403 2312 2812 5715
5798 2169 3978 2893
5819 4016
3859 3883 4118 2713 3259 2881 3813 2608 5820 3851 2173
4029
5820 2405 3978
4030
5819 4016 2904
4190 3299
2403
4029
5819
5617 5341 5878 5845 6568 5663
5496
5819
2908
2313 4016
4016
5819
5819
5819 5820
4029
3806 2704 3797
5819
6199 2736
2269 2886 2883 5819
4029 3978
5820 2312 6199
1733 5820 1507 3191 2587
6199 5820 2312
4016 2709
5819
4029
5820
3807 4789
4016
2424 5819 2736
4031
402
2908 2269 4478
4016
5819
5820 4016
4016 5820
5820
5819 5478 4016
2717 2667 2736 3237 3082
6687 5810 5819
5820 4016
4030
4030
5820
2527 1819 1579
5820
5819
5819
4030
4030
5819 4029
1637 5713 3867 2226 1362 3785 2263
5819 2196 1507 5713 2325 5819 1626 4335 2589 1507
5820 2904
5820 2904
4030 5496 5819
5819
4173
6888
4016
4033
3870 5819
4016
5819
5819
5820
5819 1498
4016 5879 2405 4030
3782 2269
2441 5819 2405 2904
4016 5819
5819
5819
5819
3978
2812
5819
6821 3195 6114 1707 5819 4016 2904
5794
4016 5820
4005
4016 1695 1828 1579
5819 6687 4016 6199 2904
4030
5820 5496 1579 1717 2410 2409
5819 5478 5496
1781 6768 5820 1781
5820
5820
2736 2904 5819 2402
5819 2736 6199 2893 5819
1821 1695 2313
5820 2904
5819
2908
5819 2440 4016 6196
5820
4003 4035
5820
5820
2484 5820 5496
1082 1006 1355
4029
5819
4036 5819
1088 5819 698
2207 3784 5663
424 1345
2904 5820
5819
4003
3411
4029 5820
5819
5819 4016
4016
5819
1695
5819
3788 2270
4016
6801 5819 4030
5819
5820
3830 3240 1714 3828 3817 5478 2709
5316 5316
4029
5819 2904
2904
4030 5810 2168 4030
1695 3427
4016 5820
5820 2402 2484
5820
4016 5819 4030 2908
5819
2904 5820
5819
3806 3817
5819
4016
6804 6811 6811 6804 1807 6804 6811
5819
4029
4030
5218 6801 2266 2402 3627
5819 5820 3427 4016 2184
5820 4016
4029
5819 5879 2447
5820
4005 2736 6199 4005
5820
4016
4016 5819
6247 6186
5819
5819 2904
4029
4030
5819
5798 3532 3548
5879 5404 5819
2126
2405 6559 2482 3196 5662 1507 3220 6559 2704
5820
5820 4016
1015 1131
5820
1016
5820
6810 4040 6803
5820
5395
5820
5820
2904 4016 4030 5820
5819 4030 4029 2904
5820
2472 2405
5820
5820
6178 5433 2716 5820 5449 4030
2851 2850 6655 2904
6559
5879 2904 5820
4016 5496 1664
4030
2904
4793 5820 5405 3868 5798
2736 6687 5494 1695 1579
4016
4029
4016 5819
4016
4029 4016
5819
5819
2904
4173 4016
5819
3978
2847 2868 2908
2904
5819
5820 1088
5819
5842 6687 3194 3426
4030
2695 2269 1507 6802
5819
844 424 261
5820
4003 4003
5820
5820 4016
5819
665 1572 5634 6225 593
5820
5819
4030 5820
5820
4030
2373 5820 6504
4040
6199 5819 5814
4016 2904 5820
4029 5819
4016 2904
4030
5690
5820
3196 5642
2578 1660 5819
4933
4016
4016
4016 5820 2904
2904
5820 4016
5820
2883 4016 4029 5820
4879 260 6230 6230 260 260 6230
6199 5810
4016 4005
5820 5820
5819 2716 2441
4016 5820
4016
1507 3787 4340 6189 3324 2696
4173 4033
2169 5404
4016
4030 5820
4035 4034 4035
5819
4016 5820
2716 5404 5511 5820
5820
4029 4029
5819
5819
594 666 692 495 674 5819
2405 5820 2702
5819
5819
5208 5798 4016 3189 5714 5819
2578 5342 4478 5844 5642 2796 5493 1572 596 5642 5843 1716 1133 3788 6558
2904
1752 1716 1716
3098
5819 4016
5820
5819
4031
5819
5819
2904 2736
5819 2904
4029 4029
4016 5820 2450 2471
1498
5819
5820
5820
3978 4035
699 424 844 1345
3871 2349 5819
5404 5496 5819
4040 4016
5819
1972 588 5715 5695
4029
4034 4035
5820
5810 2447 2904
2904
4029
5495 1733 5339
4016
4029
5820
5819
4005
5820
5819
664 671 703 594 1629 495 703 1825 665
5819 2440 2405
6558 1661 1695 1724 5487 5820
2908
1362 5714 5713
5819
5820
5504 5368 2229
5820
2403 5496 5820
5497
6801 5820
6758 1818 3427 6563 1695
2904
5819 2719 1717 4016
5819
2482 5820
2589
5819
5820
2904
5495 5819
5819 2312 2904 2908 4016 2312
3190 2736
5820 2904
2933 3093 2384
5820 1498
5819
4029 5820
5820
2881
2881 4033 5502 5502
2318
5878 2771
5819
2736 5820 2713 4030
4030
5819
5819
2269 4451 5514
5820
5819
5819
5819 2736 3196 3327 5492 2482 2696
5819 1840 671
5819 4016
1652
1498 5502 5794 5820 2904
5819 2736 3971 5502
4029 2425 4003 2403
4016 1498
4029 5820
2589 5820 2270 4016 6610
4030
2904
2908
5820
5820
5820
4029
2447 5819 6196
5819 4005
5819
4016
2402 2736
5820
2881
2325 5306 4793 6817 1507 6506
4030 4016 5819
2904 4016 5820
4040
3191 2579 2472 4114
5819 5714 2904 384 1782 5368
5820 6801 5496
4030
1572 3254 2585 5819 1797 1937 3254 1572 3552 1797 3254 2185 3254 2579 3254 2593 3552 1507 2173
5819
2588 2587
4016
4030
5820
5819 4016
2893
4030
2904 4016
5819 5819
5819
2736 2168
490
4030 5819 4016
4282 2590 2746
5819 5496 2736
5819
6199 2736
5819
5503 2736 5819
3978
5819
4030
5820
5820
6199 5820 4016 2736
4029
3241 5819
4036 4036
4016 5819
4029
5820
4036
5819 5820 4029
4173
5820
2881 5820 4016 5502 2908
5432
2908
2904 5819
5820
2405 2468 5819
5820 6199 3266 3829 4123 6568 1507 2306
2736 5819
4016
1507 3548 3190 5713 2306
5819
5619
2904
5819
5820
5819 4040 4016
5394 260 2085 5496
5820
3805 6804 2595 1507
4029
2155
1579 1819 676
2904
5819 2736 2410
5819 6526
2881 4016
3362
5820
5819 4030 4016
4030
5819 2904
5819
5819 4029 4016
3426 5820 5361
2410 5794 3310 2713 2405 5819 2195
5820
5819
5819
4016 2904 5820
4003
2402 4030 5819 2908
5820
3254 1660 3195
3978
3738 2085
4029 5820
5819
5820
5820
2424 5819 2402
5819
4029
5819
5820
5820
4030
4016
5819 1664 2736
5820
4016 5819
5820
4030
5478 2169
5820 2904 4016 5810 5794
5819
5819 5714 1717
2881 1717 2908
4030
5819
1626 1819
2484 5819 2424
5820
6801 5820 2402
5819
4032
4016
4030 5819
2572
261 699 1655 260 3227 3240 1507 5622 4122 424 1348 261 1348 1361 261 1361 261
6203 1650
5820 3978
4030
5820
5819
5501 5819 260
1673 6098 4433 1683 4016 6107 6113
5820
4122 5820 2713
4016 5819
4030
5819
5819 6199 5496 5819
5819 2904
4029
5819
5819
5478 3180 6822 5622 2699 2590 3072 6793 2384 3180 5478 3072 2590 5622 6793 3029 4557
4029
5819
4016
2904 2881 4016 5819
5819
5820 4040 2736 2403
4005
2883
1507 3426 1642 3254 3805 1507 3262 3426 3196 5819 6727 1664 3298 2719
5820
424 1356 1354 1089
4030
5819
5819
5341 6196 5809 5819 3188 2313 6199
3547 5456 3227 2736
4016 3971
5819 2908
2893
5819
649 2715
2904 5819
4030
4016 5819
4030
6506 6213 2313
2908
4029
650 5502 488 594
5820 4030 4016
5820
5502 2736 5819 4016
5819
5819
3978 4030
2881
2736 2904 5820 1717
4030 5819
5820
5820
1579 1695 703
5820 3240 5697 3549 4557 2736
4040 4030 4030
4030 5819
5516 3190 5820 4016 6803 3831
5820 2850 2852 4016 2936
2266 6558 2264
5820
5820
5820 2402 2484 4016
2736 5820
2403 5819
2313 402 4041
4032
4031
5819 2893
2904 5478 5819 2403
4016
2313 1742 5819 5404 3674 1507 3660 1675 6220
4003
5820 6801 5496
4029
5511
5820
6687 5814 5819 5810 4327
5820
5820
4030
5819 2403 5879
4029
2908
5819
5496 4030 5810 1498 5819
2881
5819
4029
5819
2402 5819
2307
5820 4030
5819 4016
2715 5819 4016 2713 5820 4016
4016
5494 5496
4029
4040
4029
2893
2881 5820 2881 4030
2306 6196
5814 6199
4030 5820 4016 4016
5714 4180 2990 3276
2736
4016 2736
5819
2312
4029
5820
4029
2904 4029
260 3052
4029 5819
4016 5820
4040
4030 3335 4526 2859 2881 4040 4030 4016 2908 2859 4526
5819
4029
260 6251 2774 1355 261 5810 6173 260 2771 2219
5820
2713 2717 6624 2587 2707 4337 4030 4285 5782
4029
4029
4005
4030
5819
5819
4003
2904 5819
5820 5449
5819
2904 4030
5820 4033
5494 5820 1664
2482 5478
5820 2904 4029
4030
5819 4016 2904
5819 1729
4031
5820
5819
5820
4029
2881
3258 2669 2269 4557 3310 3806 4118 1971 5477 3826 3333 6522 2270
5496 2908 5810
5820
2908
2898
4334 3427
6801 5404
5819
5819
2312 6199
5819 2904
5819 4029 4016 1664 5478 4016
5820 4016
5819
2881
5819
4016 5820
5819 4040
4016 5820
2881 5819
6197 3788 2736 3789
4031
4040 2908 2908 4040
4030
5820
5819
5819
5820 2904
3426 5663 5819 2264
5819
5820 2410 2403
4030 5820
5820
4040
2904 5819
5819
4030
2736 5819 4030 5820 4016
5820 4029 4016
4016
5819
3340 5478 3301 3188 5820 4016 4280 2181 5798 3258
5820
5820 5819
5819
5820
5820
5819 4016
261 1367
5819
2908 4016 5819
5820 4016
4029 4029
4030 5819
2904 5820
5820
5820 2736 2904 6199
5819 4016
4029
4029
5820
5819
1498 5819
4029
5819
4029
3813 3355 3788
3988 2522 3262 2545
5819
5819 4016
5819 5496 2908
4029
5820
4016
5819 1367 1473
2883
6803
4029
4029
5819
5819
6801 5820 2484
5820
5819
4029
260 1477
2908
1695 594 657 649 497
4029
5819
5819
4016
4029
2193 260 1708 1655 1936 2313 260 1655 5879 1708 1936
424 261
4016 3038 5388 6628 5820
5820 4016 4029
4030
1656
5819
424 260
5819
4016 5819
3237 5620 2184 3867
2908
5819
2908
5819
3298 6821
4030 4191 2277 3213
2796 2168
5820
2904
5820
6147 2881 4016
2983 260 3807
4030 4016
4029
4029
6801 5819
6817 3219 5203 5708
1086
5819
4016
5499
5820
5820 1498
261 424
5222
4030 5819
4016 3969 5819
5820
5676 2306 260 2425
5696 3991 2424
4031
3978
402
5820
4007
4030
4029
2772 5671
5677
5820
5819 1498
5820
4016
4016 3971
5819
2092 2838 5819 4016
5820
4036
1625 5820 2880
3601 1507 5533 6687 5496 3426 5516 6199 2287 3195
5820 2904
3427 2403 5819
5820 4016
4029 5819
5820
1572 1825 596 5819 2156 665 1812 702 1572 2156 1812 657 1272 1695 1325 389 368
4003
5819
4030 2893 5819 2904
2736 4016 2716
2736 2402 5820 1754 2881 1769 5820 2901 2903 1754 2269 2269 1754
2709 2713 5819 4016
4039 4036
4016
4030
4016 5820
2908
5819
4016
4016 2736 2695 5477
5820
5820 5404 2402
5819
4029
5819 2736
2871 2869
260 5533 3548 5696
3996 2902
424 2528 5697 2193 260
4016
4029
4029
5820
4030
6801 5820 5820
5819
4016
5820
5820 2126
4029
5820
2904
2881
4029
5819
4016 5820
4016
5820
3196 5487 1685
4030 2881
5819
261 1361 1660 261
4016 5820
5820
2881 5183 2306 4585 2904
260 2530 2313 2534 2491
2704 2708
5820
5819 1695 1807
5819
2904
3426
5814 5819
2904
5820
4029
4029 4016
2312 6199 5819
5820 4031
5819 4016
5819 5810 5496
4031
5819
4016
5810 2405
5819
5820
260 2773 6199 2169 260 6820 2169 6199 2161 6263 260 4298 6196 5744 260 6199 260 4323 4625 2778 2161 6218 260 2790 5714 1362 260
5819
4030
5819 671 450 498 4040 671 490 5820 490
5819 2904
2402
4016
2908
5819
5819
5819
6801 5502 5819
4016 5819
2904 5798 5819 5878 1683
2904
4030
3978
5819 2441 2440
5819 4016 5494 2904 2405 4029
5696 3785
2904 3426
3851 5819 3788
2893
2904 5819 6199 5496
5819
5341 4029 3010 6526
6104 5477 5836
5819 4352
5496 5820 4016
5819
2908
2764 3342 4166 3427 3009 3342 3009 3427 4166 3240 2575 5505 3342 3427 3934 4016 3934 5810 3934 3427 2845 2908 6801 3009 3934 3240 2579
5819
2893 4173
6196 2484
5819 4016
490 497 6801 450 4041 5819 497 586 490 588 490 450 702 4016 3227 3227
5798 6195
2893
2489 3796
4029
5494 5820 2706
2904 4029
5819 4016
5820
2908
2709 2736
260 3471 1797 3796
5820 4030 2736 2719
2736 5820
2736 5819
2313 5404 5810
4023
4030 4029
2904
5819
4030
5819
2313
5819
4029
5847
2484 5794
5819
4030
2402
5819
260 664 260 4317 5405 3556 2713 4317 2307 260
5819 2904
2402 5810 6199
5819
4016 2908 4029 2904
5819 2904
4029 4029
4040 2440 5819 2405
2491 5511 260
2904 5820 4029
2424
260 6817 2572 4180 6220 5125 5348 2983 2334 2983 2319 1360 6817 2778 1507 260 6563 6568 5820 5819 2588 5491 5534 260 6223 3199 3553 4317 3552 260 6220 2778 2759
2482 5820 2402
2840 2883 6628 5879
5819
4016
2881 4029
4016 5819 4016
4036
1498
5820
5819
2893
2908
2468
4335 3185
5819 5810 6196 4030
2902
5819
4030
5496 5819 6803
4334
671 491 1812
4003 4029
1131 1089 1088 1356 1015
2579 2472 2484 3069
2125 2908
5671 3331
4030
4030
2736 5820
3191 3781 2736
4030
4029
2908
5819 2402 2472
2403
4030
2908
4029
703
4029 5819
5820
5820
2904
2908
5819 1660
4030
4030
5820
4029
5820
5820
4029 5819
4016 5820 4016
4180 6153 2965 1507 5306 5814 2667 3445 3355 6806 5681 2568 5672 6804 4557 4203
2904 4016
2281
5819 4016
2168 5698 5515 6199 5819
5819
260 260 698 1006 1082 1131
6196 2312 2035 2193
4030
2736
4029
2717
2306 2792 5504
3864
5677
5819
2908
4029
6801 3427 5820
4029
5820
5819
2696 2311 3219 1655
6229 1753
5819
2704 3238 2593 3651
5819 4016
5819 3978 3978
6801 5820
5820
5820
588 500 1695 657 260
5819
5819
5819
5820 2904
5820
5610 260 1640 260 2936 260 1935 5610 5496 3829 260 2936 2484 5487 5794 3427 3176 260 3829 5820 260 5819 260 5487 2489 3532 3238 260 5487 260 5398 2587 3829 260 2587 3829 260
6096 260 1189 1728 1194 3218 260
4029
4696
5819
5820
5820 4016
5820
260 4270 6230
2877
4030
4016
3532 6209 260 6624 1579 488 1133 5794 2587 260
4030
5819
4016
6568 5819
1498
4029
4029
2908 4016
2840 3718 2841
2968 2968 6263 2947 6230
2484 5819
4016
5819 4016 4016
3190 6856 3189
5622 5477
3219 5671
3327
588 657 1840
5820 4029 4016
5819
4016 4040
4030 5819
4016
6558
5820 5496 2405
3427
5478 2904 2168
2709 6218 3664 2307
5819 5814 2736
2707 5819 5404
5819
4016
5819
3978
6143 5696 5620 5207 2593 6199
5820
4030
4030
692 1812 669
2881 5819 4016
1695 3472 5820
3199 3868
5819
5820
5820
5819 4029 2908 4016
5820 6802 1793
4033
4016 2169 1717 4016 4029 4003
4016 5819
2994 2864 6194 2941 2849 3047 2970 6260 2522 2868 2994 2880 2902 2850 4030
5820 5819
5820
261 1355 424 1080 260 4489 4484
260 2794 3866 260 6559
5820
4030
5819
5819 2904
5642 5877 260
3324 3533 6173 260 3230 260 5487 2790 260 260 1507 260 5125 3310 2587 2161 5680 6199 260 260 2587 6153 3796 4611 260 6558 1705 260 3019 1365 1346 1342 2932 1344 1345
6148 4068
4016
5819
3973
5819
5819
2312
2313 5820 4030
1828 5814
4007 1656
5819
5819
5819
5819 4030
5709 5820 2546
5819 5496 2736
5820
5819 4016
3866 6245 2745 4016 3254
5819
4023
4029
5819
5819
2472 1498 2736
3799 2326 2173 4783 4610 3789 2206 2594 2264
4003
4040
5819
2904
5819
1714 1625
5820 4016
5635 5794 4557
5819
4029 4016
5820
4484
4035
5819 2904 3978 4016 5422 384 1782 391 5496 2424
4030 1667 5505 1626 703 676 1638 2908 3989
1277 368 389 1334 1838 1283
4030
5819
5820
3978
586 495 5809 5819 6199 667 2904
4016 4040
2716
6801 3784 3426
2908
5819
6801 5820 4016
3829 3427 2713
3180 5820 1812 1626 3199 3196 1626
5404 5879 4697
2313 4030 4029 5819
4016 5819 6801 2402
2716 5820 2719
5820
5819 4016 5502 5798
4016
3796 260 3556 5794 3556 260 2161
5819
5820
4029
5692 5692
4005
1819 1498 1819 1819
4029 4029
5819 4016 1717 2440
3426 1660 5879 402 3426
5820
2168 260 5640 2281
2908 5819
5820 2908
4016 5819
5820 4016 2148 4016
260 2578 1507 5794 2810 3565 2810 260 5453 260 5794 2578 2810 5794 2578 2810 260 2578 260 5794 2810 2810 2578 3565 260 2810 2578 5794 260 3427 260 2810 2578
4029 4029
5820
5819
5819
4029
5819
2587 4337
5819
1572 1819 665
1812 3988 2881 5819 2904 672 1695
261 424
2904 5819
4031
5820
5819
5819
2886 424 1345
4180
5504 2908 5819 5478 5504 2908 5478
4040
5820
5819
675 488 1695 260
5819
4029
5819 5820
5819
3977
5819
2313 4557 5662 3219 3978
396 2313
4016 5819
2194
5820
5819
4030
4029 4016
4793 4790
4029
5820
5820
5515 260 260 2756 2572 3789
5819 2904
5820
5820
6810 6141 6804 3244
2893
4030
6199 4016 5819 6687
5614 5820 591 665 2586 1320
4029
5820 5820 4029 2904 4029
5820 4032
5404 2736 5819
2312 2402
5820 5404 5879
4040 2313 2402 4023
5819
5810
1677 5819 2589 2575
424 1088 1355 261 2319 260 3829 3797 260 1088 1355 1361 260 3266 3782 927 1088 1361 261 261 1088 1355 1361 260 2207 2702 3787 5847 3190 260
2313
2858
3290 2318 4783 1507 1683 1685 5820
5819 4030
4016
2125
2908 2908
4016
2313 5481 5819 4030
5819 5496
4016 5820
424 261 424 261
3978
5819
4016
5819
2908
4016
4016 5819
3717 5820 4173
5819
5819
5819
1084 1354 1358 1089 1357 1079 5819
4029
5355 1733 2736
2410 5820 2904 3188 2694
5820 5814 5496
4030 5820
2575 2719 5819 5675
4016
5820
6196 2156 5714 4337 5214 6506 6255
3652 3789 4123 3229 3797 3220 4202 2173 4558 2608
5820 2736
5820
2893 4032 5819
6563 260 1507 5622 6565 6568 260 1507 6563
5819
4033 4016
5403
5879 5794 5819
2715 5819
5820
260 1507 2713
5819 4180
3565 5222 3546 5810 2585 260 2586 2427 5810 6822 1507
4034 5819 2631
4030
2185 3426 5306 3131 3186 4030 2881
5820
2883
4036
6173 4525 260 2972 2972 4525 260 4317 260 2790 6565 5782 2595 2699 260
260 5714 3564 5610 260 3565 3828 1507 2695 260 2161 260 2746 5205 2161 260 3184 6812 1941 260 6817 4612 5205 5205 6818 260 5214 5714 2736 260 5205
3565
2908
2509 1716
6801 2405
5820
5820
6197 260 4317 6251 6624 1507 1832 498 1629 1133 260 2587 5794 1629 260 1840 1133 2972 5348 260 6197 6624 1507 6197 4337 5794 260 1832 1807 1629 260 1133 1840 6624 2579 260 6197 6230 260 1792 1507 260 5794 5782 4317 2778 260 2313
4030
2759 5125 6687 260 2759 2587 260 2587 260 1683 2765 3891 260 3184 2736 260 3254 260 2159 2587
4033
5819 2446 2402
5820
5794 6189 2534 2446
4040
4128 927 1361
2881
5819
2901 5478
5819
4030 2908
5819 5496 6199
4030
5819 2883
4032 2908
5496 5820 6199
2904 5819
5819
5820
5610 260 2152 260 3556 5610 260 5819 5610 6173 5819 260 6173 5610 260 6197 5610 3356 6251 5713 260 2152 6173 5744 260 2794 3218 260 2152 6173 2152 260 5610 5495 2794 2152 260
5819
1714
5819
260 1507 4298 6817 3828
5820
5820 4030
5820
5810
5820 2904
4115 4117 1507 2771 260
3978 5819 5810
3785 3427 2152 1810 1717
4016
5819
6263 6801 260 3339 5696 3323 2313 6801 260 2759 2790 4525 260 674 491 1807 1629 260 6801 260 1683 5696 6251
260 2147 5453 1572 1133 260 5698 260 6189 2667 2587 260 2242 5798 260 1507 2932
1498
2881
3789 5635 2608 2736 3821 2174 5203 2189 1736
5819
4033
4030 4029
5820
5820
6217
2307
4991 2908
4016 4030
2490
4029 5820
5820 3978
5820
2164 260 6804 1742 260 2281 2164
4030
2965 3780 260 3427
5820
2904 5820
5819 4039 4035
260 2587 1572 1133 692 1695 1629 2696 6820 260 6208 1507 5610 5348 6801 260 2587 2904 260 5782 260 1507 5782 5794
4040
5819
1634
5820
2904
2904 5819
3967 5819 4036
6166 1731 6801 260
3982
2482 2410 2484
4029
5633
3196 1508 3195 3219 3241 5666 6558 2702 3240
4029
2310 260 5744 5348 5711
4029
2587 260 5782 2576 6189 260 6263 260 5782 4269 2932 5477 5348 3019 260 2587 260 6818 3831 3182 2790 6506 1507 3356 260 1758
3195 3237 2313
2885
3978
2736 3327 6559 5798
4029 2881
261
3978
260 3426 3564
4030
6093 5218
2908 4033
2893 2883
4030
5819
3427 3196 3829 3831 3671
6526 2608 3195 3562 391 2261 6758 3194 1782 3789 6744 5422 384 2959 3788 3553 6523
2908
2306 5511 260 3789 1717 260 3839
3978
