2317 1655 2455 3882
3622
361 4097
2071
3611
2857 3892 2876
3587
3068 2594
3598
3612
1419 1530
5552 3029 1646
3614
2628
1500
3612
2964 2957 6032 6034 2958 4999 5826 2312 5927 6039 6032 2312 2858 2312 5829 5146 3735 2779 6032 6034 2957 2958 2416 2957 6032 2845 2957 2955 6032 2958
2614 2070 2509
3612
3692 2418 5098
3611
2614
5220
3611 2614
3618
2618
3598 3616
3598 3598
3612
2593
3565 3565
3598
1141 1158 350 330 350 1192 3621 1190
2591 5825 4975 3105
3616 3618
3598 3598
1530 1466
3598 2603
3598
3598 3598
3611
2603
2614
3394 3068 2884
3565
1635 532 529 444 1530 1530 4269 605 605 5146 2614 5051 5992 2988 350 610 5995 4882 603
3612
3612
3598
3614
2593
3577
2614
3598
3611
3598
3611
3615
3612
3612 2614 3598 3565
3612
3394 2417 4872 3411 916 1622 5007
3598
3598
2593
2614
3621
3611
3612
3611
593 1976
2558 2567 1348 2593 2614
3598
3565
2114
1491 3384 2277 983 835 633 1567 3384 1491 1296 983
3612
4659
3612
361 4097
2593
4719
2603 3612
2614
3611
3598
2614
3598 3615
3611
534 5157 1563 1563 534
2614
3612
3621
3611
3611
3598
3598 1348
5128 3611
3598
2594
5812 5580
1508
5070
2592 5451 2240 2595
3598 3615
3598
2614
3616
3612
2277 5979 2509
2455 4874 3598
3611
2614 3611
3617 3616 3612
2593
3611 2593
2560
2593
2282 2983
3598
3612
3612 3598 2614
3612
3611
3613
2550
3612
1348 1025 526 1348
3029 4071 4870 2028 1356 4070 2517 2518 2076 2029
3598
2614
3612
3391 4619 2865
1413
2994
1576
3612
2603
3590
3598
3612
1500 2614
2614
3614 2593
2614
2592 2594
3613
2438 4045
3611
2614
3611
4097
2614
3618 3612
3598
361
3621 2590 3579
230 1992
3611
3612
2614
3565
5826
2511 2870 5431 5458 2560 2561
3618
3612
3615
2595
3598 3611
2591
3565
4785 4784
3556
3611
5555 5218
3577 2591
3598
4099
2593
2614 3598
2593 3611
2614 3612
2603 2593
4890 3188 1491
2614
2614 4345
3612
3613
3612
3611
3565
3598
5932 4794 3612
3612
3598
350 440 330
3611
3611
3173 5880 3598 4890
3611
2593 3598
2434 2988 2859 2894
3611
2614
3598
5007 4794 3390 3413
2865 2517 2391 5569 2438 6034 1355 4254 3746
3612
3621
2614
2601
3598
1348
3615 3598
3612
2594 3621
2614
2614
3611 2611
3598
3612
2581
610 2064
3611
3611
230 4986 5419 2463 3067 5424 230 4986 5539 5539 5426 4986 230
3615
3612
2614
2603
3598 3612
1500
3601 3611
2593
4438 3611
2314 2416
3598
534
3891 2281 5500
2560
2614
3617
3598
2550 3598
3613
2614
3612 3612 3612 3612 3612 3612 3612 3612
2593
3612
3611
2593
2614
1491 4880
4574
1478
3611
3068
3611
5826 1764
3756 2966 2957
3611
3598 3612
2614
3598
3612 2560
3611
3611
2232 2163
3611 3612
3612 4989
2614
3612
3237
3347
2065 3465
2614
4071 1582 2289 3413 2344
3565
3612
2596
3612 2618
6032
3067 2302
2614
3612
3598 3598
2614
2561 2859
3611
3612
2614
3611
2614
3611
3611
5053
3612
3611
3612
3621
3612
2071 636
3620 3353
230 2639 4070 2474 4545 1226 3068 230 2892 1975 609
2265
3613
1222 231 1219 988
5883
3667 1348 1348 1348 1348 1348 1348
1590 1576 1768 4853 5167 4361
2603 3565
3614
3590
3611
3611
3565
2593
1338 5825 1484 3068
