3598
1348
3618
2614
3591
3598
3611
2591
3612
4880
3565
2593
3611 3598 3611
2614 3612
2614
3612
3622
2603
1348
2614
3611
3612
3598
3611
5439 5434
1348
2618
2587
3587
2950 2071 1927 4620 3281
2590
3598 3614 3068
599 1637 3612 599 626
3598
3598 3598
3598
2550 3621
1348 1348 1348 1348 1348
3598
2614
3614
3611
2325 3067
3598
3612
2614
3612
3617
1348
2614
3598
2614
3598
3598
5792 5994
3390 2076 5510
3589
2326
3598
3612
3598
378
3611
1491 1530
3395 5166 5994 2455 3224 3565 4795
3598 3598 3612 3598
3612
2593 5058 4253 1547
2614
3617
2614
2614
2614
3614
3598
5464
2603
3611
3614
3611
3612
3612
3612
3615
3618
2618
2020
3565
3621 2614 3565
2614
3612
2180
3611
3598
3612
3611
3621
1493
3612
3612
1348
1348 1348
3612
2127
2560 3613
3565 2593
2591
1219 3419 1296 4119 3403 2417 2488 3883 3618
3598 2591
3598
3565 3565
3613
3611
2863 1975 5534
2579 2593
3612
3611
3611
2507 2325
3611
3598
3611
3598 6053 2071 1355 2391 3277 6048 2507 2860
1639
3621
4915
3611
3598
3611
3612
3598 3612
3598
3612
5812 1587 1600
3612
3591
3611
3598
3611
3598
3611
3612
3612
3612
3611
1939 1082
3616 3611
3611
3598
6051 3067 2317
3612
3614
2322 2320
3598
3598 3612
4070 1355 1940 2650 3888 2180
3617 3587
3598
3598
3598
3598
2614 3598
3565
3612 3598 2618
3598
3622
2614
3598 1348
3565
1348
4893 5928 2864 2417 2071 2855 3690
2614
3621
3598
3598
3598
3612
2614
2071 5992 1355 3261 3297 5505
2593
3621 1226 1222
3611
3617
3612
2434 2884 5825 2859 5007 5825 5007 4988 1939
3621 2614
3622
2614
4095 4999 5518 5000 6033 2070 6033 2064 2934 5186 6033 2071 1622 5186 1622 2071 5834 3395 2317 5000 4622 1622 2071
2593
3612
3598
3571
435 605 532
1496 2020 2868 1496 2020 2863 2864 3176 2020
2614
3617 2593
3611
3394 3105 3698 2459 3964 2927 2357 6035 3107 3007 2780 2849 2770 1355
2071 2428 6053
3612
3598 3565
3612
5146 5028 4490 1939 2139 2517 2865 5028 2614 5146 2517 1985 2309 4794 3068 5028 2517 1985 5146 4490 2885
3611
2509 2032
2022 3598
3598 311
3612
1506 5072 3068
3598 3587 3611
1611 1585 5166 345
2901 2885 4858 3394
3612
3612 2614
2614
3612
3598
3598 3598
3611
3611
2591 3598
3612
2919 4980 1355 2139 3465
3353
3741
3598
2601 3558
3565
2614
2957
3611 3616
3612
3621
1348 1348 1348
2614
2614
3612
3598
3552
3613
3611 3611
5420
2603 3612
3612
3617 2483 3617 3617
3611 2614
3598
3076
3612
3612
3598
3612
3612
3612
3612
3612
1637 2614 3598
3657 3096 5825 3656 3097 3407
3611
3613
2614
3612 2618
3612
3612
2591
3611
3598
3612
3611
3612
2614
3687 1548 5219 5028 532
3612
3565
3611
5809 3612
4879 5070 1348
3598
3612
3612
2511
2894 3175 1590
3611
3612
3598
3611
230 6039 3276 1623
3612
3614
1575
3565
3598
3598 3598 2023 3598 1613
2614
2614
3598
2614
3598
2614
2614
311
2455
3611
3613
3612
3598 3612
4441
3611
3612
2614 2770 2395 2518 2064
2614
3611
3598
4890
3611
5071 5146 4879
3598
3611
3598
2591
4620 2670 1208 1207
3617 3587
3612
3598
3611
3598
2614
2329 2330 2868 3465
3612
5825 2489 2488
3598
2614
3591
3611
4097
361
2068 4269 4115 3427 1355 2028
3611
3611
2614
4046
3741
4269 4858 3388 3067 3434
3612
3598
3598
3621
3612
3590
3598 3612
3565 3565
3614
2550
378 1216
1348
1348
3615
3618
3611 3616
3598
3598 2614
3097 2313 4633 4754
3612
3611
3612
2614
3612 3612 3612
2317 4880
3612
3622 3598
1764
3612
3598
4858 3565
2614
3598
6035 1635 6042 6035 1635 6042
1348
2560 2561 4785 5809 4046
2614
3612
341 1502
3598
2614
1920
3067 3394 3175 5505 5489
3411 2600 2064 4980
3589 3589
1348
3427 4070 3390 5825 5966
1500
3612 3598
3569 2595 2595
3621 2614 3598
3598 3611
3612
3598
2614
2614
3598
3571 3571
3612
3612
3612
5066 3280
3614 2593
3612
3612
1543
3611
3590
3598
2464
2614 3612
2593
5056 2417
3566
2155 3391 2859
3062
3598 2603
3598
2892 2434
3876 1492 4115 2070 3188 3412
2614
1962 5070
5516
2591
3611
3611
2614
3617 3617 3617 3618
3598
3612
1348 1348
2614
5065 1547 2314 1551 2324 5136 2325
3612
3611
2591
2618
3587
3598
3621 2614
3598 3612
3598 2614
1487 2614
3611 3565
3612
3027 3067 347
5419
3598
3611
1921
3591
3621
3598
3612 3598 3611
4837 2323 2512 2193 3989
3598
3612
3587 3612 3587
3612
3611
3587 3611
3612
1548 605 4883 2510 1025 1509
3565
3611
3598
3612
3612
2032 1607 1920 5413 2614
3598
3598
3612
5074 1540 1491 5536
5498 5816
3612
3611
3407 4740 4858 1579
2591
3598
3611
3598
3565
3598
1348 3914
3331
3612
2591
3611
4976 2916 3598 2491 2071 3158
2618
1348 1348
3067
2578
2593
3612 3612
3611
2827 4600 3068
3611
3590
2561 3598
2614
3598
2064
2567 3611 2548 2555
2591
2614 330 1664 350 1192 1196 608 626 524 594
4858 1535 4115 1355 3394 3186
3611
2614 4097
2886 1550 4872 2512 3388 3175 3693 5007 3068 2978 3390 1939 3180 3170
3612
2418 5143 2158 1491 1491 2418 1740 5143
3612 1550 1550
5413 5167 2070 5416 5418 402 437 606
361
3565 3612
835 984
3613
3612
2614
3598
3068
1639 636 603 1637 605 1639
3565
5418 3073 1862 3073 4805
3611
3611
3565
2614 3611
3611 3598
1551 3735 4983 4881 4132 1355
1413 3598 1637 3598
1466 1348 1348
3692 3766 230
2618
3598
2614 5432
3612
3567
3611
1646
2614
2603
3611
3612
3611
3615
3598
2591
1611 345
1639 445
3611
3611
3598 2614
3612
3598 3612
5090
3612
3577
3612
2315
1348
3598 3598
608 1637 1634 608 532 1634
2614
3598
3611
2614
3612
3598
3598 3598
3612
3598
3612
3621 3621
2849 3391 2614 2509
3598
3611
3611 3598
2603 2603
3565
3565
3615
3614
3598
3611
4757 2603
5432
3615
3612
3565
2614
3598
3612
3598
5804 3621 5808
3612
3612
3598 2591
3621 2020
3612
6032
2596
3611
3565
3612
637
3598
3611
2614 3598
3621
2614
3565
3622
3598
3598
2114 2114 2114 2115
2614
3598 3621
1634 599
4878 4629 1952 2070 2330 3435 4988 5784 4278 1355
3598
1419 610 1646
3611
3612
3612 3598
647 725
3598
2614
2591
3612
5431 5432 2558 3612
3612 3598 3618
2863 2662 2885 3403
3612 3565
2618
3615
2603
2614
2614 3565
3589
2591
2166 2302
4857
2884 1496
3612
4753
3612
2591
5801 2591
4880 2434 4881 1930 3395 2265 2455 2287 1626 2156 1355 1930 5057 2321 3394 2320 2418 5157
3591
2107
3565
1348 1348
2333 2312 3598
3611
3611
3612
3390 1551 3386 2892 2916 2850 2916 4858 2892
2204
2614 3591
3389 5932 5464 5146
3598 1348
3741 2603
3612
4046
3611
3615
3615 3615
3598
3611
3611
3612 3598
2614
3615
2591 3612
3598
3613
4986 4985 231 230 4983 633
2614
3612
3598 1348 4187
3565
2591 3598 3612
3612
2071
3435 2071
2618 2603 2603
3565 2614
3598
3612
3613
3598 3611 2614
3618
3598 5578
3611
3598 2614 3621
3598
3611
2614
5161
2431 2858 3834
4052
3565
2591 3565 3565 3565
3612
1348 3565
2587
3598 3611
3598 3598
3612
2069 3411
3612
3611 2591
1530 524
2618
2614
2885 4858 4070 3406 5460
3598 2614
3566
2618
2068 3068 526 5070
3567
3598
3587
2614
3571
1348 1348
4204 3612 5219
2591
3598
3577
3565
5056
3598
2614
3611
3598 3598 2316
622 385 1073 1530 532 603 1634 637 1530
350 1664 5831
3598
3598 2614
3614
3598
3612
3612
2591 3611
2595
3612
3565
2918 2916
3611
3598 3598
1509 2614 2561 5579
2455 3435 4873 3390 2416
3612 3612
3598
3565
6032
3612
1626 341 1502
3612
3589
2614 3621
3621 3612
3612 1348
3611
3618
2323 2029 2614 3008 1518
3613
2614
3612
3613
4759 6053 2670 5500 1985 5055 6025 2850 4858 5007
1348
1348 1348
1348 1348
3621
1348
5218 2851 230
2614 3612 2618
3109 2528
3598 5992
1579 1355 2069 4522 3964 3870
2614
3611
2603 3577 3419 2330
3621 1348
3565
3598
2614
2881 2325
1348
3611
3598 3598 3598
3598
2591
3613
3598
3621
3611
2614
5191 2865 5066 3734 4988 2865 5186 5489 4988 2071
1419 1530 1419
3613
2614 3598
3565 3574
3611
3612
3612
3612
3612
3612
3598 2614
3611
3693 2664 2180
3621
2614
4593 6033 1622
3612
1348
1348
2593
2614
4609
5090
2330 5826
3612 3598 3621
3598 2591
3612
1576
1348
3598 5492
2603
2614 3612
3621
3612 3598
2614
1348 1348 1348
3613
2614
2614
3611
1481
1348 1348 1348 1348
2020
361
3565
2590
2302
3612
2563 2591
3612
2076
3278 2431 4882 4858
2614
3612
3565
5432
3611
3611
1496 4301
3613
3612
3611
3598
2614
3598
1646
3598
3611
1348
2614
3621 3598
532
3612
3613 2614
3621
3612
3611
3611
3598
2603
5416 5418
3598
5038
2614 3612
2437 2851 230
3611
2595
2069 3369 1985 1582
3612 2569 2591 4046 3621 3621 4046 2591 3598 3621 3612
2614
2614
3611 2590
2320 5539 2158
3611
2037 2429 2426 2425 583 739 2438 1025 605 3840 3845 3849 2323 2429 3850 3842 1547
3611
3611
3611
2614
605 437
2614
3612
3598
3598
3611
3611 3565
3598
3612
3598
3598
3598
5555
2618
3067
2614 3565
3598 3598 3598
3598 3612 3546
3621
1492 4275 5826 3434 4278
2691 5794 2323
3612
3612
1348
2273 599 526
3611
3612
3611
3612
2614
3612
1652 1413 1639 1637
2614
361
3613
3611
5156 5156
378 1207 1227 231
4824
2593
2455 2857
3598
3612
3612
3598 3598 3598
3565
2591
2591
3612
3611
3612
3615
3611
3621
3611 3611
3612
3598
3370 4742 3370
2548
3612
3611
3601
3611
2916 2911 1952 3598 5146
3611
3612
3598
3598
2596
3615 3598
3611 3612
2614
3598
3612
231 1226 1222
2614
3613
3620 3598
4875
2614
2591
2894
3612
526 435
2614
2325 5409
3611
3612 3598
2618
2603 3612
6034
5466 4794 4881 230
3611
3598
3598
3734 3391 2314 1496
2614
378 720
5501 1496 230 5482
3598
3598 3611
3612
230 5220 5072 1741 1543
230 1497 4011 1500
3611
2614
3611
3598 3598
1321
3613
3598
1530 1150 230 1149
1348 1348 1348 2593 1348
3611
2982
3565
3612
2548 2591 4533 2551
3598 3615
3598
3615
3598
3598
2561
230 5488 2455 1355
3611 3612
3612
2431 1355 2314 5557 3394 1606 5220 2314 1606
3611
2614
3611
2614
2554
1991 230
3598
3612
3614
3598 3598 3598
3613 3615
3611
3870 2482 230 2482 230 3870 230 2482 3870 2421 2979 230 230 3870 2488
6032 5518
3611
3598
2314 1920 5024
3612
3611
2614
3611
838 6032 5038 2885 3435 5166 5038 2865 2416
4874 3068 2983
3598 2614
230 2240 2156 2177
3612
2614 3598
3612
3611 2614
3598
2593 3611 3611
2614
3611 3611
3560
3419 1551 3471 1355 2418 3443 2028 1576
637 1419
3612
3589
3565
1208
3598
3068
1348 3612
3577
3621 2591 3598
3611 3611
2614
3598
3598
3621 3598 3565
3613
3612
2028 3756 1587 2958 2957 2028 1585
3611
2614
2614
3565
4046
3612 1535
2614
3611
3611 3612
3598
3598
4805
3612
3621
3612 2614
3611
3611 3612
2065
3613
3598
3612 3611
3615
3611
3612
3612
3611
3611
230 4890 1497 230
3598
3598 2614 2618 3598
1648 1962
5813 3612
2583
3598
3591
3598 3621
3611 3611
2614
3612
3611 1348
2557 1872
3598
5543 5139
3612
3611
3598
6032
3598
3612
2618
2591 1605 2603
3611
5992
3598
3598
3612
230
3634 4805
3598
3598
2352
3598
3611
3612
3598
4955 5907 2982
1348 1348
3598
3598
2614
5146 4132 5219 2864 2766
3613 3613
3612
1639 605 605 1634 437 636 605 534 1025 437 1530
5770
2614
2614
3598
3598
3612 3598 2614
3612
3611
4888 1606 2987 1477
1348
3622 3565
3612
3565
3621
3067
4858 2324
6041
3612
3611
3611
3612
2614
2591 6032 2020
2614
2614
2618
2591
5776 5498 5826 2222 4858
3598
2903 4915 3524 3737 2908 3524 3068 3524 3524 3068 5221 3524 3737 3068
2614
3611
5531 5826 2455 5534 230 2455 5826
4900 3067
2036 3188 2859 231
230 1940 2455 3189
2614 3741
2614
3598
3611
2950 1768 2859
2603 3598
3611
1025 531 1652 5489 4985 3290 2421
2020 1549 1496 1496 2868
6032
3598
3611
2591
2199 2282 1500
3612
2614
1348 1348 1348
3613
6041 6032 3067 6032
1348
3611
3612
2434 3412
3611
3612 3611
3598
3612 3598
3611
1348 3598 1348 3634
3612
2316 1550 4440
3612 3598 3598
3612
3471 4873 1500 2884
3611
3618
3612
3598
230 2925 4976 2416 230 5569 2071 1355 230 4985 4976 3870 2318 230 5880 2481 1962 4976 3180 230 2318 4976 2418 1355 5552 2318 2071 230 4976 2683 2071 2036 2270 2434 4976 2318 230 230 2323 3870 230 2434 2481 2071 357 1962 2323 3180 230 1962 5489 5569
3612
2590
3611
3598
2023 3186 3395 3008 2323
1348
3611
3612
5189 3611
5531 6053 6049 6048 230
2288 1567 230 3182
5157 2065
3598 2614
3612
3598
3621 3621 4988 6034 2256
3612
3612
2581
3598
6034
3598
3598
3598
2464 5038
3611 3611
5166 2905 6049 2903 2038
3741
2593
3611
3612
1530
3612
3612
3598 2614
3611
3561
3571
3611
3612
4622 2065 5778
3565
2156
5146
5033
5065
2927 3735 3734
2316 2434
3617
3611
3423 3068
1903
2646 3068 1466
3611
3391 1355 2020
2885 2034 3391 2860 2417 3068
3612 3612
3621
3622
3612
3611
2325
3612 3612
3613
2488 1962 230 1355 5928
1500
3029 3424 4857
3565
5883
3621
5107
3611
4818 2352
3612
2100 1932 3243 1355 2391 2100 1355 2094 3247 1530 1466 1469 1652 2396 4546 2396 3247 4546 1466 1469 230 1637 1530 606
2614 3388 6035 230 231 378
3598
5425
3611
3587 3611
2614
3612
3612
2611
3611
3611
3598
3612
3049 3598 3068 6034 2158
1348 1348 1348 1348 1348
3176 230 3435 2417 3435 2323 1740 1355 230 3176 230 2919 2437 230 2437 6053 6048
1496 2256
3565
2593
5510 1355 2683 230 5527
3598
1419 1419 1639
3611
2591 6032 6042 6037 5927 6037 6042
2593
3612
6053 2068
3612
3611
2455 2232 2070 2455 5826
3611
2916 2436 1355 3428 3097 3096 2885
3611
3612
3612
2611
3389 230 3437
2653 5501
2065 2071
1348 5065 1348 3389
1466 1419 3171
3565
3618
3611
3611
5809
3598
2614
3067
1355 5505 5527 1567 1932
230
2314 2199
3611
591 526
3598
5814
2614
2614
3598
5191 3765 5825 4985 4620 3765 5188 2139 1355 5146 2070 5826 2028
1419 637 3175 739
3612
2614
3616 3620 3613 2603
1348 1348
3612
3611
3612
3611
4288 4289 2614
2139 5189 2770 2859
3598
3612
3611
1329 1295
3612
3611
2900
3598
3615 2614
3598
3598
3612
3435 3390 2318 4884 5489 3182 230
3598
3598 3565
2954 3180 1858 3180 1858 2954 2139 2954 2770 2139 1858
3612
1222 1207
3611
3612
3612
2614
2614
445 531
3612
3062
3615
2618 3612
4839 2483
3612
3611 3587 3598
5814 3615
1479 5033
3598 2614 3611
230 4794
230 5826
2614
3612
2969 5132 3008 1355 230 2997 3007 3068 1355 2640 230 2969 5132 2083
3613
3613
2603
5146 2320 3068 3068 2439
2591
3612
3598
3612 3598
3494 3498 2614
3598
3590
3612
2614
1637 609 1666
2071 2064 2064 3390 2916
3612 3611
3612
3598 3565
3598
1348
2614
3598
3612
3611
3598
3612
3616 3620
3598
3615
1862 1862 4097 5927
2040 2025 4498 1355 4492
3598
3612
1348
3598
3598
3611
3106 1940 2265 2029 1601 3467 3106 2029 3467 3106
3613
3741
3412 1551 5825
3612
1540
6041
1655 1530
3566
4620 2919
3612
5038 2323
2317
3612
2591
3611
2070 5219 2070
3598
2614
3612
3598
916 378
531 531 1466 1639
3612
3611
361
3598
3611 3598 3620 3616
378 984
3612 3612
4858
1567 4633 1355 6042 4766 6039 2886
2614
3611
2614
1348 1348
3621
3612
5053 5053
3611
2065 3452
2614 3618 3617 3617
3612
3598 3598 3598 3589 2603 3598 3598
2614
3611
2603
4874 4858 1487 4742 5056 3465 5482 2155 2424
3611
3541
3611
3611 2614 3598
1227 988 231
231 1226 766 1222
3598 2614
3612
1921
3611 2590
1348 1348 1348
2199
2596 3560
5510 5166
3611
378
3611 3612
4805 5436
3612
3612
1926 4766 4858 2455
378 3565
3598
2614 3611
3612
3612
3611
2593
3613
3598 3598
6032 6032
2314 2416 3734 3393
2614
2614
3612
3611
3612
3400 3399 2028 5027
2614
3598 2614 3611
3615
1609
3067 4873
3612
3615 3598
3598
2591
2234 5072 1567 1590 230 1567 3970 230
3612
5493 5526 5543 4778 5543 5548 2065
3598
2455 2978 3170 524
3618
3612
5157
2618
3612
2591 3621
3614 3611
3618
1652 1530
3565 3565
3612
3598
2324 2578
3621
3612
1926 2886 2431 2029
1348
3605
3618
3612 3598
3598
3617
3612
1511 2071 2178 1355 5007 6049
1222 1207 1224
3598
2614
5072 1976 230 2859 1974 2860 1976 230 983 378 1216 1974 1976 230 2859 231 1216 983 1222 1976 230 1974 2859
3611 2591
2593
3295 1768
3618 3612
3612
3612
3612
3612
2614
2614
3611
3611
230 5825 2780 2139 230 6032 2076 230 2240
2591 3598
3598
1419 1419 1646
2614
3618 3616 3590 3616 2550 3618 3616
3598
2614
3598
350 350
2437 3389 3390 5826
3598
3611
2608 5907
5218
3612
3612
5932 3735 3389 378 2455 1489
1518 1210 1227 1962 4857 3068
3612
3565
3612
4875 2488 5508
4882
1534 5778 1927 5146
2614
3615
3611
378
2232 916
2554 2614
3612
3735 4976 3176 1935 230 4986 1355 2071 230 6032 2488
5157 2320 230 2320 5157 5156 5157 2320 1355 5157 230 2320
2416 2865 5156
3598
1547
3048 3598
3242 1974 5552 1355 2474 1355 4858 2916 599 1469 1419 1639 1530 4858 2916
3565
3598
3598
3622
3611
5424
3612
3618
3598
3598
3611 3601
230 4985 2426 2894 2239 3402 230
230 4976 2071 2455 2071 2845 230
3598
2593
2614
4131 5163 1985 2866
3617
2923 230 6032 6034 3412 230
230 3464 2323 3434 230 1742 1741
2603 2614
3611 3587
5125 3598 5127
3067 5978 5985
3613
2591 6034 5814
3612
1500 6049
3565
4858 2158
3598
2591
3611
3613
2614 3612
3598
2591
2324 230 2851 230 4118 3452
1208
626 1676 1673 1639
3591
5470
1740 2884 3170 230 5552 2455 230 2092 1740 4976 2455 3412 6034 230 2859 230 4874
2591
3189 230 2969 3389 1932 2323 230
2591
2418
2904 2906 5007 2978
2618 2593
3402 3459 230
4883 5557
3611
3419 4668 3394
3615 5514
3612 3565
6048
3565 3598
3611 3587
2803 230 3452 230 3452 2064
3870 2693 2323 230 2416 2395 2674 2640 230
2455
2020 4881 3386
1978 5419
2578
4397
2318
3612 2949 5983
3612
3598
3590
3598
3612
2614
3598 5466 1535
2614
2614
4268 6048 2868 230 3067 6032 2309 2474 2674 2683 230 230 2090 6053 2518 5928 230 5039 230 3428 3386 2683 6053 2032 2919 230
2591
2592 2567 2570 4046 2483
2426 2082
2614
2614 3565
3611 3587
526 1348
3615
3612
3615
3612 3058
3612
2036
3611
3587
3612
1218
5058
3565
3598
3611
4756 1484 4046 2371 4754 4752 2294 4070 3693
3612
2614
2455
5188 532
524 532
4603 3666
2614
3611
2614
3598
2614
2028 2029 4873 2028 2028
1348
2614
3611
1348
2455 4070 3423
3598 3598 524 599
3552
3621
3598 2614
2064 5157
3612 3611
2603
988 1216 1222
3612
2475
3612
1348
3615 3613
3915
3428 3400 230
3615
3611
3611
2020 3427
3565
3598
5220
5432
5808
3612 3620
6049 6049
2614
2614 3612 2863 3834 2065 2865
2071 4985 378 2077
1622 6043
3611
3611
2614
3612
2770 3746 2314
584 1639 584 444 532 1639 584 584 636
2614
3565
2548 3612 2573 2550
1496
5419
3614
2591 3598
3741 2614
984
318
2426 1962 230 1742
3565 3565
3622
3612
3612
5967
3611
4988 4070 2455 2455 1637
2455
1520 1512 5973 3105 4593
3611
6032 6032 2864
3616 3589 5138
6032 6032
5518 5569 5070 3611
3621
3612
1518 230 1558 1498 1534 1516
1551
2323 5778 230 5072 1216 1222 1413 1529 1652
2891 5033 3765 4882 5033 4895 3766
2591
5854 3565
2603 2603
2418 4883 4881 1551 5543 5156 4883
3611
3617
3565
5812
5880 2904 5161 2904
5146
3611
4890 4986 230 4985
2603
2554 3349
3892 230 2330 230 2288 3892
532 636 605
4046
1348 1348
4202 4360 4432 4983 5907
6032
4880 5826
1348 1348 1348 1348 1348
3611
1622
3611 2273 6037 2507 6039 1623 2272
1348 1348 1348
3565
1348
3612
3611
1348 1348
384 1072
3565
3067 3411 2952
1348
3605 4098
3598
2603
2591
3068 6032
3892 3693 230 1419 230 1419 1025 3690 230 2331 230 1025 3692 3766 231 3690 230 3766 3697 2071 2331
2603
2325 5065
2455 230 5932 3391 3656 3657 2489 3657 1355 2488 2488 2488 2481 2489 230 3565
5053
3612
3612
3565
1656 1657 3068
1526
2065 2029 2029 2065
3615
3611
5995 1590 1590 2323 2316 4983
1551
231 1222
3176 2426 5826 2923
6032 4988 3428 1576 2071 2865
3612
1419 1419
3612
5770
2314 3611
2591
4838
3611
4856
5966
2317 5482 2156 5482
3634
3565
1348
