1498
3978
5222
1507 2273 3196 3189 5633
5844 5635 1812 2663 1572 5218 702
4030
4030
2884
1366 1361
2904
1498 1498
1086 924 1088
1498
5354
1498
2120 2883
4030
2828
1695 368 389
4034
4016
1498
2904
4016
3978
4030
2759 5205 594 6559
4016 4016
4035
4029
1498 1810 1498
2281 3783 6506 6220
2207 3176 5503
2904 4016
3968
3978
1707
6558
4029
1695 1579 676 703
4029
6801
3978 2883 4040 1717 3978 4173
4016
4030
4029 4016
1498 1498 1498 1498 1498
4016
2880 4029 4030
1498 2881
4005
3978 2904
2904
1498 1498 4016 5714
1440 1088 1361
2887
4030
4016
2883 2881
1498 3978
2904
4030
4003
4030
2904
2904
4016
2639 4030
2904 4029
4016
1498
4029
1770 6547 6178 6547 1769
1810 2904
4016
4029
1498 1498
3978 2881
4032 2904
4016
4030
6558 2756
3782 5879 4331 4331 3427
1498
1498 1498 1498
4030 2904
2904
4029
4016
1498
4029
1498 3978
1646 2313
4030
1498
4029
2904
2904 3817 3782 3807
4016
5478 3805 2699 5214 4202
2923 5454
2578 2589 1793 3788 5635 2156 1971 3978 1793
2704 5344 6804 3781
2313 5478 3190 3420 3934
3355 3473 4421 4123 1507 2623 2802 6804 1680 383 3471 3813 3813 2270 3122 5491 3473 1507 5251 4421 3471 3186 2155 4118 2623 6804 5126 5251 4115 5306 2996 3473 3082 3471 3181 1507 3789 3355 2623
3978 3978 3978 4016 3978
4016
4032
4030 2883
2125
4029 4016
671 1695 692
2270 5715
3381 2306 1675 1782 1626 384
3978
2261 2402 6504
3859 6804
3978
4034
4030
2893 2893 2881
2904
1498 2972 6251
3985 2883
4031
4030
1498 1626 1498 703 1498 1498 1498
2840
4029
2883 3988
4029
4029
1818
4029
4030
3196
4029
3991 4016
4005
4030
5496 1753
3993
4030
1498
3229 2263 3867 1741 6245 2226
2196 3291 1579 1815 3867 5167 5713 2545 5511 2196 2334 2484 2440 2595 6248 2403 1579
1498 3978 1498
2908
6196
2904
4029
2883
3978
2893
4030
2425 6212
4016
2904
4030
1498
4030
3176 1358 3186
4513 1733
3725 2845
4029
4029
4030
4029
1781 6768
4030
2890 3991
4016
2882 4030
3978
4003
1131 424 1356 1088 1440
4029
4007
4029
4016
2850 2881 2851
2883 2883
1498 1498 1498 1498
4029 4003
4040
4030
2883
4029
4016
3805 3829 6559
4029
4029
4030 4030 5462 4030
1807 6811 6804 1683 1807 6804 6811 6804 6811
1498
3627 2311 6565 5697
1360 424
2884
1089 1364 844 424 699
3227
4016
1765 6186 6185
4030
6098 2904
4029
1498
2883
4016 2904
4016
4030
4030
6570 2306 3785 1733 2694
1695 1579
2904
2402 3190 3785
4016 3978
4016
2709 2326 3788 2318
4016
3227 5794
4030
2745
4029
2311 3821
2904
1572 665 1658
6559
1498 1498 1498 1498 1498 1579 1498 1498 1498 1498 1498 1828
1498
2881 4016
4016 5787 5810 4327 5791 1717 3309
4029
4016
5798
1498
4016 2881
4030 4016 4029
2904
4030
699 1355
4040
1498
4016
3993 4016
4016
2904
669 5358 1810 1770 1572
5344 5478 6506
3558 3379 4525 2736 386
2904
4016
4003 4003 4003 4003
4029
4029 4003
2173 2189 2264 3805 5709 3180 3196 3182 4016
4031
4030
3191 5671 2530
2883 4029
3978 3978
1778 1733 5499
4029
1498
2893
2883
3427 3799 260
3978
4016
6504
3722
4029
2904
4016
4029
2802 2306 1507 3559 6682 2194 5640
4016
4035
5369 1652 2307 6189 5159 4769
4033
4029
4033
4029
3789 5633 1498 3828 3189 5478 4016
2904
1626 1579 1716 703 1716 1716 1626 1579 703
3098
4016
1498
2158 2207 2035 2261 3800
1498 1498 1498
3978
586 1810
4030
3979 4016 3979
4016
3978
4016
2883 3980
4033
4016
4016 2893 4035
2904
1498 1498 1498 1498 3978 1498
2880
4029
3754 5709 1507
4029
4034 2904 4035
3994
2908
4016 4029
4007
4030
2883
2893
4040
4030
4029
4016
4016
4016 424
5695 6212
2313 1650
3978
1498 1498
4031
4031
702 588 671 1810
2904
4030
5501 2263 4016
4030
4031
4034
4033
2746 1793 2965 2544 5503
671
4016
4029
4016 2883
2883
4029
3195 2261
4029
4928 2266
5511 3805 3806
2904
4003
1498
424
2313
5356 4092 5757
3978
2883
2312 5208 4793 2594 5622
3189 2306 5503
4030
4586 686 6506 1728 690 695 5641 1187
3763 3758
2794 3260 3352
2881
2904
2904
4029
2904 2666
424 2578 3796 3830 260
4016
3219
4030
4030
5794 2484
4030
1498 1498 1498 1498
4016
3227 5635 3185 3254 2736
1498 1498
4016 2883 4191
4030
1498
2880 4029
4029
2883
4030
3783 1507 6559 3601 2716 5633 6249 3601 6559 5696 5643 2988 3783 5695 2988 6559 3785 2704 2248 5505 5695 5695 6559 1629 5504 1812 2695
4029
2756 4340
4016 2884
2893 4016
2893 2881
3254 6559 2425
4016 3722
2904
2904 4029
2904 4016
4029
4030
4003
2904
2904
4016
3985 4040 1656 3989 2881
4029
4016
4016
4029
4016
4016 3979
4030
2883
4016
2886
2904
4016
4769 2307 6189 1753 3783
4030 4016
2904 4030
4016
2904 2883
1498 1498 1498 1498
6558
4029 4016
4016
2531 3346 2261 5207 1579 2326
3806
2881 2851 3978
1777 1660 2231 5516
3997
4031
2904
6817
2904
4016
4016
4016
2883
2883 4016 3978
4029
4003 4029
2904
4016
3971 5810 2908
1498
4031
5622 2965 3174 5361 3352 6199 2939 6822 5478 6793 1718 3075 6196 3065 3174 1718 5642 5478 6793 5361 6822
1498 1498
4016 2491 5505
1498 1498 1498
1498 1498 1498 1498 1498
1498 1498
3265 2773 260
2883
3426 3784 3806
1828 3783 2280
4030
4016
2904
1498
1579
4029
6802 1818 703
4030
4016 4016
4016
3979 2904
4016
4030
4514 4767
4030
2881
3381
1498
2904 4016
5798
4016 4029
5500 927 2594 1346 1783 6558 6568 6559 3427 1783 1783
4030
4030
4016
1498 1498 1498
1786 6808 1707
4016 1507 3290 2261 2156 3788 2159
2883 4030
3978 2883
4016
1498 1498 1498 1498
4016
4016
1498 1498 1498 1498 1498 1498 1498
4016
5709 2595 3657 3867 6108 5837
4029
4030
2883
4016
1361 1345
4029
4029
2904 4016
2904
4016 1498
4029
4030
4030 4016 4016
2904
4029
4029
4040
1498 1498 1498 1498
4029 2883
3978
5499 6149 5505 5499
4016
4016
5397 5404
4029
4005 4029
424 261 1088 1358
4040
4040 4030 4016 4030 2883
4016
2764 1642 261 2957 5798 2482 260 5810 2764 1507 5503
3978
4016
4030
4287 4278 5798 5845 4288 5642 5798 2587 2762 4293 4294
4029
4029
4003
4030
3547 1714 2756 3256 3260 6223 2790 3215 5622
4029
3978 4029
4029
2904 4016
4030
4016
4016
2881
4016 4029
1498 1498 1498 1498
379 1638 2736 1638 379 3427
4041
1092 1355
2881 4030
2904 6811
590 2904
2904
4029
5877 6189
261
3859 2774 3427
4016
4016
6801
4016
4029
3577
5387
4029
2881 4040
4016
4030
4030
2695 5496
2904
1355 261 1088 424
4030
4016 4033
4029
1080 1016 3978
4016
3978
4016
4029
3978 2881 6590 6589
4029
4029
3787 3190 3189 5494 2575 4164 2694 3785 5478
3978
6804 5842
4029
2904
2883 2587
5877 2694 4163 3785
4173 4040
6220 5877
2904
4030
1498 1498 1498 1498
3254 1936 260
260 4772 3190 3191
424 261
2883
6147
6153 1660 3426 3817 3290 3829
1498
261 424
1656 4030
5500 1661 260
2883
4029
2313 2568
6801 3789 4625 2983 2410
490 594 4341 4341 5671 5681 588 3829 5681 6546 588
4034 4029 3991
2902
424
6504
4016
1498
260 2765 260 4421 4421 260 1642 2790 260 4421 2699 260 4317 260 4317 260 4317 6098 4317 260
4016 2904
260 1367 1346
4016
4030
1498 2883
2529 5456 260 260 2547 2545 2534
4016 2441 5676
2904
4029
2887 2887
4029
5782 3651
5698
4005
2904
424 424 1356 1089
4016
6189 260 6138 1661
1695
3195 6194
4030
4016
4016 4030
2307 2855 2269 1753 3299 3298 4191
4016
4029
2883
260 2306 4203 5640
4029
4030 4016
3978
2809 2578 3186
2893 4016
4030
1498 1498 1498 1498 1498 1498 1498
2311 4421 5500
2307 346
4030
2667 3196 3426 5511
4016 4016
3603
4030
2881
4029
4029
2883
4029
4016
4029
4029
4030
424 842
261 1345 424 1086 261
2883
2883
4029
2883
3977
1361 2886
3978
2904
4029
3978
4625 3189 5798 5500
4029
3356 260 5203 4323 5215 260 6196 260 3356 5205 3356 260 3427 4323 260 5717 2169 5214 260 5203 3356 4625 4323 260 6263 5214
4031
4030
594 490 1812 671 450 659 490
1498
1507 4203 2313 4586 3792 2547 3783
4016
4016
4030 4016
4016
2904
4029
2699 4115 2313 3783 4122
260 1355 927 1348 1367 1366 261
4029
2883
6558 2403 2528
4029 2904
1498
2904
2509 3427 2509 3427 2845 2509 3934 3427
4016
260 2736 6222 6559
3323
4016 2904
4016 4016 490 588 657
2893
703 1694 1579 438 1819 667 1133 3673 2790 3674
4016 4030
4029
4030 2883
260 3807 2696 5877
2231 260 1696
1777 2251
3310 5453
4030 4030 4029
1498
1498 1498 1498
4016
4029
1498 1498 1498 1498 1498
4030
424
260 3556 5610 2983 3426 260 6263 5610 6251
4029
2904
4033
4029
4030
2904 5713 3781 2792 2261
4016
2883
586 1572 4767 659
4036
4029
3258 5405 1685 3783 5495
4030
4030
2881
4030
4030
4036
4029
3240
2384 2313 3295
1729
4029
1498 2717 2076
4029
3782 3818
4029
4030 4029
6217
4016 2904
3298
1794
4016
424 1440 261 1089 261 1089 698 424
2881 4016 2883
2904
6106 2155
6683 261 424
4029
5456
2904
2883 4032
590 596 591
2736 3239
4016
3381 671 588 1133
1828 261 588 1629 1626 672 1629 1626 588 260 2663 2667 3190 3190 260 2667 260 1812 692 588
4036
1498 1498 594 1498 1498
4029
1498
4016 4030
4016 4030
4030
2904 4016
4016
5698 5344 3785 2266 4767 5622 5671
1498 1812
4016
1498
4030
3229 5368 3239 5797
4029
4030
2902
6230 4862
1498
5394
4040
4074 3239 4118
2904
2904
1810 5478 495 5744 6687 671
1654
2881
4040 4040
4030
5798
2318
5814 3254 6230
3978 1498
4030 2904
2338 2306 3192 2702 1355 1093 424
4029
4029
3181 671 488 1812 671 1133 1812
1367 1346 927 3381 1355 1093 1367 1367 1086 1345 1355 1345 1086 1367 1440
4030
2904 4016
4016
4029
4029
4029 4016 4016 4003
1695
4016
4030
1708
2883
4103 260 260 4103
2893 2880
260 6559 260 6559 6559 260
2904
424
1729
1729 4016
5207 260 6199 6506
1354 261
3978
4029
2904
2904
4030
4029
2904
1498 1498
4029
2904
4016
4016
1498
424 2424 6801 5501 2403 3969
4016
4033
4016
4016 4029
1695 1815
4029
4029
4016
2594 5387
3978
703 3978
1361
2904 4016 4016 2881
3734
4029
4029
2883 4030
3978
4016
1729
2904 3427 5495
4030 4029
4016
4029
2378 2904
4016 4030
3556 260 2161 3229 3782 3556 260 2161 3556 260 2161 3229 3558 260
4029
4029
1498
2277 1650 1649 2306 396 2263 3978 2873 4016
5833 5692 5692 5692 5833
4005
4030
3978
2904
6122
4029
4767 2904 4016
4029
1498 1498
6527 1695 1579
4031
4030
5503 1714 1714 5500
1673
4016
2904
4030
4029
4040 2904
6558 3784 6199 5218 5395 4586 1507
6214 5678
2736 3784 2694 4163
4016
4029
4033
4030
4033
2883 1498
432 408 688
6803
6116 3742
2883
4016
4030
4029
4016
4029
4032 2904
4016
2589 1708 2589 2588
1498 1498 1498 1498
5714 1688 6147 2778
4029
3978
4030
1672
3783 2578 3784
1088 1358 261 424 2772 3190 260 261 1358 1361 1088 3190 2667 260 1358 1079 1089 1088 424 1016 1634 261 924 1354 1355 2207 3191 260 1355 1088 424 261 260 3190 2772
4029 4016
4040
4030
5640 5695
5782
2538
2306
4016 5494 6687 2736 3785
4016
2904
2883 1753 1752
261 5218 3551
4030
2881
2904
4030
5478 1642
3427 1348 6803 1345 2193 5454 1361
4030
3979
2904
1507 2771 6143 5610 260 3601 4359
2585 5810 2584 260 5810 2585 3128 260 1507 2584
2881
4016 2881
2893
1783 1675
4016 2904
4029
1498 1498
4016
4029
2904
4557 3806 6801
2904
4016
4016
424 1348
260 4317 4340 5640 260 4317 4317 3182 260 4340 260 3229 4317
4029
3859 2736
6718
4030
5698 3356 2168 260 3603 4340 260 6230 5695 260 1805 1579 1133 1626 4340 5633 3229
2530 3601 6547 4337 2147 3220 2594
260 2273 260 5160 260 3556 3226 3310 2194 260 5787 1972 3546 3828 260 260 3472 3093 260 2306 2384 1507 5125 1695 703 1579 5500 1507 3828 3556 2384 260 3093 5125 703 1695 3546 3828
2893
2277
3218 6687 2261
2904
4030
4767 2148 4586 5500
6558
2577 5708
2587 5355 2270 3560 1778
2286 4016
4016
2884
4040
4003 4016
2904
260 1935 3182 260 2241 4766 2608 5820 2669 260 3549 1935 6624 5744 6251 5494 260 5716 3556 260 2669 1935 5511 260 3218
2881
2904 4016
260 3324 2595
4421 2904 5505
2904
3805 5642
424
1498
1498
4003 4029
4029
2736 3784 1361
1498 4053
4029
2904
260 4317 1507 260 3123 4612 2568 6801 2544 1507 260 2587 4337
1579 1818 1695 1626 5478 2587 1507 260 2275 2441 260 2525 1507 2402 2194
2883
4337 3254 3213
4029 4030
2881
4016 2904
260 3258 260 5511 3796
4029
1729 3427
3291 4340
4029
2883
4016
3801 5405 2696 4557 6525
6801
4030
6818 2983 3851 3427 260
6153
4029
1498 1579 1498 1498
4016
2883
4016
4016 2883 4016
2904 6808
2764
5671
1498
2882 4040
4029
3789 2263 1507 2719 3800 5633
6178
4016
4029
2709 3533 260 3427
4016
3978
3229 4319 3327
424
4003
2159
1819 1626
4040
4029
2904
2307 1637 6093 5218
1498 1579 1498 1498 1498
2313 3627 4557 3194
261 1089 1366 261 261
4429 5342
4030
5617 6820 5619
3978
4016
4030 2888 1698
4016
1498 1498 1498
4030
4016
1498
260 2587 3190
5405 2313 1650
4029
1082
3310 3290
4030
1361 1345
2884
2904
4040
4030
1579
4016
2904
2885
260 3199 2713 1794 1699 3199 2695 6801 260
5491 3240 5713 260
5478 2074 260 6818 3460 3427 5640 2809 260 2587 703 1579 676 1626 2595 1695 4337 1828 3427 5696 2736 1715 260 260 4337 1507 3427
2884
6183 5504 6235 2575 5503 1742 1714 1714
4030 2883
4029
4030
4029
3199 260 2273 2594 2313 2313 260 3831 1673 5717 3355 260 6801 4341 260 2713 2277 3244
1498 1498 1498
3978
4030
3978
2883
1498 1498 1498 1498 1498 1498 1498 1498 1498
4029
1498 1498
4365
1498 1498 1498 1498 1498
5397
3978
4005
1498
2277 2696 6801
4117 4341 260 1971 4557 4341 260 4202 3427 4557
2736 260 5494 3785 6687
3978
424 1440 1079
4029
1498
4034
3227 5798
1770
2273 3782 3194
4016 4029
4029
3978
1498 1498 1498
4040
3978 2893
4030
2884
2547 5501 2736
6808
1498 1498
3546 2669 2575
2883 3978
3190 5490 260
1498 1498 1498 1498 1498
1498 1498 1498 1498 1498 1498 1498 1498
4029
4041
2577 5695
1498 5477 3195 2694
4031
1133 588 495
3780 3190 5203 3560 5622
261 1695
