3978
1498
4034
4029
3188 4341 3208
4029 4016
4016
4016
2904
3305 3298 6801 6803 3299 5633 6559 2571 6682 6808 6801 2571 6563 3189 2571 5798 4164 3092 6801 6803 3298 2694 3298 6801 3299 3176 3296 3298 6801 3299
4016
4016
6558 2756
1498 1498 1498
1646 2313
2923 5454
3859 6804
2893 2893 2881
2904
1498 2972 6251
1818
4029
3991 4016
2883
4016
2904
1266 1283 389 368 1330 4040 1328
4016
4029
4030
4029
2893
4030
4016
2881 4016
4016 2881
2904
4031
2883 4029
2883
3978
6504
1626 1579 1716 703 1716 1716 1626 1579 703
1498 1498 1498
4030
3979 4016 3979
4016
4029
4034 2904 4035
2893
4016
4016
5695 6212
1498 1498
2904
2746 1793 2965 2544 5503
671
4016
5249
4029
2883
4003
1498
2904
2794 3260 3352
4030
2904 2666
4030
4030
4016 2883 4191
4029
4030
4029
4016 3722
2904
2904 4029
4029
2904
4029
4016
4016
2904 4030
2904 2883
2736 5495 4016
3806
3997
4016
5622 2965 3174 5361 3352 6199 2939 6822 5478 6793 1718 3075 6196 3065 3174 1718 5642 5478 6793 5361 6822
3426 3784 3806
4016
2904
4016
4030
4030
2881
3381
2904 4016
1572
4016 4029
4030
4029
4016
4029
2904 4016
4016 1498
4030
4030 4016 4016
4029
4029
4029 2883
3978
4016
4029
4016
4016
4030
4003
3547 1714 2756 3256 3260 6223 2790 3215 5622
3978 4029
4029
2904 4016
4016 4029
2904
4016
6801
3577
4016
2695 5496
4029
4016
3978
4016
4029
4029
4029
4016
2881
2904
2307 2855 2269 1753 3299 3298 4191
4016
4029
2809 2578 3186
4030
1498 1498 1498 1498 1498 1498 1498
4030
3991 2881
4016 4016
4029
4029
4029
2904 4016
4029
2904
594 490 1812 671 450 659 490
4016
4030
4016
4029
4030 4016
2904
6687 5404 4030
4029
1498
4016 4016 490 588 657
4029
2904
4029
4016
1498
1729
6217
4030
4016 2904
2904
4029
4029
4016
1498
2881
4040 4040
5814 3254 6230
4030 2904
3181 671 488 1812 671 1133 1812
4016
4029
4016
2904
1729 4016
3978
4016
2904
4016
4016
1695 1815
4029
4016
2904 4016 4016 2881
4029
4016
2904
4767 2904 4016
4030
4016
2904
4030 4030 4030 4030 4030 4030 4030 4030
4030
1498 2883
4016
4029
4032 2904
4016
5714 1688 6147 2778
4030
4016 5494 6687 2736 3785
4016
2904
4030
3979
2881
4016 2881
2904 4016
4016
2904
2904
4003 4016
2904
4337 3254 3213
4016 2904
2851 3190
4029
5671
4016
4029
4029
2904
3978
4016
4030
4016
2313 702
4030
6183 6235 2575 5503 5504 1742 1714 1714
4030 2883
3978
3978
1498 1498 1498 1498 1498 1498 1498 1498 1498
5397
1770
1498 1498 1498 1498 1498
1498 5477 3195 2694
