3627
4289
4287
4289
4287
3627
2323 2271 2323
4287 3627 4287 3628 4288 4289 3627 3628 4288 4287 4289 4287
3627
4289
3628
4289
3611
4289 4287
3627 361
3627 3611
3627
3627
2952 2614 2517
3627
3628
3627
3627
3627
3598 4289 2438 2527 5143 3420
4289
4288
3627
2614
4288
4288 3565
4288
3627
4289
3628
3612 3598
5791 3627
3611
3628 5829 2951 2859 5829 2964 2802 2614 3746 5146 2084 5165 2865 2951 2439 2858 1927 5825 5784 3747 2964 5146 2958 2982 6032 2957 2859 2858 5932 2964 2951 2958 2957 6032
4287
3627 4289
4289
4289
4287
3627
4289
3627 4059
3627 2614
4288
3627
2614 3627
3628
4287
4288
3627
3612
4289
4289
3627
2614
3598
4287 1348 3627 4288 1348
3627
3612
4288 3627
2595
3612
2614
3611 3628 3598
3618
3612 3611
3627 3611
3628
3627
4287
4289
3614
4288
2070
4145 3188 3068
3627
4287
1348 3627
2591
3627
3627
3627
3611
3614
3611
3612
3627
3611
361
3617
3598 4289
3612
4289
4287
3628
3628
3628
3627
4287
4287
4289
3620
3627
3628 2587
3627
3612
3067
3627 3598
4289
5794
3627
3627
4289
4289 1606 2483 5539
2221 3521 5181 1500
4289
4287
3612
3628
2076 2902 5409 5932 3690
3628
3627
3627 3628
4289
3627 3612
2614 4288
2591
3627
3067
3627
1496
4287
4988
3627
4288 1480
3627 3612
983 1329 1329 2083 2455 3627 983 1935 2029
4287
3612
1613 1355 1621 3567 5825
3614 2590
3627
3627
4289
2614
4289
1537
3627
3627
4288
4287
3612
4289
2591 3621
584 2029 2029 435 2029 584
3627
4287
3627 3555
3612
3627 3598
2614
3627
5028 1935 4219 3691 5025 2090 1929
3614
3628 4289 3627 4288 3611
3611
3627 4287
4287
3068 3963
3627
3615
3628
4289
3612 4287 3612
3627
4288
4289
2614 4288
3598 4287
4287
4288
3628
3598 4289
3621
2966 3888 2163 2957
3612 4289
3627
3628
3611 1498
2668 4288 5991
3579 4287
3628
3628
3627
4288
3614
3628
2859 2770 3097 3423 5056 3488 2858 5826
1530 4144 1025 3627 4269 1530 2071
3615 3628
4289 3627 3628 3627 4288 4289 1348 4287 4289 4288 3598
3628
3628
3628
4288
4288
4288 3598
4900 4882 1497
3612 3628
5825 2071
4289
3627 3756 2957 2802 2659 2670
3627 4289
3628
3628
3627
1541
4629 2025 5186 2859
2614
3628 2614
3611
3627 3598
2593 3612
4287
4288
3627
1509
4287
3628 3612
3053
4288
3627
1655 534 1563 1419 3628 1563 534
4287
3375 528 6327 1530 1639
4288
3590
3628
3627 3628
6032
3556
3611 3587
3598
3627
3627
3627
4289
2757 4287
3612
3611
4288
608 531 526
3627
4289
3627
4287
3611 2426 3405
3598 4289
5826
3611
3611 4287
1537 3611 1630
3627
3627
4287
3598 4289
4289
2603 2618 3622
4289 6103
3598
3612
4288 6032 1623
3628
4288
4287
3611 4288
4287 2591
4288
3621 2614
4288 3611
3621
4289 4045
3617 3616 3612
3611
3612
3627
3628 4288
3611 4289
4289
3627
3612 3627 2591
3615 4289
4741 1497 4765
4287
4288
3612
4288
3627
3612 3627
3627 3612
3627
4289
3598 4287
3611
4287
3627
1355
3627
4289 3612
4288
4288
4288
1932 2484 4289
4288
4287
4289
4619 3390 2193 3391
3627
5167 5495 1952
4289 1622 1576
2614 4289
3621 4287
4287
3627
4287
4287
4288
2614
4288 2070 6034
4288
632 4522 916 984 1219
3627
3627
2614
4289
4289 2071 4624 5552 2476 2029 3611
3611 4288
4288
2614
3612 3628
4288
4288
3627
4287
3628
3628
3612
4289
4289
3612
3612 3627
4288
3627
4287
3627
3612 3627
4288
2590 2618
3611
4289
2614
4288
4288
532 3617
3612
4289
4288
4289
3628
4288
3628
2618
3621
3611 2614
2614 3598
3628 4288
4289
3627
4288
4288
4288
4289
4288
4287
4289
3627 3611
3612 4288
4287
3627
3628 2614
3628
3106
4288
4287
4287
3627
4288
4287
4287
3863 4629 5065 3302 2902
3627
3617 3616
4289
3627
2614
3627
4287
2025
4288
3628
3170 5518
1492 230
2427
2614
4287
3611
3611
4289
4288 5991 3891 5834
4288
4288
4288 4287
4288
4289
361
4288
4287 2603
4287
2600 4823 2560
4288
3627
4288 2455 402 438 603
3565
3612 4289
3611
3628
3556
3627
4288
3627 3611
3628 2065 1952 2920
3628
3627
3611
4288
3612 4288
2614
3628
4289
3617 3628
3627
3627
3627
5439 3611 5440
3384
3612
4288
4289
4289
4289
3627 3598
4287 4289
4288
3611
4288
4289
3598
1930 2071 4890 2800
3628
3627
3598
4287
5070 4287
3611
4287
2614 4289
2484 3628 3598
4287
4288
3612
4287
4288 2581
2614
5996
4287
3612
3611 4287
3627
3628
4287 3598
4288
2868 3177 2020
3611
3628
2614 4287 3628
2614 4289
3598
4289
4287
3627
2070 3769
3598
4289
3627
4288
3627
3627
3627
3598 2614
4288
3627
3628 3627 4287
3627
4287
4289
3627
3627
3611
3617 4287
2591
3627
3628 5995
4289
1902 3627 2618
5996 3171 4747 3068
4288
3621
3611
3628
3628
3612
3627
3692 2952 2076 2517
1497
3628
4289
2614 4287
4288
5191 2064 5994 2507 5992
3176 2864 2020
4287 3627 4289 3627 4287
3587 3611
3611 2590
2618
4287
3627
3627
4717
3627
2426 2324 3067 4274 2090 3388 5066 3698
3628 3627 4287 4288 3598
4287
3628
3627
3627 3612
3612
2065 4289 3886
2068 4986 5065 5419 230 1501 5025 1501 5027 5522 5826 230
2806
4881
4289
3627
3627
3627
3598 3621 2614
3628 4287
3612
4288
3627
3627 3612
3628 3627 2614
3628
4287
3601
3618
1222 4009 2272 230 2314
2618 3627
3627
3628 2590 3612 4860
3611
3621 1873 4289
3612 3627
3558
340 4288 1476 2618
4289 2032 2591
3627
4289 2418
3627
3617
4288 2614
3627
4288
1944 1355 3628 4499 4288 2020 3891 3627 1548
3627
4287
3612 4287
3627
2416 1419 4287 5501 534 4875 6032 1419 1639 534 5501 1576 1419 1639 3068 5065
4289
2614 4289
3598
4288
4288 3067 2989 4288
5070 3407 3627
4288 3627 4289
6051 1935 6053 5146 1621 3008 4878 4873 4976 2851
4289
5500 2318 2318 5500
3627
3598 3627
3612
4289
4288
3611
4288
3598 2510 2916 3611 2982
3628
3627
3627
2632 2581
4522
2614 2591
4289 3598
3627 3598
4289 2614
2070 3067 5826
5419
2614
3627 3598
4288 3628
4288
3612
3627
4289
4289 4287
3615
3612
3612
3612 3598 1911
4289
3611
3611 3627
3598
4287 2731
3627
3612 4289 3612
4288
3611
3627
3984
3598 3598
3611
4289
3628
5470 4873 5218 3427 4883 3698 3391 2239 3391 4890 3420
3612
4289
3627
4287
4289
4288
4289 1606
4288
5157
3611 3587 3565
4289 4889
3627
3627
6032 2591 2455 5465 5188 5157 4287 5465 6040 2511 6041 3648 4288 5157 6032 1919
4288 3612
3741
3627
4289 3611
3615
3598
4287
4289
4289
4288
3612
4289 4288
4287
4287 3611
4287 2314
3627
5056
4289
3598 3627
4288
3628
5157 5157 2864
4287
4287
3627
3628
4288
3628
4287
5886 6032 3746 2193
3611
3628 4287
2591 3628
4288 4289 3628
4288
3627 4287
4289
3627 3598 3611 3612 3061 5146
4287 5932
4288
4289
2603
4289 3598
3627
1570 230 2273 2178
3612
5412
5521
3627
3612
4288
4287
4289
3627
4288
3627
4288
3627
3571 4288 2601
4287
3627
3611 3627
1348
3612
2570 2552 5967 4289
4288 637 1626 5157 1612 2942 5562 534 5932 350 2949 5157 2614
3611
3611 3628
2614
3627 1348 1563
4287
2257 2978 4555 2865 1990
3598
4289
4288
2590
3627 3590 2234
4288
4287
4289 3612
3627 4288
3565
3627
3611 3598
4289
1419 637 1655 2455 1655 2916 2864 1655 1655 1419
2591 3618 2982 1554
4287
4289
4289
3627
3611
3612
4289 4288 4287 2614
4289
4289
4071 4287 2455
6032
3612
4288 4287 3627 4289
3614
3612
3612
3611
4289
3621
4289
3611
4776 2201 4795 1931 2729 2234 4881 5527 2997 2136 2463 1931 1941
3590
2162
