3612
3622
3552
1224 2593 378 1222
3598
2614
2594
5534
3399 3378 2064 5519 4484
3612 1978 4805 4793
3612
4434
3587
3612
1543 5539 2424 2858 1500 1576 2779 2312 2859 2317 4876 2959 2858 5543 5146 2964 2957 2964 6032 2312 2964 2957 6032 6034 2957 2958 6048 2856 2957 2964 6032 5001 2866 2864 2574 2467 1492
2593 3598
2593
2614
2614
3611
3611
3171 5055 2863 3389 3399
3621
2555 2548
3612
4097
3614
2594
3612
2617
2573 2548
3611
3556 2584
3565
1237 378 765
3571 2594
3612
1488
2603 3612
3598
1540 1954 4130 3598 3598
3391 4876 5025 2265 4633 5501 2317 5025 5825 2927 2064 3173 1355 3855 4633 3394 2317 2418 1742 1741 2865 4858 5501 2273 5070 2452 3391
1929
1543
3621
584 402 435
2573
5431 3621
3611
3612
3611
3598 3612
3611
3611
2614
3612
3598
2614
3613
3612
3598
3612
2616
1516
2614
2416 1655 3437 3437 531 3437 1655 1655
1639 524 528
3611
2593 3612
340 1476
2617
2614
5519 2070 5521 2234
3615
2593
3601 3601
2617
3561
3611
3611
3612
2567 4894
3612
3611
3611
3611
2593
2614 1568
2594 3612
3621
3611
1516 1606 1509
3598 1872 2549
3598 3612 3598
3612
3613
378 982 914 840
912 984
3612
2616
2595
2070 5423 3621
3612
2594
3598 3612
2614
2189
2115 5972
3611
3612
3611
3611
2614
3612
4738
2860 3303 4633 2997 4630
2614
3598
2020 5826
2560
2594 3611
2559 2555
361
3598
3598 2439 1355 1921 4895 2029 1481 1511 2394 1480
3611
3613
350 1530 437 605 534 1152 605 402 1192 330
3611
3559 3577 2548 2597 3146
2070
1866 2604
3612
2593
3612
3611
3612
3616 3590
2560
2593
3614 3598
3598
3612
3612
3615 3598 3598
3611
3611
2455
3611
3598
2594
3590
3598
3598
3598
2020 2416 230 5068 1576 3389 5143 230 3473 1355 3389
2426 3387 2614
3598
3612
230 2324 2923
3598
2548 2555 3612 3598 3598
3611 3611
1741 1497
2139 2412
3598 3598
2514
3611
595 435 535 435 605
4875
3611
4793
3611 2617
1872 2555
2177
3598
2617
2047
2071
3611
3611
3425 5068 2659 2641 534 5068
1866
534 5065 528
3611
3612
3612
3613
3201
3612
912 845
2957
3612
3612
2614
3612
3611
3611
3601
2071 3598
3587
2150
3612
3612
3598
4858 2070
3598
3621
3598
2574 3329 2573 2551
2614 3598
3612
3565
3612
3612 2563 1866
4583 5008 3598 4071
3611
2617
5157 1111 350 1563 5157 1532 637
1940
2593 1622 5220 5220 1622
3612
2594
3590
2858
