4046
4046
4806
4005
4046
4046
4046
4806
4805
4046
4046
4029
4804 4046
4804
4029 4046
4804
4040 4046
4047 4030
4047
4046
4046 3411
4047
4805
4036
4804
4805
4806
4806
4040 2908 4016 4046
4806
4029 4806
4047
4805 4046
4030 4804
2904
3978
4805
4030
4805
4806
4029 4047
4029 4047
4806
4806
4046
4046 4035
2450 2904
4047 2893
4806
4047
4047 4029
4804
4047 4029
4806
4003 4029
4805
4046 2904
4804
4804 4003 4030
4806
4046
4806
4036 2904
4804 4030
4030
4029 4805
4805
4046
4046 4030 4016 2904
4804
2868
4806
4046 4030 2904
4805
4805
4806
4806
4046
4804 2091 4023 2858
4805 2904 6768 1781
4805 2904
4016 3978
4046
4046
4029 4805 4016
4030
4029 4804
4805
4805
4047
4047 4030
4804
4046
2904
4804
4029
4804
4047 4804 4805
4804
4805
4804 4046
4034
4805
4805
4046
4046
4046
1498
4030
2908 4047 3978
4806
4804
4806
4804
4806 4016
4804
4047 4030
4046
4029 4805
4046
4005
4016
4047
4046
4046
4805 4024
4805
4046
4804
4804
4033
2908 4046 4030
4030 4046
4806
4033
4029 4046 2880
4029
4804
4040 4804
4035
4046 4806 4805
4029 4806
4806
4029 4806 4016
4805
4805
4047
402 4046
4804
4047
4016 4805
4016
4804
4806
4804
6793 1713
4804
4029
4805
4806
4806
4029
2904 4046
4030 4016
4030 4046
4805
4046 4030
4046
4805 4030
4047
4023 4805
4036 4030
4007
4046
4806
4036 4046 4036 4016
4016
4804
3069 4804
4805 4029
4030
4806
4016 4806
4047
4016
4046
4047
4046 4040
4047
4029
4029 4804
4046
4804
4806
4016 4804
4029
1498
4806
4016 4804
4046
4029
4047 2908
4046
4046
4047
4805
4805
4806
4805 2908 4005
4046 2904
5676 5696
4804
4030
4033 4806
3978
3244 4029 4030 2812 5819 3240 3309 5791
4804
4806
4804
4805
4029
4030 4046
4046
4046
4805
4030
4040 4804
4046 2773 6199 2908 2838 2287 2838
4046
4030 4047
4804 4036
2325 2736 4805 1713
4029
4030
4805
4047 4029
4030
4029 4805
4030 4047
4047
4016 4806
4029 4046
4030 4805
4040 4046
4806
2861 4030 4806
4805
4046
4029 4047
3978 4805 4046
4016 4046
4046
4047
4029
4046
3415 4804
4804
4046
4029 4046 2904
4804
2908 2901
4805
4046 4030 2882
4016
4016 3968
4804 4030
4804
4805
4804 4016
4806
4804
4046 4806
4319 2313
4806
4046
4046
4804
4046
4029 4047 4034
4047
4806
4804
4806
4805 4029
2904 4804
4030 4046
4047 4029
4029
4016
4029 4047
4030
3426 2908
4030 4804
4030
2904 4030
4030 4046
4029
4806
4804 4029
4804
4047 2902 2901 2880
4030 4804 2904
4029 4046
4805 4016
4046
4804 4805
4046
4029
3978 4046
4805
4804
4029 4805
4047
4804
2904 4804
2904 4806
4806 4016
2908 4805
2904
3978
4804
4029
4804 4016
3342 4047 3342 5810 3427 3427 5810 3342 2934 3427 3342 3427 2170 3427 3342 3342 3427 3342 2736 3342 4029 2819 3427 4029 4804 3342 3041 4862 2819 3427 3342 3427 3342 5810 3427 2829 3342 2509 4166 3342 4166 3196 3342
4805
4804
4804
4046
4046
4047
4806
6785
4030
4805
4046
4805
4805
4030
4047
1498 4030
4805
4046
4805
4804
4016
4046
4806 2904
4804 4036
4029 4003
4047 6758
4806
4047
4046
4029
4804
4047 4016
4046
4046
4046
2904
4047 4046 4804 4805 4016
4804
4804 4029
4805
2307 4806 4335
4029 4804
4030 4804 4040
2908
4046
4804
4805
4036
4046
4806
4047
4804
4046
4046
4806
2908 4047 4029
4029
4040 2092 4806
4046 4016
4046
4016
4047
4029 4046
4047 4030 4034 4016 4030
4804
4046
4806 4030
4805
4805
4804
4805
2904 4805
2904 4806
4805 3426 3334 4805
4806
4046
4805
2904
4040
4029 4806 4030
4805 4016
4046 2631 1675
4046
4047
4805 4005
4805
4806
4030 4016 2136
4003 4805 4029
4030
4804
4806
4029
4016 2908
4029
2908 4805
4805 4030
4023 4805
4805 4029
4046 4030
4804 2908 1661
4030 4805
4030
4805 4029
2904
4036 4805 5394
4804 4029
4805
4805
4046
4804 4029 4003
4805
6539 4030
4047
4046
4046
5369 1685
4804
4046
4031 4047 4007 4034
3978 2904 4016
4804 4030
4046
1798
4804
4047
4806
4029
4804
4805
4806 4016
4030
4046
4040
4030 4047
4046
2904 4804
4804
4029
4804
4047 4016 2736
4805 4030 4035
4047
4029 4047
4046
4046 2904
4047
3978 4030
4806
4047
4046
4046
4029 4016
4046
4805
4047
4029 4804
4016 4804 4029
2273 2275 2766
4046
4806
4040 4047 4046 1498 1498 4046 5521
4030
4031
4029
3978
4030
5502 5385 2450 5405 2160 3035 2484 2170 6218 3342 2381 2745 2160
4029
4030
4029 4030
