4806
2587 2528 2587
4029
3293 2904 2801
4046
2717 2811 5794 3814
4806
4805
4046
4030 4016
6524 4046
4029
3292 3190 4047 6563 3122 2904 4180 3305 6563 2718 3189 2156 5798 3292 2327 5818 3196 6512 6558 4181 3305 5798 3299 6687 3305 3292 3189 3327 6801 3298 3190 3299 3298 6801
4806
4046
4805
4046
4804
4046
4030
4046
4016
4804 1498 4046 4805 1498
4805 4046
2885
4046 4029
4032
2312
2881
4029
4029
4030
4046
4046
4046
4030
6527
4806
2471 3931 5836 1664
4047
4047
2881
4046
3426
5622
4046
1477 2326 2736 4046 1088 2164 2270
4030
1784 1507 1792 3980 6558
4046
4806
4046
4030
2881 4040
4030
2904
4046
4032
4033
4805
4806
4805
4016 4806
3307 4337 2410 3298
4805
4032
4047
3190 3082 3460 3817 5696 3892 3189 6559
1695 4638 1133 4046 4784 1695 2313
4047
5521 5503 1661
4030 4047
6558 2313
4046 4191 3298 3122 2953 2965
4804
3411
4046
1828 596 1729 1579 4047 1729 596
4804
590 3764 7180 1695 1812
4805
4047
4029 4003
4046
3069 4804
4030
4029
4016 4806
6559
4029
4029 4804
4046
4046
4016 4806
4805 6801 1794
4047
4804
4029 4805
4804 2881
4040
4806 4525
4029
4030
4047 4805
4030 4046 2881
4033 4806
5342 1661 5368
4804
4030
4805
4046
4030 4046
4016 4804
4029
2161 2767 4806
4805
5204 3784 2441 3785
5820 6183 2181
4040 4804
4804
4046
4806 2313 5209 6245 2759 2270
4029 4805
4030 4047
4030
4806
4805
4029
4805
594 4035
4030
4047
4805
2908
2904 4016
4046
4047 2904
3472
4804
4804
4309 5214 5708 3686 3238
4804
2266
1655 260
4805
2890 5435 2850
4805 2736 450 491 669
3978
4029
4046
4047 2307 2181 3259
4046
4035
4806
4029
4804
5713 4804
4029
4804
6759
4030
4804 4016
4805
3199 3553 2261
4016
4046
4046
4046
4805
4029
2881
4047 6758
4029
4047
4047
4805
4029 2880
2908
4804
5316
2704 2588 3426 4789 2334 3782 5709 4123
4047 4046 4804 4805 4016
2307 4806 4335
2310 5620 5708 6099 260 1665 5663 1665 5665 6213 6559 260
3128
5502
4046
1361 4478 2529 260 2575
4029
4040 2092 4806
379 4805 1638 2908
4046
4806 2696
4046
4805
2173 1507 4047 5061 4805 2261 4340 4046 1714
1579 2694 6189 4804 596 5496 6801 1812 1579 596 1742 1579 1812 6189 3427 5708
2904 4806
4805 3426 3334 4805
4805 4046 4806
4806
4030
4029
4047
4046
2924 2871
5093
2904 2881
4030
4030 4016 2136
4029 4046
4046
4030 4806 4030
4029
4446
4806
6153 5494 5877 3821 5504 4123 3785 2490 5511 3814
4046
6801 2881 2736 6148 5844 5810 4804 6148 6809 2795 6810 4068 4805 5810 6801 2144
4805 4030
4806
4030
4804 4029
4806
4805
4804
4804
4805
4046 4016 4029 4030 3419 5798
1736 260 2530 2425
6092
6212
4805
4046
1498
703 1797 4805 1783 5810 6687 3282 6255 596 389 3290 5810 2904
4029
4029 4047
2904
4046 1498 1729
4046 4007 2484
4805
4029 4016
1579 703 1828 2736 1828 3254 3195 1828 1828 1579
2881 4036 3327 1720
4806
4046
4806
6801
4805 4804 4046 4806
4030
4029
4806
4806
5502 5385 2450 5405 2160 3035 2484 2170 6218 3342 2381 2745 2160
2409
