3612 3598
3612
3598
636 1492 1646
1729 6033 1565
3612
3612
2070 4858 2436 3067 2860 3415
3611 3598
4881 4875
3389 2416 5826 1955
4866
2916 2110 3436 3437 1492 3097
2591
3612
3589
2904
2591 4070
3598
3577
4858 3598 2155
3598
2614
3390 2455 5068 5932
5143
1872 1508
2528 5143 5143 5157
3598
2614
3612
3612
532 599 3612 1469 532 3571 599 1469 626 599 626 599
528 2065 535 626 603 528 4890 2065
2614
2603
3612
2593
3565
3614
3612
3612
5068 5932 2455 3389
2591 3611
1956 2416 5826 3390
3611
2916 1952 4620 1530 2069
3598 3598 3598
532
3598 1873 3598
2614
2641 2863 4583 2476 5826 4630
3612
3621
2455 2158
3612
3618 3589 3589 3589 3589 3589
2921 4635 1995 3177 3369
2455
3170 3459 1741
3598 3598 3598 3598
3612
5157 3402
3612 4911
3611
3621 4046 1872
3598
3612
4873 4881
2591
2614
2614 3612 3612 3612 3612
3565
3598 5510
2417 2746 2724
3611
3746 3970
3565
4881
2455 5068 5932 3389 5932
5466 2416 3395
2614
3612
3612
1355 3435 3459 1613 4875
3615
4839 2020
3614
437 1494 444 605
3615
2614
4875 1542 5413
2591
3618
2614
3598
3612
2071
3612
3598
3598
3612
3615
2952 4070 2437
3612
3621
3612
1493
5944 2614
3615
1503 342
3612
3615
4881 4873 1535
2455 5510
3611
5501 1622 1222
3615
3612
3387 3388 3415 2417
2614
6039 2155
2201 2234
2614 3565
4793 5073 6032
3617
3612
3611
3611 3598
3598 3611
3611
3612
1639 605 3598 524 438 438 605
3587
3622
3598 3598 3621
3612 5932 2155 3611
3598
4052 2555 4443 4438
3394 3413 4881 2071
3611
3598
2075 2527 4632 4980
1940 3565 4858 3611
3612
3612
3598 3612
2988 3394
3598
2614
5220 2863
3598 5161 2155
3611
3611
3598 3598 3598 3598 3598 3598 3598 2614 3598 3598 3598 3598 3598 3598 3598 3598 3598
5488
1637
3598
3591
3611 3611
2593 3612
3611
1530 330 1147 350 304 1530
3611
3611
3598
3611
2618
524 3612
3466 2517 3565 2391 2064
2077 1974 5055 2919 2919 1975 5055 2326 2077 4890 378 2978 647 725 2314 3577 2919 2077
3612
3612 3612
379 378 1073
4858 5146 4858
3612
3598 2614 3598
3612 2591
3615
3612
3612
3565 3598
2455 2416 5068 3390
5001 2982
3265 2455 1500 4785
3598
2614
3598
4875
3598 3598
2614
3611
3611
2166 4875
3565 3577
3068
3612
4070 3403
3556
2067 5143
3621
3612
3598
3614
3598 3598 3612 3598
3611
2614 3612
3617
3598
5007 5007
2593
3598
2864 2020 2865
605 526
3614
2614
2416 2476 5068 3393 2314
5027 2614 1551 1568 2555 1954 3395 2074 6033 1551 6033 1500
2614
1992 4268 3436 2455
3612
3766 3746
3612
2614
3598 3598
2614
2591 2070
3612
2517 4488 3068 5028 1939 5146
4873 4875
3411 5778
1901
3598
2612
5536 2890 2614 3387 5143 3427
2614 1607
3613
345 1611 1530 5826 1530 5826
3565 3565
1492 1995 5500 5826 2908 2864
2591 6018 3612
4618 2064 2855 2071 4620 2856 4619 2851 2850 3416
3598
1509 2020 2464
2070 5510
3621
3577 2601
3622
3612
3614 1902
2614
2455 3612 2163
5966
3612
4046 2591 6032
6034
3611
3612
3612
3598
3612
1530 1926
2070 3621
1216 632
2614
2614
3612 2591
2591
2614
3611
3617 3617 3617
2155 2193
3615
3253 2320 3301 2436 1355 5159
3407 3765 5825 4629 378
3622
2614
3612
1493
3612
5932 2455 3390 1956
2510
2565 3598 2591 3081
2316 1530 2270
3612
3612
3612
2591
3612
3612
5808 3605
3587
3612
2232 5510
2070 5510
3614
3612 3598
2964 2958 3754 2064 2325 1419
3598
3612
3612 3598 3612
1419 1419 1530
5533 2511
3067
2614
1548
3621
3611
3394 2329 3422 2886 3389 4268 2330 3175 4988 6048 3436 4618 1355
3611
3615
5927 4881 4875 4873 4635
2614
2591
3598
1496
3598
3598
3591
2591
1551 2455 3067 4386
3612 3612
3612
3598
5880 2064
2455 5521
3598
2865 4095 2885
3612
3587
3611
3565
3598
3353 3621
3612
3598
3612
3598
4873 2196
3612
2232 1542
3617
3598
3611
2614 3612
724
2863 2068 2865 4740 4070 5409
3612
3611
2864 3443 5098
2614
6004 1610
4533 3612
605 1413 1639
2591
5510 4875
2894
3612
3622
2614
3598
2590 3612
2916
3612
3612
5220
3565
3390 5932 2455 5068
3611
3611
2593
2234 4858
3598 2201
2614
3612
2593
3612
3390 1976
4866 3598
2070 2455
1639 2071
3464 2331
5164 2417
3598
3598
2616
3611 2614 3612
4881 2614
2593
3612
3612
3612
3612
1419 1646
3612
3612 3598
3589
3556
3611
3612
3611
3612
3612
3612
3565
2242 2593 5814 2555
3612
4875 1500 4881 4873
3565
3612
3618
723
3612
3612
3598
2591
6025 2177 4878 2911 2853 3735 2198 5523
2590 4717 4717
725 650 726
3598
3611 2455
3612 3612
1903
3612
647 724 667 655 4875
3612
3598
3598
3068
3587 3598
2455 4858
3611 3598
3618
361 2614
2596
3587
3611
3598
3564
6042 6035 6035 1623 6042 6035
2614
2593
2316 1355 2885 5007 4545 3173
2884 4980
3612
3598
1496
4633 3424 2064
1500 4881 435 4881 5167 402 2240
2117
2614 4873 2217
3612
2614
3612 2614
3612
3598
3612
2593 1355 4661 3252 2438 3263 3420 1355 4661 3282 3284 2436 3252
2614 3598
4784
4875 4873
2614
3394 3393 3068 5932 3413 5068 2023 1548 3186 3400
1296
3598 3611 3611
3612 2591 4823
3598
3571
2004
2859 2885 2489 2459 2476
3620
1525
3612
3621
3575
3612
4858
2614 3598
3612
3611
3612
3621
5825 2076 3459
378 378
915
2614
2065 1939
5510 2158
3612
2614
3612
2070 5994 2071 5794 5793 1626 6032 5992 5979 3373 5995 5977 2065 5793 2315 5983
3388 2318 345 1611
3611
2614
2614
3746 1105 1092
3598 3598 1530 2614
2332 4095 3182
2455 2234
4858 4858 3394 5510 3394 637 2070 3395 4858
4988 3390 2070
3598 3598
3598 3612
3565 2455 3393 6035 5826 5932 1952
3615
3611
3598 3598
529 626 534 1642 606
1500
2686 2567
3617 3618
3386 2068
3612
3565
3615
5432
3611
3611 3611
2614 3612
3598 3620
2591
3612 4873 3598 1940
5218 1207
3621
2071
3611
6053 6048 2614
2591 2555 5161 5146
1548
3622
3119
5485 1587 5070 6053 6022 4893 5181
3598
3611
2455 1500
3598
3612 2591
3565
3611 3611
3612
3587 3587 3587
3598
3611 3598
3612
3615
3611
2614 3598
3611
4882 2455 2068 1930 230
3612
3615
3068 4873 2438 2651 2997 3388
3598 3598 3598 3598
3611
1940 4875
3598
3565
3612 3612
1216 987
3565 3612
3565
1489
3611
2172 2204 4873
4132 2459 2495
3612 3598
5825 2510
2455 2434 2317
3618
3612
3612
3611
3612
3615
4881 4187 5534 4046 3343
2065 2464 1646 2512 1991 1965
1985 1530 5191 5495
3612
3613
3598
2603
2234 6032
2557 3621
3611
3612
3612
3598 3611
3598
3611
3612 1548
5040 2064 2481 2431 3423 1962 3691
3741 3612
5413 5534
3598 3598 3598
3612
3591 3591
983 5460 987 2925
3611
3598
2614
3621 3598
2232
3598
3612
2593
5059 4622
3612
6048
2614
3616
2416 5146 2603
3112
2614
3612
532 442 626
3394 4858 1355 3175 1535 1944
3612 3598
2614
3765 3246 2426 3269
3612
5932 1956 3391 5826
3598 2614
3435 3391 1355 5555 5146 5189 3964
3612 1550 637 1419 1550
4599
1540
3565
3611
3612
3611
4873 4881
605 1413 524 605 636 524
3565
2614 3611
3612 4858
3598 2595
3611 4799 3611 3611
2004 3384 3598 5426
3611 3616
3611
2626 3612 2591 2574 2555 2559 2593
3622
3598
3565
5927 2593 2243 1920
1939 5995 5157 2020 4875
3612
2593
3612
5068 2070 3390 1956
3611
3612
5498 637 5533 1419 2273
3598
3617
3612
4882 3401 2509
3612 3589
3611
3598
3598 2201 2614 2232
3598
3617
4861
4861 3067
3611
3613
3611
3612
4890 2894 2434 2510 3269
3598
3612
1493
2232
5143 2201
2591
532 437
3611
3067
4875 4881 3611
3612
3612
378 983 975
2155 5218
3612
2614
1558 1646 2020 4861 4861 536 2436 4743
1989 1992 2068
2614
3565 3565
3612
3598
3612 2603
3612
3615
4765 2806
5561 2046
3612
1297 1322 378
3621
3618
2510 5482 3464 2431 2863
3612
2416 3393 1355 2756 5065
3598 2614
3611
3240 1767 2316 2083
3741
3611 3598
2434 2455
3612
3611
3612
3611
1590
3612
3612
3613
3612
3612
3612
3586
3614
3612
3598 2614
3615
3622
3598
2614
3616
3598
2614
3598
3611 2614 3587
2614
3741
3612 3598 1860
3612
3612
3598
4858 5220
2603
3614
3598
3565
3611
2032 5186 1500
3612
2593
3598 3598 3598 3598 3598 3598 3598 3598 3598 3598 3598 3598 3598 3598
3621
725 378
6038 2614 4858
3618
2885 2029 5028 1355
3611
2512 1612 2325
3612
3615
3564
2614 3598
3613
2455 4875
3612
2190 5157 2114 2114
3598 534 446
3598 3598 3598
231 1207
2644 3158 2065 3002 3403
3612
3621
3176 2863 3067 3387
311 1356 6103
4861
3611
3611
984 1218 983 1217 378 837
1355 4278 3452 4784 5778 5024 2330 4278 3875 1927 1355 2902
3614
2555
2868 2317 4743
3598
3565
3612
594 1469 535 2921 1956 3173 1740 2916 1413
3612
4861 4875
3598 3598 3613 2614 2590
3612
3621
1413 3621
3611 3612
3612
3612
2591
2614
3612
3781 230 1963 2979 2460 230
3612
2859 4858 5558 3395 1356 5007 3387 4741 3427 2670 2323
3612
3611
2614
3598
3555
3611
3618
3611
3598 2614
3598 3565
5157 2196 1337 2200 2217 2206 3598
2614 3611
3611
3598 3598
3611
3612
3613
2614
2614
3591 3591
2217
2070
3611
3612
2890 3435 2509
3611
3598 3590
3621
2070
3611
3621
3598 3598 3598
3612 3616 2070 3617 5143
3598 2201
3598
3556 3565
3622
3612
3598
3612
3598 3598
2614
3615
3601
6032 3598 3598 3598 3590 3612
4986 4619 5880 5778 1945 1355 1945 4873 5880 1960 4985 4619 2495
3612
3612 2591
1478
2614 3598
2070
3612 2590 2590
3612
5068 5932 2020 3390
5793 5460 2065
5033 4881 5038
4642 3598
3598
3611 3611
2614
2614
3611
3598
3068 2969
2591
4873 4875
2614 4873 4881
3615
2614
4873 1548 3611
3612 5161 624 379 1082 430 629 629 624 379 1079
2591
3565
1355 3443 2317 3459 2483
3611
4875 4881
3612
3611
3598
3612
3611 3598
4881 626 3598 1642 3598
3612
3390 2426
3386 3437
3611
5932 2455 1956 3390
2593
3612
1907
3612 2591
3427
3612
3615 2593
3565 3612 4884
1587
3587
1867 4939 1586
3612
4875 5146 2664
2064 2075 2064 2885
3615
4445 2591
3612
4881 4875 3565 5143 4875 1500
3612 2591
3612
2591
2614
3611
5068 4630 2071 2163 3388 1355
2614 2232 2201
1940 3612 2201
3612
3612 378 378
3612
3598 1551 2614
2614 3612
3566
2590
2070 4861
2614
2614 3598
2644 2112
3598
5138
2614
1524 1508
5146 5157
2070 2155
5510
1331 1294
3618
3590 2616 3590
2175 5157
4873 4881 2861 4036 2859 4858
5932 4881 1955 3390 230 2455
1493 3611
3621
3622
591 1639 1413 2614 534 636 608 636 1639 608
3612
3068
3611
3612 2982 1518
3395 4882 4858 2070
3612
2070 4861
3611
5932 5510
3614 3598
3613
6016
3615
2614
2155
3591
6053 2723 3598 4988 2855 5507 4858 6053 5492 4070 2020 2849 4778 4779 4858 2776 5007 2760 2591
3614
4858
3612
3611
2614
4881 4861
2591 3598
837 231 1217 987 1216
2489 3427 230 1355 2309
1355 3411 3412 3067 3589
3614
5058 2313 3598
3591
2614
3611
4858 2918 3416 5510
3612
5456 4858 3403 3459 3891 2859 4988 3424 1355
1218 909
2591
3612 3612
3612 2614 3598
2416 3611 2455 5068 3390
3598
2455 5510
2614
3598
3611
3598
3611
1563 2455 5510
3612
3612
3598 2611 5809 3598 3598 3598 3612
3598 2550 2550
5218
2614
2158 5776 2201 6028
3598
3612
3611
3612
3612
1500
3612 2155 2070
3612 2591
3598
4861
3611
2455 4874
2436 2440
3591
1920 2156 2289 3073 2272
2192 3598 2163
3612
2614 3598 4858 2155
3622 3615
2894
6034 5056 2076
1413 608 531
2591
3598
3612
3598
3615 2591
3565 3611
2613 1603 2612 1903 2570 3612 1603 4785
3612
1481 3976 2004 2614 3976
3587
2987
1523
3611
3598
1639 3391 4873 5068 2416 4858
3621
3611
3565
3598
4873 2190
3611 5505
3612
2591
361
1227 231
3068
2070 2155
1219 983
2198
5161 5507 2488
3612
3598 3598
2071
3612
5057
3622
3598
3598
3622 1940 3598 2455
2614 3611
2028
3612
2614 1563
3611
3611
2614
2455 5068 2416 3391
3565
4337
2455 4872
3613
3611
2020
4875 3067 2863 3598 2865
3436 4117 4621 1355 2064 2920 2884 3435 2517 1992 1355 2316 2591 2993 3106
3612 3598
1872 2591 3612
4661 4387 2801 2144 1355 3860 2064
3618
5038 3612 5038 6034 4873 3565
3612 3612
2614
3612
2487
2858 2071 4633 2309 2892
2614
3612
5065 3882
3612 3612 3621 2990 3565 2990 3612
3598 2614 3598
3621
3611
2491 378 230 2320 4045 231
2614
3611
5146 2434 3612 2440 2429 1774 1771 2037 2429 5146 3837 3844
3591
3612
2614
2071
3611
3590
3565
3587
2614
2614
3611
2306 2155 5219 378 5510 5526 1222
3598 4875 4861
3611
3598
3621 3621
3612
3611
2614
3611
3565
3621
3598 2614
2614
3598
4858 2155
3598
3611
3611
3598 3611
3611
2591
2455 3693 2865
2614
2614
3611
5157 4873
1903 3621
2614 3621
2614
3612
2614 2196 4875
3611
3598
3598 3611
1978 6053 5501 5528 2969
3297 3291
2614
3598
3611
3598
2065
2803 2921 6035 1355 4070 2076 1960 3765
3611
445
5157 2863 2864 1419
2614
3617
2595
3598 3612
2614
5143 3157 3423
3598 3612
3612
2155 5510
1516 1508
3611
3611
3612
3612
1576 5831
2612 3590
3611
3598 3621
2591
3598
3612
3621 2591
3611
1872
2614
3598 3598 3598
3611
3614 3613 3601 3601
3565
3611
3611 3598
4878 2314 2603
3611
2614
3574
2070 3611
2234
3612
3068 526
983 230 1216 378
3605
3612
2593 3612
6032
3590
6032 3615 3598
2028 2286
3611
3612
2614
2593
3612
2863 4545 2780 1960 2900 2139 5025 3467 2036 5027 2416 1355
532 636
3612 2593 5825 4743
3612
3553
5157 2166
2199 2156 3598
2155
6053 1477 1550 1478
4881 2614
3611
2614 2222 4858
3614
3611
3611
3598 2614
3612
2455
2614
3613
6041
2614
2614
2434 2455
3598
3612
2416 3390 2314 5068
230 1226
231 378 378
1939 230 5157
3611
2234 5510
2426 2860
2591
1355 230 634 1646 2071
632
2598 3872 3872
1962 4045 1963 2744 2495 1963 230
3612
1493 3612
5826 5558 230
3621
2614
2587
3618 3618
3614
3612
1639 1548
3612
5489 4622
3617
2614
3598
2509 230
5544
3096 230 3097 2032 1211 4875 4119 2868 3067 1211 230 3469 3068 3428 1355 230
3435 2455 4275 230
1192 350 1153 330
3612
2591
3616 3611
3598
3611
1611 1503 1611
3611
230 1952 1956 1355 230 1955 1952 3468 230 3469 1990
3598 5510 3598
2561 3612 2560
3612
3565
378 1023
2594
3612
3598 3598
3598 2232
3611
2070 4861
3612
2578
3556
3598
2614
2614
1355 4037 4037 5033 3823
3494
3621
2330 2881 3611 3611
1530 2919 1639 531
3611
3612
3488 3170
3388 2463 3068
3611
2562
3611
3612 2591
5794 1355 4132 2434 3419 2455 1930 3413 3175
3589
4881 1500
3598
5466 5825
3614 3614
1873
230 6053 5071 5070
3612
2614
3201
2591
3612
5813
1652 1639 1413 2163
6004 5939
2561 2593 2560
1586 2028
2614
3611
3598
2614
3601 3612
2064 3615
2070 5157 5510
3598 3598
3621
2614
983 1023 984
2455
2614
3387 3176 2455
2302
2591
5776
3612
3621 4858 2155
525 609 3598 2489 5555 3107
3612
3612
1551
3612
3598 3598
906 1219 1216 632
3621
3611 3611
3611
2455
2614
3615
3622
3611
3614 2567
3611
3611
3598 2614 2455
438 526 439 606 594 1469 1666 435
3598 3621 2155
6032 5157
5855 5854 2417
3598
3612
3611
5156 1940
2490 2070
2070 2232
3598 3598 3598 3612
3612
3612
5146
3612
3622
3587 3611
1222
3611 2616 3598
230 2221 5507 5143 4635 2277 230 3068 2455
3615
3598 3598
534 2849
2614
4805 4875 5821
3611
5146 3598 3612 3598 2591 3598 3598 3598
3598 2028 3598 3598 3598
3612 2593
2614 3598 2455 6032
3598
2476 4012 5489 230
3612
4095 4858 2884 3390 4620 4633 4269
3612 3598 3598
6041 5510
2614
2892 4873 2894 4976
2614 5821
3621
3613 3598 3598 3598
3612
4329
1500 2936 402 437
1903 3621 3598
2455
3598 3612
3598
3612
1027 3067 2978 3007 5778 1529 5146 230 2316 230 3067 230 1529 3067 2859 5146 1355 230
2614
3384
3611
3598 1940 1939
916
3611
2591 3612
2330 2507 4070 3407 2329
1419 1419 610 603 1655 1532 230
3612
1920
5460 2509 2510
3613 3613
3598 3598 2614
3612
2614
3611
3598
4873
2614
1512
3612
3612
3389 2455 5932 5068
2436 2614
3598
2614
3598 6032 2455
5510 2070
2591
2614 2028
637 1530
3598 3598
3923
3612
3612
2158 2222
2483 5518 4875 2997 5794 5825 2997
3611 3598
4890
3541 2597 2616
5489
2155 3598 3621
230 5532
3598 3598
3598
3612
2614
3612
3598 4858 6032
977 230 447 435 1652 526
3598 3598 3598 3598 3598
3612
3612 2591
3611
3611 2614
2603 1587
3615
3611
2436 2455
3612
3777 230 1939 230
3614
3611
2614
2232
3598
3612
2557 3346 2549 1910 5921
2065 3598 5488 5562
2614
3598 3598
2614
3598
2591
2437
3614
3615
3611
3565
3612 3611
3565
2155
2591
3611
3598
3611 3598
2455 5068 3389 2416
3598
3612 3598
3611
599 1655 1025
2858 4986 1355 2526 2065 4988 5418 1962 3435 1540 1746 2024 2885 2854
3612 2614
2614 3598
3598 3598
3611
5098 5219
3611 2614 2455
3612
2614 4132 230 2489 2868 230 3184 2481
2287 6034
3423 2439 230
3612
1548 1355 2440 2434 2436 2861 230 2431
5568 230
2591
3612
3611
2683 2868 5056 2316 230 1355 2318 1558 5531 2316 5056 2483 230 2683 6048 6048 2391 2318 1355 2316 1480 230 5056 4618
5780 3068 3182
3614 3612 2614
3612
4879 230 1497
3616 3617
3621
3611
3612
2614
624 379 621 364 1562 1081 230
4878 4988 4046 4988 5055 4046 4046
1355 2065 1639 532 2070
3598 2455 1940
6032 2076
5127
4872 230 4910
2455
3612
2614
2858 4009 2859 3419 1355 2905 3823 5219 5057
6032 4875 2618 2595 3575
3612
2894
5059 5058 4593 4883 4858
4875 230 1945 5825 1590 4881
4873
3413 230 2488 230 4873 2488 2884
3611
3612
3565
3612
3611
2614
2278 2281
3612
2614
4858 4881
3615
2591
3612 3612
3565 3565
2316 2316 3437 5927 4633 2850 2865 1548 2851 3184 2849 5826 2916 1774
3565
4593 975 835
3612
3741
3612
3598
4873
3612
2596 2596
3617
3390 2455 2276
3611
3612
3617
4881 1500 5100 4875 3412 4873 3964 5143
3622
3587
3611
3573
4875 6032
3612
3590 5146 5493
2614 3611
1419 610 1532
3068 3466 3598
3612
3611 3587 3611 3587
1960 1945 2591 2868 1355 2426 5501 2863
3611
378
3598 3598
3612
1655 1419 1529
4986 3158 4623 2139 2851 5826
1621 3391
3612 2070 3598
1500 1500
3612
3612
2614
1908 2569
3618
3242 2859 3262 2859 3182 3269 1355 3242 5066 5066 3242 3182 2859 4553 2859 5066 3247
3612
6034
2593 3621
1465 3611
3565 3073
3612
3621
3615
3598 3598 3598
1492 2418 2885
3617 2557
4794 1656 1657
1911
5065
2759 2580 3611
3598
3611
1530
739 634 439 1670 532
3053 2603 2603
3598 3621
3612
3598 3612
3598
3621
2614 2232 5510
6034 2314
3611
3612
2614
2979 230 3157 3157 230 4875 230 3158 230 2490 3180 230
3620
3068 3067 5071
2482 1940 1497 1945
3598
2560
2591
3565
2076 3598 3598
3598
2155 4858
3612
6032 3598
3611
3598
2155 2070
3598
2614
2614 3621 3598
3612
2591
5098 2455 4890
2440 4875
5149 5927 1978
2166 4873
3612
3621 2591
2591 3621
3591
1530 1637
3611
1500
3565
2614
1576 2316 1576 2591 5138 3621
6034 5166
4881 4873
3614
3612 2070
4895 5489 2744 2344
3611
3598
3601
2455 5510
2175 4875
3611
3693 3172 1355 5825 5188
2437 3598 2455
3598 2615
2416 3419 3388 3173 2863 2455
2510
3598
3598 3598
4046
3598
3612
3598
4629 2329 3394
6083 311
2455 3598
3621
1902
6032
3612
3615
3616 2560 2569
1920 6032
3621 3621 3621 3621 3621 3622
2467 2731
4873 4861
1500 4881 3888
3598 2614 2591
2614
3390 2455 2416 5068
2616
2614
3612
2614
3598
3598 3611 3587 3598
3612
1862
5143
5426 5418 2618
2969
2614 4875 5510
1543
2614 3612
378 1207 231
230 2510 4875 2510 230 2510 230 2510
3612
3561
3565
2612 2591
3068
3598
3587
1637 1413 603
3598 3613
3617
5510 3611 6032
5466 4794 2316 1496
637 4890 1419
2437
3565
2603 3621 2614
3556
3612 3612 3612
3598
3612
5157 4443 2593
2455 2906 3182 2857
2071 2865
3598
3612
3611
2590 3612
3611
2309 4660
3612 3598
3612
3276 2325
3611
3611
3612
2455 6032
3611
2070 4861
3598
3615 3565
2314
4742 4873 1862 6032 3607
3598
2616
3598
5464 2858 2512 5024 5027
3612
5510
3621
2591 1874
2481
3467 5826
4873 4875
3106
2455
3614 3614
3598
3612
3598 4251 3598
3621
3565
2614 1551
1611
3615
1872
3617 3612
6053 1419 1419
3598
2614
3598
1500 4873
2614
2614
5932 2160
3598 3612 2591
1565 5065 2980
3611
3612 5510
2618 3621
3611
3598
4577 5932 3067 1355
3612
2863 4196
2455 2417 1639
3598 3613
2614
2071 5167 2452
3395 2028 1956
4875
3567 2603
3612
1568 2864 2330 2329
2860 3765 1355 2065 1960 3407
2593
1550
2028 1567 1926
1526
3598
230 3180 3411
2591 3611
2614 2845 6032 230 4350 230 2950 1932 2324
2614
5070
1500 3391
3621
3590 2364
3615
5053
2065 4873 3394
5992
3618 3617 3617 3618
3598 2591
3598
1646 1646 1646 5850 5851 6034 2691 1646
3612
3611
3613 3611
3870 230
3612 4046
5855
2614
2614 3612
3612
3618
1921
5143 230 2313 2526 4045 378 4020 230 4839 2526 2313 4045 2313 5143 2526 230 4045 1480 4837 2526 230 1480 3870 4045 2526 1478 5143 230 4045 1489 230 1489 5143 2524 2527 5146 2004
3612 6035 5038 5007
3598
3546
3611 3598
3614
1500 1939
1226
2614
534 2455 5510 2277 2270 2455 3598
4861 2070
3587 3612
3612 3598
3612
3598
2232 2156
3621
2590 3612
3611
1995 3413 230 230 3068 3413 2902
2071 5220
4793 2151 1871 3612 2156
4858 6032
2614 3612
3612
2065
3598
3598 3598
3614
2548 4944 3611
3598 3611
3611
4861
3598 3614
3614
3598
3612
3598
3612
4861
2614 5143
2022 2455 2900
3612 2614
3565
3611 2548 2591
3390 3391 5058
3598
1567 5562 2007
3598 1862
3612
3613 3615
2068 2591
3613
3598
6034 4337 2894 4738 4337 2908
2614
3598
3616
3565
2614
1111 1530 330
3565 5143 3565
4704 2490 4593
3612
5825 2325 4912 2653 3036 3223 3038 2325 2076
3412 3411 2331 3402 3437 3157 5825
2614
3598 2614
2614
2614
2614
2321
3614 2591
2593
5070 2614
1219 983 1216 230 378 3427 3387 230 378 1219 231 984 1216 3459 5826 230 3435 1222 983 1216 1216 231 3435 5826 230 3424
3621
4861
230 2919 1635
3613
3612
3612 2070
3612
3598
5825 6034 2218 3393 1478 230 2512
5556 5143 230 5505
4432
1872 3622 2593
3598
2324 2431 230 1939 3170 2488 2482 230
3565
1413 4873 603 534
3612
2065 5510
2865 4858
3616 3618 3618 3616 3616 3616 3617 3589 3617 3618 3618
3615
3621 2590
2314
2860 5001 5070 2029 5880
3612
5883
3598
3615
2273 2274 2270
4881
2611 2612
3598
3612
3872
2232 2201
1498
2550 2591
3565
3612
5143 1568
3612
983 378 981 835
6034 2271 2218 5886 1962
3611
3598
3622
1612 3076 3870
3612
2651 2859 3243 3182 3269 1355 3269 4635 2476 1930 2646 1355 3180 3269 2644 5071 3269 1355
5145 2329 3183 5826
4052 3598 2591
3565 2593 2596
3393 4635 5218 3693 2232 2416 5068 2907
5510 5007 1952 5189 4985 3395 3387 3405 3598 3189 4875 2614 1550 3598 3189 2071 4858 2074
3614
3612 3565
3612
2983
1652 526
2614
2591 3612
3612
3598 2614
3598
2232 2067
5157 1355 6053 5191 1355 6053 5157 230 230 6053 5157 1355 6053 5157 1355 230 2455 6053 2322 230 1355
3615
2616
3621
3565 3611
2064 3598
2071 5218 2020 230 2482
3611
3612
1355 3243 2849 3252 3182 1939 1963 3252 3962 1355
2593
3616 3618
4568
3616
3611
2463 1646
1931 5157 2205 1627
3612
3612 3611
3612
3612
5218 2614
3611
5826 2849 2904
3621
2614
4045 1355 1930 2316 230 2868 230 3222 3224 230 2495 230 4999 1930 5508 5569 230 3189 230 5508 5880
1637 230 1530 609
3598
3598 3621
4875 2614
3621
3565
2614
3598
3598
4793 2704
3611
2744 2489 5146 1355 230 4635 1932 230 2316 2439 1355 230 230 5508 2344 2495 2978 2437 230 4999 4045
3612 3598
3566 345 5510 1611 2713 2393 1222
3621
4953 3598 3338
2455 5932 3390 1955
3612
3612
3622
3613
2158 2234
3612
3611
2614 2603
1508 2982 2892
2028 378
3598 3611
2614
3611
2436 2916
3612 3612
3549
3612
3565
3612
2163
5001 1607 3888 916 4988 3157 5527
3612
4980 3365
5528
1548
3612 3611
2591
2598
2614
1500 4875
3613
3613 2616
3612
2593
3612
2070 4875
3613 2591
3621 2611 3350 5439
3612
2024
1985 5558 1935 230 3171 5880 230 5996 5880 5558 5146 5489 1740 230 1355 5146 5880 230 5796 2483 5146 230 3170 1742 1355 4858 230 2884 4976 5558 4858 230 5880 5143 230
4985
1355 230 2323 2507
3587 3616
2065 2314 1500 230
4873 2590 3056 4881
3612
1568
3611
1567
3611 3611
637
3611
3612
3612
3598
4894 5558 230 3766 4070 4071 230
3598
230 1355 5507 2065 230 6032 2481 5507 1355
3754 3755 5065 4976 3755 3754
5501 230 5508 230 2323 5501 1355 230 5508 230 2274 5501 5508
2614
5498 4520
3612 2593
3590
526
2614
3612
6032 1543
1962 1932 230 2994 2884 2455 230 2437
3394 3186 2023 3427 916
3559
3612
2548 3341 3622
3179 2440 4883 4071 5519 2029 2892
3402 4593 2069
3621 2591
5466 2513 2615 1626
3612
3612 3554
3612
3613
2614
230 6035 1576 1935 1935 230 4881
3598
3612
2271 230
3611
3589
2756 3964 3416 1355 3242 2407 4875 608 531
3612
3612
4046 2550 2593
3612
6035 230 5778 2969 230 5132 5507 3157 230 3158 6032 1355 3402 230 4747 3158 1355 230 2455 230 5519 3870 1355
4779 2618
4881 5825 4765 1576 230
2919 230 5982 2064 4839 2919 5982 230 230 2036 3269 3189
3612
3612
3614
2964 3883
3611
1873 3612
4633
3613
636 1494 3615 1637 524 1634 526 1639 605 402 605 444 1530 534 437
230 1565 6032 4881 5482
3179 2919
3598
3566 3612 3069
3459 3395 230 230 5132 3442
3611
3612
3612
3611
2600 2591
2416 5790
3612
3612
3612
5126 5065
5774 2315
4873 6032
2484 2892 2982
4988 4875 230 2323 230 3008 5098 6048 5558 230 1590 3157 6049 230
2902 5218 3386 2884 2926 2442
3612
3612
3621
3611
4858 1548
3612
5005 230 6034
3620
4869
3611
3612 3601
3612
1902 2591
4875 3388
3613
2385 2593
1637 2071 526 4873 6032
3612
3612
4638
1560 622 365 387 1073 385 1082
3614
2481 5425 230 5067 3870 5510 230
4890 3427 3690
6049 3427
