2614
3611
3611
4287
3627
3612
3598 3598 3598
5136 2256 3130 2249
4289
4289
1639 5000 2064
3612
3621
3612
4756
2858 2958 2957 2951 6032 2958 5146 2982 2802 2068 3747 3226 5829 2068 2866 4337 2860 1558 5829 5932 6032 2982
3612
3598
4289
5050
2258 4858 3388 5066 2857
2614
2614 3611
2131
1348
4287
4289
3612
3611 3611
2509 2925 3395 5028 2855 2924 4618 4620 4633
3611 3618
2603
3627
2614
3627
3627 4097
2614
3612 4784 5065
3627
3598
4288 3617
4287
4288
1901
3612
1419 1611 345 1419
2614
3621
4288
6048 2064 2919 5794 378 5992 983 633 1741 378 983 2064 2919 2892 2317 5992 3411 2321 2894
1542 2984 1630 1543
2560
605
2082
3611
3611
2614
4289
2614
2614
2614 3611
3611
3612
3612
2591 3565
2548
5098 5143
3612
2614
1348
3612
2614
5466 2344 1944 3224 1549 3419
1563 2614 5543 1563
1944 3395 2023 2426
1639
3611 3587
3627
4288
3598
3611
3611
3068 1935 3402
4287
3612
3598
2614 3612
3272 2071 1355 5028 3692 3173
3612
4287 3611
3612
2593
3598
2614
3565
3611
3613
2603
3565
1489 6035 5778 3394 2892
2591
4287
2083 1529 4624 2859
529 2455
3611
3611
3627
4288
5146 4635
2614
3627 3375
3607
4288
3598 2590 2618 5090
3611
3734 1355 1992 3735 357 3096 5056 4752 5057
3612
3598
3612
3598
2614
4858
3598
3618
3598
230 1492
2560 3611 2618
3612
3598
3618
3611
2614
3612 3618
3068 5157 2320 5789
3598
3598
2905 3413 2481 1637 3412 5007
4287
3598 3627
3611
3621
2595 3598
2614
3627
3614
3612
3627
3598
3452 3423
4289
4820
2614
3611 3587 2614
394 1530
2952 1207 3224 2139 4883 2780
4287
3611
3611
2864 2437 2858 4988 2321 2868 2416 2885 2317
1567 4881 1605 3464
3612
4288 2614
3612
402 603 1530 534 597 437 445 608 1666 1634 1666
975 984 4500 4289 984 1218 977 1215 378 3411 1215 1219
4039 3627 3587 3611
3627
4858 4635 1607 1733 2273 4289
2614
3598
3611
3598
4287
2879
2614
3616
4980 5826 230 5522 5424 230 4986 5826 230 5539 5027 4986 5025 230 5055 4986 2046
3612
3612
5776
4287
4289
4288
3598 3598
3598 2591
2614 2982 1476 340
2614 2894 1419 2894
2614
4288 2993 3824
3598
4289
2614
3627
3611
3612
3577
4349 610 1634 1762 584 3667 4636 529 1634 1634 1637 4001
4288
3617
4287
2317 3598
633 597 1648 626
3611
6032
2028 3612
5218 5464
3567
2614
3565
4288
3598
3587 3611
4884 2481 3628
3612
2644
1348 2614
3612 3598
2614
3598
2614
2510 2316 3222 3269 3224 3292
4288
2005 2065 5798 310
4287 2614
2614
1989 3384
3561
3693 2418 4620 3421 2950 2316 3404 5218 2916 2025 3394 3173 1952
3551
4910
4889 5157
2317 5456 5157
534 605 1634
2618
2020 2083
3590
3598 4288
6334
1655 1466 637 637 1466 1419 531 1419
2614
2324 2232 230 2158
3612
3068 3876 5074
3611
3621
4289
3611 4287
5146 2071 1962
3391 2418 983 1219 2330 3224 975 5072 1575 983 1217
2904 2806
1931 3068 4347 2729 1941 2997 2464 2483
5826
4070 3224 2855 2868 2071 3177 2020
3106 1355 2071 3428 230 3427 3068 1666 637 1529 609
1565 3413 3407 4794
3613
3387 2316 3875 4487 4988 2863 2894
3612
5162
2590 2555
3612
3628 4288 3627 4287 1348 1348 1348
