4029
2911
4016 2403 2405 5502
1498
3993
2312
4016
2911 2883
2883
4016
4030
3208 2590 1938 4016
1498 1498 2312 1498
3186 3296 6803 3299 6801 3298 6801 6801 3299 3305 3296 3299 3305 3298 3296 3292 6563 3296 3299 3296 3299 6801 3305 1708 3296 3299 3298 3299 5798 3606 3300 2694 6801 3195 6801 5798 3174
1498 1498 1498
4016
2904
671 1810 588 488
4016 3737 2901 2883 2903
1694 2375
4016
3254 2312 3197
2904
1498 1498
4029
4029
2312
4030 4016
4030
4016
2904
4029
2911
4016 3978 4016 2911
4016
2911
1498 1498 1498 1498 4016 1498 4053
4030 3978
4016
4034 4035
4030
1498 1498
2313 3305
3327 3471
3182
4003 4016 4029
4029
3260
4016
4029
4016 4016 3548 2209 2883 1660 3189
4029 4029 4030
2084 2850 5368
4029
4016 2883 3176 2173
4030
4030 2882
4029
3340
2904
1753
4016
4029 2440 2546 2410
4040 4016
2904 4016
2904 4016
1819
2904
4118 6199 4016 2590 2965 6822 6196 5361 3180 6793 5478 5622
1770
2904
4005
4016
3229 2193 5561
4016
1498 5782
2883
4029 6543 2084 2883 2850
2312
4029
2882 4030 3427
4029
2911
1498 1498
2904
2312 4016
4029
4016 2911
4003
4016
4029
4016
2312 4016
2904
1498 1498
3190 2593 5820 2427 3299
4016
4016
4016
4030
4016 4029
4029
2312
4030
4016
4337 2695 5807
4016
4029
2313
2904
1579 1819
4016
4016
4016
4029
1498
6658 4799
4029
3603 2736 4016 6559 5617 3229 2713 2715 5714 2147 2575 6506 2530 4163 2746 1944 3190 3549 3242 5845 3215 5877
4030
6558 1754
1498 1498 1498 1498 1498
1498
4016
4029
4016
4029
2861 4532 2313 2841
4016
4029
4036
4016 5404 4016 1733 659 1330 1283 1812
4016
1777 1662 1699 1708
1498 4364
2084
4016
2904
1498
4035 4034
4029
4016
703 676 1697
2312
4365
4016
2911
2904
384 1782 384 1782 381 1667
4030
4016
4030
2904
4016
3548 3254
671 1812 488
4016
4016 4029
4016
1815 1815 1815 2623 1815 2867 5504 2152 3122 1815 1815 2152 5534 1815 1815 2152 1815 1815 692 2152 5368 2928
4029
2883
2085
5845 5842 5847 3296 3299
4016 4030
2630
4016
2313 3310 4525
4016 4030
671 587
2911
4029 4029
4191
2312
2312
2312
4016
587 702 1810 1825 2821 3301 3239 2694 2736
4016
1498
6114
3188 2168 3190
2904
4030 2312
4016
2313 4016
4040 3978
1498 4016
831 2577 1660 5879 5787 1660 5787 5879 6147
4016
1498 1498 1498 1498 2312
2893 4016 2911
4016 1498
1498 1498 1498 1498
1648 1648 3195
2529 5503 5878 3891 5622 3891 6801
