4046
4046
2736 2264 5404 3789
2307 4525 3814
4804
4804
2871
4029
424 1131 1345
4029
4046
4047
4805
5782 4804
4805
1498 4047 4046
4005
4805
4046
3427 2571 5502
4046
4046
4806
5610 5204 5697
4805
4047
2850 2908 6116
4046
2885 3969 2908
4046
4337 4047 1810 1498
4806
4016
2704 3260 2306
4046
4030
4804
4806
4030
4046
4046
4046
1498 4806
4804 4046
4804
3776
4029 4046
6558 6558 5696 6558 2194 5218 2181 594
4804
4029
4040 4046
4046 1498 1498 1498
4806 4029
4047
4047 4030
4047
4047 2881
4046
3968
4046
4046
4805
4047
4046
3978
4029 4003
4806
4047
3730
4806
4046 3411
4047
1685 1689 4047 1748
4806
4030
4805
3558 4047
4366 4804
2904 4806
4806
4805
4036
4806
4804
4047
4805
4805
4806
4806
4046 368 1695 1810 1695 497
4046 4806
4804
4040 2908 4016 4046
4030
4047
3627 3628 3188 3667
4806
2908 2908
4046 3978
4029
4016 4030
4046
2263 4029 4805 1819 2881 2812 1819 1812 1819 2313
4804 4030
4030
4030
4047
4806
4047
4029 4806
4047
4805
4029
4029
4047
3659
4805 4046
4030 4804
2904
3978
4805
4047 4029 3978
4806
4030
4118 6801 1665 1786
4804
4040
4805
4046
1695 1807 1135
4047 1498
4046
4029
4806
3254 2207 2270
4040
4029 4047
1498 4806
3254
4029 4047
4806
4046
4029
4805
4047
4046 4035
4046
4804
4046 3427 2885 6801
4030
4016
4047 4804
2450 2904
4806
4047
4041 4047
4804
4005
4047 2893
4046
2373
4806
4804
2756
4047
4046
4046
4047 4029
4804
4046 4016
4804
4047 4029
4030 2881
2125
3781 3471 4046
4805 4046 4046
4804
4047
4806
4806
4030
4805
4030
4046
4805 4040
4030
4035
2384 2312 2669 4421 2623 6803 2667 3093 3471 6804 1507 3603 5177 2802 3788 3789 3355 2736 1507 5177 2623 3788 3471 2809 3473 5843 2663 6822 4115 6208 6804 3355 2965 3186 2667 2269 4421 5108 2802 4118 3381 2270
4046
4046
3978 4805
4047
3236 2713 3859 3559 6646 5493 3788 6251
4047
4805 4030
4805
4032
4047
4003 4029
6559 1695 5406 2908 5819 5709 3866 4806
4805
4806
4046 2904
4046
4804
4804 4003 4030
4047
4047
4806
4046
4047 4806
4806
4040
4804
4029
4046
3196 2736
4046 4804
4031
4029 4806
4016
4036 2904
4805
4804
4030
4806 1498 1498 4016 1498
4804 4030
4804
4030
4046
4805
4047
4029 4805
4805
4805
1819 4804
2311 2717
4512 5622 4046
4805
4046
4046
4030
4805 4016
4805
4047 1498
4047
4029 4046
4030
4030
4806 4016
3978
4046 4030 4016 2904
4046 2904
4804 2663 4335 4202 6248 2171 2306 2589 2576 1507
4806 1498 1498
4805
3240 3266 3784
4804
4047
2868
4805
4806
4804 4016 1498
4804 2908
4047
4046 4030 2904
4804
4030
4030
4806
4805
4046
4805
4806
2736 3196
4806
4558 4118 2159
4046
3190 5205 6212 2595
2908 4030
4806
4806
4806
4804 2091 4023 2858
4805
4806
4030
4046
4806
4805 2904 6768 1781
3788 3217 6687 4805 5505
5478
4805 2904
4016 3978
4046
4047 4029
4029 4805 4016
4046
2908
4016 4047
2893
3472
4046
4029 4804
4805
4805
4047 3994 4029
4805
4047
2881
4322 3829 6758 2313
4046
1498
1498
4047 4016
4030
4804
6525 2281 5205 3218 2205 3782 1672
4029
4047 4030
2709 1714 3817 3828 3459
4029 4003
4047
4804
4030 4030 4030
3219 2590 3220 3218 3565 4047 5642
1665 5394 6104 1640 6099 3427
4532
402
4804
1717 6801 4118 3291 6801 3291 4117
6811 3237 6804 6804 6804 6092 6811 6811 6092 6804 6804 6092 6811 6804 6804 6811
4046
5478 1783
4805
4804
2745 5478 3427
4805
2904
4047
3640 5614 5218
2584 4806 5663 2181
4804
4029
4804
4805 4016
4806
4805
4047
4806 2881
2883
4047 4804 4805
4046 4806 4804
4804
2441 2695
1498 4046
1131 1477 1476 5643
4046
4030
4805
4173 4016
1807 665
4806
4804 4046
2881
4806
4030
4805
4046
4034
4805
2402 2161 2405
4805
4046 4016
4046
4805 4047 4806 4806 4805
4804
1810 586
2759 1089 6106 4625 1016
4805
4804
4030
4806
4805
3427 2904
4046
1498
379 1638
4046
4030
2908 4047 3978
4806
4804 2403 2409
5478
4805
1345
4806
1655 4608 3652 2312 1507 5717 3552
4047
4030 4806
4806
4047
3559 2578 3228
4806 4016
2881
4805
4047 2424 6199 5798 2319
4805
424 926 1088
4804
1498
4806
4806
3266 3830 6685 3831 3190 1507 6685 3830 3191 3821 3240 2207 1507 6683
4030
4804
4806 4016
4804
4047 4030
4806
5713
4806
6804 2595
4804
4047
4029 4805
4805
4046
4804
4047
4806 4016
4046
1498
4805
4047
4005
4046
4029
4030
4003 4003 4003
4016
4030
2546
4047
4029
424 1089 5709 1088 1358 2266
4805
4046
4047
4804
4806
4046
4047
4805 4024
4805 2881
4805
1794 4047 4639
1765 4806 1748 1749
4046
4805 4029
4806
4806
6113 2908
2318 4805 4491
4804
2908
4029
4804
4805
2883
4046
4806
4016 4046
4612 4335 4804 6744
1656 4035
4806
1770
4806
4804
4047
4046
2307
4806 1498
3962 4046
4046
2908 4046 4030
4033 4047 4030
4047
4804
4030
4036
4030 4046
3978
4806
4033
4029 4046 2880
5516 3794 3788 5218 1777 5342 3813
4806
4805
2578
4029
1654 3565 3194 4805 5456
4805 692 660 594 495 674 1812
3549 2173 2319 1700 3851 4804 2189 1700 6179 5478 3549 3789
4804
4804
1654 2696 2405 5782
1716 4806 4030 1716 1716 4030 2306
2764 3782 2405 1715 6098 4047 2588 3831 3782 6106
3098
4804
1810 490 1695 4806
4805 4030
4029
4806 1498 1498
4805
4046
4047
4805
4806 586
4047
4047 4030
2881
4040 4804
3817 3810 4557 3835 4804 3266
4046
4806
4805
5502 4046 5810
4805
5564
4035
4046 4806 4805
4046 1498 1498 1498 1498 1498 1498
4047
4806
4029 4806
4806
4034
4046
4029 4806 4016
4047 4806
4804
4180 2713 1658
4805
4805
4115 3788 3219 3813 2667
4047 1498
2881
4805
4040
6801 4046 6811 3228 2716
4005
1498
1714 1629 594 669
4046
2908 4805
4047
4805 4804
2904
2576 2572 4805 2589 2577
2307
4804
402 4046
4805
4046 2794
4030
4804
4046
4030
2126 4804
4805
4804
4046 2904
4047
4046
4047
4016 4805
2908
4804
4030
4046
5642 3427 4047
3082 3195 4806 6808
346 5662 6532
4804
4016
4033
4046
4804
4805
4029
4806
4805
4046
6527 4804 4123
4030
4029
4003 4029 4047 4016
4804
4029
4804
6793 1713
4046
4804
2312
4030
4030
4029
4029
1347 5398 3560 1507 3782 2702 4979 2575 1717 5405
4046
4806
2904
4805
4806
4003 4805
4047 2881
4029
4806
4805
2904 4805
4806
4046
1714 1507 3785 2908 2440 2719 4557
3978 2883
4029
261 424 1355
2790
4047
2904 4046
588 1812 659 1805 4804 491 1752
2589 6559
4016 4805
4793 2311 5663 2312 3471 1507
384 1782
4047
4804
4030 4016
6822 3254 2173 4805 1507
3427 4046
4046 2904
4804 2713 3806 3840 1507 3627 3817 2704
4035
4030 4047
4806
4806
2904
4030 4046
4805
4046 4030
4805 4030
4047
4029
4030
4804
4047
4046
2310 1660 2209 3256
2908 4047
4035
4023 4805
4036 4030
5521 260 1685
4046
4032
4805
5642 3789 4118 2773 3195 2577 3190 4046
4806 2881 2666
3978 4047
4806
4030
4007
4806
3783 1507 2578 260 1937
4046
6802 3426
4804
2904
4806
2883
4036 4046 4036 4016
4806
2881 2893
3789 5501 2572 2713 2736 2482 2159 2312 2773
4046
4805
4047 4806
4804 1498
4806 1695
4806
4805
4115 2263 6522 6524 6523 4047
2881
4016
4804
588 490 1819
2908
5810 5433 2843
4804 2904
4046
4033
4805
4805
4806
4804
4805 4029
4047
4047
4030
4029
4806
4804 5690 6523
4046 6801
4030
4804
4047
1579 3788 6804
4016
4046
4047
4806
4046 4805
4805
2313 3782 4421 6526 6199 4331 6526 1936
4046 4040
2893
4047
4030 4047
4047
4805
4805
4046
4804
4046 5218 5847 1572 3549
4804
4805
4046
4806
4047
4029
4806
3259 2694 5494 3813 2575 2264 5214 2187 3792 2313 2608 3788 6687 3562 3784 4163
4804
4016
4016 4804
3627 2702
4805
4806
4804
4046
4804
4047
4029
1498
5503 2313
4806
4029 4047
6803
2194 2764 3291 4625 5218 6230
4040
4046
2576 1753 4805 2307 3974 2908
4806
2904
4047
4016 4804
4030
4046
2908
4047
4046
4046
4804
4046
4029 2881
4047 4805
4046
1498 1498
2306 4335
4030
4046 4029
4046
4804
3196 4804
4029
4804
4047
4047 2908
4046
2792 3254
4046
4804
4805
4046
4046
4046
4046
4047
4804
4805
2881
4805
4806
4806
4046
4805 2908 4005
4805
4046 2904
6803
5676 5696
4804
4029
4030
4805
4029
4804
2319 4805 3260 3262
5696 2772
4029
4016
4805
4804
4804
4047
3978
3244 4029 4030 2812 5819 3240 3309 5791
6113
4804
1792 3427 2792 4806
4806
6793 2590 3186 6199 5478 5622 4047 2908 2275
5671 4046
703 1579 1498 4046
4805
1498 1498 1498
1498 1498 1498
4016 1498
4804 2881
2772 3265 260 3122 260
4029
3722 4046 4005
4046
4030 2904
4806
4046
593 4029 3195 3807 4047 2736
1498 4806
4806
4046
4804
4029
4046 1498
4029
4804
4047 4806
4046
4806 4029
4805
4016
1667 3293 381 4122 2076
1507 4340 3229 2277 3783 2736 2577 2578 3532
4029
4030
4046 2904
4030
4805
4512 4805
4047
4047
4046 4016
4033 5798 6559 5478
4805
4030
4046 6504 2263 1695 3806
2904 4029
2694 1783 1783 2938
4030
2588 3190 3227 6526 5690
4046
4806
4040
4046 2773 6199 2908 2838 2287 2838
4806 4046
2326
2156 2696 3781 2306 2771 4805 2156
4046
4030 4047
4047
6801
4805
4805 1498
4047
4040 5429
4804 4036
4804
2904 4806
4047 4805 1498 4804 4046 1498 4806 4805 1812 1498 1498 1498 1498
4047
2325 2736 4805 1713
4806 4030
4029
2577 4512
4046
4041
4804
4804 1358 1361
4030
4047
5500 3661 2709 5798
4805
4047 4029
4805 2904
4029
4016
4047
4030
4047 1498 1497
4031
260 2589 1654
4804 4016
4046 2881
4046
3195 424 3191 4979 1507
4047
4806 1498
2881
4016 4806
424 1358 1366
4029 4046
4047
4804
4046
4805
4805
4016 4804
4046
4046
2904
4047
4016 4804
4030 4805
1367 261 1088 1348 1355 6245 260 1507 5453
1695 649
4804
424 261
4040 4046
2859 3335 4526 4040 4047 2655 4526 2630 4030 4030 4040 4526 4030 4030 4033 3335 4016 3335
4047
6230 260 6263 6682 2584
4804
4046
4029
4805
4806
4806
4046
4003 4806
4046
4030
4806
4046 2904
4806 2881
4030
4805
4046
4639 4804
4804 4029
4046
4029
4804
4029
4806
4047 4047
4784 3788 2745 2207 4611 2594 3801 2608
2861 4030 4806
4806 2881 4805
4806
4047
2893
4805
4030
4047
4806
4806 2904
4804 4029
4805
4046
4804 4805
4046
4029 4047
4804
1079 261 1345 261 1367
2908
3978 4805 4046
4806
4806
4016 4046
4032
4805
4047
2893 4806
4046 2883
2277
4047
4029
4030 4804
4046 4433 2307
4046
4016
3415 4804
4804
4047
1660 5708 3427
4805
4046
2893
4804 4118
2908 4806
4047 4046 4806
4029 4046 2904
4804
4029 4805
4046
4806
2908 2901
4047
2270
4046
6245 5478 3192 2313 3188 3219 2269 5879 2717 3426
261 1367
4805
4046 4030 2882
4032 4030 4047 3339 2881 4030
4005 3971 2908
4046
4047 4118 3242 4030
4029
4805 4040 4040
4047
4047
1572 692 3783 596 1810
4806
4016
4016 3968
4804 4030
4806
4046
4047 4029
4804 2904
4805
4047
4805
1367 1346
4805
4804
4804 4047
6149 260 5404 5505
4804
4804
2908 4806 3735
4805
6247 2881 2587 2587 1770
4804 4016
4806
3258 2306 3822 3266
4804
4806
1936 3260 260
260 3823 1976 260 1972
2306 1507 2736 260 2313 260 1507 2736
4030
3298 3240
4046 4806
4805
4804
4046 4030 4805 4804 4047
4319 2313
4029
2126 4806
1656
424 261 1361 1345
4806
3868 4804 2595 4721
4029
4806
4804
4804
2425 2164
4046
4805
4046
4804 3190 5619
4047 4029
4046
4804
4046
424 1345
4804 4016 4016
4030 4046
4804
1088 1131 927
4029 4047 4034
4046
4046
4046 5877
4804
4047
4804
5642 3195 4767 2313 6803 3190 6744
2844
4047
4029
4806
4806 4040
4804
2699 3229 260 2699 2585 2772 2699 3229 2765
4047
4806
4806
4046
5696 6251 5878 260
261 424 261 424 1088
4805 4029
2904 4804
4804 4016
4030 4046
5521 260 2588 1661 260 5521 4133
4047 4029
4046
676 814 702 4805 703
4016
4029 4047
2736 2405 3601 4047
4047
4047
4047
4005 4005 4005
3192 2306 3188
4030
4805
3426 2908
4805
424 261
2790 3240
4047
4805 4031
4029
4030
3978
4806
2156 1812 1572 1825 4047 2156 1825 1572 1812
4035
4030
4030 4804
4804 3299 4191 3298 1752 5879 6558 2273 3299 1753 3298 1752 4191
4030
4046
4804
2904 4030
4806
3967
4016 2904
4804 4016
1673 6817 260 5404 3552 3240
2595 2307
2881 4047
4030 4046
4047
4806
2908
4029
6802
4805
2908
4029
4047
3780 2269 6089
4029
4806
4047
6244 260 2147 424 261 5697
4016
4806
4804 4029
4805
4804
4047
4806
5635 2265 586 2169 3356 4804
2883 4805
4047 2902 2901 2880
5877
4806 1347
4030
4030 4804 2904
4806
5390 1688 3426 4805 4016 4046 2764
2904
2893 4047
4029 4046
4029 4046
4806
4046
4805 4016
4030
4046
4029 4046
4041
424 261
4046
4806
4805
4029 4805
3199 2736 5794 260 260 2273 2736 3796 3199 6801
4804 4805
4046
4046
4047 2881
3978 4046
4047
1498
6812 260 6143
4804
4805
4029 4047
5819
4805
4016
4046 1498
2893 4805
3472
4046
4804
4806
4804
4029 4805
4047 2881 3420
4047
2736 6512 4805
4804
4806 1080 1356 2584
4805
4047
3562 3195 260 3789 2608 3552 2261
4806
261 1367
4030 4016
4804
4046
4804
2904 4804
2904 4806
4046
4806
4806 4016
2908 4805
2904
3978
4046
5125 4163 260 2384 2736
4805
4804
5809
4047
4047
4804
5877 1661
4047 1498
4047
4047
4805 2325
4029
4046 2015 4016 4824
2893
4805
2575 4118 2405 1752 6504 3219
3342 4047 3342 5810 3427 3427 5810 3342 2934 3427 3342 3427 2170 3427 3342 3342 3427 3342 2736 3342 4029 2819 3427 4029 4804 3342 3041 4862 2819 3427 3342 3427 3342 5810 3427 2829 3342 2509 4166 3342 4166 3196 3342
4805
4804
4804
4046
4046
4047
4047
4016 4029
4806
4047
4806
490 4046 450
6785
1579 1819 4047 588 1133 657 1579 1694 2194 1694 3548
4030
4805
4805
4806
4029
4804
4805
1498 1498
5610 5819 6559
4030
4805
4805
4806 1498
4046
2313
2231 1696 260
1695
4047
4046
260 5877 3822
4030 4030 4029
4046
4047
4030
4805
2588 2261 2189 1660 2594 2173 2264 3781 3789 3788 3196 3195
4047 1498 1498
4030
4030
4047
1498 4030
2572 2546 3338 1360 2534 2531 844 260 6568 6565 2663 4317 2241 2771 260 6563 6568 1724 6818 1665 6820 260 2578 6222 2572 2319 6563 6565 6565 6222 6820 260 6568 6817
4805
4806 1828 1498
4040 4805
4806
4047
2587 260 3556 2169 5619 260 6624 3556 4317 260 5610 2713 5610 1352 260 6263 2307 6818 1352 3891 6263 4317 3547 260
4806
2908 4805
4047
4029 4047
4804
4036 4034
2881 4806
4016
2587 3851 2936
1498 1498
4029
4047 4806
4046
4805
1778
4046
4030
4016
4804
1683 1699 2908 6559 1819
4806 2904
4030
4046
4804 4036
4016
4046 2904
4805
6810 3328
4047
4030
4030
4047 1810
4016 4030
4029 4003
4029
2881 2125
4030
2904
4046
4806
4047
4029
2908
4047
6506 5847 2278
2881
2908
2871
4029
4029
2736 1812 5432 4047
4805
4046
4806
4029
4047 4805
4040 4046
4806 3360 5348
4806
4804
4046
4029
4806
4804
6808 5714
1642
4030
5819 2313 4806
4805
4805 5879 5341
4804
4805 4047 4806 4804
4047
4047
2904
4047 4016
4046
4805
4047
4046
4029
2275
4046
4029 4046
4046
4029
2736 4047
4029
692 1694 1572 4790 5218
5676
6803
4047 4029
4804
2261 1681 1660 3196 260 5503
4030
4804 1498 1498
3859 3796 260
3472 3473
703
6107 2845 4035
2881
703
4047
2904
3978
4016
4806
4047
4046
4805 1717 4046
2904 3782 3194 3787 3781
4046
4029
1498 1498 1498
4806
5610 260 3829 2568 3547 260 3564 260 3258 3546 5496 5610 260 3829
2904 4016
2587 260 4337 5782
6196 260 2168 1507 2572 2522 3323 5696 260
3323 4016 3196
1783 4806 2577
4804 2881
2904
4805
5617 5620
4016
4047
4804
1729 4047
4046
4804 4029
4804
6526 3426
4805
4029 4804
4046
4805
4806
2261 3785 4784 2694 2205 4163
5766 2739 2313 1507
4804 2482 1498
588 702 2306 1579 4625 6818 3190 5716 4340 3219 3426 6529 3219
1361 1355
4030 4804 4040
2908
4029
4030
4804
2595 2595
4806 4046 4016
4046
2881
4804
3784 2893 2908 4118 3978 5671 3254
4804
658 1812 587
4806
4806
2904 4804
657 498 588 1810 657 4805 1805
4804
4047
4047
4804
4805
4805
2265 2736 2792
1361 4805 1364 699
4804
4036
4806 6802
4806
4030 4805
4806
4047
4046
4030
4804
6558
4030
4046
4047
4046
4046
3814 2202 2736 3191 4330 4123 6559 2159 2694 2904 6687 3785 2594 2979 1507 3805 4164
4046
4046
3978
2904 4046 2908 4040
4016 4046
4046
4030
4804
4806
2908 4047 4029
4046
4030
2904
4029 4016 4003 4046
4805
2262 2589 4030
5847 6559
1708
4806
4046 4016
4046
2794 260 2794 260 3196 260 2794
4046
4046
1716 4047
4016
4047
2771 2313
1356
1365 1344 1342 842 1342 1344 1361 1365 5610 844 1365 842 1344 1342 842 1342 1344 1365 1366 5782 3310 260 3310 5782 2696 260 6230 260 3356 260 6563 2334 6568 260 6565 260 2719 6568 6563 5879 4610 1344 1342 842 1365 6818 260 5787 6563
4805
3551 260 5166
424 4806 4047
4047
4806
4029 4046
4047
4805 4047
4047
2736
4039
4030 4047 4034 4016 4030
596
4047
2838
1656 4007 4806
4806
4804
3978
4806 4030
4047
4047
1694 3548 1579 2880 1697 2736
3799 2772 2579 3800
4016
4805
4029
4016
4805
4804
4804
4805
4016
6548 2584 2587
4047
2904 4805
5362
4016 4806
4047
2765 5847 6801 4806
1807 4806 591 669
2231 1942 692 5807 4805 1695 692 2231 6153 692 692 1968 2164 4029 2164 1507 2771 5713 3356 2904 692
4804
4047
4029
4047
4046
4173
3645 4180 1507 2713 3427 2388
4046
6811 4035
5819 2326 4806
4806
1667 4046 381 5422 391 3978
4804
1695 1828 703 676
4805
2812 1579
1664 3427 3552 3181 5845 3186
4029
4806
4805
2405 424 2409
2908 4639
4805
2587 2261 260 2587 2261
2880
2904
2883
4040
4046
4804
1812
4030 4029 4806
2266 3356
4805 4016
4804
3828 6803 2312 3787
4805
4046
3229 260 3227
4046
4046 2631 1675
4046
3298 1642
4029
4029
4805 4030
4805 1498
4804
2277
5692
4047
4805 4806 4029
4016
5845 2403 2425 2410 4806
4805 4005
4806 1819 1819
4029
5877 5495 5369 1654 6166 1507 2702 1649 3869
4804
3955
4805
4805 1498 4016
4806
4047
3978
4046
4003 4805 4029
4046 4804 1498
657 3427 1812 495
4046
4046
4046
4046
4805 4030 4016
4030
4805
4804
4804
4804
1367 1345 424
5478 5504
4030
4029
4806
4806
4804
1498
2880 4030
4805
260 5617 3258 3978 3780 3258 5617 260
4029
4047 3276
4806
4031
1357 5662
4047
4016 4804
4804
5478
4016 2908
4029
4804
4805 2881
4804
4805
4003
2572 260 4429 2572 260 1733 4429
4029
1819
4047 6217 5478 2904 6235 1688
1737
2009 2010 6803
4046 4016
3244 6803 6803
2908 4805
4806
3978 2881 4806 4016
1319 389
4804
4046
4047
1498
4023 4805
3978 2881
4046 2771 5788 6141 5820
4805 4029
4046 4030
4030
5798 5810
4046
2266
1355 1088 261 1440 1361 261 1088 1440 1088 261 1361 3553 260 3191 1936 1355 1088 261 1361 698 3552 260 1937 3191 1361 261 1088 1355 260 2207 2205 3191 1088 698 1361 1440 261 1355 1356 1361 1088 260 260 3191 2207 2205
5794 2886 6179 4804
4029
4804 2908 1661
4030 4805
4030
4805 4029
2904
4036 4805 5394
4806
4805 2908
4805
4804
4046 3117 4590
4806
4804 6758 6759 6524
4806 4016
596 495 4804
260 1440 698 1131 260 1180 1728
4016 4030
4046
260 5640 6822
4046
4046
4804
4804
260 3342 2759
4046
2908 4805 4030 1654 4804 4016
5819 6512 1775
4804 4029 4003
4806 3969
4047 2741 5713
4046 4047
4805
260 4525
4804
3427 1753 1498 6632 2736 2575 4804
6539 4030
2881
4047
4046
4046
4804 2904
4118 2694 3219 2709 2319 5218 4804 3782 1507
4047
4806
5369 1685
4805
2886
4804
4047
4046
2270
5810 2584 260
4031 4047 4007 4034
4805
3978 2904 4016
6801 2765 260 6818
2792
4046 4016
4806 4804
4046
4016
2529
4804
4805
5478 2496 1971 4805 2589
4805 4016 4047
4046 4806
4804 4030
4046
2409 2410 1717 3556 6804 2307
4046
1507 5794 6527 260
260 3826 6817 1937 6817 1507 3254 260 6817 2287 5610 5610 6817 5218
4029
4047
1798
3859 2577
4804
4806 3426
4047
346
4804
4046
260 1507 5794 260 6523 3310 1507 5782 1507 260 2587 5782 5794 1507 2587 5782 260 5794
4806
260 3184 2161 6230 260 5166 3427
4046
3978 4805
4047
4029
4805
4805
5820 4806
4804
4805
5516 3807 3189 1695 3195 3547 3551 3788
4804
4804 2772
4804
2713
4016
4046 6186
2893
4047
4806 4016
4806
4805
4030
4047
4806
4804
2306
4046
4806 2908
2881 4047
4046
4040
4030 4003
4030 4047
4046
4805
2384 260 3182 1737 5744 6251 260 2307 2746 260 6138 5794 3532
4040 4805
2904 4804
260 3556 3828 4298 260 3238 260 6209 6565 2572 2736 2263 3796
4030 2904
4047
1715 2313 261 2578 260 2313 4586 6801 260 6801
4804
2595 3817
4047
6802
4804
4805
4003 4029
4805
4047
4804
4805
4804
4040
4047 4016 2736
4805 4030 4035
4047
5504
4805
2277 2306 6251 260 1507 2277 3851 260 2491 2277 260 3182 260 3822 2313 1507 3851 260 3822 3427 2277 260 3851 5403
665 1572 260 1819 1133 2663 260 2334 4317 260 6251 5208
4030 2881
4047 4016 4046 3195 5478 5877 3788
4046
4035
3196 3239
2715 3260 3784 3220 3817 4806 3794
4046 2904
4047
4047
4804
4433 4335 2584 1639 2313 1700
260 4337 6801 3176 3237 260 3427
4040
4046
1717
1679 382 3426
4804 4046
4805
261 1629 1695 1658 671 490 669 1810 1695 498 1629 261 490 1810 1695 261 261 1695 1629 1810 1629 1810 1695
4806
260 6559 6804 6559 2164 260 2164 260 3190 2594 1936 6559 2164 260
4804
4806
3978 4030
4804
4047
4046
4016
5696 2578 2266 4525 2774 3068 2736
4047
4047
4046
4806
4804 4046 4806 4805
2746 6804 1733
4047
3247
4804
4046
4805
4806
4804
4035
4046
4046
4046
4804 4806
2319
5671
4805
2595 2801 6558
2812 3780 3828
2164 3551 1700 5478 2773
2790 1784
702 4805 3381 594
4047
4047
2318 3203 3239
4029 4804
2694 4117 3227 1794 4046 2812
3714 5405 3713
4047 4047
4029
4806
1345
4016 4046 4040
4046 4804
4804 4805
4029
4016 4804 4029
3218 4047 3218 2326
4805
4804
2881
4046
4047 4030
4806
2273 2275 2766
6801
1507 260 2173 2174 260 3218 3565 3533 3829 2764 260 3532 1758 3829 2273 2709 260 1507 260 260 2764 2790 2273 2577 260 2587 3295 260 2273 3829 2587 260 1346 5369 260 3564
4030
4804
4046
2263 1685 6811
4804
4047 4046 703 1626
4040 4047 4046 1498 1498 4046 5521
4032
4047 5499 1667
4979 5751 5810 4639 488 6565 5487 2589
424
1729
3229 2773 3978 1937 3238 6818
4036
4804
4029
4029
4030
4046 1498 1498
1737 4586 2608 6568
4033
3472 1507 260 1665
6758
4805
1661 1655 1724 5676 260
261
2736 588
3784 5798 3459 1786 1087
4031
3829 3196 3427 3128 3186
4030
4806
1694 1579 676
5708
6116
4029
1498
3978
260 2306 3789 2577 1972 260 2306 1972 2306
4030
5794 4117 3227 2694 596
4804
2881
3277 5842
4029 2880
4016
3195 3196 3194 3196
3427 4322 588 3427 1133 663
5502
4029
4040 1345 424
4005
4029
6759 6758
4030
3787 2772 4164 2403 2736 2694
2736 3796
4033
4047
5782 3546 260 5125 2482 1507 2931 260 5794 5782
4007
2796 4525 3427 2796
4030
4030
4805
4040
4040
2881
4040 1720 2306
2326
4029 4030
4806
