2739 6093 2666
2313 4806
4016
2587 2528 2587
4502
5820 4030 4030
4031 2547
4029 4029
5819 4016 6173 2159
1364 2883 424 1361
4031
3293 2904 2801
4016 1749 5820 4046
3188 4341 3208 4016
3254 2893 3426
4030 4030
2884
4016 4016 1498 5819 4046
2717 2811 5794 3814
6687 2173 3174 2307 4016
4016 4806 4016
4040
6225
4029 4030
4030
4805
1015 1089
4016
4029
1819 703 1579 2155 1734 1660 5354 3243 5478 3601 2306 1812 5634 2306 4893 6245 3381 1819
4046
2882
5819 4030 4016 4030
424
6524 4046
2904
4029 4029
4016 5358 1729
4016
3195 5634 3788 3780 3092 3781 3780 1660 6801 4191 3298 6801 3298 3305 5798 3195 3786 4335 3189 3305 2571 3190 6801 3092 3298 3305 3305 3298 6801 3298 5798 3300 3092 2770 3189 3305 3299 3298 6801 6801 1664 3305 3298 4191 2702 1708 6230 3189 1664 1742 3092 2571 3190 5497 2578 3300 3189 5798 3305 6235 3298 3305 2571 6801 3298 3305 6801 3298 3299 6817 6803 3298 3305 6801 3187 5635 3197 3195 2864 2749 1655 2955 3300 3298 3305 4191 2694 3298 3299 3092 3186 3298 3298 3299 3176 3305 3186 3300 5798 3190 3092 3080 4287 3186 3199 3426 3189 5403 5798 5404 3186 3300 3197 2694 1793 3189 6802 6758 6687 6687 5798 4181 6754 3197 4294 2571 6758 3189 5798 3197 3069 5622 6801 3305 3298 3069 6137 3298 3327 3299 6801 3092 3189 6801 3305 3298 3299 3298 5798 6801 2571 5798 5819 5634 3197 3292 6196 3197 6563 3606 6216 3305 6801 6563 3298 3292 3305 4191 3298 6801 5819 3197 6563 3292 5814 5820 2586 3195 5417 6559 5814 3195 6803 6563 3292 4191 6810 6801 3298 3197 3305 3292 4191 2326 6801 3299 6801 3292 3298 4191 3190 3327 3077 6563 4078 3197 2750 6563 6137 2326 6801 6512 3606 2154 3292 4624 2326 3305 6803 2325 6801 3298 6801 3305 3298 2326 5798 5690 2750 6558 3190 6687 6570 6744 2694 5798 3189 3292 2750 1498 1498 3305 3298 4191 3196 6801 3299 4181 2589 3292 3327 3186 2571 6153 6563 6811 4865 2997 6810 3300 6801 1498 3305 3298 6563 3305 6810 6671 3299 3298 2273 4181 5798 6563 2310 6153 3092 3292 3197 2209 6810 2590 6558 3292 5404 1793 3299 3298 3190 6810 3292 4047 6563 3292 3190 3305 3122 2904 4180 6563 3292 2718 3189 2156 5798 2327 5818 3196 6512 6558 4181 3305 5798 3299 3189 6687 3305 3292 3327 6801 3298 3190 3299 3298 6801 3305 3298 4191 6801 5789 6810 3299 3298 2310 6801 3299 6803 3299 6801 3298 4191 6687 3237 3092 6753 2310 5341 3327 5798 6193 3327 2310 5690 3298 3292 3189 3299 6801 3327 3122 3299 5798 4181 3606 6563 2310 3191 1724 2310 3197 4865 6563 6687 6801 3327 1708 6801 3298 3237 3305 6801 3327 3299 1742 5404 5708 5798 6801 3189 2306 4191 3191 6803 6682 5798 3189 2586 2699 2694 1660 3195 6801 3189 2586 6153 3292 3189 6801 3292 3299 2571 3299 3305 6801 3327 3188 5634 6801 3298 4930 3299 3197 2694 3305 3299 4181 6801 4181 6512 4191 3298 3305 3298 6801 6803 3299 5633 6559 2571 6682 6808 6801 2571 6563 3189 2571 5798 4164 3092 6801 6803 3298 2694 3298 6801 3299 3176 3296 3298 6801 3299 3305 6801 3186 3299 3298 2578 3189 6801 2156 5338 3197 2586 3298 2571 3195 3299 6801 3292 3305 3299 6801 3427 3292 2996 3292 6563 2578 3606 2384 3077 3197 3176 3186 3296 6803 3299 6801 3298 6801 6801 3299 3305 3296 3299 3305 3298 3296 3292 6563 3296 3299 3296 3299 6801 3305 1708 3296 3299 3298 3299 5798 3606 3300 2694 6801 3195 6801 5798 3174
4806
5689 5689 5689 5689 5469
4016 5820 2908 4046
2904 2312 2792
3968
2512 5478 3782 5709 3188
4805
4030 5819 4029 4030 4030
6245 3431
4030
4046 5744 4117 2696
5819 4804
3189 6559 3817 3190
2904 5820 4046 2376
4030
4046
4016 2904 5820
4016
4016
4804 1498 4046 4805 1498 1498 2880 1498
5478
4805 4046 4804
2845 2838 2885 5879
5819
5203 1507 5619 3264 3789 3180 5877 3260 2702 5214 2311 3258 1936 2311 2694 5663 5214 3813 2792 3264 3789 5666 3186 3263 5203 5205 5218
4029 1656 4029 1656 1656 4029 4046 4029 4029 4036 4029 4036 1656 4029
5228 3788 2161 2608 3560 3603
4016 4005 5810 5819 4046 2904
4032 4032 2488 4032 4032 4032 4016
2904 4016
4029
3978 4030
4016
2312
1348 1361 1498
2908
6199
4016 4034
2884 4016 2881 2881
6199 3254 3259 3220 3260 6506 5495
4029
4029
4040
2907 4030 2907 4030
5820 4046
5819 4016
2883
3240 2310 2306 3241
4016
4029 4046 2904
2883 4030 4030 4030 2881
2883
4016 4016
4029 4029
3969 2874 3955 4806 4016
3978
5819 4029
4016
4016
4016
6149
389 368 1268 1330 1265 1334 1828 1821 593 671 669 497 1266 1283 389 368 1330 4040 1328
1673
1377 424 843 424 424
6089 2207 2207 2801 2594 1707 2174
4036
4030
4030
4046
5591 2902 2861 3985 2884 2861 2130 2861 4040 4016 2904 4016
5504
4029 4029
1797 3197 3215 4016
4046
4029 4029 4029 4029 4029
4030
4016 4016
6527
3260 3263
5819
4033
1695 1626
2849 2845 3989 4806 2125 4016 2893
2904 2471 3931 5836 1664
4016
676 1579 1695 1695 1695 1695 1695 1579 1579 1782 384
3191 5820 5810 6212 4118 2772 2704
1650
4016 2904 4047 4016
4047 4016 4016 4016 4016 4016
4927 2904
5819
4029 4029
2424 6857 5306
2893
5820
2881
2904
4046 4805
4016
3426
2904
5599 2853 2084 2857
5820 4016
5462
2904
4030
3788 3427 3218
5622
4029
6793 3194 2409 2244
5678 2173 4114 6687 3203 4068 2767 2482 5678
2084
4016
4016 5820 5879 2312
4016 4016 2904 4046 4016
5045 4475 1507 5049 2326 699 4888 424 2902 2881 6263 1477 2326 2736 4046 1088 2164 2270 4030 6527 424 6754 1088 1807 594 591 497 1695 4784 671 5798 4016
2883
2904
1705 2183 4623 4016 5819
5819
4030 4030 4030 4030
2756 2424 2306 2376 2410 5478 6558 1784 1507 1792 3980 1345 4705
5820
4046
4806
4029
4046
4003
4030 4030 4032
4029
4040 4040 2881 2908 2881 4040 2881 2883 2883
2904 5819 3991
5619 2207
2904
4029 4016 2884 4029 4034 3991 5819 4030 4016 4030 4804 4016 4030 4030 2882 4030
2911
4016
4030
6113 4040 4040
2904
2904 4046 4016
4030
4032
4016 4016
4029 4029
4030 4030 4030 4030 4030
2904
4029 4029 4029 4029 4029 4029
4029 4029
2403 2736 2290
4033 4033 4033
5794 1717 2736
4029 4029 5820 4029 4029
3427
2587 2716 2185 1507 2184 2593 3189 3805 4117 6808 3788 2695 5493 3805 1016 1793 5642
2402 4805 2904
4806
3979 2911
4016
2155
2904
4016
3785 3189
5819 4805 2904
4016 4806 4016 5494
3258 5819 3256 3181 3813
4029 4029 4029
3307 4337 2410 3298
2904 4029
4030
4016 3427 2904 4016
649 1133 702 662 1572
4016 5819 4040 2904 4016
4029
2904
4029
3381
4029 4029
5814 3239 4092 659 2207
4016 2848 2857 1498 2883 2904
4016 4202 2312 2904
5820 4029
4030
4805
4032 4032
2904 4047
4030
5819
3190 3082 3460 3817 5696 3892 3189 6559
3236 1695 4638 1133 4046 4784 1695 2313
4040
4030 4030 4030
4030 4030 2838
4016 2904 4030 4030 4047 4030
4029
4029
2904
2904
1084 699 1440 924 699 1092 924 1092 699 699 1084 924 924 699 1084 1079 699 1654 346 1092 924 1654 3776 2534 1088 924 699 1733 3776 1654 1440 1088 1654 2713 3776 1354 926 1084 1086
2904
2904
4016
4016
2883 703 3434
5521 5503 1661
4030 2908 4030 4030 4047 4030 4030 4030 4030
2904
4029
6558 2313
4003
3180 5820 3197 4046 4191 3298 3122 2953 2965 5249 3182
3459 3263 3427
4030
2158 2313
1483 2424
1498
424 1009 1089
2906 4030 2883
2491 5339 1807 1658 490 4016 346
2893 4030 2125
3991 5820 4804 3985
5819 1439 1131 1477
2908
6028 5820
4029 4016
4029
2904
4421 3559 3260 3813 6251 5696 6149 2608 2173 3603 1715 3813
4029
3411
2904
4029 4029 4029 4029 4029
2904 4029 4029 2908 4046 4029
6687 3789 1828 1828 1828 593 6687 6687 6687 1729 1828 3831 2694 1828 3831 3831 593 3831 1828 1828 2091 2147 3831 3831 1828 1579 3180 3789 2695 3831 1729 3831 6687 2575 2181 3785 4213 4216 4215 5819 2695 1658 5820 596 1729 2736 596 2908 588 1733 588 5713 1579 3605 1729 6138 596 1828 3605 5810 5505 3605 1828 1828 596 1729 1579 4047 1729 596 1729 2904 6235 1729 1579 596 5810 1729 1729 596 1729 593 596 593 6138 596 6138 3605 5882 2702 1733 2147
4804
1812 586 590 3764 590 7180 1695 1812 590 1812 590 3764
4805
4029 4016 5819 2908 4029
4030 4030
3978 4173
3194 3859 2979 1717 4123 2736 3227
5820 3978 4047
2906
5562
4030 4030 2904 4029 4029 4030
4016
4789 4790 1695
4016
4804
4040
379 1638
4016
2904
4029 4029 4003 1656 4029 4003 4029 4003 4029 4029 4029
4030
6209 2312 6212 2484
1797 4016
2904
4016 2883 2908
4046
3814 5820 3426 3551 3195 5877 4525 3799 4557
5819
4040 2509 2378 4030 5820 5820 5819 5820 2509 2509 5819 3069 4804 2509 3334 5819 3331 5816
4030
4029 4031 4029 4029 4029 4029 4029 4029 4029
4016
5809 4016 5810 6768
5819
2904 2838 2854
2085 2883 6548 2850 2851 2884
3323 1752
4029 4016
4016 4806
4029
6559 1672
6746 1736 6758
5713
2881 2881 4041 2904
5819 2850 2097
4029
3360 5500 1625
4016 4029 4029 4029 4804 4029 4029 6229
5820 4046
1498 5820 4046
2447 5819 4016 1714
4016 1775 5501 2193 2248 6177 3340
2907 2883
3381 2696 4016 2765 5642 1699 3381 3381
4016 4806
2904 4029 4030
3577
4030
3229
4003 4034
2904 5819 4016
2313 1366
2622
4030
2536 5404 2794 2792 6255 2857 5515 2792 4117 5663 4805 6801 1794 6739 2792 2534 2792 596 702 2792 5505 671
4030
5819 4047
4016 2736 5495 4016
4029
4804
1695 488 500 1572 657
4029 4805
6183 597 650 4030 4804 2881 1838 1269 389 1320 495 650 1812 368 1272 1269 1319 389 4030 1268
5820 2904
5819
4029
2908
2904 4032
4030 4016 4040 2883 4016 2884 4040 4040 2881 4016 4040 4040 4040 4016 4040 2883 4040 4016
4806 4525 3191 3190 3381 5342 2313 4046
2164 1716 6751 3355
4029 4029 4029 4029 2904
4030 2883
4030
6802
5820
4016
5478 4029 3058 3760
4047 4805
1345 1217
2904 4016 5819
4016
2884 4030 2883
2904
4016
2904
1754 5501 5502 5496
2883 2881 4030
2911
4030 2883 4030 4046 2881
4016 2904
4032 5341 4032 5820 2904 4033 4806
5342 1661 5368 6255 260 5490
596 1805 702 660 594 596 660
4804
2904
2472
4030
4805
2482 4016
4046
4016 4030 2904 4029 4030 4046 4030
4016
4429 2530
4033
5819 4016
5819
4016 4016 4804
4029
4029 4029 4029 4029 4034
2840
2695 1758 3547
2845 4016
5819 3978 3978 1498 1498 1133 588 1498 1498 3978
4421 2623 3381 2794 7005 3122 3093 6817 5177 3357 5610 5205 1507 3358 3789 2270 2802 6801 5250 5177 3472 2794 3093 3788 2310 4123 3381 4421 5108 5251 1507 5843 2335 6801 2623 2733 3788 3381 4421 4112 3093 3355 2623 5250 1507 3358 6801 2270 3358 5250 3122 4421 1507 4118 2623 4350 5177 3357 3381 3093 2270 6801 5843 1770 5716 3788 3358 2335 3450 1507 2623 3318 2270 5306 3357 5185 5250 5184 3093 5192 5843 4117 4421 2933 3082 2965 5820 5177 2663 3093 2623 5843 3236 2270 3435 2669 1507 4421 5222 2578 4123 2384 6801 2270 2623 2766 3381 5250 3186 3473 3788 1507 4421 2270 5844 3381 6255 5515 3381 4557 2801 2802 5491 2318 2270 4558 2269 1508 3381 2623 2756 3471 3789 4115 1507 6804 3181 3473 5109 3381 3559 6089 3123 3435 1508 3122 2756 4112 3471 4182 2318 2802 3556 1720 3181 4118 5622 2270 2623 3788 6803 3473 2206 6801 3185 3471 3381 3122 1507 4118 5250 3789 4421 3435 2669
2161 2767 4806
4805
4016
4030 4030
4005 5496 5819 4016 2904 4046
2904
5204 3784 2441 3785 5204 3788 2402 2269 3785 5204 3196 5204 2155 3788 5218 3784
2904
4016 5820 6183 2181
1729 2699 5695 5494 3601 3603 1758 3324 2934 1733 2934 3324 1731 2168 1572 1572 2904
3339
5514 3831 3191 4784 2773 2575
4016
4016 2906 4030 4040 4804 2307 4031
2313 6559
2881 2312
4016 5819 4804
5819 2904 4016
1672 3272
3978
4016 4046
4030 4030 4016 4030 4016 4016 4016 4804 5404 2307
926 4016 1089
5820 1694 3190 1703 1694 3190 2311 5819 4804 2326 3190 5209 1694 2326 1694 5209 3190
5819 591 2736
2884
4016 2904 4029
4806 2313 5209 6245 2759 2270 6245 2336 1507 2384 1971 1683 5511 5205 5634 2384
4046
4030 4030 5820 4030 4016 4030 4030
4016 4030
4031 4029 4029 4805 4029 4029 4029
4805
4016
3199 2792 2857 4030 4047 4030 4030
5819
2884 4030
4030
4806
3978
5820
1498 2904
3764 2904 4046 3764
5819 4016 4805 2904 4016
4030 2883
4029 4029 4029 4029 4029 4029
2904
4040
4163 1507 2228 4164 396 3459 5696 5354 5697
4031 4031 4031 4031 5091
1782 1782 4805 1667 4030 2306
594 4035
4030 3978 4030 4030 4806 4016 4030 4030
5819
2888
4047
2790 4525
4030 4805 2904
4016
4016
4030 2908
4030 4016 5820
4030
5819
4029
4030
2904 4016
3190 2593 5820 2427 3299
2907
4029
2904 4016
4046
4031
4180 3305
5819
424 2261
3459 3552 5214 5819 3426 2185 3796 2704 4784
4016 2904
2446 2312 2589 5819 4047 2904
2908
4030
2307 2472 5819
3472
2904
1778 4016
4804
2767
2908
5819 4016 4804 2904 4016 4016
3191 3687 5218 3342 5215 2311 6214 4318 3254 3236 5218 4512 2310 3238 2384 4309 5214 5708 3686 3238
2904
4030
2904
4029
4029
4030
4016
2261 6559 4804 2904
2266
5403 1660 4016 4030
4016 4016
260 2228 1655 260 1655 260 260 1655 260 260 6093 260 2228
4016 3978
6098 6099 260 6093
4804
2313 2589 2306 2589 4805
2849 2845 2904
2402 1498 2313
6559
6113 6628 2890 5435 2850 2795 3201 6113 6141 2850 2851 2911 1660 2084 5797 5879 1660 3197
4029 4030 1579 1819
4030
3411
1742 1660 1819 1819 6255 1819 6089
4805 2736 450 491 669
3985 4033 3985 4033 4033
4016 4016 2904 4016 4016
3978
4016 2718 1507 2148 5516 2270 1643 1675 2666 1642 5503 3082 1639 2402 2409 2794 3190 4016 2572 5250 2589 3192 1507 4806
4029 4029 4029
4031 4032
3427 5810 2584 6522
4029 2906 4016 4029 4029 4029 4046 2904 4029 4016 4016 4029 4016 4029
1660 1660 6727 2908
2883 1498 2881 2881
3741 5149
5496 5478 5820 594
671 1840 1812 1330 1695 368 389 1812 1228 1277 389 1330 671 1695 368 4016 368 1695 1330 389 1277 1228 389 1695 490 671 596 1277 450 1330 368 4029
5395 5394
2904 5820
4029
4029 4046
5617 3262 5184 3819 3829 3258 2575
4047 2307 2181 3259 3978
4029
4046
4030 2883
4029
3218 2590 3795 5478
3969
4031 4016
4030
3972 3991 2838 2887 3519
3256 2313 4016 586 671
2715 5343 1742
4030
2904 5819
1088 1356
2084 2894 4016
2904
402 4046
588
4016 2904
4016 2883 2883 2881 2881 6196 3978 3427 1647 3196 5819 2908 2908 2881 4191 3991 2881 4191 2883
4035
4030 4030 4030 4030 5819 2125 4030 4016 4030 4030
3241 3807 2764 1810 3806 5642
4030
4030
4016 4016 5820 4016
4016
4016 4029
4016 4016
4029 3038
2904 2908 2881 1673 2883
4806
4041
4030
5820 2904 4016
4030 4030
4034 4007
6740 6738 6525
2883 4029
4029 4029 4029 5819 4029 4029 5787 2584 4319
4016 4016
4030
4016
4016 424 1015 1088
5511 3564 1654
5404 2904 4873
1498
4030 5819
4016
2494 1664 6149 5879 2494
2904 4030 4804
4016
5819 2904
4032 4016 4030 3427 5533 4030 4030
5713 4804
4029 4029 4016 4029 4029 4029 4029
4016
4046
6687 5404 4030
4030 4804
6759
4046
4173
4016 1498 2904
4030
2883
4016 4040 4016 4040 4029 2307 2838
5250 5251 5265 2306 2717 3293 3851 3817 6558
4030
4029 4029 4029 4029 4806
2704 2277 2403 3664 5879 6504 1507 1660
4040 4804 4016 5432
2904 4016 4016 5820 2736 4805
3199 3553 2261 2713 3333 3190 3229
4016
3546 3190
4029
4471
4029 4016
4034 4034 4029 4029 4034 4029
4016 2460 5819
4031
4030 4046
4040 2884 2883 4040
3807 2405 5404 3784 3218 5642 5404 3784 3807
4806 2881 2911 2904
4007 4016 4016
2881
4016 440 1695
4046
4029
4030 5819
4030
3181
590
4046 2904
4016
5820 4805 2901
5502
4016
4030
4030 4030 4030 6719
4016 4016 5819
4016
4016 4029
1498
4030 4030 5819
2884 2881
4047 6758
1819 703
2193
4029
2306 6104 6095 6100 6098
4029
4029 4029 4029 2901
3293
4029
4047
424 1131
1708
4047
4016 2522
2335 2857 3191 3551 4030
5222 4137
4030 4030
4029
4029
3989
2904
2838 2845 4030 4016
5820 4030 4030 4805 4030
4036
4029 4029 4029
3195 3196
2871
2918
4103 3514 1508 4514 4046
4029 2880
2908
1501 2907 4016 2904 4016 4040 4040 2883 4016
4804
6687 3783 2261 3199 2694 1660 2736
2736 1717 5515 3199 3219 5478 3782 4783
2904 5819
5478 5222 1778 1928 2530 4806
5316
1695 586 596 1840 2904 1812 649 1695 1840
4033 5819 2704 2588 3426 4789 2334 3782 5709 4123 3800 4118 6687 4793 2589 3782
5481
2904
2904 4016 6199 5798 5820 4047 4046 4804 4805 4016 4806 4016 2882
1681 1935 2156 5344 3781
4030 2306 4029 4029
3967
4040 5819 2307 4806 4335 2904 4016
3789 2189 3219 2306 1507
6734
2904
260 2746 5620 2226 5620 260 6559 2227 1665 6099 2261 260 6104 4102 260 5663 6559 5662 6104 5665 2310 5620 5708 6099 260 1665 5663 1665 5665 6213 6559 260 6559 5663 5620 6213 5665 260 5614 6559 260 6213 6104 260 5620 6559 260 6230 5665 5620 5663 260 5695 5620 2287 3426 5713 2227 5620 260 261 260 5620 3426 6230 3291 3426 6230 260 5620 3426 6230 5620 260 5663 5614 260 5665 6230 5620 6099 2745 3426 260 6230 6104 260 5620 260 6230 6107 5620 6230 5620 3471 260 261 5614 6230 5695
6199 6196 4029
3128 2883
5819 2908 4030
1762 1664 4030 2917 5502
4033
5496 3972 2887 2904
6194 3189 5218 1812 1828 5218
5505 5404
4030
6504
4804
4030
4030 4016 4016
4046
2904
2904 4029
4030
5819
6199 5820 1714
3661 5478 6559 2227
4016 4029 2904 4016
1361 4478 2529 260 2575 3805 1715
5820
4016 2424
2471 2312
2288
4016 3789 5478 2694
4029 4029 4029
4030
4030
4029
396 5614 4514 3793 1654 5610 5203 5205
4016 4016 6199 5494 5819 4016
3298 4191
4029 4029 4029
3978 4016
2846 4040 4040 2092 4806 2904 4040
5820
5501 3807 2572
1638 379 6687 3327 379 4805 1638 2908 2904 3327 1638 379 3327
588 4016 4016 2904 5819 4016 4046 4016
2933 2694 2953 3819 5711 2953 2933 596 5711 5187 2694 1572 3817 4116 5819 2247 5622 3236 3196 5622 2694 3789 4806 2696 2904 3229 1579 3229 596 2575 2694 1729 2972 4118 4116 596 4116 3229 4474 2696 2694 3788
2084
4016 4016 4016
4016 5819 4046 2904
4032 2908 4032
4805
1716 1777 3328 2403
2595 5511
4805 2904 4016
2173 1507 4047 5061 4805 2261 4340 4046 1714 4805 3338 4267
4806
6687 3195 590 1579 703 4016 596 1729 596 1812 2694 5496 3195 1812 5695 593 5708 6687 596 5708 590 593 3891 593 3788 5635 6687 2736 5711 3784 6687 1729 596 5496 590 596 6687 1579 596 1579 2410 596 2715 593 5708 2695 5820 5708 1812 590 3427 2904 6153 1579 596 1579 1579 590 596 2694 1579 4804 6189 596 5496 6801 1812 1579 596 1742 1579 1812 6189 3427 5708 596 596 596 596 1729 5708 5708 1812 1579 5635 3196
2904 4806
4805 3426 3334 4805 4046
4805 4046 4806
4030 4030 2904 4030 4029 5820 4029 4029 4029
5499
6153 2589 5819 4806 4030
3259 3788 2578 5511 5478
4030
4032
4030 4030 4030 4030 4030 4030
593 665 5478 1695 2310 5819
4029 4029
4878 676 1805 1963 650 4092 5223 591 1810 4469
2425 1825 1821
4047
4046
4016
5819 6559 3260 3220 2699
4805
2868 4016 2269 4029 4030 2881 2840 2837 3744 3362 2924 2871
5093
2884 2904 2881
4016
1695 2281 1579 495 4029 703 2584 3293 4030 2595
6527 6509
3821
2883
1572 663 1805 663 1821 692
1819
4806 4804 6682 5708 5453 6212 2409 5782 4805 1696
1667
4030
1819 1228
1012 934 2794
4030 4016 2136 2840 4016 2904 4030
4029 2136
3298 2130
4016 4016 4016
1498
5819
4030
4016
4016 2904 4029 4029 4046 4029 4029
2904
4046
4016 4030 4806 4030 4030 4030 4030 4030 4030 4030 4030 4030 4030 4030
4016
2883
4029 4029 4029 4029 4029 4029
2881 4029
4446
4695
4030
2313 4016 4016 2269 2261 2313 2269 2261 4016 5820 2269 1922 2261 2261 2269 4806 2269 2261 2904 2269 4030 2630
6153 5494 5877 3821 5504 4123 3785 2490 5511 3814
4003
2904
3628 3821 5877 5174 5820 2589
4046
4030
4032
4016 1498 4016
2756 2774
6801 2881 2736 6148 5844 5810 4804 6148 6809 2795 6810 4068 4805 5810 6801 2144 3033 2798 3062 4046
4016 5157
4030 4016 4030 4030 4030 4030 4030 4805 4030 4029 4029
4030
3427
4029
2904 5820
4806
4030
1656 1656 4030
4029 4029 4029 4029 4804 4029 4029 4029 4029 4029
6559 1968
3298 4191 3307 3307
4040
1498 2904
4016 2904
3788 3789
4806
5794 3259 4557 5794 2286 4337
4029
4805
4016
2904 4030
4040
4016 4209
4029
4030
2864 3716 2863 2841 4030 3236 5341 3926 2173 3602 2185 2904 3219 2579 5671 3926 5671 3331 5820 6806 6808 6808 6801 4286 3331 6500 5877 2840 3331 2579 4286 4337 5820 5819 5818 4804
5819 2908 4016 4804 2883
5617 4116 2164 5619 2164 4118 5619 2175
4805
4016
2704 5696 5404 2696
5713
1498 1825
4033
2310 2704 4772
4029
2482 2410
5708
4030 2883
4016
699 6249
4039
4016 4016 4016 4029 1498 4046 4016 4029 4030 3419 5798
3851 5515 3196 1508 3782 3806 2709 1778 5504 3240 5622 4116 1715 5635 2590 1786 2577
2241 2307 6531 345
1752 1695 1660 5820 2904
4040 4804 2904
4029
5820 4029
3978 5820
2861 2846 3746 3434 4873
4029
4040 4040 4030 4040
1736 260 2530 2425
4030
4029
6118
6092
6212
703 1498
4030 2853 2084 6123
4041 4805 4016 4016
2307 3867
2904 3514 5754 5306 2277 1819
5166 5643 4016 4558
2747 1507 2943 6559
4031 2904
2904
3974
2403 1770 2485
6739 3782 4586 4586 3782 6739
1694 1805 4016
2522 1669
2716 2736
4029 4046 2883
3195
2736 5387 5478 2736
1498
5533
5810 1227 389 1729 5810 1697 703 596 5810 5810 3605 1729 3082 5810 5819 5810 1729 3082 383 5810 1680 3605 596 5810 1782 384 6687 1782 5810 384 3605 596 3601 5810 703 596 5810 586 1729 5810 5810 4035 3290 5810 703 1797 4805 1783 5810 6687 3282 6255 596 389 3290 5810 2904 2578 6138 5810
2881 5819 596 671 1805 2883 4030 596 702
4029 4029
4029 4029 4029 4029 4029 4047 4029
588 3426
2904
1793 5879 5879 1793 1793 5879 5879 1793 1793 5879 1793 4030 5503 1793 5879 2883
4030
4046 1498 1729
2884 2845
4030
2717 3661 5478 2590 3784
6801 2904
402
3978 2893 4030 2893 3426 2561
4007 4003 4007 4003 4046 4007 2484 2736 4007 4007 2904
6536 4805
1662
4029 4016 4029 4016
3189 2312 5820 3189 3188 2851 3190 3189 4016 3190 3188 2168 3190
4016 2156 5847
671 1812 491
3327
1501 2907 2880 4029 2883 2881 4029
7189
4016
1579 703 703 1579 1626 1828 703 1579 3256 3195 1579 703 1828 2736 3254 3195 1828 1828 1828 1579 3203 3256 2702 3256 1626 703 1828 1626 1579 703 1579 593 3239 2704 3254 3015 5405 1579 703 1579 5698 5511 1579 3936 5698 591 1810 1579 5698 1792 4317 1579 2152 2152 703 593 3323 1579 703 1579 2152 703 1579
4180
4030
2904
1695 703 1695 2881 4036 3327 1720
6512 5348
4123 2589 260 2405 2402 2533 2588 2482 260 2405
4806
4046
1498 2156
6746 6522 6742
1714 3258
2904
6532
4029 4806 4029 4029 4029 4029
4029 4029 4029 4029 4016
6801
4790
5692
596 594 1626 588 596 5810 4805 4804 4046 4806
6526 6532 2704
1507 3339 5495 3829 260 4783 5404 6147
2587 5481 5538
5478 3019 3019
4030
4029 4029 4029 4804 4029
4806
4030 2883
4030
1752
1936 5798 2193 2313 2313 702
4806
2911
5502 5385 2450 5405 2160 3035 2484 2170 6218 3342 2381 2745 2160 2746 2766 2160 3427 4875 3035 2170 3342 2746 2160 3934 2381 6230 3934 2170 2904 3035 6218 2943 2287 2767 2522 2403 3035 2170 2427 3934 6218 2778 3291 4030
6559 6173
2409
1840 703 1694 675 3789 260 4557 3426 261 692 1810 2904 692 594 675 675 4783 260 4163 3427 260 2931 5125 3533 3427 260 2931 4557 2756 5125 3427 260 3227 2206 675 675 261 703 675 261 1810 675 1810
3801 5404 1731 3807
3805 5782
4041
4029 6117
4031
3781 2577 4322 5048 5622 3194 3229
2908
2306 3796 2702 260 6506 3548 260 2522
4031
6228
4029
7019 7006 5717
6801 3426
4030 4030
2880 2845 4034 4029
2410 2372 5344
1361 261 1358 1093
6559 5500
4029
3301
3758 6089 3775 3760
4033
2881 4007 2579
4029
5662 3460
4030
1487 6558 1646 3427
4036 4036
6687 3229
4029
6148
5306
4032
