3615
3598 4287 2614 4287
3612
2864 2313
3598
3611
4289
4287
3612
4287
3612 3598 5776
3612
3598
3577
2591 2611
3611
2082 2070
526 603 1413 603 435
1348 1348
4288
599 1025
3598 2614
2562 3622 2560
3598
3598
3565
1413 1530 526
3598 3615
764 981 766
3598 3612
2512 2416 2864 3176 4873 1497 2020 3389 2644 2314 2920
1348 1348
2416 3834
3587
3598 3621
3611
2614
1530 2065 5066 3399 4288 1856
1348
3612
3615 4288
4288 3598
5495 1586 2596 3618
3589 2614
3598
3565
1548
3598
3598
3612
2614
2076 2644 2919
2885 2859 3281 3697 2860 3276 2438
3621
1419 1655 1530 1158 350 330 5167
2614
3611
2562 3359 3598 3577
4288
5065 5792
3598 3621 3612 3621 3612 3621 3621 3612 3621
3612
3620
2417 3067 5510 2905
5799 2064
2618 4288
3611
3614
3612 3612
3598
4287 3068 2865 2507 3388 3598 4858 2859 5794 1496 2020
3611
3611
2614 2603
3598 3612
2071
3612 3598 2591
2865 2883 2916 2921
3612 3611 3598
3611
2614
3598
2614
2416 5932 3390 2864 2868 2907
2614
2614
3615
4289 3612
3615
4287
3598 3579
3598
3565
2614 3598
3612
3611
2309 2434 3180 3096 2139
2077 2885
1207 378 378 4880
3611
1902
4287
4289
6032 3400 5979
2614
4287 3612
2614
3611
3614 3598
3621
3627 1348 1348
5816 5814 1600 1601 1587
3598
3612
3565
2029 5167
637 1655
2614
1348
2603
3611 2614
3598 3565
2065 3386 5836 2858
3571
3611
4288
5492 5493 1489
2849 2923
3611
3565
2591
2950 2325
3598
2614
3598
988 838 342 1503 3067 2650 2391 2155 1612
2618
3598
3615
3612
2482 2065
6033 5146 2155 2954 4275 3765
2614
3618
3615 3598
3627
3598
3601
2614
3611
2870 2068 2865
3068
2618
3598
3611
3611
4635
2850 1955
378 1207
3612 2555 4046
3611
3612
4288 2614
3612
5007
3292 2662 4880 3402
3622
4288 3598
3611
2614
2614
3615
2495 6033 4133
3612
4269
2614 3611
3612
3598
3611 3598
4288
3565 3598
4288 3598
3615
3627 3611
3614
3598
532 534 1637
5071
3611 4278 2510 4880
3615
3348
3611
3612 4287
1939
4046 3612
3598
3598
2614
2618
3565
4289
4288
5482 1500
3459 2028
5816
3612
3598
2032 3698 2863
1348 637 1466 1348 1348
4097
3394 5456 2039
3612
3598 1348 3627
3613
3611
2618
3617 3617 3617
2591 3612
3382 4668 4037 2025 357
3105 1590 4287
3612
3773 3657 3627
1348
1646 637
1888 2591
1348
3615
4738 4858
3612
3612 3598
3598
1348
4890 3598 5143
2554 4824 3612
5932 5932 2858 2858
1568 1492
3552
3611
3598
2614
3598 3614
2591
3598 402 437 3000 1742 2916
5071 5998 4287 3265 4025
2614
3388 2455 2614 4620 3390
3611
3612 2614
3442 2317
3598 3612
3612
3612
3611
3612
3612
3612
3598
2155
3613
3611
1497 2289
4288
3627 3611
1610
3612
4269 3452 2916 2344 3186 3390 2919 1992 2426
1348 3627
4289
2591 3062
2614 3598
3627 3611
6033 1511
2314 2416 3404 3411
3611
2591
3565
3565
2614
1497 2510 2396 3690 4661 2927
4287
2614
2614
3601 3601
3612 2614
3612
3612
4287
4288
3611
3618
3589
626
378 720 647
2952 2391 2670 4633 2232 1492 5028 3096 1355
3589
2614 3612
4717
3598
4288
3612
1639 2076 1530 610 1419
3067
3598 1764
2614
2614
3611
3627
3394 2859 2857 5521 4752 2662 3400
4633 4268 3427
6035 6042 1635 6035
3598 3612
3494 3442 2071 3412 5932
3612
2591
1140 2071 2614 339 2431 5995 5992
2323
2117
3612
2614
2613 2611
2614
2880
2614
3598 3612
3598
3598
3558
3612
2591
3611
3621
4287
2260
3611
4287
3265 3245
3565
3598
3627
3614
3611
3598
1419
3612
2614 3612
3565 3598
3598
2603
1222
3611
3419 4633 1492 2070 3875
4287
637 2919 2916
1222
3598 2614
3612
311
3611
3617
1742 4196 1976 3391
2591
4289
2884 3427 3435 4630 3474 1355 5826 4661 4620
1547 2330 2455 2329 1551 2968 5139
2614
3611
3612 3627
4287
3565 3598
2591
3598
1565 593 1494 626
3598
3611
3611 4288
3598
3598
4287
6004
4288
4288 3621
3565
3587 3587 3587
3612
3611
4287 3598 3598 3598
3612
2614
3565
3615
2603
4767 1493 5816 3615
2614 3612
2591
2561 2562
4288
1348
2071 2885 2884
1356 2806 4071 2463 3029 5826 3387 5973 6032 3029 5190
3611
5146 4857 5979 3627 3693 5974 5793
4288
1348 1348 1348
3598
3598
3598
3612
2591
3612 3612
3598 3598 3598 3598 3598 3598
2614
3598
4289 3391 3419
2591 3598
3611
3613
4288
2614
4288 3611
2591
3598
4287 2614
2614 4287
1550 2614 2591 1550 4850
1475 1549 2483
3598
3612
4289
1348
3612
3627 5426 2162
3598 3598
3605
3565
1639 1413 605 1639
3616 3611
3611
3612
2614
3612
3627
3627
2064 1348
3565
3611
3565
3621
3617
3598
3565
1348
3618
3617
2591 3612
2614
3413 3407 2036 2032 2329 2892
3598
3612
4787 2020 5932 3391 3393 3735 1348
3565
3612
2591
3612
2614
3598 2614 3598
2593
1348
2618 3617
605 1639 1469
1652 442 532 3067
1497 1558 2070 1530 5136 2070 3870 4880 1940 1558
3565
3612 3598
2614
3612
2603
3611
1565 5510
3612
3612
3598
2614
2603
3611
4287
4288 3611
3615
647 378
4793
3621
3598
3554
3598 5808
4288
3746 2614 2957
4132 3906 4287 1355 5558
5434
3612 3598
2591
637 1530 1530 2908 2903
3612
3587 3611
5167 2020 2325
5146
3612
3612
1958 3391 3387 3395 2440 2863 2344 2438 1356 2892
4287
3598
3587
3598 2614
3611
2590
5090 3598
5923 1500 4793
2156
4289
1939 2488 2040
2114 2114
3615
3390 4873 3394 4874 1605 5826 5932
3565 3555 2614
5070 230 5070 5071
3598
1355 5778 2614 6022 5001 2330 4278 1492
3598
3612 3598
3565
3621
2273 2158 5501 4910
1348 1348
3598
3598 3613
3611
3612
3612
4287 3598 4519
1098 1089 1235
3612
3598
3565
378 230 723 230 5065 4879 1497
3554
3611
4287
1639 1639 1520 2417 1413 1652
3565
4875 2176 2166
1207
3627
3598
3612
2069 5167 4858
3612
3613
3612
2204 2336
3612
3598
4288
3611
4287
3598
2069 5558 2904 1952
6034 5157
2614
2578 2578
3598
2591
2076 4784
2614
2614
4288
3571
3598 3598
2979 2614 3598 2950
3601
3598
5980 4253
3627
3612
3598 2591 1530
3627 3618
2611
2614 1413 1025 5793
3598
3598
3598
4288 1567
4288
3612
2603 5056
4288
3598 3611
2614
3613
3565
3565
3611
2070 6033 4875 4288
3565
3612
3627 2614
3612
2614 3615
3611
3611 2591
3612
2591
3598
1348 2614 3611
3611
2071 1535 1500 4287
5927
378 378 231 1226
2591
2614
3598
3613
3598 3611
2512 3854 3390 3407 4985 1491
2064
3598 2614
3611
2077
2614
2614
3611
3598
2614
3611
3627
3627
3611
2618
2614 3598
1070 622 386 365 1082
4145 3406
5146
3598
2591 3612
3598
2614
3598
1646
3612
1348
2391 2071 3281
4288
3589
3611
3611
3627 3611
5188
4988 2855 6025 4858 2326 3598 6053 5510 2670 3698
4287
2614
5432 5815 5439 2614 1925 5493
1348
1348
1348
2614
3612
4287
3611
3614
3157 3494 2614
3612
3612
3621
2614
3614
3614
2591 3612
3590
3612
4287
3612 3598 3741
3611 3587
3598
5218 3589 2969 5136
3612
4288
2603
3612
4287
3612
1612 5167
2614
2614
2596 4289
5791 5992 3621 2593 2193
3598
1348
3614
3621 3598
3613
4793 4884
3613
3073 1480 3073
3598 3598 2040 5181 2082 5181 5526
3598
2614 3611
4858 2434 3698 4635 1348 1348
3391 3007 3008
3611
2614 3617
2560 1860
3611
3598
3627
2548 3068
3586
2618
3612
1530
1932 3067 2193 1929 357
3611
1348
3627
4287 5070 3158
3627
3627
3390 4879 2431 4858
1413 593 526 524
2916 3888 3765
3565
2614 3622
3598
3565
3598
1567 5189 2064 3390
3611
2509 2316 2064 4857 1606 4795 2614
2590
2070 2326
2591 3565 3565
2614 3546 2626
2071 1540
3627
3613 2316
2071 3390 4633 2859 3172 1926
3611
1348 2614
2256
5426 5424
2614
2314 3389 2437 5932 2155 4766 3390 4873
2591
2618
3621
3615
3627
2614
2069 2691 5072 5066
3611
3615
3565
3840 3841 2037
2560
5055 5007 2036 3222 2069 2065 2919 5055 5056 1355
3611 4289
2614
3612
3612
3612
3612
3611
2855 2289 2952 2331
3612 3627 2614
3565 3565
1563
3612
3565
3598 3611
3611
4287
3598 3611
3627
3598 3611
3611 3598
2591
3598
3612
5794 1469 532 2591 593
3612
1348
3612
4288
4288
5802
2071 4794
2920 5932 3469
3598 3611 2614
4287
4288 3598 2614
3598 2614
3611
2618
2614 3612
2614 3565
4287
4873
6032 1496 3970 2020 2865
3558
4287
2618
4288
3612
3405 4117 5834 1355 4269 2083
3598 3598
3068
3598
3613
2614 3598
2614
3611
3622
5814 5816
5418 5426 378
3612
2614
5056 3885
2455
3370
2603
3598
2614
3598 2591
3612
230 3888 1939
761
5146 1952 2916 2911
2614
3614
3612 3612
3627
2614
4287
3565
2581
3613 3627
3611
3615
5071 1646
3612
3611
2614
4287
3598
3598
3612
3611
3598
3565
2591 3612
3612
3611
1992 230
1535 4794 5219 4884
4743 4255 230
3627 2614
3611
3598
3598 2571
4287
3617
1348
2921 1741
4288
2071 1413 4890 5978 1530 5978
4795 2232 2614
3598
5510 230 2850 3886 2193
5831
3611
3741
1348
2865 3394 5826 1960 1974 2434 2344 3406 2083
1530 605 1413 1639
6041
3565
3598 3598
3621
3612 3565
3627
3616
3611
1348
3621
378
3068
5906 3120
3157 3870 2421 2421 2482 2614 230 2482 3870 2421 230 5055 3870 2482 230
4289
3621
2591
3598
3611
2567 3598 3612 2555
3598
3591
3598
2555 3598 3612
4288
230 2005 2240 4257
5470 5927 2314 2854
3611
4288
3621
2614 3598
3611
3589
4288
3598
1348 2864 2866
2614
3622
1355 230 4795 2329 4983
2614
3611
3611
3611
5813
3565
1639 1927 1413 1652
3621 3598
4875 6032
2614
3627
2891 2416 2314
2029 1586 2603
2860 3420 1550
5066 2988
4858 2859
3612
3598
2603 3577 2071 1940
3565
3611 2957
4288
3613
3565
3611
3565
1227 1227 378
2614
3598
1150 350 330
3598
2614
3627 2567 2590 1872 2548
3611
4288 1607
5493
2614
3598
3591
3611
3611 3598
4287
2552 2548 3340 2567 4288
3598
3627
3598
5146 5470 2324 3612 2324 5463
4288
3598 2555 1348
2330 5154 4144
4289
3612
4287
6032 3882 4275 4858 5218 5548 1355 2845 3390
2614
3565 5436 3634 4805
4288
4630 2069
3565
3611
3611
4289 3598 3612
2614
2614
3611 3598
3598 3598
2982 4859 2431 2418 2578 4988 2982
3611
3591
532 592 435
605 444 3621 4794
4288
6032
2069 5834
3565 2591
1768 4740 3105 230
3612
4070 5220 1622 2901 4858
1639
3598
3616 3613
3598
4287
3598 2614
3611
4289
230 5143 1920 3416
2969
3598 3612
3598
3611 4288
4288 2907
3611 2614
3612
5432 3598
3611
2417
3598
3611
5065 3424
2325 2067
4288
2614
1939
3628
4289 2614
3612
3612
1927 5776 4765 3693 2314 2036 2884 2155 2885 2904 3598 2155 1583 5776
2256 2904 2997 3645 2256 5154 2997 3068 2997 3068 2256 2997 5157 3068 2997 3068 2997 3737
3186 3765 4278 3388 3393 2064 2950
3611 3611
3611
3565
3598 3598 3598 3598
2614
230 2455 5826 2455 5826 230 5534 230 2455 5534 5826
2904 4874
3598
2593
3598
2614
3612
3615
3612 3611
3885 3395 3395 3885
4873 2416 3390 2640 2314
4288
1348
6032 6032
3612
2591
2324 2512
3611
3565
525 435 2318 435
3612
3613
3611
3627
2925 2071 230 4976 1655 637 230 2416 2318 5518 3008 1355 2646 2064 230 3854 4794 3008 230 2323 230 4985 3180 230 1962 5569 2434 2925 6049 230 5569 230 5558 2416
3611
2780 2396 4287 2952 2431 2770
2614 5007 5501
3612
3618
3611 3612
3612 4288
3611 3612
1208 3177 2851 1355 2322 5531 1607 230 5055 230 1355 5531 3176 2949 1615 5531 1509 3176 2851 230 5826 2662 5531 5831 5829 984 1208 2434 766
3611
1216 984 1023
5138 2351
4046 6032 1543 1542 4046 4187
2020 2894 3177 2925 2868 3186 3394 2023 2455 4593
3598
3618
4287
2071 984
3424
3616 3611
3611
3068
2528 5825 2905 5166 2916 5778 2905 2323
3611
3590
2957 3756
3177 2904 3067 4593 2418
1939
3173 2894 3068 3176 3412 2891 3184 2892
3615
3621
1883 2581
1355 3297 5098 5189 5191 3261
3612
4288 2614
2591
2614
1768 3384 4857 2065 5501 5219 5510 3097 4794 3693 3370 2424 2904 4273 2863 4275 2905 1355 2234 1548 2178 5826 3388 3487 3389
5778 1935
2434 2431 4858 3702 3245
4288
3611
3611
1348
4287
3611
3565
3612 3611
4793
2020 4890 2614 5826
378
2512 4546 2509 2886
3611
5482 5066 2614 3067
3611
5146 1211 5501 2424 2437 4070
2591 3598
3598
3598
3587
2969
2550
2028 3612 3067 2040
3565
3565
2603
3611
3620 5146
3611
3068
4037 4039 2076
3611
3612
3060
3611
3560
3612
1646 1419
3381
3612
230 3386 2864
5189 5427
3388 1645 1646 1532
4288 3598 2614
1348
2614
3565
3622
5425 3611
3598
3571
2614
4144 2234
3892 3487 3883
5979 4858 2591
3621
5166 3067
3611
2064 1355 230 3487 6032
3598 3615
1348
2614
3598 3598
4635 5791 5979
4288
230 989 378
4872 5056 230 1355 5558 230 1355 1939
2603
3598
3598
2980 3875
4289
5167 2866 2904 4795
3598
5501
3565
3611
4288 2611
2816 1355
2923 230 3172
3598 3106 4288
2023 2455 3391 3395 1944 3390 2344 2139 3394 4873 2416 5826
3611
2071 2090 5507 3180
4838 6035
1348 1348 1348
2614
915
3577
3565 3612
4619 3422 6032 3388
3612
3598
2614
1550
4287
3598
3601
5928 5825 6053 3693
3617
4287
3487 3419 3388
3423 2919 3476 2438
4635
3598 4287
2614
1530
2239 2163
3611
2614
3598
3598
2070 5464 2863
3612
3612
230 1530 1495
5522 230 5470 4635 1551
3612
3611
2416 3627 3734 3391 5826 3390 5826 3734 5932 3735 5932 3390 2020
4288
2614
4287
3611 2614
3612
2614
2591
2614 3598 3587 3598
3612
3627 3347 2611
5814
3611
3612
2892 5505 3395 4287 3402
230 4890 1927 230
3598
2510 230
3611
3612
2571 2562 2558 1906 3612 3359
4873 1500 2028 5927
5539 230 1963 2640 230 2083 605 439 231 3106 230 2969 5510 5527 230 5829 5831 5834 3177 4976 1225 764 1206 764 4545 1204 2083 2082 1222 4999 6048 1621 1858
4288
2323 230 2614 2093 1962 5143 1355
3627 3598
365 2023 622 1944 3394 388 3391
3667
3612
3607
4288
3612 3612 3612
1563
3621
3611 3611
3612
3598
4287
2591
3598
3598 3598
4988 3390 3389 4988 2065 1211
3598
3611
3565 3612
5157 2876
3598
3598
2334
3598
3598
3180 2029 5070 2265 3467 3106 2029 1940 3106 1940
3741 3614
3612
3565
3617
2614
2528 4287 1419 3611 1419
3611
3598 3598
3611 3627
3598
4287
5814 3598 4288
3627
1355 2323 3068 230 3068 2323 4635 1355 2323
3612
3598 3611
3627
2507 2039
4288
1639 4288 1639
3565
3611 3612
3613 3616
3611
2614
3598
3612
6032 2071
3611
5220
2614
3611
2614
2455 2614 3411
3611
2614
5008 230 6035 230
2614
3612
3612
2618
5053
3621
387 365 1082 4794 622 1068 627
3627
2614
2618 4288 2592
4287
3170 2092 1491 3068 2391
3613
3598
3612
4873 4288 5977 1550
3452
2239
5090 3611
1902
3558
3618 3616
2614
3612
4288 5136
2562 1860 2591 2531 4046 3612
3598
4882 4858
2618
2591
3067
3598 3598
3611
3611
610 1652 3995
3611
3598
3598
2595
634
3621 2591
2614
3612
2614
3613
3627
3598
3598
2618 3627
3627
2618
6034
3565
2023 3970 4910 2329 2330
3612
3388 6042 5001
3565
3612
3621 2593
3598
3612
2614
1547
2614
3741 2614
983 231 1219 837 1222 1974 230 2860 231 983 378 1974 230 1976 2859 231 1222 983 1216 1974 230 2859 1976
3615
2614
3068 1768
3612
2438
3611
2614
3598
3598
4287
2868
4099
3598
4289
5825 1092 2139 2670 5826 230 6032 2240
610 526 230 230 1469 444 1652
4874 6032 3157
4287
4289
3612 2591 2614 3612
3628
2997 230
6032 2925 1497 1355 6032 2646 230
4618 4619 1355 2851 2090 4618 1355 230
3598
2614
3587 3611
3611
4288
2614
4287 5220
2614 3598
3612
3565 3598
1348
3618
4288
3627
5162
5493
3627
2614 1606
2955 3755 2325 2884 5066
2591
2614
1652 531
3616 3618
3611
3876 2238 3172 6032 2455 3399 529 1652 608 1466 2756 4633 1355 3242 3172 1652 1466 1413 1529
2863 4269 3427 2865
3068 2548
2591
2277
3612
3598
230 5880 5508
230 4633 4976 2455 230 4976 1512 4633
3598 2550
915 4288 5038 3612 2331
2316 5051
3587
1492 1491 3068
5132 230 5143 230 3876 3876 3402 6034 230 357
2618
3870 230 4545 230 2323 3870 230 1741 230 2856 2064 1516
2614
3598
2614
3068 4858 3627
2068 5051 2455
6032 4360 3970 4358
2591 3571
526 4288
6032 3611 6032
3598
4858 4268 1955
2865 4288
2614
4288
3611
3565
1550 5056
3598
3627
3611
3598
2614
3741 3612
3612
3601
5526 5464 5189
3613
3615
4875 5157 3976 5932 2418 2806
3611
5880 230 4976 5834 5829 230 3870 230 435 230 1655
2591
3611
3615 2560
2614
3611
2455 230 3177 1740 4976 230 4119 2884 1549 230 2851 230 1935 3188 2851 230 5143 5143 230
5006 2803 3693
1355 3170 3434 2969 230 2318 526 230 442 438 2071 2065 6048 230 2969 6048 2488 2022 230 1355 5519 4620 230 2323
4207 1587 2593 3598
5071 2979 2484 2979 2978 2979
4287
2614
6033 6033 2325
4883 5557
5160 3389
3067
4288 4289
3565
3598
3611
3587
5218 2865
3598 2614 5436
2960 2959
2806 345 1518 6032 1611 5157 1551
6032 5419 2463 2902 2901
230
4288
3598 3611
378 720 667
2614 2618
2025 3395 4894 2883 1550 1945 2997 2023 3443
4794 5927
3628
4288
4287
2614
3067 3242 1355 3258 3247 3428 2756 3247 2853 1355 3242 1355 3074
2614
3611
3598
3614
2507 2271
3571
3612 3598
3627
3612
2614
3598 3598
3612
3621
3612 2587
3612
3611
3611
3611
5792 2331 2902
2317 3419 1960 1576 3394
4288
3627
3611
915 983 1216 3598
4289 5470 3621 3556 2510 5826 3560 3612 6050 3556
3612 3618
2507
3598
3245 2436 3278 5146
3612
345 1611 5544
2860 2324 1939 2885
2508 4873 2028 2028 2028
230 5778 3173 3008 1355 230 3184 2488 6032 2032 230 442 1588 230 1466 1355 2323 1419 2323 1645 2309 2032 230 3170 230 2316 2323 526 2488 1469 609 1935 1355
4287
1466 1466
6032
1486 2964 2959
3612
2618 4289
1348
231 766 1226
3488 3427 3690 4288 1355 2802
2455 230 2317 2323 4577 2950 4985 2950 3387
3068 2020 2868 3176
4287 3614
4287
2603 3615 3613
3612
3612 3627
3395 1551 230 3427
4289
2614
5880 3170 2489
1742 2640 2426 230 3176
3598
2614
3621 3621
2071 2590
2455
2314 2416 4873 3391 3404 3735 230 2314 2416 1512 1217 983
3611
1901
3189 5070 3611 5070 4136 2474 2852 2718 2093 2718 3037 2093
3598 637 1419
2806
5070 4545 3253 1355 2904 2272 5143 230 5070 5132 2323 1355 1652 1419 1413 526 1413 231 4635 4633 1355 4635 2064 2919 4633 2919 2064 1355 2277 2851 4986 3186 3182 5071 2155 5551 230 5070 2177 2316 2455 2314
3598
3611
5456 4879
2593
5432
3872 3105
2591
3611
1576
2804 2904 2865 3006 2904 2865 3006
2071 230 3389 2418 3008 230 5519 230 3883 1940 2418
1348
3612 2560 2561
3611
3621 3741
3612 3612
4287
3565 3565 3565 2603
1348 3628
6033
1975 2330 4269 4268
4289 2020 3176 1348 2864
4717
3552
5831
3611
3565
1348
1503 4867 3888
2008 1666 3384 1419
2618
5038 5053
6032
4785
2245 1355 2316 6035 1939 2455 2438
3611
3621
3590
3391
1939 2919 1355 4635 2490 2919 4618 1355 4618 4619 4620 4618 4619 1355 4618 4620 230 4618 5995 1355 230 6032
3616 3617
1348
1529
1867 2510 2858 4858
6042
2614
3618
3612
