1498
1695 703
2883
4029
1498 1498
1498 1498
4029
1507 3780 5696 2270 5355
2812 1498 5794 5794 4053 4053 1498 3196 5794
5511 591 2307 692 5511 692 2307
1498 1498 1498 1498
1507 5754 5760
1498 1498 1498
4016
3978
1498 1498 6589 1729 1498
3866 3290 5478 1507 2766 4784
1498 1498 1498
4029
5343 5879
4029
4030
2882
4030
1498
4029
6178 1769 3213 6547 6559 1769 1754 6547 2125 2911
4029
2270 3782 3565
1498
5689 5469
3968
2853 2883
3978
4040 2911
4036
2209
3194 3552 2261
4032
4030 4030
379 1638 5819 384 1782 1782 384 6559
2904 4030
3427
1498 1498 1498
4029 2883
674 702 1812
2911 4030
1498
2821
2409
5191 3807 2808 2704 3817 2709 3782
1498 1498 1498 1498
4030
4029
6804 3226 6809 6804 1807 6809 1807 6804
1498
2084 2857
1819
3982
1498 1498 1498 1498
4030
2306 3254 3801 5516 5478 4118 3181 5662
2084
3553 3254 2312 1507
4191 3427 1807
2307
2883 2883
1498 1498 1498 2312
2911
4030
2911
2893
2746 4429 2147
1498 1498
2884
4003 4029
2911
3978 4030
1498
2125
2911
1498
3789
4030 2850 4040
2883
2911
5716 5478 2174 1507 3788 1700
1498
4029
493 1812 1812 493
1498 1498
4007
2911
2312 2904
3978
671 665 495
4016
2911
3978
1498
4029
4030
4033
5634 1815 588 2311
4016 346
1498
2667 5622 5713 2530
2821 1812 702 665
4030
4029
4029
3605 5882 2702 1733 2147
4031
3978
4030
1748 3789 5697 2736 2522 2489 2312 2713 5503 1507 5810 5503 5697 3789 1507 2713 2312 6218 1777 5501
1498
3784 3229 5478 3244 3227 3240 4117 3226 3180 5478
2883
2216
6559 2490 1507 6249 6212 3783 5695 1786
1572 1812 1694
2774 596 1695 671 702
2911
4030
1685
3782 1708 1724 5395 3190
2883
3978 2911
6509
3747
4030
1812 594
2792 596 2792 5505 671 702
6114 2084
1498
5478 4029 3058 3760
3978
2911
4016 1498 4053 1498
1498 1498 1498 1498
3978
4030
4029 4034
1498 3978
2943 5708
3978
1498 1498
4031
3229 2713 1498 1812 2736 2695 1498 1498
2384
2125 4029 2884
1498 1498 1498
2821
4029
3969
4031
4029
2893
3244
702 1753 1845
6687 1742 5708
4029
3664 3548 3828 6559
3829 3801 588 4341 5820 586 1971 588
3427 2531 6803 2384
2911 1660 2084 5797 5879 1660 3197
2848 2849 2084
3532 4317 260 260 4317 2185 260 4317 3559 3558 260 3559 260 3532 3558 260 4317 260 4317 3532
1741
3788 5503 3829 1661 3830
1357
2125
4029
593
2307
4030
2822
4029
4016
4029
4030
4034 4036
2194
1498 1498
2911 2904
4030
1498 1498 1498 1498
6197 3473 3472 4016
1498 1498 1498 1498 1498
4029
1498 1498 1498 1498
2084
2125 2883
2821
5478 4767
4030
4029
5713
4035 4035
4029
4029
3936 3427 3215 5477 6222
4029
4029
1629 593 672 672 593 260
2794 3788 6214
1498 1498 1498
1672
4029
3785 3426
1498 1498 1498
5368
2883
5617 488 2312
1498 1498 1498
4040
2808 5161 4115 1507 1654 2313 2695
3978
596
2911
1572 657 596
1579 1695
1717 3784 1716
5478 5515 260
4931 2911 2211
2794 2306
588 586
4474 2696 2694 3788
4029
1626 1812 657 4016
5708 1812 1579 5635 3196
2125
4016
6801 4557
2125
4030
2911
2736 3339 2911
2883 4704
5511
3199
5692
1579 1819 1819
4029
4040 2883
1498 1498 1498
4030 2882
2884
4030 4036
2911 4992
1498
2572 5405 260 1733
4029 3427 5002 4029
6803 5343 3244 6803
4016
4036
1498 1498 1498
2193 5695 2759 261 6230
3978
4029
4030
2821 4016
2883
5794 1733 1733 5794
5675 4293 2911 2211
2972 3831 260 5218 3796 5218 260 588 672 1695 1572 1133 6248 3828 2972 260 3190 5205 260 1507 588 1133 261 1815 1695
702 1579 1805 593 665
2883
4029
4040
6123
5478
3520 2883
1579 5842
4035
6802 6099
2871
2904 675 1810 3427
1498 1498 1498
5680
2716 6802
4016 3978
703 593 3323 1579 703 1579 2152 703 1579
2307 6225
3991
2152 5478 2312
3203 3244 1934 2572
424 1082 1355 1088 1356
4030
2883
1498 1498 1498 1498
5620 5617 5619
5708 1731
4040
2822 5222
1087 1440 424
6117
2883
4030
2911
6173
675 1810
1733
1498
4016
4029
1498 1498
1498 1498 1498
1133 660 596 260 703 703 674 672 6803 6804 260 260 5794
4034 4039 1664 2209 5789 4034 4034 4039
2759 4317 6220 260 2263 3533 260 5619
1498 1498 1498
4030
2904 4016
1498 1498 1498 1498
6682
1498 1498
4029
4030
4366
2579 5505
3978 4029
4029
2911
2821
3196 5478 1507 6099 5501 3427
1685 1672
2154 5368
703 1498 1498
2263 3781
6189
2822
5306
3978
2532 5676
