1498
1695 703
4016
4032 2883
4029
2911
4016 2403 2405 5502
2883
4029
4016 4029
6138
2993 2764
1498 1498
1498 1498
4029
1498
1507 3780 5696 2270 5355
2812 1498 5794 5794 4053 4053 1498 3196 5794
5511 591 2307 692 5511 692 2307
4030
1498 1498 1498 1498
3776 3776 3776
4030 4016
4016
4030
1507 5754 5760
1498 1498 1498
3195
3978
3993
4016
2883
2312
2312
3978 3411 2904 4040
3978
3978
4016
5810 2193 3427 1498
1498 1498 6589 1729 1498
3866 3290 5478 1507 2766 4784
4032
2911 2883
4029 2882
4016
4016
1498 1498 1498
4029
5343 5879
2883
4030
4029
4030
1498
4030
3208 2590 1938 4016
2838 2884
2893
4036
3800 5662 4793 1742 5478 2811 2608 2174 4558 3789 6149
2845
4030
4030
4016
4029
1498 1498 2312 1498
4029 2911
4016
1498
4029
6178 1769 3213 6547 6559 1769 1754 6547 2125 2911
4029
2270 3782 3565
4029
1498
4032
4016
2883
695 690 1189
4596
2623 2821 4016
1498 1498 1498
1345 424 2746 5643 1793 2206 4783 4202 2310 3295
3978
4030 5496 5494
2853 2883
3978
4040
4040 2911
4036
4016
2209
4016
4016
4016
2904
4030
671 1810 588 488
3194 3552 2261
2313 1016 6801
2384 1507 3546 3093 2623 5882 2802 4118 2669 3122 2310 1741 5177 2269 3181 5251 3355 4421 2270 1748 6803 2318 3381 5250 3123 3789
3978 3978 3978 4016 3978 3978 4016
2883
4032
4030 4030
2821
3244 3334
2821 3552 3876 5619
4016 2766 6241 6624 4029
379 1638 5819 384 1782 1782 384 6559
2904 4030
2911 2854
3293 2821
4016 3737 2901 2883 2903
3427
2822
4016
1498 1498 1498
4029
2306
2716
4029 2882
1694 2375
5502 2193 4016
4016
4029 2883
4030
3254 2312 3197
2904
6122 4030 6118
2844
1801
4031
2884 4016 2904
3978
674 702 1812
2911 4030
1498 1498
2821
4029
4016
4016 6114 2538
1498
2821
2409
1781 6768 1781 1781 1781
6229 4003 4016 4035
5191 3807 2808 2704 3817 2709 3782
4029
2883
2155 2313 5478 1753
4029 2904
4016
2882
2168 5494
3978
1477 1469 1088 1356 1080
4016
4005
4029
1498 1498 1498 1498
1579 1819 3327 1697 692
2883
4029
5112 4016
4030
4029
1361 1346 1358 424
4029
6804 3226 6809 6804 1807 6809 1807 6804
1498
4029
4029
4016
4005
5877 3785 4164 6687 2904
1819
6218 2318
2313
3982
4029
1498 1498 1498 1498
2306 3254 3801 5516 5478 4118 3181 5662
2312
2883
3434 4767
2883
4429 2313 4558 5207
4016
2312
1086 2911 1358
6214 2277 2979 4202
2493
4029
3553 3254 2312 1507
1498 4016
4030 4016
4191 3427 1807
4016 2307
4030
6803
2306
2307
4030
2883
2883 2883
4029
1498 1498 1498 2312
2911
4030
2911
2893
4029
2746 4429 2147
4016 4030
1649
4031
2893
1498 1498
2884
5504 2587 4476 5493 3829 3219
4016
924 1088 1131
2904
4003 4029
2261 3196 1660
4029 2903
2904 4016
4029
1656 4033
3978 4030
1660 4030 5494 5496 4029
2904
1498
2125
2911
2889
4016 3978 4016 2911
2893
2911
1498
3789
4016
4030 2850 4040
4030
4034 4036
2765 5403
2883
4016
4016
3038 4029 5388
4031
4016
4029 2313
5478 2174 1507 3788 1700 5716
2911
671 588
1498
4029
1498 1498 1498 1498 4016 1498 4053
493 1812 1812 493
4030 3978
6220 4434 1642
2821
2837
4016
3978
2904
1498 1498
4007
4029
2821
4034 4035
4029 2307
4016
2904
2911
4016
3759
3978
671 665 495
4016
4030
2911
3978
2313 4029
1498
4016 2904
1498 1498
2821
4029
4030
4323 3338 1507 3988
2313 3305
4033
3327 3471
2902
5634 1815 588 2311
4029 4003 4016
4029
2868 2310
4030
4030
4016 2883
5599 2509 2631
3260
1498
2667 5622 5713 2530
4793 1507 3813 1705 6506 6817
4030 4016
4016
2904
2821 1812 702 665
4030
4030
1355 1131 1015 424 5798
2313
4029
4031
4016 4016 3548 2209 2883 1660 3189
4030 4036 4016
3978
1665 2147 1655
4030
2904
4016 4030
2084 5368 2850
1748 3789 5697 2736 2522 2489 2312 2713 5503 1507 5810 5503 5697 3789 1507 2713 2312 6218 1777 5501
1498
4007 4034
4029
3784 3229 5478 3244 3227 3240 4117 3226 3180 5478
4016 2883 3176 2173
2883
4030
2902
4016 4301 4300 5496
3978
2216
2904
4030 2882
3783 5695 1786 6559 2490 1507 6249 6212
1572 1812 1694
2904
2774 596 1695 671 702
2911
402 2312
4029
4030
1685
3782 1708 1724 5395 3190
2904
3978 2911
4029 4532
2906
6509
3747
4030
1753
1812 594
4030 2883
4029
4016
2307
1088 1361 261
6114 2084
2883
2663 1714 2482
1498
4016
4029 2440 2546 2410
4029 4695
2313
2904 4016
2904
3978
2883 4007
2882
6801 5696
2904 4016
5478 5516 2821 2403 5515 6153
1819
4016
4016 1498 4053 1498
2904
5502 1700 2904 5494
4118 6199 4016 2590 2965 6822 6196 5361 3180 6793 5478 5622
1770
1498 1498 1498 1498
4005
4016
3978
2883
4030
4016
3229 2193 5561
4030
4016
4030 3978
4030
2313 3240
2943 5708
4029
1498 5782
2883
4029 6543 2084 2883 2850
4525 3324
2882 4016
2594 2821 1783 6802
3978
4040 4030
2312
1741 4360 1741 2313
4016
1498 1498
4031
2893 3978
4016 2424 1644 2447
4029
4040
4029
3229 2713 1498 1812 2736 2695 1498 1498
4034
2852 2847 6543 4030
2882 4030 3427
4029
4030 2883
4030
2663 1507 2189 3560 2801 5251 2306 1649
2884
3978 4029
2911
4016
1498 1498
2125 4029 2884
2904
2822
2312 4016
4029
1498 1498 1498
2904
3978
4016
2821
2389 3121 4306 4304
4016 2911
4016 2313
2857 2859 4040 4526 2859 4040 4016 4030 4526 1752 2859
2911
4029
3969
4031
4003
2169 5696
5696 4030
4029
3978
4016
4040
4532
2822 2822 1963
4016
2883
4016
2911
2312 4016
2883
6804 4557 3787 2318 5842 1507 5878 5842 3788 1507 1673 4557 6804 2318
2911
1498 1498
2461 2509
2848 4030
4016
6199 5671
4029
2883
2893
3244
702 1753 1845
6803 4202
4016
4016
3978
2904 4032
1642 6229 6228 1644
4016
2904
2821 3123 2384
2901
3196
2821
6687 1742 5708
4030
4016 4029
4029
2312
4016
4029 4003
4029
4029
2822
4016
5674
4030
2885
4429 261
4908
4016
4030
1346 4049 1346 4049
4337 2695 5807
6209
4016
4016
4029
3664 3548 3828 6559
2313
4029 3978 2307
2904
2893
2796
3829 3801 588 4341 5820 586 1971 588
5358 4048 3797
3427 2531 6803 2384
2848 2849 2084
4016
3532 4317 260 260 4317 2185 260 4317 3559 3558 260 3559 260 3532 3558 260 4317 260 4317 3532
1741
4016
5726
2883
4048 5456 4353 5511
3788 5503 3829 1661 3830
4029 2904 4016
1498
1357
4030
4036
6658 4799
2822
4016
4016 4016
4029
3603 2736 4016 6559 5617 3229 2713 2715 5714 2147 2575 6506 2530 4163 2746 1944 3190 3549 3242 5845 3215 5877
3196
4030
4016 4030
4030
6558 1754
6199 260 6189 6194
2125
4029
1498 1498 1498 1498 1498
593
3969 2852 2883
1498
1695 389 1838 368 368 389 1695 1838
4016
1686 1699
4030
4029
2307
4016
4016
5223
4016
2822
4029
3199 6509 2441 260 5794
3994 4016
2861 4532 2313 2841
424
4029
4016
4016
4029
4029
4036
6717 6114
6796
4031
6247
4016
2904 4029
260 6199 5717 5203
1498
4016 5404 4016 1733 659 1330 1283 1812
4016
4016
1777 1662 1699 1708
2313 4029
4029
2979 5125 260 5794 1507 2384
5203 3180 3181 1688 3218 3560
260 1640 4234
1498 4364
2084
4030
4034 4036
4029 2904
3327 2509 3934 2509 2509 3427 3934 3327 4166 2509 6146 2509 3427 2509 6148 2509 3459 2868 2792 4034 4166 3107 2509 4166 3107 3459 2484 4166 3244 2509 3934
2764 5499 4016
2904 3291 3218
3978
4029
4030 2883
2194
4030 4016 4034 2882
4016
4040 4016
4016
4029
2904
1498 1498
4030
1498
4030 4029
2312 2884
1498 1498 1498 1498
4034 4030
2822
6197 3473 3472 4016
1498 1498 1498 1498 1498
4029
4035 4034
2851 2852 2736 2313
4030
1498 1498 1498 1498
4029
2084
2125 2883
2821
1355 1089
4016
5478 4767
4016
4036
703 676 1697
2313
4030
4030
4029
5713
4035 4035
4029
4029
3936 3427 3215 5477 6222
2312
4365
4016
4029
4016
4029
4030 4029
4029
4845
2911
3954
2904 4029
2904
4016
3978 2306 2155
384 1782 384 1782 381 1667
2318
4030
1629 593 672 672 593 260
2794 3788 6214
1498 1498 1498
1672
2868
4016
4029
4016 2904
3785 3426
1498 1498 1498
3829 3822 260 2689 5125 260 2326 3533
2883 4029
5368
2883
3239 5561
4030
2694 4164 3798 2736 3784 6559 6687
4016 2853
4016
2822
2961 2724 2760 2968 2307
5617 488 2312
1498 1498 1498
4040
4030
2904
2893
2808 5161 4115 1507 1654 2313 2695
3978
4016
3548 3254
424 1358 1088
2522
596
2911
671 1812 488
4016
4016
4016
5405 4203 3220 6801
1572 657 596
2904
5787 6189 5696
4029 4029
4016
4040
4029 4003
1579 1695
2893
2904
2838
1717 3784 1716
5478 5515 260
4931 2911 2211
1815 659 2904
2794 2306
4016 2911
1669 5403
2522
588 586
4030
4029
1626 1812 657 4016
4030
4029
424 1089
1483 1438 1445
4016 4029
2125
4016
3978
4016
1815 1815 1815 3122 2623 1815 2867 5504 2152 1815 1815 5534 2152 1815 1815 2152 1815 1815 692 2152 5368 2928
6801 4557
2125
4029
4016 2527 2522
2911
1361
2883
2736 3339 2911
2883 4704
5511
4029
3199
3218 2704 3796
4029 4030
5207 2821
2306
2085
1686 4016
2904 4030 2312 4016
4029
1642 5403
5692
5361 2410 2736 2270 2482 2270 2736
4005
1579 1819 1819
4030
2313
4016 4016 2522
4029
402
4040 2883
5845 5842 5847 3296 3299
1498 1498 1498
4016 4030
2883
4030 2882
2884
4029
4030 4036
6250 5680 6500 5456 3533 5680 5680 3829
2911 4992
1498
2572 5405 260 1733
4029 3427 5002 4029
4040 4016 2307
4016
6803 5343 3244 6803
4016
4029
4036
4016
1819
2588 2589 2588
2883
1498 1498 1498
2193 5695 2759 261 6230
2313 3310 4525
3978
4029
5208 4030
260 3191 2228 424 1088 1358 261 1088 424 1440 261 3191 2228 260 2193 3191 2207 4048 6558 2228 1937 4048 3191 424 1088 4049 1358 3435 4048 3191 2228
3955 4016
4016
3806 3828 2792
4360
4030
4016 4030
2904
2821 4016
2883
4029 4003
5794 1733 1733 5794
4030
4030
5675 4293 2911 2211
671 587
260 4337 424 261 3788
2972 3831 260 5218 3796 5218 260 588 672 1695 1572 1133 6248 3828 2972 260 3190 5205 260 1507 1695 588 1133 261 1815
2883 2901 4016
1016
2585 1507 5810 260 1507 2585 260 5810 6559 1507 6559 260 5810 2585 6559 5810
2911
1579 1805 593 665 702
6122 2904 6114 4029
2868 4016
3292 5497 5534
2821 2904
4029 4029
3182 1507 260 6506 260 2736 5717 1507 4323 260 3229 4340 260 3356 4323 5619 3564 260
4029
260 4323 6197 4298 260 4625 2764 6230 3356 2778 260 4323 5794 260 260 1507 4340 3182 5794 260 3182 260 3356 6822 4298 6818 260 4323 5794 260 2778 6189 260 5500 2168 260 2161 2771 4317 260 5500 5794 2587 260
4003
4191
4030
5478
4040
1672 2307 6570 2173 2263 2904 4164 3194 5634
2312
3978
4625 260 2312 3829 260 3238 1507 2261 260
2312
260 2736 1935 3822 5878 260 5794 3546 6248 5610 260 2586 3218 5500
3520 2883
260 3556 6194 2270 2266 4298 260 2944
2312
2307
4016
1579 5842
2313 4029
3978
260 3851 2306 2277 1507 260 3851 2440 260 1507 4421 1683
4421 2568 260 6251 3427 260
4035
2307 6251 1507 6196 3871 5205
587 702 1810 1825 2821 3301 3239 2694 2736
4016 4029
6802 6099
4016
6806 6214
1777 260 1936 2313 2579 1935 260 1935 3190 3830
4029
4016
1498
2871
2904 675 1810 3427
3822 5610 260 3426
1498 1498 1498
5680
6114
2313
3871 3781
2716 6802
4016 3978
2904
2307 6225
4029
4030 2312
3356 260
3991
4016 3978
2152 5478 2312
3203 3244 1934 2572
424 1082 1355 1088 1356
4016
4030
6107 6099 2307
4030
2883
1498 1498 1498 1498
2886 6804 2882
5620 5617 5619
2424 1655 1786 5504
5708 1731
4040
2822 5222
2313 4016
1087 1440 424
6117
260 2306 1972 5695 260 5695 1972 3218 260 3789 5695 1972
4030
4040 3978
4016
4016
2312 1361 1345 3339 3829 3782 5501 2307 3829 5501 3339 3196
1498 4016
4029
2277 3182 3227
4016
4704
831 2577 5879 5787 1660 5879 6147 1660 5787
1733
2904 6565 6228 2575 4030
4016
4030
1498
2883
2858 2091
4016
1498 1498 1498 1498 2312
260 2310 3552 1664
4016
4029
4040
1498 1498
1498 1498 1498
4589
1133 660 596 260 703 703 674 672 6803 6804 260 260 5794
2307
4007
4034 4039 1664 2209 5789 4034 4034 4039
2759 4317 6220 260 2263 3533 260 5619
1498 1498 1498
4030
2893 4016 2911
4016 1498
2261 2794 346 2716
1579 700 814
2904 4016
4030
2313 6098
4030
1498 1498 1498 1498
4030
6682
1498 1498
4016 1782
1498 1498 1498 1498
1498 1498 1498 1498 1498 1498 1498 1498 1498 1498
4029
3978
4366
2579 5505
3978 4029
4029
2911
2821
424
3196 5478 1507 6099 5501 3427
4029
1685 1672
2154 5368
4030
1648 1648 3195
703 1498 1498
5208 1507 1778 5207 6504
2263 3781
6189
2529 5503 5878 3891 5622 3891 6801
2822
3978
1016 1358
2532 5676
