1364 2883 424 1361
4016
2884
6225
1819 703 1579
3299 3298 6801 3298 4191 6801 1664 3305 2702 1708 6230 1664 1742 3189 3092 2571 3190 3300 3189 5497 2578 5798 3305 6235 3305 2571 6801 3298 3305 6801 3298 3299 6817 6803 3298 3298 3305 6801 3187 3197 3195 5635 1655 2864 2749 3300 3298 2955 4191 2694 3298 3305 3186 3298 3299 3092
2845 2838
4032
2884
2907
4029
3969 2874
3978
1377 424 843
3985 2884
4029
676 1579 1695
1650
1705 2183 4623 4016
4040 4040
2884 4029 4034
6113 4040
4029
4030
4029
2403 2736 2290
3979
4029
2904
4030
4016
4030
924 1092 699
4030
424 1009 1089
2906
2904
1828 3831 2694 1828 3831 3831 593 3831 1828 1828 2091 2147
1812 586 590
379 1638
2904
6209 2312 6212 2484
2907
3381
2904 4029
2857 5515
4030
4029
4029
2883
4029
2884 4030
4016 4030
2845 4016
4016
2906
2313 6559
4030
2884
4016 4030
4029
4030
4029
2904
3191 3687 5218 3342 5215
2904
2261 6559
2849 2845
4016 2718 1507 2148 5516 2270 1643 1675 2666 1642
4029
4031
368 1695 1330 389 1277 1228 4016 490 671 596 1277 450 1330 368 389 1695
4029
3972 3991 2838 2887 3519
2084 2894
2904
2883
4030
4029
4034 4007
4029
4032 4016
4029
4471
4029
4016
2884
4007
4016
4030
5502
4016
4030
4030
2838 2845 4030 4016
4029
5496
1812 1828 5218
4016
2288
4029
3819 5711 2953 2933 596 5711
2084
596 5708 590 593
4030
4030
593 665 5478 1695 2310
4016
1012 934
3298
4016
4029
4695
2313 4016
4003
4030
4029
4016
2864 3716 2863 2841
3978
4030
4030 2853 2084
5166 5643 4016 4558
2747 1507 2943 6559
5810 1227 389 1729 5810 1697 703
1793 5879 5879 1793
4030
2884
4007
3189
