3241 3293 3243
4030
1660 1714
665 594 490
4016
5709 4016 3196 3869
4016
1812 658 1815
424 407 690 482 1191
4033
4033
4016 2904
2884
2176 6687 3426 2765 3196
2883 3782
4040
2306
2590 2319 3323 5511 5511 1507 1819 703 3323 2313
3190 6803
1783
2904
4016
2904
5504 5183
4029
2704 3241
4033
4016
3817 3806 2792
4016
4030
2384 3788
2790 3295
4688
2313
2765
424
3218
424 1217
2957 3293
2861 2130 2861
2883
2884
4016
2849 2845
4029
4016
4030 4030 4030
3577 4016
1011
593 597 3258 4040
690 1193 407 427 648
4690 4686 1708 2312
1131 1015 1012
2883
5045 4475 1507 5049
3974
2527 2588 3831 3258
4016
1006 424
1680 5514 383 3426 2771 3379 6168 386 5493 3784 2709 3379 386
3977
424 1015 1358 1088
4030
4040
2884
1009 1089 1440 1088 1358
4016
4029
4030
6093 2312
3427 1697
4029
3978
6570 4896
2306
4016
1366 1364 1361
3819 5205 3190 3219 5083 2715 2174 1507 3784 2313
2306 4030
3991
4319 2695 3243 1506 3240
6508 4322 2312 5635 3789 1655
2883
3427 2796
1011 5477
2883
4016
3978
3323 1752
4016 4030
5844
2883 2884 3969
4016
3577
3219 3190 3189 3227 6199
3243 3197
4016
4033
1754 1366 1217 5493
1345 1217
4029
2884
4029 4016
4016
4030 2883
6096 6802
2313
5666 3122 260 1507 6682 260 2772 1507 3435
1131 5203 6822 6558 2765
3357 3381 3093 2270 6801 1507 5843 1770 3358 5250 3122 4421 4118 2623 4350 5177 5184 3093 5716 5192 5843 3788 4117 4421 2933 1507 3082 2965 3358 2335 3450 2623 3318 2270 5306 3357 5185 5250
4016
4040 4030
4030
1345 1361
1366
4029
2883
260 1734 2588
3414
3190 260
1507 3883 2240 4030 2883 2546 4030 4016 4030
4040
2148 2261 4029 4016
4030
2313 5698 3785
1361
3978
2584 6199 2886 6224 2883 2584 6199
4036 4016 4030
4029
4016 4016
1089 261 1016 424 698
260 1708 2312 1655 1936 1507 1936 260 1655 1507 1708 2313
1507 2313 2736 2313 260
1507 3788 3191 3782 2713 3229
1361
4030
4016
260 3789 2189 2264
424 1131 844 692 593
1480 1438
261 1367
924 1016 261 1367 1364 2281 6822 6818 1664 2159 260
2883
4016
4903
1936 2307 260 5212 5633
3980 2884
261 424 260 4163 3558 5696
4030
4030
4029
4016
2893
3038
4016
2312
2279 3200 2376
4016
380 1666
2265 5678
3427 1642 260 4235 4234 5665
4029
1361 424
1697 260 1579 1626 1695
1561 676 4016 814
4497 2307
2884 2884
4030
424 3426
4016 2883
4016
5810 3199 2766 260 6822 1724 260 3453 6143 6818 6189 2790 1345 424 1093 2596 3229 2575 6822 260 6818 1507 5810 2766 6817 3199 2766 2159
4030
260 1665 2484 1708 260 2589
260 2577 3549 5511
1714 3807
4030
424 1345
2156 260 2152 1507 6223 2156 260 2152 5798 1507 260
3807 3859 3227 3196 2704 2219 2578
4030
4030
6527
3552 260 6809
2773 260 260 6195 2932 3533 3829 1935 5481 260 3532 260 3532 260 3533 260 3532 3532 260
5620 260 6559 2227 1665
2217 5395 2968 2950 2196
424 261 1345
4016
3991 2904
2575 5456 260 2736
6559 3426 3219 3427 3256 3218 2174
4033
1358 424
3533 260 260 3533 3333 3603 6212 260 3601 2699 4478 2509 2792 5879 260 702 490 2932 260 2717 260 2667 4478 6682 2773 2774 260 5711 2334 260 3357 6632 5502 2544 5453 2242 3533 260 260 2528 3472 4429 2244
1801 1702 2307
4704
4030 2904
1695 492 669 588
4016
2667
4029
2310 3229
6166 1661
2709 4783 3784 3435 3259 3828 5222
2709 2716 2312 2265 6801 2159 424 5810 5798 3891 2716 5341 6803 2306 6801 5160 1660
4016
1572 663 1805
1819
4030
424 261 1011 1093
2794
260 6222
2307 2265
1088 1361 926 1010 1440 261 927 1012 1355 927 1361 1088 261
424
2534 2161 5708 5698 260 2168 260 2534 5698 2534 2771 6209 1507 260 260 2534 5710 6096 2193 260 6093 260 2534 6093 6095 2764 5710 6245 260 6098
2721 2318
261 1012
4016
5713
6801 5798 5714 384 1782
2883
1367
261 424
1783 1012
6818 260 2441 5744 1507 5403 260 2595 1507 260 4317 5794 260 2169 2168 2595 260 2277 4625 6822 6818 3827 3453 260 1507 3827 260 3453
260 5344 5714 2152 5344 260 2736 5610 5714 260 5205 6801 5205 260 2764 260 6684 1937 260 5205 2736 6801
699 1356 924
260 2159 3339 1507 2932 260 4317 2704 6245 5503 2159 260 2956 260 6818 1507 5794 260 2595 2156 3796 260 3827 5500 260 5714 4317 6822 260 3453 6818 3827 2595 260 5794 6624 3533 260 2932 5794 260 2193 260 2159 2469 4625 2716 260
2808 3801 6754 2183 6687 2736 3601 2530 3784
3293 6209 4337 6209 260 3426 2765
2884
2185 3426 3221 4030
2864 2838 6247 2091 2845 1652 6801 2863
2845 2091
4016
1361 1361 424
2403
1694 1805 4016
1742 2736 1660 260 5477
1574 6173 6506 260 6506 260 6251 6199 260 5794 2386 260 6245
1507 2771 2792 260 2772
2883
4315 1507 260 2704 2774 260 5794 260 5696 260 2704 4272 260 2168 1758
5797 3783 5794 1935 3819 4651 1935 5635 260 260 1935 2587 4322 5612 3546 2667 260 2159 5642 1507 5794 2587 260 2161 2577 1507 1935 260 2944 6093 1935 260 3426 2161 6506 2148 260 2695 6818
1972 5709 2709
588
2164 1660 260 6251 5341 6804 260 6251 260 5341 5877 6804 260 6251 6804 260
2085
