4804
3427 2571 5502
4046
4046
4046
4029
4806 4029
4046
4047
4046
4806
4047
4806
1685 1689 4047 1748
4806
4366 4804
2904 4806
4046
4806
4805
4046 368 1695 1810 1695 497
4806
4804 4030
4047
4806
4046
4047 6563 3292 3190 6563 3305 3122 2904 4180 2327 5818 3196 3292 2718 3189 2156 5798 6558 6512 4181 3305 5798 3299 3327 6801 3298 3190 3189 6687 3305 3292 3299 3298 6801
4040
4046
4046 3427 2885 6801
4047
4804
4046
4046
4805
4805
4047
4047 4806
4804
4804
4046
4805
4805
4046
1819 4804
4046
4029 4046
4806 4016
4805
4806
4805
4804
4047
4804
4804
4805 4016
4047
4806
4806
4805
4804
4030 4806
4805
4806
4804
4047
4030
4804
4805 4029
4016 4046
4806
4806
4046
4806 1498
4806
4805
4805 692 660 594 495 674 1812
4804
1716 4806 4030 1716 1716 4030 2306
4804
4805
4047
4047 4030
2881
3307 4337 2410 3298
4805
4806
4034
4046
4047 4806
4805
1498
4046
2908 4805
2576 2572 4805 2589 2577
4805
4047
4805
4046 2904
4047
4046
4804
4805
4046 4191 3298 3122 2953 2965
4003 4029 4047 4016
4804
4046
4806
2904
4003 4805
2904 4805
4806
4046
4016 4805
4804
3254 2173 4805 1507 6822
4046 2904
4035
3411
4806
4804
4046
2310 1660 2209 3256
4035
4047
4806 2881 2666
4806
4806
4805
4806
2908
4805
4047
4029
4804
4805
4046
4046
4046
4806
4029
4805
4806
4804
4046
4029 4047
4046
2576 1753 4805 2307 3974 2908
4030
4046
4046
4029 2881
4047
4804
4046 4029
4804 2881
4047
2792 3254
4046
4040
4805
4046
4046
4047 4805
4806
6803
4804
6793 2590 3186 6199 5478 5622 4047 2908 2275
5671 4046
3722 4046 4005
4805
4806
4046
4046
4806 4029
4016
4046 2904
4047
4046 4016
2904 4029
4046
4804
4047
4047
4047
4806 4030
4046
4804
4805 2904
4029
4047
4031
4804 4016
4046
2881
4047
4046
4805
4805
4016 4804
2904
4016 4804
4047
4046
4003 4806
4046 2904
4806 2881
4805
4805
4804 4029
4804
4029
4806
4047 4047
594 4035
4806 2904
4805
4805
4806
4047
4030 4804
4047 2904
4016
4047
4805
2908 4806
4806
4047
4046
4047 4118 3242 4030
4805 4040 4040
4047
1572 692 3783 596 1810
4806
4804
4046
4047 4029
4804 2904
4805
4047
4804
4806
4029
4805
4805
4047 4029
4804 4016 4016
4030 4046
4046
4804
4804
4806 4040
4806
4046
4804 4016
4047
4047
4047
4046
4046
4805 4031
4029
2156 1812 1572 1825 4047 2156 1825 1572 1812
4030
4804 3299 4191 3298 1752 5879 6558 2273 3299 1753 3298 1752 4191
4046
4804
4016 2904
2881 4047
4047
4806
2908
4047
4047
4805
4047
4806
2904
4029 4046
4806
4046
4029 4805
4804
4046
4047 2881 3420
4806
4030 4016
4029
4804
4806
4046
4805
4047
4804
4047
4805 2325
4046 2015 4016 4824
4805
490 4046 450
4805
4806
4804
4046
4046
4040 4805
4806
4806
4029 4047
2881 4806
4029
4046
4029
4804
4046
4046 2904
4046
4047
4806
4804
4806
5819 2313 4806
4805
4805
4047
2904
4047
4046
4029 4046
4804
4804
4805 1717 4046
4046
4029
2904 4016
3323 4016 3196
1783 4806 2577
4030
4806 4046 4016
2881
4804
4047
4030 4805
4046
4030
4046
4047
4046
2904 4046 2908 4040
4046
2904
4805
4046
1716 4047
379 4805 1638 2908
4046
4806
4047
4047
4805
4016
4804
4016
4047
4016 4806
2231 1942 692 5807 4805 1695 692 2231 6153 692 692 1968 2164 4029 2164 1507 2771 5713 3356 2904 692
4029
4047
4804
1695 1828 703 676
4046
4804
4804
3828 6803 2312 3787
4046
4805 4030
4804
4016
4030
4804
4805 1498 4016
4047
3978
4046
4046
4046
4046
4805 4030 4016
4805
4804
4030 4806 4030
4047
4016 4804
4804
4805 2881
4806
4804
4046 4016
4806
4046
4047
4046 2771 5788 6141 5820
5798 5810
4804
4806
4806 4016
596 495 4804
4016 4030
4804
4804
4804 2904
4047
4047
4046 4016
4804
4805 4016 4047
4046
4046 4016 4029 4030 3419 5798
4806 3426
4804
4046
4046
4804
4804
4806
4805
4806
4806 2908
4046
4030 4003
4046
4805
4030 2904
4047
1498
703 1797 4805 1783 5810 6687 3282 6255 596 389 3290 5810 2904
3196 3239
4804
4805
4806
4806
4804
4046
3247
4805
4806
4804 4806
5671
4047
4016 4046 4040
4806
4804 4805
4046
4805
4804
4046
4047 4030
4806
6801
4030
4804
4804
1729
4030
4806
5794 4117 3227 2694 596
4016
4029
4030
4805
2881
4040 1720 2306
