1498 1498
2904 4804
4036
3310 3227
2881
4029
5501
3978
2883
4029 4016 4029 4029
4117 6801 2545 2311 5048
4030
1498
2881 2901
4029
6121 6116
1498 1498 1498
4016
4016
4030
1498 1498 1498 1498 1498
2893
2881
4016 4029
4032
4016
4030
4035
3869 3196 5709
1498 1498 1498
2904
4016
2904
4016
4016
4030
3784 2318 6199
2590 2590
424
4029
1654 1695 1579 4341 1654
3789 5819 6756 2736 3603 3978 5405
4016 4030
4016 3991
2883
4030
2904
2893
4029
4029
3787 3190
4036
2908
2893
2261
4016
4029
4040
1656
1498
1498 1498
4030
3562 2173 3788
2881
1358 3813 1440 4612 3797 2695 2771 4331
4016 2881
4016
4016 4016
3978 3978 1498
4029
4029
2869 2883
2904
4029
4029
4016 6822 2313 1507 2663 3660 6817 2790 3191
1812
5538 3130
4016
4029
4016 4030
4016
4030
1769 6545 1754
4029
4030
4029
1498
4016
4029
4016
4030
4030
4016
4557 1507 2169 2943 4337 2427
2904 4016
4033 4016
4030 4016 2908
3978
2736 1507 2312
1498
2904
4016
4016
4016
2883
4040 1366 1361
4030
4586 5633 6208 5634 6802 2312 6802 2306 5842 1793 2313 6568 3789 2578 5634 5207 1793 2313
2883
488 671 594
1660 2261 3199 3195 3552 2261
2091 2130 2909
4035 2883
3782 3219
3788 3471 4123 2741 4421 3266 2623 6804 3473 3355 3093 3180 3082 1507
2313 2706 6822 2250 2312 1733 2313
4016 3978 4016
4029
4029
2792 2273
4016 4003 4029
1782 1752 5819 384
3978
3237 3219 5478 3788
4029
4016
4016 4005
4016
2881 4016 4016 3985 2881
3741
4173
3978
3298
3859 2269
4029 3978
4040
1498 1498 1498 1498 1498
2904
4030 4016
4016
2908
2893 4030
4029 2904
4016
3991
4016
3437
4016
4030
4030
2904 4016
4029
2904
4030 2908
4030
4029
4016
2904
4030
2904
4112 1714 5878 5666 594
4030
5500 5713 1498
4030
4016
4030
2795
1741
2904
4016
4016
4016 2313 1355 1016 1361
2904
2904
2736
4029
4995
4029
2904
5511
4029
4029
2881
4016
4035 4003
2593 2594 3199 3867
4030
6558 2772 2771
4030
4029
2310 4784 4608 3821 1507 2269
4029
4029
4173 4029
4016
4040
4007 4007
4016 4030
3978 3978
2840
4016
424 1355
1498 1498
1498
4036
4029 4034
3293 2663 2965 5218 2482 1655 5666 3459 1507
4040
3460 2572 5218 5356
4030
4016 4029
4030 4030 4030 4030
2578 5501
2918
1968
4016
5478 3978
6804 1807 6811 6804 1807 6811 6804 6811
1498 1498 1498
380 1666
3426 3788 3551 6194 6173
3805 2890 2306 5614
4005 4005
1498
1664
3982 2885 2885
4016
2904
2881
4030
4030
5709 3663
4032 2883
1708
4016
2904 4030
2883
5696 2695
4016
2402 3785 3190
3420
4016 2893
3227 2713
4323 1655 4608 2312 3564 3806
5713 3323
6206
2881
3985 4029
4029
2904
4030
1498 1498
2904
4030
5708 1713 2575 1717 2588 5787 2589
4029
2881
2908 4029
4003
4016
4035
4040 2904
4016 4030
4016 2904
1649 2904
4029 3978
424 1345
3379 3426 386
4029
2148
4016
4016
4030
4003 4030 4003 4003
4030
4003 4029
2794 1133 1673 1714 671 5504
3978
4016
4030
4030
4016
4029
5717 1705 1654 6227
4030
4029
2904
4029
4016
1498 4363
3718
2881 2881
4029
4036
2908
1498 1498
4029
2883 4030
4029
2851 4016
2857 4029 2838 2845
2169 4783 2313 3788 3553
2904 368 1838 389 1330 1334 674 692 586 660
2904
3220 1716 5493 2796 3782 3551 4118 5642 3427 3323 3784 2168 3556 3546
2696 5794 2405 1654 1654 2696 1935 5794 2694 2575
4030 1716 1716 1716
6099
4030
4016
1498
924 1089
3427
1812 702 669 1810 671 1812
2887
4016
3978
4016 4030 6801
2904 4029
4029
1717 4164 5617 5502 4625 1507
1626 1498 1498 1498 1498
4117 4203 260
2908
4016
4030
2313 5878 3240
4029
2893
4030
3978 2908
4033
2881
2881
2908
4016 2904
5736
4030
2576
4029
4016
1498
4016
3180 3785 2904 2792
4029 4016
4033
4016 4030
4029
669 594
4033
2904
4030
4016 2173 3851 2796 1708
4030
3840 2904
4030
4029 4003
4016 2881 4016
2886
4030
703
4016
2904 4016
4005
2904
3978
1805 665
5499 5214 2181 2312 2594 3829 5622 6512 4793 1507
4016
4029
4016 4030
4030 2904
4016
2904
2881
6113 6114 2848 4030
4030 4016 4036
3194 2957 3219 3797
2908
2904 3978
4005
3218 1660
4030
6079
5355
4030
6534 2881
5501 2713 5502 2159 3789 2522 2736 2545 1797 2403 1507 2159 5697 2585 3788 2584 2696 5810
3978
1498 1498 1498
4029
2904 2883 4030
3784 1717 3780 3227 3254 3181 3254 5478 3227
3783 6687 6147 5798
4016 1498
4173 2893
2883
4030
4029
4029
4030
4016
2883
1507 5496 6559 2695 5695 3196
4016
2850 1716
1133 6199 2312 5176 2756 2205 2207
4030
4029
2881 4016 4030 2881
4030
2313
3829 2313
2908 2893 2893
3978 2904
1345 2528 424
4036
4029
4532
1498 3978 3978
4016 4029 4016
2881 2893
2311 3805
4030
4029 2881
3979
2908
4016
1361 261
2881
3985
1498 1498 1498 1498
4706 4030 5878
4016
3991
4016
4016 2577
389 1838 6565
588 1805
4030
3978
3256 3254
4029
4016
4016
3978
6801
4030
4005
2594 3214 3195
2904
4031
2965 6188 2219 5695 6793 3181 5478 5642 5361 6822
596
1498 1498
1498 1498
1498 1498 1498
1498
261 2669 4163
2904 4030 2908
4016 6754
2904
2893 3991 3813 2594
3215 2589
1498
4029
2904
2881
4016
4030
4030
4030
5176 6802 1793
4030
1498
4030
2883
5192
2577
2594 6559 6568 2594 3093 424 3784 3333
4030 4016 4040 4030
4016 2881
2903
1498
2893
2904 4030
2883
2904
1498 1498 1498 1498
2904
2904
4029
1498 1498 1498 1498 1498 1498
2261
261 1367
2880
4030
4030
3661 2709 5503 5478
4030
3978
4016
4029
4016
4031
4030
4029
2904
4016
1819
4016
4029 2904
1498
4030
4040
4030
4029
4029
3190 3782 2266 2767 2572 1805 1579
2893
4016
4029
2885
4030 2859 2881 4526 4040 4040 4526 2881 4016 4040 4030 4526
2904
4029 2880
2584 6230 2405 2482 2957 260 1507 2764 424
4030
2278 2707 2704 2703 649 814 2717 1133 671 4284 4289 4293 2587 2707 4294 4286 1713
4029
4029
671 490
4030
4003
4016
4016
4029
4031
4016
4016
4016
4016
6248
4016 4030 3959
4040
1655 4790 6559 3828 4793
2994 6527 2587
4030
4030
1498 1498
2530 665 588
4029
4029
4030
2904
1825 1572 1812 1810
4031
4029
5494
5809
424 1345 1367 261
2883
4030
4030
4526
2881
4030
4030
4033
4029
2910 5740 2909
4029 4016
3254 3247 2181 4016 5798
4029
4030
4016
4016
4016
261 1366 1361
4029
3229
4030
4029
588 488
2589 6089
4029
4030
2893 4030
6149 5404 5502 260
4016
2881
4163 3785 2575 1660
424 261 844
6189 1660 260 6166
4029
260 5879 5715 1936 1708 1507 5879 1936 1708 260 1655
4029
424 260
1498 1498 2883 1498 1498
3327
3978
4030
1498
4016
4016
260 6172 2736 1507
4341 497 5681
2709 1507 2575 6250 3788 1777 5879 2575 1777 1777 2575 6241 2405
6558 4118 3240 5622
4029
2904
260 6098 6099
4030
4029
5695 4317 2765 260 4317 2765 260 2765 260 4317 260 2765 4317 2699 3324 260 260 4317 2771 4317 260 2765 260 2765
4030
6801 6208
4029
2904
927 6801 5676
4016 2904
260 2491 2403 2424
4029 2904
4092
4016
2883
4029
3973
703 1579
4005
1346 1356 424 1089 4016
4016
4040 2881 4016
4029 2893
676 703
1088 1355 424
4016
4031
4030
4191 2269 1754 3299 3298 2269 1752 2269 1752 2269 4191 3298
261 424
2904
3978 4032
4526
4030 1700
4030
4030 2904
261 1361
2307 588 2307 6209 1758 2792
4016
2857 2880 2091 2838
4029
4030
4029
4016
4016 2904 2908 4016
4016
6179
6546 4030
4029
4029 4029
4029 1498
2904 4016
4016
6801
4016
4030
2908
6801 4330 4790 5478 5877 6241 1507 3176 3784
2881 1775 2893
4033
4029
4016
2893 2883
6801 5561
4029
2618
4029
4030
4016
4016
1498 1498
4016
4029
4031
4030
1812 671 1805 490 702 671 596 1133 490 1695
2904
4016
4016
4030
698 1131 1088 1015
1498
2904 4016
4030
4016 3978
1360 261 1366 1440
6810
4030
2881 6801 2261
4029
4016
2881
3239 5538 3934 3244 4166 3934 3427 3934 3934 3427 3934 4166 5880 3427 3427 3934
2904
2277 3564 3190 261
2169 2736 3565 260
2904 4173
2904
4016
2893 4016
4029 4030
6173 5619
2261 1715 1660 3199
4016
4029
1498 1498 1498
1498
4030 4016
4030 4029
2904 2410 2409
1498 4016 1498 4053 1498 1498
4030
2577 1716 4993
4030
3873 5494 1664 3218
1498
4030
260 3264 5610 2694 260 6263 2313 1507 260 5619 5610 4317 260 6624 2764 2193 2579 3556 260 2579 5610 2696 1507 6245 2579 2313 5610 260 5610 2983 2313 2277 2527 2713 5610 2579 260 260 2587 4317 260 2713 2764 2313 396 2193 2587 3556 260 2193 6173 6263 5619 2313 260 2579 5610 2193 6263 5619 260
4029
4040
2264 3562 3789 3356 2587
1498
2883
6222 6822 6818 6817 260
4016 2904 4016
4030
4016
6803
4016
2746 5676
4029 4029
4173
1695
4030
4030
4016 2904
4040
6733 5794 3783
4029
3974
5207 2307 6506
3978
2403
5798
2577 2713
4029
4030
4029
4030 4029
4029
3219 2275 3785 3191 2695 3427
4030
4016
4029
4030 4030
4031
4512 4514 2318
3381 3818 5477
3978
5754
4029
1695 1626 1629 1825 1626 1629 260 1810 1695 672
261 424
6106
4030 2904
4016
4029
1498 1498 1498 1498 1498 1498 1498
3552 260 3829 2695 3829 2587 1935 1507 260 3552 260 3258 2716 260 2716 6822 6817 2587 2716 260
3123 2794 2185 6803 260
2883
6199 1507 2983 260 6218
1579 1812
2881 6801 6811 6806 6682 6806 6811
4030
4030
4029
4040
4029
4029
4030
4030
2901 2881
2947 6189
2307 2313
1498 5708 1498 3783
1626 1579 3547
4029
2575 2447
588 657
4016
6547
2904
1579 703 3551 814
4030
1498
4030
4805 4806 2904
2384 5845 3082 3190
4016
4030
1477 1439
3236
4389 4351 5091 4396 1695
4016
261 6251 424 6263 260
3829 3784 2579
4029
4030
4030
2904
4030
3420
4030
4029 4003 4016
260 5404
6559 260 260 6559 6263 260 2794
4016 2883
5633 6817 1792 2076 3310 5782 3356 1507 260 3342 3355 3427 1507 2932 260 5782 2326 3310
2893
5798 2584 3427 3427 2718
2881
4029
4030 4016
3899 3903 2904 596
4016
4040
4007 4007
4030
2904
1810 675 1840
4030
4804
1498
4016
2313
4016
4033
4016
4030
1498
4030
4016
4029
4016
4173
6810
1828 1695
4030
4016
4030
4030
2881
4016
4016
1016 424
593 593 1626 1812
4030
4029 4030
4036
5478
2904
3227 260 2275
1498 1498 1498
5692 5692
4016 4005 2893
2904
4029
2893
4030
3953
4029
1367 1093 261
261 1366 844 1361
2148 2244
4029 2880
1498 1498 1498
2886 3973
6199 5819
424
4030
4030
424 3978
2904 4029
2893 4016
2575 2694 4163 3787
2904
2885
4030
4029
2908
4030
3794 3793 2269 5665
1780
3426 5494
4016
2881
2484 5715 1733 1758 260 1733 4429 260 1356
4030
6179 6217 6235 5387 6235 6241 2307
4016
2736 3323 3546 586
4036
4030
5810 3244
2908
4030
2881 4040
4032 4029
4036
1825 1695
4016
2588 2868
4030
2155 3220 2709 2270
1498
4023
4030
3190 5715 2207 260 260 2205 3191 2207 1355 1088 424 3190 2207 260 2205 1088 1361 261 1355 3190 2207 260 2205 424 261 1358 1088 2207 260 3191
4029 2881
4036 4030
4030
4030
2904
4029
260 6801 2491
2881 4016
4016
1579 1819
4016
4029
2898 6655
4030
6687 4164 3783 424 2736 1652
1683 1348 1367 2193 5477 3427
4030
3254 1936 3328
5503
1699 6506 2156 5798
2904
424
2482 1016
2844 2904
4164 5610 3552 2164 260 5620 1507 2313 260 6801 2771 5798 1507 2171 260 5610 2307
5810 2584 260 2584 5810 5809 5810 2584 1507 5810 260 2584
3404 4016
1694 1825 1626 1572 1579 1812 1695 665 1629 260 6801
3978
4016
4016
4041
4030
4036
4016
260 5619 2704 3229 2490 3796 260
260 5610 2313 2736 2313 3176 260
2883
3262 260 6801 6803 3806 260
260 3866 2587 3828 260 1937 1936 2384 260 3093 2587 260 2306 3867 260 2306 3828
2893
6801 4029
3426
3978
5478 2405
2881
3426 3254 2970 4283
2904 4030
3182 2588 260 260 4611 3851
1346
6153
5794 260 1935 3218 3546 260 6245 2736 260 2336 1935 5610 2736 3190 260 5495 3806 6803
2881
2587 5205 260 260 3310 3565 2161 2587 260 3783
2696
2904
3240 3242 5642 3323
4030
6802 2589
5504 6250
4029
3813 5262 3788
3978 4016
5671
3123 260 3851 260 3851 2306
4317 2996 2587 260 2694 2667 2972 2932 260 260 4421 6251 2694 260 5640 1507
1717
2209 6099
4029 5341
260
4040
4030 3290 6744
4016
4016
3199 260 3426 6801 260 2334 5677 260 3822 2273 3258 260 3851 3123 5499 260
2881
2904 3978
588 1498
4030
4033
4016
4030
6525 2595 3238
1357
5698
3978
4016
4029
2904
2736
5844 594
2908
4030
4016
586 594
4029
4016
2904
588 2771 1629 675 2164 1507
1498
2904
4029
1498
4016 586 665
4040
4016 2904
2306 5810
1093 1355 1361 1361 1346 1366
4030
1498 1498 1498
4364
2409
2881
2261 3821
4016
5879
4040
6818
2904
5619 424 2319
1793 6812
4029
4029
5676 6178 3789 260
4030
3978
1660
4029
4173 2904
1089
353
2704 2193 260 1937
3978 3978
4030
5494
2736 260 1685 3182
4029
2736
4029
6801 3195
6801
1683 260 1724 1662 1699 1681 3427 6199 6801 260 1793 260 3229 6801 2713
1717
5714 2402 6244 260 5713 2424 2587 6506 260 5715 1572 1694 1825
260 4337 5696 2587 3887 2736 1715 260 1778 4334
3226 5671 4202 5503 5671 5516 4203
2881
2893 2893
4319 3471 2696 5504 5502 1717 6235 5809 5504
4029
5511 5620 260 5619
2844 3737
4341 260 2594 260 2546 4341
1498 1498 1498
4704 4893 4985 5617 6655
2850 2851
6559 5501
1498 1498 1498 1498 1498 1498 1498
4029
1793
1498 1498 1498
3978
1498
1498 1498 1498
3978 3978
3426 3805 3293 4512 3806 3817 5369
1498
4023 4589
4016
2893
1840 3776 1579 2246 260 4341 4118 1579 260 1133 260 2595 4115 260 1133 4117 4203 261 4115 260 4203 2313 2595 4122 4118 4203 4557 4341
2893
2736 260 6687 3785
5692
4030
4433
4033
4007 1691 4007 6802
1717
261 1361
6801 5622 3822 1742 2313 3196
4030
2881
5454
6726
2403 6166
1498 1498
1498
