2614
2289
3611
2614
4097
3611
2614
2489
3611
1348
3598 3598 3598
1348
4875 2512 1939 4805 5143 2614 5510 1547
3611 3624
3612
3612
5552 4360
3611
3565
2392
378
6032 1543 2958 6032 2982 2957 2901 2964 5065 5146 6032 1576 4794 2858 6034 5927 3756 2860 2064 2421 2416 5146 2858 2322 1496 2864 5470 2951 2858 2322 6032 2958 2312 2951 2858 6032 2857 5000 6032 2982 2958 2964 2416 2958 2866 6032 2957 4389 3747 2964 2958 3756 2957 3747 5784 6032
3612 2614
5050 5050
2614 3598
2590 1348
3612
3612
2593 3566 3612
3611
3618
3611 3612
4618 4620 4633
3611 3618
3598
3611
1888 3614
3598
3611
3565 3612
3598
3611
2614
3598
5466
2614
4883
2614
3464 2902 2065
3598 3268 5826
2614 3612
3612
3598
2614 3565 3598
3616 3620 3611
3598
5058
3624
330 339 2919 3443 2884 5974 6053 2064 5000 5992 1741 5167
3598
3612 3598
3611
2071 3384
2163 2162 2619 3612
2591 2593
444 531 2029
2614
3598 3612
3554
3612 3411
3611
3612
3611
2614
3598
3611
2614
3611
3598 3598
2614
3667
3612
3171 2892
3621
3612
2614
633 1491 311 987 835
2022 5419
3612
1929 2071
1635 1494 437
2614
1480 1509
3598
1492 5992 5562 1492 3171 4858 4794 5218
3611
1419 1419
3611
528
3612
3612
3612
2614
3611
2614
2614
4346
3611
2614
2180 6039 6039
3621
2071 1960
1639 1530
2614
3611
2614
2591
3612
3598
2071 1226
3598
3612
2330
3611
1664 1144 350 1184 584 1639 442
3598 3621
2517 6037 6042 1746 4858 5041 4630
3611
3621 3598
3612
3611 2614
5065
3612 2614
3611
3598 3598 3598
2614
3598 2614
5562 230 4869
2618
3605
3598
2614 3598
3620 3611 3611
3615
3613
6041
3612
3598
1348
3698 2139 6032 2029 2357 2483 3029 4660 2855 3107 3394 1355 3964 2029 5188 3029 5562 4894
3611
3612
2614
4619 3394 2155 2028
3067 2028 1956
1567 2642 2979 1565 1939
4893 3437 2860 4269 2490 2314
3598
3598
3613
837 3598 984
3598
5552 2092 1355 2139 1767 1518 4890 4620 5000
3611
3612
3612
2614
1862
3598 3598
3612 2614
3612
3598
2614
2593
3613
3612
3598 3615
2614
3612
3613
3746 2964
378 2020
2916 2919 378
2618
1501 4482 4619 2858
2614
3070 3612
2614 3598
4037 1558 2902 2069 2997
3598
3616 3617
3598
230 230 5413
2560 3611 2618
3612
3598 3612
361
3612
3598
3612
2614 3611 3598
3612 2614 3598 2553
2614
3611
524 605
983 1217
2591 3756
1901 3612
2905 3413 2481 1637 3412 5007
3598
3598 3598
2614
3598
2591 1509
3612
3611 5136 2320 3872
3621
5825 3598 3302
3068 4910 3612
3611
3598
3598 3598 3598 3598
1530 350 330 1419 1403 1150 1158
3565
3612
3170 2859
3413 2158 4794 3390 2884
3598
2611
3612
3612
3621
3598 3612
3598
3611
2614
754
2614
3612
2627
3611
3621
3611
3612
3612
2614 3598
230 5055 4986 2046 3067 5070 1991 4986 230 231 230 4986 3067 5539 2950 3067 5539 230 4986 3067 5539 4986 230 5025 4980 230 5027 5539
3611 2736
1419 1419
3611
3611
2614
2614 3611
3612 3612
3612
3278 4858 5826 1991
2614
2560 3601 3618 3598
3411 1549
3612
3598 2591 357 4980 4039 3399 1491 4976 4618 4620
2614
2614 3621
2591
534
3598
3612
534
5186
2071 2316 3888 4752 3225
3611
5167
3611
3612
2434 3393 3388 4269
3598
3598
3612 3612
3611
2618
5218 5464
3565
3614
3613
1348 3598
3587 3611
1567
4858 2180
2614
3598
2601
2593
3601
5794 5793
3612 3611
4257
1535
3611
3612
3612
3612
637
3611
3598 3615
2614
3612
2614
2614
3598
5157
5967 3621 2591
2600 5090
3611
3612 2603
3590
3612
3598
2857
3598 1927 5191
2593 2591
3598
2903 2426 2916
2204
3598 3621
3611
3612
3611
3611
3616
2614
2614
3611
2464 1931 3524 2136 5539
3618
5826
4070 3224 2855 2868 2071 3177 2020
1666 637 1529 609 3255 3267 2071 3395 230 4070 3067 231 626 1637 2614 3278 3157 3419 3735 626 532 609 3176 2916 3068 3290 1355 3176 3068 609 4268 230 3734 3068 231 981 230 2639 4545 3158 3068 231
3411 5132
3622
3239
5770 1500 4793
2064 3402 2424 230 5996 378 3401 5157 2426 5778 3172 230
3611
6200 6190 5074
5162 3693 4754 2064 2982 5065 3067 4875 2077 4752 5033 4989 4752 5065 3693 4134 4134 4752 2070
4879 5826
3611
1348 1348 3670 1348 1348 1348 1348 1348 1348 1348
3565
2591 3612
3369 5409 3383 3371
3587
3615
2591
2613 2560
