2614
3598 3617
1348
3591
3565
4635
2865 2858 4999 1355 2032
5157 2891 2512 1565
3598
3612
3598
1226 1222
3598
2894 5826 3765
3591
1348
2591 3340
2614
981 835 983
1348
3611 2614
2614
1348 1348
2614
2593 3622
3561 2455 5539
532 599 626
3598
3612 3598
2540
3598
2614
3598
1348
3598
3612
2476 4620 532 5826
3598 3598
2614
1976 2845 4882
2614 3598
3555
5927 3892 3390 1746
3565
1586 2593 1586
3618 3618 3618
5056
1542
3611
637
6032
2614
3621 1551 3565 3741
3612 3612
2614
1348 1348 1348 1348
3612
2603 2593
3612 3612 3617 3616
3612
3565 2614
3598
3591
4879 4880 3634
3611
2614
2614
311 4857
3612 3565
1348 3598 5071
3565
2591
2597
3612 3612
2591 3612
3970
3565
3601 3611
3587
3587
2614
2614
2614
3598
2371 3612
3611
3611
3565
3611
3522 1601
2614
3598
1348
3598
1082 1562 378 1355 2919 2077 5006 2978 2076 3142 1562 378
3611
3616 3612
5482 1355 2424 3423 2023 5928 3395
1607
3611
3765 2691 5218 2158 4879
3617 3587
3611
3883 3068
1348
3612
3565
5532
3611
3618
3598
2614
3598
2614
3611
3617
5007 5007
2603
3598 3598
3598
2631 4838
3615
2317 2325 1622 3394 5001 1927 1767 3565 1622
3612
3062 3524
3107 2770 3105 2850 1355 3395 3007 2357 6035 4546 4661 3690 4708 2693
3565 3598 3565
2020
3598
3611 3598
1530 626 605
2029 5072
3029 2064 1511 1611 1466 345
360 2455 4190
2020 2155 5776
3459 6035
3616
3612
2614
3598
3615
3565
3598
4839 4070
3616
1348 1348
2593 3574
3611
3611
3617 3617 3617
1355 4839 4071 4794 2029 1955 2904
3611
3611
3561 2614
1645
3068 4629 4619
3598
2614
3612
3598
3589
1888
3612
3611
1586 4875
5808
3578
2614
3612
2614
1965 2950 1419 1642 3465 4584 5070 2287 4890 1965 2090 2234 2192 2331 5555 2156 1419
3565 1348
3614
3357 5432
5507
3611
3611
2614
3565
3612
3612
1348
2614
3598
2614
3565
3598 3598
2614
2593
3612
1348
3612
3611
2845 1219 2855
2614
4038 1567
3611
3590
3612
1610 6004
3612
5091 1643 4858
2600 3577
3598
3598
3612
2592 3612
3591 3591
1023 378 1217 983 1296
2391 1932 2158 3224 3394 3697
3611
3598
2560 2591 2561
2614
2593
2593
3598
1348 1348 1348
3598
3621
2614
3598
3411 3435 5826
3598
3612
3565
3622
2614
3611
1932 2274 4257
3598
2065 1655 1530
2614
3067 2491
1635 6035 6042 6035 6042
1348
2591
3622
3566 1112 5932
3598
1221 378
2594
1567 1565 3384
2892
3598
3598
3621 3569
2614
3612
3611 2592
5418 2614
3598
1216 984
1348
3612
3598 2614 3598 1348
2593
3612
3612
3612
2614
2614
5836 2064 3391 1567 2416
3598 1348 1348
2614
2155 2859 3391
3598 3565
2614 2612
378 378
3612
1216 983 1216 378
2463
2069 3427
2614
1530 603 534
3611
3611
5826
3617
3621
3598
1348 1419 1348 1348 1348 1348 1348 1655
2614
3598 3621
3598
1348
2591 3598
378 2593
3612 3598
3611
3598
5146
3565
2614
3598 3611
2614
3612
3621
1348
3598
3611
3598
603 4756 1637 1601 1413
4743 4858 5778
4045 3182 3027 4045 2455 347 3182
3565
2614
3598
3560
605 603 1530 636 532
3612
3621
3587 3587 3587
3611
3598
3611 3587
3611
3622
3611
3612
2614
3612
2860 5033 2273
3612 2082
3565
3565
4794
2593 3611
3565
3565
3611
2614
3577
2614
2603
2614
3598
3565
3598
3611
3598
2568 2571 3612
3598 3598 3598 3598
3598
2614
3612
2071 3424 3735 4753 1975 5070
3598
4766 1489 2065 5501 4576 4254
3615
3611
3581
3611
2614
1550 1466 1419 637
3611
2782
1929 1976 1820 2020 3406
1348 1348 1348
361
3565
4805 3634 4805
3612
3566 3598 3566
3073 4805 3073
2593
3598
3612
3565
2603 3617
1348
3611
3611
3366 5066 1355
3611
3617
3590 3590
3612
2068 3598 1491
2593 3598 3621 2417
3612
2593
2603
3615
3598
3565
3621
3612
1348 1348
3622
2603 1914
3598
3598
3598 378
3621
3565
3598 3598 3598 3621
1348 1348
2593 3565
2614
3611
3612
3613
2614
2614 3598
4794
3615
2614
2859 4882
5435
3612
3565
3598
3612
3616 3616
3612
3615
3598
605
3615
2614
3598
3598
3598 2593
3612 3611
361
3598 3598
2593
3611
3611
3598
3611
2301 3770
2614
2614
1348
1348
2614
378
2071
3555
3598 3598
4754 3667 5110
3565
2858 2064 4882
2614
2591
3612
2614
4095 620 5778 1562 624 629 5006 1076
3615 3613
3613
3612
3374 3369
3612
2325 2865 3691
2510 2921 3006
3612 3598
3565
2614
3612
3611
2614
3612
3611
2885
3612
2507 4882 1939 4875
3598
3612
5143 2234
3613
3591
1348 1348
3598
1348
3756
3611
3612
2614
2614
3598
2590 3611
3615 3615
3598 3612
3611
3598 3598
3612 3598
3598
3611
3621 2603
3598
1348 3974 2320 3634 1626 2314
3598
3612
2687 5826 3391 2426 2010 4884 5055 5055 5826 1469 4883 1639 2417
3611
3612
3611
2594
3612 3598
2603 3598
3598 5907 3598
3598
2916 5826 2178
3598 3335
3611
3587
2614
3598
2591
3621
3598
3598
3598
5218 2918 2905
3598 3566
3612
3611
2614 3612
3598
1478 2070 3437 3412 1492 3245 4255 1355 3436 2071
2596
2614
3621
4254 2065 5501 1586 3389
3612 3598
3598
2593
3611 3587
2593
5528 1930 1935
3614
1348 1348
5825
3587
3611
4858 4988 2865 3394 1497
3565
3598
1606 1496 1995 1606 4895
3582
3611
6048
3612
2065
4881 1576 5927 1500
3598
3612
2614
2548 2612 4968
5220 5580 5464
3612
2593 3598 3565
3611
3621 4821
2614
3598
2614 3612
2593
3598
2488
3613
3613
2763 5507 2754 2844 1552 5007 4858 6025 4759 6053
2240 4884
3611
1348 1348
1348 1348 1348
1348 1348
2593
3611
3591
3612
3611
3598
3598
2603
3598
6033 1645 637
3598
4858
2614
3612
3598 3598 3598
2614
5464 6054
2614
5040 3411 4268
3566 2614
3612
3612
3612
3621
1348
3612 2614
1348
2614 3598
3598 3611
1612 1612 2330
3612 3621 3612
3598
3612 2593
3621
1348 1348
3598 1355 2949 2020 1927 3394 1930
2593 3612
2612 2568 4253
3565 2593
3598
3613
1348
3611
3073 5418 5425 2264
1348 1348 1348
3598
3598
5427 5182 5066 2331 3274 3465
3611
3612
3611
2593
2614
3565 2614
4203 1222 1207
3611
2614
2593
3565 4743 4741
3598 1348
2614
3612
3611
5182 4793 2064
2603
3598
3598 3598
2614
3611
3611
3565
1348 1348
3611 2593
3565
4884 4878
3598
3598
3053
4742 3391 5464 6035 3171 4623 2844 341 2603 1502
3611
3611
3612 3612
1082 378 385 230 378 231 983 1219
3621
3621 3612 3598 3612 2593
3598
2232 230 5157 2481 1355 4882 2481 2320 2232 4882 230
3598
5189 3844 5007 5146 2323 2479 3849 3850
597 4747 1413 2023 1025 5932 2850 531 2863 603 5007
3612 3612 3612 3612 3612
3611
3587 3587
3612
5532 2507 2881 4988 3171 1548 2474 2918 2921
3611
3611
3565 3565
3612
2614
3565 3611
3611
3598
3611
1348 1348 1348
3068
3611 3612
3612
3622
3621
3598 3611
5813 2571
3611
2314 3612
2614
2614
2380
3565
2614 6042
3598
528 2614
2614
2614
3598
231
2156
3459 2491 3068
3598
2613 3370 1348 2612
2593
3598
3106
4778
2614 3598
3611
2763 2982 1978
3612
3565
3612
3612
2417 4875
1216 231 983 378
2614
3612
3612
3611
3611
975 916 3565
3598
3598 3598
2168
3598
3611
3611
5851 5850
3611
2614
3393 2859 2858 4873 2314 3735 2416 3391 4858 3565
1465
4794 4880 4879
6035 5186
3611
3611
3598
2593 2323
3964 2860 230
3598
3741 3621
2614
3612
1348 1348
2916 1741 230
230 4257 2859 2860
2614
2614
2593
3612 3598
4879 1497 230
2593
2071 2309
6032 3395 4132 2683 2163
5090 3566
3435 5042 5813 526 5042 526
2593
3616 3577 3611
3598
3613
2614
2594
3598 2614
3598
3621 3598
2421 230 3870 230 3870 230 3870 5418 3870 230
1227 1208 230
3598 3611
3612
230 2272 4839 2287 2277 230 2289
5143 3096 2844 3598 2193 5038
2614
3611
2595 2597
2613 3612 2612
5058 2070 3225 2391
2614 3598
2434 5143 5058 3420 3183
3589
3565
2614
1530 526 1025 605 4882
3613
2614
3612
1530
2864 5505
3612
3598 3612
2958 2957 3756
3598 2614
3598
3612
3598 3565
3565
3615
3598
3612
2969 2331 3411
2614
3612
1348 3565 1348 1348 1348 1348 1348
3612
3611
2069 3964 4879
2065 311
3598
3612
2997 230 3068 230 2978
2395 2865 3067 4890
2614
3617
3612
3598
3224
3612
2591
3598
3611 3598
2560
3598
3611
2596
3612
2330 3556 5166 2329
2614
1509
378 378 764
231 1207 378 981 231
3611
2593
2593
3611
2593
5579 5431
2596
3598
230
2590
3427 4132 4858 3427 5219 1605
5507 230 3008 4620 3008 230 3068 3876 230 5074 1940 4629 4132 230 4618 3008 3876 230 5569 4629
3613 3613
3591
3612
1639 605 402 593 437
3598
1550
3297 3283 5166 5001
3598
3598
3611
3618
3612 3598
2614
3598
3621
2614
231 1227 1210 1226
3611 3565
3611
3598
5825 2156 2271
3598
2614
1348
637 1646
2593 3598
3598
2614
1952 1488 2070 1601 3394
1208 1227 1226
2256 3524 3068
3598
2614 3598
2614 3552 2618 2594 2618 3062
230 2455 5826 4879
2593
2614
3598 3598 437 526 591
3290 2507 3291
3598 3612
3611
3565
3612 2593
3612
6032 6032
3615 2593
4268 1974 2083 2083 1974 4269 1974 2083 4268
3611
1491 1764 3068 1606 2013
3611
1348
3598
1348
3598
3598
2614
3598
3618
1348 1348 1348
3612
3612 3598
3598 3614
3598
2614
3611
3601
3612
3621
3611
4052 4052 4052 3598 3621 4988 1500 1550 3598
524 1413 4253 593
3598 3611
5126 5127
3611
2919 4795 1520 3389 4874
3612
2591
5792 3565
3612
1921 3411
3618
3598
2904
2199
2954 2139 2071
3612
2614
2416
3611
3388 3424
3565
3598
2614 1348
1585 5493 230
230 6035
3612
2614
3598 2614
2593 3612
3612
3598
2614
2025
231 984 632 378 984
3598
3598 2593
2614
5928 231 378
2593
4839
3598
1500 3617
528 534 529
3611
3598
3598
1355 2094 2919 3247 606 1469 1466 526 230 2391 2395 2859 2859 230 2395 3182 2395 1613 230 1355 230 1639 626 526
605 442
2593 2239
3612
3565
3618
1348 1348
2036 3621
2889 2918
1348
3598 3612
3598
3598
3565
5058 4743 3391 2025 4253 4988 5033
5431 3350
3598
2593 3575
3598
3612
3611
2894 4765 2903 5145
2614
2357 5143 1935
2455 2316
3612
3621
3565
3611
5539 4335
2903 3693 3653
3612
3465
2614
3611
3612
3611
1491
3621
1549 3183 2047
3601
5189 2593 2139 1355 3622 5146 4985
2076
1480
3617
5161 2916 5539
2863 3419 3487
1348
3612 2614
2094 2064 2861 2424 1216 988 378
2614
3611 3611
2594
3617 3617 3617 3565
3611
3598
605 435 1639 605 1025 1639
3353 3612
1227 1208 838 3029 1216 988 1227 1227 981 1207 1216 1207 981 1227 1296
3612
4873
2314 3391 5932 4873 1858 2139 2954 2954 2139 1858 2954 1858 2139
2614 3598
2978
3598 3587 3598
1530 1530
3598 2614
4873 4867
1543
2603 2590
5826 230
3598 2614
2614 3565
1563
5146 3067 4880
3612
1215 231
2550 2548
3565
3611
3617
2614
3621
2614
3598
3598
1348
378 2177 6032 4880 2156 3556
3612
3598
2614
3612
3598
1642
2029 534 636 1601 599 739 3106 4593 531 534 626 599 5146 2029
3598
4900
3565
3612
3612
637 3565
3598
2919 4620 2919 4633 4633 2916
3565 3598
3346
4858 4795 5000
3612
2593 3621 3598
3598 3598
1563
2614
2614 3068 4874
3598
2614
3598 2591 3613
2593 3598 3612 2327
2133 2614
5167 2927 1355 4988 2069 4630 3432
3611
3598 3612
3180 230 1932 2894 231 3388 3180 230 1932 3180 230 1932 2894 3182 230
3611
3611
3611
3611
2583 3598
5053 5053 5179
3617 3618
3589
3565
5440
3611
2591
2614
3598
1348 1348
5794 1530 1419
3612
1548 4879
3598
1509
3613
2614
3612
3612
3621 2614
2593
3598
5523 5040 3612
3612
230 4794 4900
3611
3615
3598
3598
2028 5556
3621
3615
2593 1348
386 365 622
6034
5434 3354
2593
3621
2908 6032
2603
3565
3565
3621
3611
3614 2614
2324
2567 2555
1348
2614
5071 1523 5464 2495
3612 3612
1508
3389 2317 3390
1219 974 984 983 378 916 1472 1216 1216 231 983 835 1215 1976 230 2860 1216 983 378 231 230 2859 2489
3598
3621
5005 5055
3598 3598
3611
2064
3611
3693 2865 230 5825
378
4633 3175
3598
3612
3590 3616
4618 4633 2851 1211 230 2894 3067 3008 1497 3290 1355 5886 1962
1861
3612 2592
3612
4858 1480
3068 1210 6034 1207 1962 4838 1222
230 638 721 647
2614
2321 5157 2320 230 1355 2320 5157 2321 2806 230
3598 2591
1612 1511
1355 2094 3243 3262
2614 3598
3611
1348 1348
2614
3598
2277
2614
3598
2614
3598
2603 2614 2560 3618
3870 230 230 3870 2851 3891 230 2894 3870
3855
3611
3459 2455
5960
2593
3618
5539 5055 230 1634 1419 1025 1466 4999 2894 3891
2273 3222 5814 3888 1920 2886 2330
2614
2780 230 2064 2139 1355 4545 1530 637 1419 4879 1355 3434 3180 2139 230 2780 4545 637 1530 3170 3434
2808 5007 3840
3621
2603
3598
2036
2884 5932 2020
2614
2614
3612
3612 3612
2316 5065
2323 4753 2029 3184 1607 2272 1867 1639 2323 1935 2424
3598
3598
3612 3616 3617
3615
2594
2064 3598
3565
3565
3621
3587 3598
2614
5073 3180 230 2396 1740 4890 230 2884
3612
2614
2591
2561 2560
2614 3598
230 2979 2331
3964 2614 4884
2614
3411 5007
378 378
3420
1348
2550 5813
3611
3565
3612
1348
2614
3615
2593
3888 2916 2879
2578
4785
230 2919 230 4890 3402
2593
2614
5156 5058
3611
1590 2670 6034 2065
3611
3598
3598
5221 2614 1500
3407 4795 2418 4070 5792
6032
3612
6049 2683 3452 3068 230 2357 230 2309 6053
3612
3611
1348
3598
2614
3598
3598 2593 3598
2614 6039
3598 3611
1348
2592 3621
3611
3598
4999
2028 3040 3693 4070 2859 3693 4070 3571 3612 1998
3611
3598
3614
3565
3765
2614
3565
2028 3621
2614
2614
2593 2593
1930
1646 1466
3611
6032
3598
2065 1475 5413 4633
2601
1348
3598
984 231 1226 231 231
3970 4741
3612
3612
4983 6051 4985
3598
2614 2507 2904 2156 5070
1533
3598
445 435
4052
1348
3598 3598 3598
3598
3611
1348
230 2323 2859
2613 2612 3615 2560
3612
3612 3612
3611
3565
3613
3611
977 5932 2455 3393 4873 4208
3598
3612
3612 3611
2884 3388 2863 4660 3387 3746 2859
3598 3598 3598
2316
2594
2614
3621
2071 5927
3621
3598
2595
1530
2626
2614
230 2868 2434 1623 1534 2868 2417 6032 230
1935 3389 1355 4857 5070 4545 2455
3598
3068 5056 2455 1549 230 2323 637 1419 610 1466 2331 1530 3888 1655 230 3888 1355 3068
2594
3612
1548 1576 1548
2614 3598
3612
3587
3611
2614 3611 3612
3612
3611
2868 230 2032 2330 2071 2071 230 3437 1509 5074 3883 2455 5058 3007 230 6032 3892 230 2434 2036 2908
5157 2863 230 2101 1355 5157
1348 1348
5470
3611
2593
1348 1348 1348 1348
3611
1348 1348
4787
2036 2418 6032
3612
2561 2618 1615
3598 3612
3565
3612
3565 3612
2298
1348
3616
3565
2417
2892 5146
1601
5081
3612
2593
3067 2313 3067
2593 2593
2032 3388 2863
1627 4133
4620 2884 2426
2575
1348
3621
2603 3565
3614 3614
3611
3612
2594
2289 4880 2455
3588
6039
1348
3459 5098
2859 4869 230
1348 1348 1348
1348 1348 1348 1348 1348 1348
343 1514 345 1611
3611
3612
1587
3615
3622
3565 2593
2316 5055
1348 4857 2864 2416
2222
4045
3613
1025 526 442
3386 2859 4618 3184 4988
231 1530
2482 5886
