1551 5071
2916 1992 1478
3598
4216 3388 3411
3598
5489 2036 2618 3007 3394 2325 1940 1548
3611
3598
1939
4875 2185 3634 4805 5854
2548 3355 2567 2558
2958 6032 2951 2870 3756 5831 1605 2858 1627 2951 4857 6032 1927 2957 2982 3746 2958 1575 6032 2964 3834 5831 2865 2958 1484 2510 2859 2951 2957 3756 5829 2317 5463 4988 2886 6032 2312
5825 2618 4046 5825 3621
5050
2239
1348
1348
3598 3612 2424 2918 3389
3618
3612 3611
3598
4097
3612
1741 3390 3188
3565
3611
3565
1196 330 1190 1664 1664 350 1147 350 1159 1144 1183 1192
1646
3618
3411
1207 2858 4883
3598
3612
1488
1530
3598
2593
1348
1655
3598
4364 3621 378 378 633 378 1226
3598
2593
2614
3489 1979 2036 310 5106 3465 2940 5825 1940 2025 5070 2032
3598 3612
2709 2322 2911 4070 1582
5425 2464 2528 1965 2177 5418 2464 2417 2426 2528 2464 2417 1607 1965 2464 2416 2483 1965 5418 2969 2177 2528
2618
3598
3612
4708 1974 2920 3394 1622 5932 2163 2858
1530 599 439
2550 3611
357 2884 5826 3828
3612
3598
2618
633 983 1217
3598
4835 3612
2783 3746 2765 2670
2614
3612
1498
3598
3598
3612
2618
3612
5157 1348 5456 1655
3375
3611 1348
3612
3565
3612
3598
3611
3612
1348
2618
1348
2256
3598 2618
2618
2618
3598
2591 3622
3598
3612
983
3598 5562 3067 2070 2927 2884
3621
3577 2591
2614
1348
3611
3612
5470 1567
3611
3612 2614
3615
3611
1484 2518 2139
1945 2239 1956 1952 5188
3598
5167 5025 2919 3598 3067 5548
2979 2642
3612
6032
3612
3048 3611
3611 5058 2395 5489 5027 4545 1355 2391 3888 3177 3180 2687
1348
1496
1348
5932 1607
3598
3598
3598
3598 3598
3621
3598 3612
3598
3598
3611
1634 3598
1500 5470
3621 2591
4986 1355 4858 5505 5489 2069 5071
3621
3598
3630 378 764 378 3630
3629 5058
3598
3612
2904 3849 3888
5500 4766 3615 2864 3891
3598
1348
3598 3611
3611
3598
3067
3598
3611
2916 2071
2614
4875
3612
3611
3611
4097
3565
3612 3598
2614
3598
3598 3612
3598 1348
5432
3611
3612
3598
1348
2860 2510 2535 3067
3611
1348 3565 3598 3598
2618 3565
3611
1530
1901 3612
1348 3598
3611
5923 3598
5073 2509 1945
3598
3612
3598
3611 3611
3615
2587 3598
3598 3611 3587
3612
3612
378 3693 1219
3621
3565 3598
378 1564
1577
2592 5794
3598 3615
3598 4795
3598
3382
3611
3611
5441
3598 3624 1590 5470
2248 5932 2865 3405
2598 2598
1639 2416 1639 2416
2416 2396 4545
1207 3889 1207 6035
2618
1867 2030 2561 3577 2562
5510 4448 5501 5552
1509
3612
2581 2579
2421 4890
3598
3598
1348
2614 3598
2614 3611
3611
5492 2028 1509 2028 2591 3598
1740 230 2313 3394 3176 3427 230 2313
3611
5157 5154
3598
1221 766 1226
2614 3598
3611 3587
5883 5923 1590 5923
6032 6032 1466
3611
3621 3611
2560 3612
3611
3888
3598
3611
3598 2591 3612
2593 1901
1348 3612
3598 3612
2320 2071 1355 4894 4890 5070
3615
361
3622
3612
3612
1487 5419 5068
3571 2618 3598
3598
605 1635 605 534 1127 1635 605 534 1635
3598
3612
3067 2336
3611
3590
3598
3598 1348
2859 2489 2858
531 1923 1413 1413 1466 2025 531 1413 1466
2232 2158 230 2287 2158 230 2232 2155
6004
3612
3598
3611
3598
3598
1348
524 591 532 591
3612
3598 3598 3598
3598
3693 5136 2951 4742 4742 2982
3391 4873 5826 1512 5932
3613
365 1081 387 622
3611
1348 3612 3611
2618
3598
3611
2614
3630 840 1222 378 3630
3611 2591
3612
3618
6052
3612
3565
2865 5066 3467
3618
3611 3587
