5218 2436 2920 2921 3891 1551 2978 5070
2139 2683 2802 4517 4275
4097
3598
1622
2134
3746 6032 3747 2802 6032 3067 2958 5146 6032 2951 2957 3067 2964 6032 2951 2858 2958 6032 5146 3746 2866 4806 2325 2802 5065
5050
5792
3611 3598
5065 1576 4635 2238
2180 2156
5932 3395 3423 3390
3616 2590 3612
4097
5424
3598 3598
3565
6346
1935 2071 5501 5440
3565
3565
3598
3611
2022 5825
5000 4574 2885 3384
3598
3611
3611
3598
3842 5794 2919 2921 4630 2921
3629 2483
5040
583 603 626 590 1530 442 1530
5825 2177 5146
3598
3611
2426 2037 5527 2463 1921 2463 5415 1930 1921 5439 2330
2601 3577 3577
3611
3612 3598 3565
3611
2864
3611
3765 2434 3067 3766
2591
1348
3598
4875
3839 2957 3747
2591
2923 5826
3614
5794 5792
534
3375 3371
3598
3598 2591
4250 2256
2591
2939
2965 2960 1626 3756 2964 4928 2271 2317
3565
3598
3611
2509 3692 2510
3611
3611
2555
3615
3598
3613
3611
3612
3598
3598
2029
2886 2921 2894 3391 2430
2979 1930 2325
3598
3565
3598
4890 5781 1355 2412 1512 4132
3613
3611
3565
3621 3598
3598 1348
4837 4785
2591
3565
3565
3612
361
3598
5065 3892 5784 2508 5070 5826
606
3598
2256 3598
3611
3598
3612
3612
3612 3598
647 720
3612
1226 3630
2591
1537 2453 4052 3611
3612
1348
3598 3598
3598
3621
1611 5928 345 2071
2509 3389 6048 1413
3611
1564 378
3621
4097
3579
2618
3571
5073 3405 4620 5932 2863 2865 4619 1355 4988
3598
3434 1492 3459
3067
5491 3402 2417 3394 3394
2919 1348
2507 3068 2851 1672 1643
2322 2455 4449 2559 3612
3617
3598
3612 3565 3612
3598
3565
5501
1465
2071 3467 2865 2455 3388 3412 4857 3394
2858 3692 2859
2336
2591 3612
5794 5793
2242
3611
1551 2418 5040 2107
3598
2881
3565 2326 4794
5218 3693 1348 3693 3691 2770
3622
3611
5995
5436
5790
3598
3598
3611
5994 2232
915 984 5826
1413 1989 5930 2916 5930 1413 1413 2916 5181 2916 1413 5189 5189 1413 2916
3039
3598
3598
5932 2416 2952 1355
3611
342 2693 1503
3630 609 609 3402 3629 2892 3692
3612
3598 3612
5794 2162
2982 2591 5218
1478
1501 1939 3970
3611
3612
2908
1530
3423
1348
3611
3383 3399 3467 1530
