4881
361
5426 1500
3226 5219 1622 1622 3611
3612
3565
1348 1348 1348 1348
3613
2481 2416 378 2069
6032 2963 3068 3756 2958 2955 2962 2951 2964 5927 6032 6032 5927 2322 2858 2958 2957 6032 5927
2591 4046
3611
3577 3598 3612 3598
3611
3621 3621
3611 3611
3612
1530 1639 435 605
3611
1025 605
3598
3598
1872 2548 2573
3598
3587 3611 1901 1901 3611
1413 1639 605 593 725
5055 4576 2416 2077
3616
2317 2313
2114 2115
3612
5784 3395 1355
3598
3612
2950 5058 3068
3612
3611
3612
3611
3598 1606
5146 3766 3765 5146 3029
3612
3611
3612
3615
3616 3620
3612
361
3565
3621
3612 3598
1563 1563 1563 1655
3611
4874 3629 2509 5793 2969
3589
3614
3598
3598
2591 3565
2336 2858 2644
3612
2509 4899 2510
3612
4187
3611
3598
5143 2916 3693 3403
3611
3565
3615
3029 1355
3589
1567 1576 2979 2325
1901
3598 5825
3598 3612
3612
3612
3565
2071
1497 3389
3611
3611
3565
3611
5066 1646
3613
4250
3565
3612
3614
764 378 3630 764
3611
3598
3765
3612
2591 1348
3611
3612
3413
3611
2618
3611
3611
610 3630
3612
2618 1901
3612
3565
3598
3598
1348
3612
3612 3598
1530
3390 1960 1956 1963
3598
3611
3615
2366 3570
3436 3386 5826 3067 1975 2865
3611 3611
3621 2591
3612
3614
3611
2510 6048 4624
3612
3611 3611
3612
3611
5065
4988 3394
3598
3612
1503 1503
3612 3612
3598
2579
2028 3598
3612
1478
2314
3611
3611
2966 2965 2966
3621 5533 2180
2591 3612
2773 2082
3612
3611
3598
3388 3387 2437
3598
3613
3612
3579
3612
5967
3612 3611 2591
3598
3612
3598 3598
3427 3840 2997
1901
2336
2560 2612 3590
331 2965
3612 3391 3459 5006
3577
2916
5907 3611
3621
3611
526 3630 1529 1469 609 608 3630 526
3565
1901
3612
1480
3598
2591
2455 2885 3698
3613
1639
3611
3598
3611
3612
1348
3618
603 1530
3612
