4016
4030
4016
2673
4016
2125 2908 3985
4016
4016
4030 1498
4029 4030
4016
4016
4016
4030 1498 4016
4005
2908 4007
4029
4030
4016
4029
4016
2908
4016
3978
4016
4030
4016
4016
3978
4034 4029
4016
4029
4005
4005
4016 4030
2857 2901 2908
4030 1498
4030 4016
4029
4016
4040
4016
4029
3978
1707 6822
6771 1781
2577
2908
4030
2883 4016
4029
4016
4016
4016 2908 4016 4030
4016
4030 4016
4029
3978
4029
4016
4016
4030
4030
4016
4029
4029
4016 2125
4016
2125
2908
4016
4016
4030
2908 2908 2908 4016
4016
4030
4016
4016
4016 4016
2509
2880 4029
2584
2125
4016 4029
4030
4030
4016
4030
4016 2125 4016
3427
2587 3240
4016
4016
4030
1498
3978
4016
4016 4040 4016 1748 2838
4040
2125
4030
4016
4444 4016
4030
1498
2125 4016
4030 4016
4030
4016
4030
4030
4016
4029
5696 2792
4030
4029
2902 2838 2840
4016
2908
3969
4029
4016
4030
4030 2838
2312
4016
1498
4016 4016
4029
4029
4016
4016
4030 4016
4016 4030
4029
4030 2908 4016
4030
4040
4016
5482 6527 2509 6527 6682 2509 2509 6527 3427 6527 2509 6527
4016 2125 3979 2125
4030
4016
4029
4016
4016
4016 4016 4040 4029
4029
1498
4030
2125
4029 4016 4029
4016 4016
4016
4016
4016
4016
4016
2901
2908
4016
4031
3978
4016 3978
4040
4016
3978
4016
4029
4029
4030
2125
2908 4029
4016
4030 4029
2908
1666 1666 1666 1666 1666 1716 1666 2306 1666 1666 1666
4016
4030
4016
4016
4016
4029
3978
3427 2161
4036
4029
4030
4029 2880
4030
4029
4016
4030 4016
4030
4030
4016
4029
4032
4016 4016 4016
5671
4016
4016
4016
2908 3978 4016
4029
4030 4016
4040
1498 3291 2169 5482 2160 2468
2584
4029 4016
4030
4030
4016 4040
4033
6732
4029
4016
4589 1498
4030
4016
4016 4029
4016
4030
2908
4040
4016
1498
4016 4029
4029 4016 4003
