1348 1348
3616
4858 4873 5932 2020 3389 2865 5000 4747
2591
1219 591 435
3611
2317 2866
1348
3565
756 756 378 4606 5979 4591 2077 5792
3591
2591
3598
3565
3612
3611
2997
1348 1348 1348 1348 1348 1348 1348
2679 4629 5932 3389 1605 3865 5558 5146 1989 3390 1355 3735 2416 3391
2591
3622 3598
1348 1348
3611
3598
3612
3565 3612
1530 591 529 3067 1530 603 603 1413 525
3598
2591
3611
3634 2029 1348 1348
3612
3693 2884 4976 2858 3423 3435 2068 4879
2117 2117
3611
4620 1646 1952 1952 1025 532 1646
1348
3598
3598
3587
3565
3068
1926
1975 2445 2919 3734
2626 2581
3565
5220 5219 1496
3067
1487
3618 3598
3612
2317
3611
3612
3611
2858 2163 4269
2591
5979 435 531 5979
3621 5156
3565
3611 3611
1901
3565
3565
5001 2865 1548 3423 2234
3611
3611
2927 3464 1992
1348 1348
3611
3612
3566
3611
1348
2591
3598
3612
1529 3630 1646
1901
1901 3612
3565
3591
3611
3612 3611
3611
5794 3416 2430
1348 1348 3637 3637
3612
3612
3591
4545 2674 4608 2437
3068 2272
3612
3598
3621
3612
2618
3611
3598
2591
3611
3611
2591 2591
3388 3387 5932 2331 2071 3394
2474
3612
3565
3611
3598
3612
2618
3612
1530 442 739
3114
3565
3734 1548 3389 5932
3611
2424 3427
3611
1901
2158
3565
3612
2555
3611
3611
3612
2562 2593
3565
3612
378 720
3598 3612
3598
3598 3598
1348 1348
3391 2894 2426 2455 3067
3598 3621
3591
3128 1108
2849 4500
3611
1348
3612
3598
3611
3612
3612
3413 3406 2438 5070 1930
3612
3612
3612
2325 4045 2325 378
3565 3598 3598 3598 3617
5063 3612
1348 1348 1348 1348 1348 1348
3598
3611
2549
3598 3598 3598 3598 3598
5793
2591
3611
3611
3611
2083 2426 5816 2084 2038
4593 3634 4591
2489
3611 3598
3614
2325 2919 1355 3464
2591
3598 3611 3598
3598
3617
3598
3698 3417
5007
3840 5826 2068
2071 1491 3395 4794 3387 1645
3611
3598 3598
3598
3598
2865 2863
3611 3587
1901
2028 2083 4252 3029 5111 3910 2357 2156 2234 2802 3945 2510 3964 6035 1355
3612
3565 3565
4633 3391 3459 2434
3611
2317 2863
4389 1606 1578 2436 3970
3598
3598 3598 3611
3611
3598 3598 3598 3598 3598 3598 3598 3598 3598 3598
3612
3598
3598
4629 2488 3413 4269
3612
3598
3615
3611 3611
3613
3613
1952 2859 2858 2426
1348
3611
3565
3886
1901
3621
5816
3611 3616
3612
3621
3565
3612
2417 3398 2865 2437
3612
3067
1348 1348
3598
3611
3612
2611 4570
1901
5985
3565
3613 3598
3612
3692 3395 3693 3419 5825 4577
3587
3617 3617
3611
2868 3765 2020 2860 3892 4619 1355 3096
1530 1530 6049 1741 3617 1646 1530 4785 3076 1530 2071 1646
3565
3612
3598
1637 606 526 1025 1530
3598
3612
3611
3611
1646 1646
3612
3388 2865 2863 2020 1355
2591
2885 2919 2916
3565
2568 1872 2567
4593 3420 2064 2416 1355 4593 2916 2591 2064
3598
1548 5219 3687 5028
3612
3611
4633
3612
3612 3612 3612 3612 3612
3565 2591
2455 5143
1956 5826 4754 1923 4600 1585 1355 3413 5001 2070 1497 2894
3615
3611
3598 3598 3598 3598 3598
3402 2071 4901
3437 3892 2886
3611
2591
2593
2865
2850 2071
3591
3390 2455 4875
2416 2885 3068 4268 2603 2325 4986 3411 4619 4268 4976
3614
3612
3611
3611
3611
1549 2859 2437 3437 2954
3598
610 1532
3598 2591
2599
3611 3598
3565
3611
3598
3587
4269 2426 2858
3611
3565 2591 3621
2064
361
3618
3587 3617
3612
3612
2068 2863
1348
1466 1530
3611
3612
3613
3598
3612
3598
3611
2593
3591 3591
3067 378
2020
361
3611
3612
3634 3916
5995 5994 2310 5051
3598
3566 2455
3612
3612
1355 4988 3765 4882 2070
3565
4858 5186 3418
3612
3612
2561
3617
3598
1348
3598 2603
3598
4890
3171
2591
5040 3598 6034
1348 1348 1348
3612
3577
3564
3612
3611
3888 2069
3612
3612
3565 3591 3591
3621
3068
2679 3171 3171 2427
2020 2919 3394 2070 3427 2918 5070 5505 3067
3611
3621
5530 3067 1601
3598
3612
2591
3613
3612
3598 3598
4874 1930
3598
3611
5489 2424 3067 3693
2591 1872 2550
1926
3611
3565
3612 1901
3612
3388 3224 2904 2437 4890 2071 3391 5223
3611
1530 2178 534 1413 2591
3612
3598
3598 1901
3565 3105 3693
3612
2591
3612 3598
3611 1901
4858
2562 2560 2561
4254
1207
3598 3612
378 633 766
3611
2591
3746 2855
3598
3612
3612
3590
2904 2445 5826 2438 4985 3391
3565
3611
1646 1634
4097
3621
2476 1939 2691
3029
2916
3386
3611
1901 3612
3611
5792
3598 1348 3598
915 1348
1484 1575
2919 2916
3598
3598
3598
1530 1639
3598
3565
3587 5979
3561
3598
3598
3612
1901
3590
3611 2618
3612
3612 2796
5070
1548
1921
2596
3611
3598 3612
3598
3611
3591
1901
3598
2568 3621
3612 3598 3611
3598 3598 3598
3587 3612
2591 3612
3565
2590 3571
3565 3598
3612
3611
3611
3598 3612
5409 5218 4901
3598
3598
3611
3612
3615 4783
3565
3612
3611
3612
3598
3611
3622 2548 2550 2570
3598 3067
3411 3459 2418 3402
3618
2156 4874 3543
3615
3565
3611
5555 2464 2064 5829
3612 2591 1901
1901
3611
2859 1551
3612
3612
3612
1930 3629 2036 2034 3630 1296 1329 3630 1530 1530 610 365 622 386 378 3630 378 3630
1503 2583 2591 4998 1551 2336 1503 2361 342 3387 5973 5826 1355 2034 3068 1503 6032 3698 1503 3222 4988 2864 2029 342 4056
2591
3565
2344 3394
3598 3598
3598
3621
3611
3565
3598 3611
2591
3598
3612 3612
3611
3590
3598 3589
3565
3598
5426
3611
2591
3621
3611
3564
2325 3892 2154 1491 3394 4070 2020 3384 2070
3611
3611
3598
3612
1296 983 378 840 984
4269 1548 2436
3565
1550
2782
3613
3612
3598
3611 3611
3611
2591
1530 5825 3068
1348 1348 1348 1348 1348 3634 3598
524
3612
3598 4099 4102
3598
3610 1500
2455 2925 2426 2426 2927 2071 1872 3427 3177 4269 2859 2863
3618
3612
3565
1646
3565
3612
3598
3598
3611 3598
3598
3617
3612
2591
1348
3565
3612 3598
1901 2438 2859 2313
3616 3617
3598
3598 3611
3598 3612
3611
2244
3612
2591
3598
3565
2865 3693 3406
3589
3612
3565
3611
3565
3612
3598 2591
5995 5051 3370 5791 2314
3612
3611
3612
2156 3891 5218
6019
1535 4875
3612
3612 3598
3598
3612
3611
2325 2518 1956 2892 1952
3622
3612
3611 3598
2591
1216 916 1217
3598 3612
3598 3598 3612
3612
3611
3598
3612
3598 5578
3613
3621
3612 3598 3598 2591 3598 1901
3598 3394 5218 5826 2316
3158 3611
3575
3616
3612
3612
3598
5424 3693 3698
3587 3611 3611
5426 5418
3598
5530 5166 1520
3611
2020 5529 5530 2070
3611
3424 4070 1496 3420 2344 2071 3842
1348 3598
3612 3612
3611 3611
435 1413
3598
3565
2591 3565
3611
2591 3611
3622
3612
3611
3598 3634
3613 3598
3565
3598 3565 3598 3634
2114 2115 2114 2114
3697 3399 2325
3611
2234 3888 2780 2670 2071
5038 4890 4883 4893 2314
3393 5218 2997 3734 2416 3629 2325 4754 3629 2325 5836 3656 5070 4754 3629 4754 3629
2892 2071
3611
3612
2314
4622 3693
4988 2344 3395 1355 5143
3612
3612
3598
3617 3612
5146 1216
3621
2071 5994
3565 3611
3612
3612
3612
3611
5792
2618
1901 3598 1901
3598
3589
2591
3611
2851 3629 2314
3565
3611
3598 3634
3565
5042
4576
1348
3613
5157 2434 3412 1930 2287 2020 2320 1355
3591
3611
1901
1348
3598 3612
3634
2720
3612
3611
3612
3598
3598
2591 3565 2866
3590 2593 3598
3611
3891
2884 3398 2885 2950 5927
3611
3598
3611 3598
3612
3622
3598 3612
3612
3598
6034 2330
3612
2578
3598 3612
2071
3970 3536
3612
3598
3565 2591
3621
2591
5521 5826 5836 5556 1355 4901
3565
3565
3598
5994 3598 1348 5979 5994 2863 5794 5979
3598
3598
3598
3611 3611 3598
2193 5790
5001 4795 1496 4278
3612
2591
3565
2396 2954
3614
3565
3612
3612
3565
2850 5166 2854 2232 2316 3598
3612 3598
3494
3611
3598
3735 2314 5932 3404
3612
3611 2591
5219 1474 6034 2314
3565 3598 3611
3598
3630 647 725
5223
3612
3611
3598
2591
1901
3105 3629 5927 3067
3611
3587 3611
3598
2806 4859
3613
5994 2773
3612 3565
1348 1348
2064
5794 3424 5985 4890 2863 5979
2325 2316
2314 1963
3598 3598 2618 3565 1901
1975 4858 2023 3842 4268 2920 2326 2064 2921 2156
2455 3882
3598
5220 5220
1901
3612
3637 1348
3612
2560
3615
3074 3629 1963 2892 3629 5994
3612
1550 2416 5146 6033
3556 2591
5470 5932 2417 5146 1524 2329 2329
3612 2568 2553 2611 2567
2591 2560 4192 2562 2561
3612
3598 2076
2551 3598
378 3630
3612
3565
5880 5070 3068 2313
3598
3612
3622
3612
1901 1901
1348
5218 3391 2509 1551 3395 3388 3394
3616 3613
3611
3565
3611
3611
2567 2557 2558
1348
1348 1348
3598
2591 3621
3097 3629 3096
3611
1646 525 626
2591 3565
3611
1529 739
3612
4278 2955 4275 3393
5156 6032 1567 3224
5072 2864
361
4522 983
4793 2329
5219
3611
5792
3612
3611
3598
2325 2234 2193 2489
2618 3598 3611 3611
3565
3611
4443
3612
5219 3419 5024 3394 6034 4873 5024 5826 6032 3395
5146 2591 2957 5157 3634
3611
2489 1355 2034 2438 3598 3598 2325 2916
3598
3587 3612
3615
5504
3565 3612
4386 1530 1466
3613
2920 2865
3097 3746 3840
3543
3612
4275 2512 2508 4278
3612
1509 2028 5482 5482 5526 5167 3883 2064 2163
1348
1348 1348 1348 1348 1348 1348 1348 3746 3634
3612
3611
2593 5831
3591
3618
2982 6035 1590
3621 3598
2983
3612
3598
5776 1930
2591 3621 3621
1348 6157 1995
1348
2025 1217 6025 2434
3611 3611
3613
3612
1413 3189 5000 2864 1549
1901
2591 3565
1348
3598
3598
3565
2923 2884 5167
2548
3612
3611
3611 3587
1639 1469 2455
3612
2894 3891 2316 3891 4635 2082
3611
1466 4985 1646
2618 3589
3598
3598
3403 2077 3735 2077 2809 5157 2077 5792
4766
2071 4052 5793 2612 3612 3598
3611
3612
3611
3621
1348
3598
1210 4983 3176 5191 1207 1219
3611
3598 3611
1901
3612 3565
3611
2591
5794 3394 3565
3892 3629 5793 5794
3611
3613
3612 4901
3096 2071 2868 1210 2070
3611
3621 2550 3621 3621
2571 2570 2549 2314 2550
3613
2865
3611
2076 3393
3598
3612 1901
3598 3598
3494
3402 3402 4890 4999 2416 3068
2886 4901
3612
3621 3612 3621 3612 3621
3611
3611 2590
3611
3611
2603
3611 3611
3612
3611
3615
3591
3612
3612
3598
2548 2550
5501 3598 6032 3598 3598
2950 5825 4269 3394 3173 1222 4268
3611 3565
3565
2591 3611 3598
3612
3613
3611
3587
3611
3611
2618 3598
3590
2921 4269 2068 5776 4794 2325 2512 3886
3612
1657 3565 1646 5405 1656 1647 3577
1348
2359
1348
378 1218 916
3618
3611
3611
3611
4875
5801
1227
3612
3612
3565
3565
3598
3612
2418 2885 6035 2076 2883 4070
3616
3598
2591
2591
3612 2591
3598
3612
3598 5080 3598
1500 1496 2358
3615
3612
2083 2507
3611
2560 5146
3622 2593
3565 3612
3566
3612
3565
1550
3612
2612 2668 2870 5801 2858 3355 2569 1867 5157 2556 2562 5911
1348 3402 4269 2884 2020
983
5804 3611
4132 3068
3612
1901 3566
2322 5157 5157 2322
3612
3598
2591
3571
1348 1348 1348 1348 1348 1348 1348
2618
2885 2858 2548
3565
5979
3611
3565
3613 3598 3598
3611
3611
2591
1901
3611
4795 6037
1542
3598
5505
3629 2979
3612
3598
3598 3598 3577
3611
3612
3612
3598
3565
2591
3611
5033
2618 3551
3611
6051 4873
3612
3612
1348 3566
3598 3612
838 378 838
2618 3612
6121
3384
6035
3611
3598
3129
3612
5932 3734 3629 2314 3398 5218 3629 5932 3391 3734
3587
1901
3611
3612
1543 4985 3629 2070
3611
3629 4890 1921
3612
2618 3612 2548
2070 3892
1227 3630
4110 2046 5070 5519 1613
1355 3629 3629 5070 1355
2591
3598
3613
1348
1639 2858 3172 3172
3611 3611 3611
3394 5143 3395
1901
526
3598
1348
3611
3611
1348 1348
3565
3611
3612
3611
3612
3612
2391
3629 3402 1530 3629 1532 3630
4875
2325 2325 3629 3629 2325
838
3598 3598 2495 2032 3598
1207 378
2455
3615
3612
3394 2927 2455 1355 3629
3611
2979 5033
3598 3612
2916 1613 2744 2854 2920 2850 3383 4255 3428
3598
2591
3612
3612
5994
2274 5482 3629
2864 2695 5044
3589
2591
5220 3067 1355 5521 2864 5932 3105
3612
3629 2651 1932 3891 2979 2047 5218 3629 2979 2047 1621 3629 3629 4635 3891 3629 3891 3891 1932 2651 3891 2650 3629 2766 2979 5506 3629 3883 3883 3629 5218 5506 3891 3891 3629 3883 3793 3883
3618
3611
3629 3390 3068
378 3630 5793 3629 4132 2691
2954
3612
3556
3611
3612
1585
3598
3565
5831 3068
2591
2593 3615 2561 5814
2590
3598
3611
5056 3371 3390 3388 2904 4591 2316
2317 5979 3629 1939
3612
3621
3459 525 3436
1629
1348 1348 1348
2271 3629 4045 5057 3404 3629 3436 2416 5057 2270
2064
3591 3565
2568
1348 3008 3007 1348
3170 3067
3612 1901
3612
3611
4890 2696 4873 2418 2422 3067 3766 1943
1348
1587 6032
3598 3598
5826
3598
4045 2071
5552 2090 3188 5826 5001 2803 5001 3189 725 3413 2090 2289
3611
1216
3612
378 984
3598
1489 2591
2077
3612
3598
3611 3598
3067
3622
3612
3611 3587
2603
3698 4214
3611
3611
3612
3418 2314 2025 5995
3617
3598 3598
1553
2982 5431 2550 5058 2548
6032
3598
3565
3611 3611
3612
3612
3598 3621
3598
5883
3598 3598
3598 3612
3630 378 988 3630 378 988 984 984 3630 988 378 739 610 634 739 610 3630 1530 1530 634 378 3630 988 378 3630 1222 988 1496 3629
3611
3598 3598
3612
3598
3618
3616 3620 3611 3565
1348
3565
3611
3565 2618
2591 3565
2858 3390 2177
2587
4268 3842 6034 2855 5501 3697
5143 3629 5071 3630 1227 3629 4857 5071
3598
5510 2994 5028 1932
3565 3565
3173 4985 4988
3616 3611 3620
3565 2591
3611
1348
1348
3612 5038
3598
3598
3612
3565
3891 3891
3565
3611
2552
3629 3402 3693
3591
5776 2222 3598 2155 5776 3885 5776 2222
1646
2256 3737 2256 2187 3737 2256 2578 2256 3068
3612
3598
3611
3612
1901 2591 3552 3571 2628 3574 3567
2455 5482 3629 5534 3629 5531 1932 3629 5826
4890 3629 2865
3598
3615
5529
3615
3598
3621
722 722 726 3612
1901 1901
5806
3629 1939
3611 3612
3611
3611
1348 1348 3598
3613
1576 3068 3629 3854 3629 2070 3629 2908 2474 2071 5055 3629 3870
3612
6032 6032 6032 6032 6032 6032 6032 6032 6032 6032 6032 6032
1639 1639 1637 4858
1872
3591
3598 3598 3598 3598 3598 3598 3598 3598 3598
3598 2591 3612 3622
3611
3611
3611
3611
3565 3611 1901
3611
5071 4255
3598
3598
5791
2894 3870
3629 5146 5146 3629 3629 5220 5146 3629 6032 5146 2068
1348 1348 526
2591
3618
6031 3629 1586 3629 1484 1585
1348 1348
3612
2591 3612
2593
5179
3612
5051 2902
2964 3883 5218 2955 3892
1348
1496
4100 4097 2351
1595 4988 2325 4638 2325 4638 3872 4988 1595
6247
1348
3613
2581
3565 3565
3612 2591
2593
3611
1902
3612
1646 5825 2916
5825 5000 2892 2965
5432
2601
3612
3612
5056
3598
1355 2071 3393 5065 3097 5218
3611
3611
3579
2418 2860 2344 4269 2326 5001 4988 1965 3401
3411 2029
2591 3612
2591
3598
5829 5001 2416 1543
720 647
3612
3617
1563
3611
4926
3621
3611
3612
6034 3970 2860 3688 1551
1637 591
3612
3611
3612
310
3611
3420 2020 2884
5167 1496
1348
2591
3388 4766 3693 2864 2744 2162 2482 1355 3393 2650 3390 2865 4622 3693 3393
2618
3611
2591 4070 4545 1964 1355 5146 2434
2568 2612 3612
3598 5836 4869 2025 2329 2071 3067 1567
5928 3395 2071 3629
3598
5466 3068 5979 5220 1548 3442
3612
3612
3618
5792
3611
3621
3611
2850 4070 2858
3611
3612
2434 3629 3891 6032
3629 3067 2064 2270 3629 3629 5527 1615 2047 5070 1607
3611
3611 3611
3629 1508 5523 5826 3394
3615
2593
1901
2591
3388 4619 2865 4620 2391 2916 5157 5070 1355
3612
3612 2591
3612 3598
5826 2864 2868 2951
1025 1530 435
1348
3565 1901
2025 4743 4754 3842 1355 5038 5005
3565
1348 1348 1348
2578
3611
599 3630 610
3598
2591 3598 3598 3598
3598 2550 2556 2547
5966 5886 2163
5051 2357 2952 2802 2139
2344 2020 3411 4988 3394 2865 4858 2891
6035
3621
2591 3565
5431 3598
3611
3598
3598 3598 3598
4391
3612
3621
1216 2082 3629
1922 1355 2476 2824 2823 2064 2827 2981
3611
3565
3598
3612
3598 3598 3598 3612 3598
5932 2416 3394 2809 3698 2892 1491
3565 3565 3565 3565 3565 3565 3565 3565 3565 3565 3565 3565 3565 3565 3565 3565 3591
2591
3598
3612 3612
4976 3105 3107 1348 3386 2316 3389 2232 1531 2344 3882
2426 2426
3598
526 1469 591
2591 1901
3612
3611
3611
2325 2892 5081 2916 3840 2865 2528
3541 3612
2865 3394 3171 1549 3393 3487 3840
3613 3620 3616
3565 2591
3330 4046
3612
3611
3617 3565 3617 3565 3617
1901
1639 605 1025 2850
3612
3598 3634
3612
3612
2076
3565
2983 2325
2028 3598
2155 2232 2230
3565
2591
3611
3612
3565
3611 3587
3598
1348 1348 1348 1348
1901 5426 5814
3598
1482 5431
3612
3630 1207 633
3598 3611
1964 3464 3068
3565
3612
2561
3629 6034 3106 2892 2083
3598
3611
3566
3598
3587
2618
3590
1962 3370 1348 1606 4766
3612
3598
5826 3393 3067 3629
4858
3612
3598
2994 4574 2029
3611
3068 1222
1639
3612
3612
3612
2068 2865 1534
3611
3614
3611
3620
2591
3612
3611 3598 3611
1872 3355 2611 5806 3611 2568
3565
3611
3598
3611
3611
3598
1901
3611
1496
3611
1646 1643 1469 1413 1469
2507 1925 4870 2802 2357 1563 3598 1518 4197
3598
2596 3553 2591
2823
2591
3612
3621
3598
2591 2596
3621
3598
4619 4985
3611
5994 5978 3886
3598
2070 3419
3622
3611
3612
3612
3598
3611
2591
3612
3612 3611
3616 3611
2591 4447
3621
1901
2591
3612
2593
1502 1502 1502 1550 1502 2849 2851
3621
2325 4580 5040 1940 1355
1995 5979 2025
3565
3565
5191
3617 3617 3587 3617 3617 3617
2182 3067
3565
3611
3611
2982 5139 4152 2982 1611
3611
3598 2548 3612
3630 1208 1222 989
2850 5826 2064 2854
4635
5531 2331 3629 3188
5985 2510 2082 5932 3389 3390
1348 1348
3611
3598
3612
3612
2850 5555
2591 4883 3417 1548
2591
3565
3611
1520 5776
2925
3611
3611
3598
3611
3598
2329
2298
378 3630
2514
3565
3612
3598 3621
3598
3612
2597
3612
3611
6034 2071
3598
3598
5816 3621 5531
3567
3534 2029 3637 1348
3612
3612
3068
3612
3617 3598
3611
6025
3591
3611
3565
1901
2028 2580 2585
1348 1348
6034 2920
3598
3614
3615
3735 3734 2860 3629 3630 983 1219 378 2860 3629 1974 3630 1222 983 1216 3735 3734 3629 2860 3735 3629 2860 3734 1296 3630 1296 378 983 3629 2860 1992 3630 1219 983 378 1216 3630 378 983 3630 1296 983 378 3630 983 3735 2860 3629 1992
3598
1767 3629 5166 5501 5038 3629 5501 6033 3629 3629 1767 5070 1767 3629 2859
3598
3612 3611
3394 4620 2020 1218 3876 5932 4622 2518 5025 4619 1767 3068 633 916 1952 5008
2982 3598
982 1219
3390 3393
3630 1530 610 3630 610 3630
5166
3157 6034
2596
378 357 6033
3612
2591
4635
3565 2591
3612 3598
3611
2966 1091
3565
3621
3611 3587
3598
3611
1901
3612
3621
1652 3630 1637 1025 1530 626 1652 3630 1530 3630 1207 378 1216 1207 1216 3630 1207 1216 3630 378 632
4794 2892 4858 3189 4876 5191 2927 1920 3394
4791
2591
3598
1550 3629
5883
3629 6032 1935 4976 1355 2071
3741
3616 3590
3403 5024 2455 3629 3427 5073 3629
2591
1901
3598
3612
2983 3598
2603
3565
2969
3589
3612
3326
5825
2618 3598
3598
3611
3629 2426 3629 2426 2455
3598
3622
3566
1222 1207
3612
1978 5051 3621 1921
2598
3621
5501 3629 3885 3629 2034 2034 3629 3629 2439 1932 2495 3067 2344 3629
3612
3611 3598
3629 4629 5826 1355 2416 4873 2455 3389 3629
2954
2417
3598 3612
5098 5143 4278 2163 3698
3636
2591
3617
3611
4858 2161
3611 3611
3565
1940
2416 2329
3616 3612 3617
3615
3612
3611
3598
1901
5143
2611
3598 1509
3621
3622
3591 3591 3591
3612 3617 3616
3611 3612
1348 1348
1586 4252 3629 2071
1348
3612
1901
3618
345 1611
3598
3598
3621
3614
3614
2317 3565
3068 5896
5098 5778 1509 3629
1348 1348 1348 1348
3611
3621
3598
3612
3359
3611 3616
3611
3029 4622
3598
3612
1952 2859 6033 1538 5419
3612
5146 3459
3612
3611
3598
3611
3565
1646 3630
3565 1348
2916 3074 3629 3629 2309 3629 6053
3611 3616 3611 2591
3891 2071
3611 3616
3611 3587
1348 1348
3612
3394 2904 2344 3390
3598
3611
1646 1530 2684 4858 3068
3587 3611 3598 3598
3611 3554
3621
3565
2593 3621
3612
3621 3598 3598 3598 3598
3565
3598
3611
3598
2344 5932 2859 5160 2894
3611
3598
3598
2954
3611
2171 1498
3611
3068
3611
1222
3614 3612
3598
1637 603
3621
3630 1296
3612
1646 532 1413
3629 5058 4872 3629 4872 5778
2126 6035
3612
2070 3629 5058 2864
3613
3999 3508 4487
3612 3598 2455 3612
2029 2022 3067 5051
2591
4881
1348
3565
1348 5157 2322
364 1081 624 3630
3612
3598 1348
2859 3735 6035 3629
3612
3611 3598
3170 3629 2025 3171 2025 3170 3629 2032 3629 5070
1615 1492 1497 3629 5482
3611
3565 3565
3612
3611
3611
3598 2591
3612
3612
3598
3621
4268 3437 3435 4269 5999 6035
2064 3629 4635 4988 1551 3395 5790
1348 3637
1496
5985
3611
2591 3598
3598
3387 2455 3388 3693 4857
3611
3068
1500
3612 3565
5157 2436
3611
3598
3565
2557
3612
3611
6035 2232
3598
3612
2591
4756 4883 5157
3612 2593
3598
2591
1901
3629 3189 3176 2020 3386
3598 3565
3612
3598
2854 2071 2864
1534
3611
2591
2561 2613 2571
5431 1862
3611
2155
3598
2434 3412
4881
3598
3591
2036 4442 2331 4442 6032 4876
3598 3598 2581
3621
2070 3390 2330 2854 3598
3612 3612
3565
840
3565 4046 2550
1348
3565
4846 5987
3697 2892
3611
534 636 609
5510
3591
3612
3621 3565
1348 3598 1348 1348 3634 4662 5979 1348
3598 2591 3598 3598 1901
4863 2272
3611 2591
2571 2590 3611
3598
1348 1348
3611 4097
739
3620
3621 2591
3629 4747 2395 528 1413 3630 532 1652
5466 4794
3598 3612
3612
2591 3598 3567 3598
3621
3565
3598
5476
3068
3612
3630 378 3629 1927 378 3630
3630 6049 3629 2325 2325 2885
3964 2417 3629 3629 1551 2417 2863
3598
3598
3394 2430 2859 2885 3395
1348
2256
3565 3565
3389 3735 5826 2416
3598
3598 3598
5181 2904
1923 3390 6032 3698
3598
2560
1901 3612 3598
636 2510 2509 1634 2509
3565
3612
5927
1348 1348
3497
3612
1413 739 3598 1027 1530
2314 3224
1548
3598 3634
3565 3611
3611 3611
3612 3611
3598 3611
3224 3629 1355 2919 2036
1348 1348
1348 1348 1348 1348
3611
1500
3612 5464
3611
1901 3598 3615
3620
3598
1606
3611
1960 5899 2158
3565
5994
1403
1348
3598
2978
3618
3611
3571
3612
6034
5464 6042
3598
1585 4522 4976 1511 1355 1550 3172 3008
1487 1570 1940
5146
5040 6033 5157
3565
2593 4858
5544 3629 2756 2851 3629 2756 605 1529 3630 526 3629 5157 2756 3629 2851 1962 2851 3629 2756 3629 5157 3629 1939 1478 3629 3469
1222 1222
3621 2591
1348
1511 5501 6035
1348 1348 1348 3598 1348
3616 3589
3068 5790
3611
3622
3565
3612
3613
1491
3611
3629 3964 3469 5033 3424 3629 5033 3402 3629 3424 5033 3424 3629 5033 5033 3390 3629 3424 5033 3629 3424 3629 5033
3598
1901
2979 4880 4882 4882 5146 4880
3612
