4029
3978 3978 3978 3978
4030
4030
2904 4029
4030
3978
2904
4029
2908 4030
4029
3978
4029
2904
2904
4032
2908 2891
4040
4030
2908
5449 4030
2125
2881 6099
2904 2908
3978 4029 4005
4040
4040
3978
4029
4029
4032
4029
4036
4030
3978
4040
2869
3978 3978
4029
2881
4030
4005 4016
4030
4016
3426
4029
4029
3737
4029 4016 4029
4029
4029
4029
4030
4041
4029
4029
4029 4016
4033
2904
4029 4003
4003 4029
2904 4029
2736
3978 4029
3411
2736 5671 3427
4007
4029
4030 5673
2908
2125 6820 2315
4032
4036
4040 3978
4036
