1498
1498
4029
3978
3978
2893
4029
1498 1498
2911
1498
4016
1498 1498
4040
6801 3292 3298 3197 3189 3299 3299 3327 4191 3298 6801 3195 3296 3195 2156 2571 6801 2694 2586 6153 2156 6801 5798 6565 2571 3298 6801 3195 6565 3327 3299 3197 2571 3292 3189
3978
4029
1498 1498 1498 1498 1498 1498 1498 3978 1498 1498 1498
3978 4016
1498 4016
2312
3978
2884 3978 2904
4029
4919 4016
4118 3292 2984
2904 4016
1498 1498 3978 1498 1498
4016
2904 1752 4016
4005
4029
4030
4030
4040
4030
2904
4029
2883
1716 588 1810 1716
1498 1498 1498 1498 1498 2839 4053 6113 1498 1498
3978 4029
1498
6726
4035 4035
4030
4016
1498 1700 4016 4053 6149 1498
2696
4030
2904
4029 4003
4029
3299
4029
1498 1498
3197 2944 2312 2173 3548
2992
4030
4016 2893
4029
2883
4030
2883
4007 2884 4016
2126
1642
4016
2882 4030
2231
2125 2884
3978
2312
2883
4016
3974
1812
3301 2904 3299 4016
4003 4029
2904 4016
6179 5708 596
1498
1770 5404
6632
1805 1572
3978 1498
4031
5518
2125
4030
4029
3978 3978 3978
1498 1498 1498
4029
4029
4016
3978
4029
2883
3971 2904
4003
1673
2125 2883 4030
4016 2312
2883
2695 5478 3208
1498
1498
1275 389 1695 368
1498 1498 1498 1498
4030
596
4029
4029
588 692
4016
3978
3323 5478 4016 3195 2904
2313
4029
6248
4016
2472 2313 2402
1498
4029
4016
4030
3978
4016 1498 4029
4029
3978 1498 1498 1498
4016
2911
1498 1498
4016 4016
4029
1498
4029 2904
2883
2312
4016
702 671 4040 490 490
4030
4016
4029 4029
4016 3978
3978
2883
1498 2904
4016
4016
2883 4035
2532 2531
1498 1498
2847 4031
4016 6193 2219
6138 6248
1498
1695 1695 1729
5495
4016 2883
5713 6632 5671
2904 4016
5477
4016
4040 2883
2904
1498 1498
6803
2313
4016
3195 2575
4040
4031
3195
675 1812 1572
1498
4016
4016
4029
3242 3240
5879
6147 2154 1815 1815 1815 1815 6147 5495 2154 6147 5495 6147 5491 5403 6230 2231
1812
4029 4030 2313
6193 4386 3978
4029
2885
4036
4030
5404 2904 1669 1664
4029
4030
2269 6114 3978
4030
6500
2904 2313
1579 703 2716 4016 2904 5810 2125 4016
2904 6218 6199
4030 4016
4016
2158 1572
596
3227 2193 4016 2718 4334 2704 5490 3340
3381 4191
3969
1498
4003
3189 3189 6199 3131 3189 3748
4029
4016
3408 4030
2904
4016 2126
2904 6500
1666
4029
6153 831 1758
2883
4030
3299
1498 6248 1498 1498
1695
3978
2904
1498
4030 1812 389
1498 2313 2577 1498 1498
4029
1498 1498 1498 1498
3735
4029
2904 4016
4030 3978
4016 1498
6802 6199 6803 5878 6687 3215 6804 1675 3195 5695 5879 6199 6801 5714 1717 6804
1638
3968
