1498 1498
1812 5491
2871
3782 2168 6104
3038
1498 1498
3299 3298
1498 1498 1498 1498 1498
1498 1498
4029
4016 2772
1498 1498 1498 1498 1498
3974
2883
4163 3254 2694 1936 2312 2189
1498 1498 1498 1498 1498
4030
5205 1819 2181
1498 1498 594
4030
4029
1818 1695 1579 1498
4030
4029
1498 1498
2312 4029
4029
3978 3978 1498 381 1498 2736 1667 1498 1498 1498
4030
3219 2174
5167 2883
4029
2882
1498 1498
2883
2313 2248 2790
1498
1810
4030
2403 2450 2312 2447 1742
4030
5499 2707 3932 6817 2306
2883
2904
4029
2125 4030 2125
4029
3991
4030
2883 3969 4016
6558 1782 384 5823 1770 6559
1133
1498 703 1626 1498 4053 1498 1498 1498
1819 1626 2527
3190 2194 1507 5619 5218
2171 4202 4338 2590 1626 2568 1579 3867 3553 1579 4338 2608 488 2589
1714 3859 2771 3644 5500 1507
2904
4016
1089
2125
4016
4030
5640 2595 3190 5493
1498 1498 1498
4030
3978
6768
2884
2883 2125
1498 1498 1498 1498 1498
4029
4040
1498 1498 1498 1498
6199 3227 5390 3218 4772
2884
3982 3979 1770 1769 5388 1769
5798 3807 5218 3851
4030
5794 3651
2883
3266 5713 3254
3867 6559
4016
4030
1498 1498 1812 1498 1579
4016
4016 703 1695
2883
1626 588 692 669 5708
4490 4016
4003 4003 4003 4003
4029
6801 1672
4030
4030
4029
4040
4030
2736 2993 6223
4029
4029
1498 1498 1498
3978 1498
4557 2718 4790 6558
1705 1705
3978
493 1812 1810 493
2883 4016
4030
4003
3338 6687 3782
4005
4005 2883
2155 2883
3784
3978
4031
5503 5504 4016
4030
4029
591 2904 671 1807 1807 3254 2275
3978
4202 1935 5348 3181 1733 3181 1935 6153 2989
4029
1498
4029
1729 6138 5810 5713
1664 5820
4029
2871 2857 2870
1498
1498
6113 5622
3785 1717 3229 4118 3185 593 594 3258 5478 4118 3227 3254 3180 2313
4029
4030
586 6804 2883 5676
1694 1812 1133 671 1572 1694 1812 671 1133 1694 671
4116 2713
4030
2851 4030 2883 2859 2850
1498 1498
2306 2306
4557 2718 3189
5678 1695 4558 5695 3785
4032
4033
2126 2883
3978 1498 1498 1498
5736
1498 1498 1498 1498 1498
1667 381 3427 1498 1498 1498
1498 1498 1498
3426 3797 3978 3991
4030
3840 6138 5478
5713 3978 2883 5690 3532
4525 5709 2702
594 4016
2159 588 1742 2325 3290 2306
1819
2313
1498 1498 1498 1498 1498 1498 1812
2883
4337 3556 5207 5125 2384 6263 2306 4163 6251 5125 5698 4164 2663 5503 3548 2384
1664 3215
1819 703
1498
4029
4016 1498 1498 1498
6114
1498
2884
2883 2884
4029
4030
4029
4029 4029
4030
669 660
4029
6218 2313 5676
4031
4029
649 3239
2736 5405 1708
3829 6559 3840
2270 5676 5676
6194 2193 1498
2405
260 260 260 2699 260 5610 4525 5610 260 6820 5204 6818 2771 5205 260 260 2771 6820 6818 6822 6820 260 260 6817
4030
1819 6500
380 1666 1753
2125 2883
3978
6166 2313 2809
4030
4030
2904 4016
2883
2883
4029
2312
4041
4003
2704 6624 3356 587 2266
4041
6809 260 6812
1819 1579
5614 3427
4118 2713 4016 3978 4030
4029
3085
2193 260 6222 5478 4016 6559 260 5478 1498 6559 6225
4016
2868
4030
1498
4030 4016
1498 1498 1498 1498 1498
703 1579 1720
1694
2759
1498 1498
4033
1498
1579 5478
4029
4029
4040
1794 6559
4029
4031
3978
2403
4029
4030
4029
4338
2904 6801
5633 3190 5877 3195
4032
4030 2883
4031
1498 1498 1498
1498 1498 1498 1498 1498
6808 5404
4029
2904 3978
3237 1716 3816 6109 6108
5502 2882
2595 260 5164 2595 260
2402 2403
3330
2263
4007
2125
3978
1498
4029
1498 6104 596 6099 4029
1729 1812 6687 596
5494 3195 3805 2578 1358 1092
4029
5348 2694
6803 2736
260 4298 6209
3196 2695 3784
4030
3978
1498 1498 1498
5692 5833 5692
1819 1579 1819
3782 5794
3978
4030
4029
5404 5493 260
1498 1498 1498
1733
4029
4029
2904
4029
4710
3244
2164 6250 2311 4298 5522
4036
4030
1498 1498 1498 1498 1498
1498
4029
4191 4180
3978
4030
4191 3307 3298
1752 6179
4036
1805 260 3258
3978
6194 2904 3356 6194
2792 2904 2715
5355
4340 6506
1498
3532
2883
2904
2883
4034
3244 2450 6559 2468
1015 424 1088 924 1089 1354
2796 4122
4029
4029
2306
2883
6099
4039 4034
669 1695 591
2904
4016
1498 1498 1579
5678 6506
5678 4557 2491 5641 4203 2699 5678 4557
6559 2155
1579 1572 1579 593 1572 3254 1579 1810 2152 1572 3254
4029
4692
5698 260 5493
1498 1498 1498 1498 1498 1498 1498
1640 6275
4030
4029
4029
5782
4029
2904
4036
2904
2427 2482
3195 1655
675 1572
1498 1498 1498
4029
1498 1498
4029
1498 1498
1498 1498 1498 1498 1498 1498
2883
3780 3782 4016
2209 5343 6818 4034
1498 1498 1498
3471
4029
1498 1498 1498 1498 1498
588 1810 1629
4030
3196 2736 2694 3195
5662 1507 4558 2319
3978
2409 6806
660 596 1498 488
4036
5469 5469
1498
4016
1498
4030
4029
1498 1498 3427 4393 5787 596 1498 1498 1498 1498
2883
6803
3978
1742 2167 2209
4029
