2883
3787 3785
3788 2174 2275 2608
2904
424
1477 1444 1476 1483
4029
2589
3967
1483 1445 1477 1442
4040
1498
5424 3293 4115 2159
2228
4358 2310 2310
3082 2546
5798 4016 1801
5214 3254
5696 4790 5495 5819 3776 3560
1507 3801 5167 5620 2312 3871
2313 588
6247
2893
2318 5192 1507 2270 2547 3789 4429 1752 3185 6803 2195 2193 3556 2218 4421 5251 2623 3381 3122 3471 3473 2667 4766
6655
4040
2312
1358 927
6218 6687 3219 3782 4123
424 4016 4030
2125
1358
2893
2893
3991
2500 6212 2313 3259
2904
4030
5878 3813 2311 2904 3782 396
3426 5879
2312 6149
1498 3445 2312
2904
4016
5620 3191 5714
2893
693 431 433 688 1184 1186 1179 434
5503 2156 2313 3784 1754 3556
5511 2306
4030
2904 1498 424
3738
424 1016 5709 1724 2745 1358
1088 1355
4016
3551 2577 3262 3185 2306 3258 3256 3549 2173 2904
2904
424
2424 5405 2410 2530 6632
2313
3980
1640 6682 3190
5662 5663
4016
4016 1748
424 4049
2994 2169 5502
4016
4016
3977 1088 1356 5810
5698 2736 5343
4029
2125
2312
4770
1438 1480
4016
4031 2904
3460 1936 1654 3776 2498 3218 3552
4770 6733 3782 1507
1367 1364
3967
2904
2904
4793 5214 2312 1507 3851 5622 5622 6512 4322 4793 1507 5715
590 590
1702 1707
4016 1498
4016
4016 4033
3866 3829 3805
6149 3196
1498 844 424
4029
1498
1748 1741 4030 6099
1733
2893
4769 829
2904
2736 3276 5500
1360 3258 4049 4048 3780 1356
4433 2904 4016 1661 5878
3196 2702 3785 2709
2313 2882
2904
4772
3254 3553 3822 3220
2904
6527 6559 3426 1783
4030
4016
4030
2904
4030
1364 1361 5617
1812 2306
4049 1088 1088 4049 4049 1088
2402 2736 3828 3807
4532 4040 4030 4040 4030 4030 4526 4030 2655
4016
4029
4016
2277 5511 3174 4203
703 1579 3426 1695 1697
2901
3787 4202 4557 6804 3559
1812 4118 588 2796
1367
2904
4048 3821
4048 4048 3195
2904 3181 3784 5619 3195 2792
4118 4123 4048
1345 4049
2893
4016
1367 1346 1345
4029 5218 3785 2759 2904 3784 5174 2589 5218 2759 3785 2589
1358 4049 424 1088 3182 2957 2736
4029
3254 2695 4048 3558
1088 1016 1357 5798
5877 4163 2035 3784 4048 6687 2424 2319 2527 4048 3859 2035 5456 6221 4048
4049 1361 1358 424 1088
424 4049
1639 1775
424
4030
1006
4016 2312
6565 6803
2904 4029
4016 2904
3427 1935 1936 3460
6218 260 6196 5696 1742 5698 2790 260 4323 5698 3356 6196 260 3356 5698 260 6209 5215 4323 260 2790 6263 5698 260 6218 2790 6196 3427 260 2161 4323 2790 260 6196
1625 2842 4030
424 927 1354 4049
4429 5214 6738 3830
1695 1812
2593 2169 5495
2792 3549 5478
3799 2545
1695
2883
5695 2585 5500 2736 4048
5845 1708 4770 6559 6527 5368 5355
5496 2904 4016
1498
2794 3805 6559
2125
1184 425 690 695 486 3815 1507 3220
3381
424 1089 1440 4049
3783 5714 6531 2808 5494 1971 5511 6559 3185 2694
2261 4048 1507 2193 6570 6683
2893
1089 4049
5709
5404
3564 1507 3532 260 260 3310 5794
4016
2765
6230 6218 4048 5614 5620 4048 4210 4234 5620 4048 2193 2228 2194 5620 4234 2193 4210 4048 2261 4048 4048 2312
4016
4117 2767 6261 3131 2164 2168 2216
6189 2312
4016
4030
5698 2589 5478 5794
2713 3182 3799 5218
424
5478
4942
2155 1642 4163 5877 2694 3783
1361
2266 2736
4030 4016
1498
3985
5493 5454
4016 2736 3427 6803
1080 1357
3196 3788
1325
2273 2872 2875 2869 2273 2796 2273 2273
424 1355 4049 1088 4048 3190 3782 1088 4049 1354 1361 4048 3191 3782 4048 1361 1440 1088 4048 2228 3190 1936 4049 1088 1358 1361 1937 4048 3191 2228 1440 1361 4049 1088 3191 4048 1937 1088 4049 1361 1361 1358 1088 4049 3192 4048 2205 2207
4590
6099 2312
4016
1360 1357
389 1324 368
1345 1361 1366
4612 260 5358 2534 1507 5698 260 3356 5879 260 3356 4317 260
1089 1016 1088
2893
2718 3891 260 260 1507 2994 6565 3244 260 6189 260 5348 260 2164 5633 2194 5348 260 2193 260 2159 2736 6189 260 5348 2194 1661 5405 260 5698 4317 260 1778 2736 260 3182 1661 5348 5794 260 260 6189 5348
2904
3851 2275 260 396
2313 2269 6149 4340
2266
6104 6221 3978
1498
4611 1935 3293 260 2313 3829
1655 2313
6138 1089 929
4040
4029
5610 1507 260 260 1507 3887 260 4317 3887 1507 5716 260 1507 1507 260 2778 3887
6107 6099
4030
2893 4016
2904
4016
2527 424 3339 2313 3342 2312 5501 3829 1935 3782
2893
3190 2736 2696
3459 4784 5622 4016 3547 3785 2702 3185
4016
424 4049
2764 5610
4016 1498
4016
5879 2904
2575 5681
1694
2904 4889 3471 2306 5842
424 4049 927 1087
2904
