4016
6687 2522 2527 2313 3174
5878 6801 2883 1819 1579
6801 3296 2185 3299 4865 3246 3296 3299 2571 4191 6801 3189 3292 3298 3299 3305 3247 2571 6801 2696 2156 2578 3296 3299 3298 6801 3327 6801 3298 3299
2312
1798 2764
2796 2318 4016
1674
4016
700 1695
5794 2918
4030
4030 2883
4016 4036
1319 368 389 4932 1507 1330 1838 1328
3260 1579 1819 703
4029
2893
6225 2695 4643 4016
5176 4016 5714
4030
2911 2848
2306 4033
4016
2904
5502 2450
4437 5214 4525 4029
4029
2904
2882
4029
699 1440
4643 2882
4016
3998
4016
4016 2882
2904 4016
6133 1729 1729 1729
1498
2312
4016
2904
2904
2904
657 1807 5663 4123 2529 1807 594
4029
4040
4030 4029
2911
2884
2648 5572 2883
2484 2405
4016 1498
493 492
4016
2312 4016
1805
2904 4016
4016
4016
4032
4016
2209 1664 4016 1625 1779 6214
6251 4016 3558 488 657 2384
1705 1703
4030 6726
2883 4016 2848 2859
4029
4030
4040 4643
5810 2161
5697 4191 3298
1656
2490 4029 2547 6183 2156
2904
4005
4016
2125
6106
1695 2312
2911
4016 1724
2836
2904 4016
4016 2904
3722 4016 4040
2882
2883
4030
2850 2911 2211
4016
2883
4030
2904
4016 4029
2882
3307 3298
1660 5505 1731 1705
4030
4029
3840
4035
2883
1573 3327
2125 4016
596 4767 4030
2904
4007
3189
4016
703 594 1661 2152 1572 5493 1572 3254
4029
4029
5397
4029
4036
3426 3797 5501
4016
6147 1935
4016 1688
702 2911
4036
4036
4029
