4003 3727 4016
4030
4016
4016
4016
6817 6148 6820
4016 2307
4016 2911 4030 4016
4016
4029
2313
4036
3978 4016 2313
2883
4040
4016 2882
2883 4030
5786 5494
2313
4029
4030
4029 4030
4016
2883
4016
2853
4029 4016 4029
6548
2882 4016
4029
4016
3427 2904 2772 2522 2956 2794
2313
2882
1798 2764
2911 4016
2904
3049 2975 3091
4016
4016 2911
4016
4016 4029
4016
2882
4031
4029
4016 4030
1642
4016
4029
2882 4030
5494
4029
2528 5405
4030
3964
4016 4036
4016
4016 2871
2901
2882
4040
4029
4029
1781
2911
4016
4016
4016
4029 2904
2883
4030
2904
4016
2904
4016
4036
4016
2509
2509 4029
2868 4016
4016
3991 4016
4016
4030
2883
6121 2522
2306
4030
4030 2313
2882
2313
4030
4016
4016 4029
3978
5369 1748
4016
4016 1660 4030 1661
4029
5453 2085
4016
2306 4033
4016
4016
4029
4016
2904
4016 2911 4030
4016 4029
5502 2450
4016
4035 4035
2911
4016
4016
4030
2882
4029
2904
4016 4030
2522 6628
5502 5496 1664
4030 1642 1644 2395
4016 2882
4029 2904 4016
4016
4030
4016
2882 4030
4016
2161 5810
4016
4030 6113 2902 2901
6117 6121
2883
2313 2843
1660 1708 1707
5496 2578
1642 3759 4016 1741
4016
2901
5502 6199 2904
4016 2904
4016
4016 4030 1640 2306
2883 4030
2313 5794
4030
4016
2911 5494 4053
4030
4016
4031
4030
4030
5404 6160 1758 1664
4029
2882
3978 4016 2883 4016
5494 6241 5502 4005
4030
4016
2841
4016
4016
4036
1703 1705 4030 1703
4030
4029
2312 4016
2882
2522
4209
3776 5369
3978 4016
4030
4016
4030
4040
4030
4029
4030
4016 2313
4030
4033 4016
4016
4030 4016
3427 2313
5724
1664
3978
4016
4030 2838 4016
4029 4016
2772 4016
4016
1707 4016 3038
2885 2886 2883
4029 2904 3978
4016
4030
3415
1800
1705 1703
4029
2313 4029
6199 5405 4016
4016
2882
4030 4030
2883
2883
4029 4016
2848 4034 2904 4029
2125 4016 2883
2904
2313
2882
4029 4016
2902 3426
2904
5698 4029 5696
4016
2883 4016 2848 2859
2904
4030
4030 2911
4030
4030
2904
5810 2161
4016
4016
4016
5405
2312
4016 6189 2764
1753 1672
4029 2306 2125
3459 3427 3244 3934 2799 2509 2824 3262 3427 2509 4166
4016
4016 4030
4016 4030
2904
4016
5708 4030 1648 1758
3199 3197
4030 4016
4016
4016
2306
2125
2353
4016
2886
4036
4016 2313
4016
4029
4016
2902
2313
4030
4029
4016 5494 5502 1664 5496 2904
1639 4040
4029
2883 4016
2868
2286 6189 6160
2911
1971 4016 1973 4030
2836
3978
1753 5390
4029
4029 2911 4016
4029 4016 2904
3722 4016 4040
4030 4016
4030
4016 4029
2883
4029
4034 2313 4030 4016
4016
4030
2882
5405
2840 2838
2883
4016 4029
4029
3978
4030 4029
4016
2853 2911
4029
2313
1672 2480 2410
4003 4029 2882
4016
4029 2509
4029
4029
2313 4031
2882
5696 5698
2882
2904
2943 3015 6624 2883
4016
4016 4029
2882
4030
4016
4030
3426 2522
2911 1674
6116 6122
3427 2125 4016
2169 5696 4284
3978
4030
3978
4016 5496
2882
4016
2868
5502 5494
2125 4016
4016
4030 4016
4016
4016
3978
4029
1655 5395 6148 2125
2313
2306 2885 4029 2883
4016
4031
4016
4029
4016
5397
4016
6220 6221 6228
5491 4031 4301 4016 2450
4030 4016
4029 4016
4030 4016
4016 4029
4029 4016
4016
2911
4003 4029
2871
4016
2911
2904
2911
4589
4016
4016
4036
2904
4016
4016 4993
4016
6147 1935
2883
4016 1688
2883
6114 6229
4029
2943 5789 2185
4016
4016
4016 4029
2883
4036
2125
4029
4029
4030
4029
