3254 2228 1640
4722 3782 3805
4191 6801 3299 3292 3201 6801 2156 3189 1798 3292 5477 6565 1775 3327 4180 3299 3298 1646 4278 6565 3196 3299 1741 6801 3305 3298 4191 2794 3190 3292 2571 6146 5622 3220 6801 6563 2578
5689
2490
4016
4030
4029
1284 1269 1319 389 1838 1330 1334 368 1328 1272
4036
3805
1345 3189 5504
4016
1695
1828
4016
424 699
2883
3893 2210 2277 345 5752 3867 3279 6558 2169 2266 5713 2273
4016 4030
3015 2586 3247 4557 1748
4016
5306 2205 3259 3788 1793 6687 2410 3189
1695 665 492
396 3218 6559 4271
4030
699 1088 1356
5449 4030
3099 4180 3077 2965
2908
4030
5810 1498 6138 1828
3764
4029 1498
4030
3978
4029
4030
2908
2509
2908
4016
1088
4016 6255 3426 2312 3266 3218
1498
4033
2174 2490 2185 2181 5844
3324 2934
5698 2667 6173 5665 5125 1507 2663 4337 3553 3556 2988
6687 1778
4040
4016
4016
4040 2881
5620 1507 5478 6194 6173 2311 5714
4040
4016
4049 424 842 424 4049
4048 5698
4016
3240 4293 4337
6188 5369 4033 3195 4340
4016 4029
4029
3426
3254 2313
5496
4030
4029
4029
4030 4016
2904
4016
4016 1498
1498
3191 2794 2822 3426
4029
4029
1695
1498 4016
4029
5716 2792 2174
4033
424 4118 1358
3978 4016
2882 6527
4016 5405
4016
2499 6687 3196 3799
2694 2669 5125
1345 4338 1345 6804
2908
2871 2869
2699 5511
4016
1498
2904 4029
4029
6178 2269 1673 2269 2881 4016
6801 1626
4029
4040 4029
4029
4016
4029
2883 2125
4033
4030
1649 6099 5711
4016
671 1807 671 596 1246 1807 671 596 1807
4016
3426 2600
4007
3190 2772 3189
1572 593 2152 1572 1626 2266 593 1572 1626
2482 2405 260 2545 2405 260 2482 2402
4030
4016
4029
4016
1498
586 657 594
4016
3785 5494 6559 1677 6687
4031
4029
1498 4030 4029
4029
1361 4049 929 424 4049
4029 2881
4036
6821
3196 5709 3869
4036
4029 4003
