2572
1498 1498
3978
1498 4034
3978
4016
3978
2893 2881 2881
1742 2410 2405
1498
2881
1498
1498 1498 1498 2881
3978
3189 3292 2750 1793 1703 2750 6563 3292 3327 1793 6563
594 671 495
4029
1498 1498 1498 1498 1498 1498 1498 1498 1498
5593
4016 1498
1695 1695
4029
4029
4030 4016
4029
4029
2881
3978
4016
2578 2572 2578 2572
4030
4030
3323
4016 5496 6149 5877
2313 3301 5478 1649 2881
4053 1498
2881
4016
4016
3988 2881 3978
1716 2306
1498 1498 1498 1498 1498 1498 4053 1498 4016 1498 1498 1498 1498 1498 1498
4016 1498
4016
1755
4030
4029
1662
831 3327 2881 3327 6189 6563
1498
1498
2881
3978 3978
2736 3197 3239
3299 3299
1498 4053
6525 1695 4351
4016
2881 1498
4029
2881 2666
2881
2881
2908 4016 2313 3197
4016
2881 5798
3978 4029
2881 3747 4766
2881 2881
4030
4029
4029 2881
4016
368 659 1819
4053
4030 2881 4040
2881
4016
4016
1498
594 702 674
2881
4356
2306
2881
4029
4030 4016
2881
2270 2270 3979
4030
6166 6655 5746
4016 3978
4030
4029
1498 1498 1498 1498 1498
4016
4029
4029
1498
3978
4016
4029
2881
4016
4016 4016
2482 5819 2402
1498 1498 1498 1498
4053
4029
2881
702 586
4029 4053
4030
4029
3978
4030
702 1812 1812 702
4016
2881 4032
4030
4029
3978 4029
4030
4016
1498 1498 1498 1498 1498 1498 1498
1498 1498 1498 1498
4016
2881
4016
671 2881 1812 6658 671 588 659
4030
4029
4016
2908
4016 2881 4016
4033
4016
3805 2764 3806 3356
4053
2181 5620 2313
4030
4016 2881 4032
1498
2881
794 718
1498 1498
5810
4029
830
2261
4016 3978 4016
4030
4016
6803 3734
1498
4016
3254
2881
3181 3254
3978
4016
4029
2893
2883
4016 4053
2881
2881 1272 6251 6255 1572 2759 1838 5789 389 5744 5744 5744
4016
3978
2126
4030 4016
2908
3978
4016 2881
4030
1819
4029
4016
4842
5483
4016 4030
668 669
2881
4016
4016
2756 6801 2756
4016
3978 1498 3978 1498
2881 4016 4029
4016
1498
6194
4016
4029
3426 2264 1782 384 3427
4030
664 1572 664
4029
586 5819
4029
5387
2881 4030
4016 4016
4030
3978
1498 1498 1498
4016
4016
4016
2881 6658
1498 1498 1498 1498 1498 1498 1498
4030
6804 2715 2529 2715 3186 2269 6803 2522
1638 1638
