4030
4016
1498 1498 3076 1498 4053 1498 1498 1498
3978
1498
2871
4016 4016
2893
3978
4016
4029
5496 6251
4016
6512 1498
3978
1498 1498 1498 1498 1498 1498
2484 5878
3220 6801 3327 6565 2571 3299 5488 2694 6801 3298 4865 6565 3201 6558 2996 5622 3549 3298 4191 3189 3292 2571 6801 3299 3195 5798 3327 6801 3189 3327 2694
4030
1498
5697 2209 3549
4016
1498 1498 1498 1498 1498 1498
5503 1695 5501 4053 1498 4016
3296 3299 1971
1498
3434
588 488 671 594 1572
4030
1782 4016 2881 3978 1810 588 657
2790 2164 490
4030
1666 380
4016
4767 4053 4766 1498 2529 1498 3298 1498 1498 1498 1498 4767 4053 1498 4016
4029
4005
4030
4030
1498
3978
4029
2736 2313
4016
1498
2908
4016
1716
1498 1498 1498 1498 4053 4016 1498 1498 1498
4016
6178
1498
4029
3242 3128 2313
4029 4003
2881 4016 1810
2908
4016
3978 3978
4016
1498
3978
4029
4016 2908
4007 2881
4029
2125
2908
4016
4029
2881
4016
1498
4016
4016 1498 3411
4016
5478 2965 4016 3077 3072 5361 6822 5622 3186 3549 6793
4016
6632 5454 4764 2587 5454
4030
4016
3978 4016
4029
4930 5405
4016
1498
4029
4016
4029
4029
1498
4016
4016
2881 4030
4030
4016 4036
4030
4030
4036
1498
1498 1498
4030 4016
1498 1498 1498 1498
3405
4016
4016
596 692
4016
4016
4030
1498 4016
4030
4030
4016
702 1812 657 702 1812
2181 3784 3546 3805 1665 2177 2405 2159 2881
4040
4029
4016
3327
4030 2893
4016
1498 1498
2908
1498 1498
4029
5671
3189 3197 5819 4164
671 490 490 671 594
4029
4029
4016 2881
5503 4016
4030
4033 4016
4030
1498
4016 4029
4029
4030
1498 1498 1498
5501
1812
2155
3427
4029
4040
1498
4016
4016
1498
4029
2908 4030
4030
1754 1652
3181 3181
2881
3426
4016
3978 2881
5500
2881
4016
3978
3978
4016
4029
5503 2269
1498
4016 2908
6512 2767
4016
586
4016
4016
4016
4029 4030
4030
3213 4048 1714
2881 4030
2736
3978
4030
4016
5501 5501
4030
424 1362 5714 4016 4040
4016
4016
4016
4030
5499 5503 6263 5798
4030 2881
2881
1498 1498 1498 1498
6632
4030
4016
1498 2908
4030
1754
1498
1498 4016
4016
4030
1498 1498 1498
3969
490 674 1810 671
6803
2774 6818
3978
4016 1498
3978
4016
1498
6801 6199
