3220 3217
3254 2228 1640
4722 3782 3805
2886
346
4035
3868 1354 2168 424 3122
1355 927
1498
2908
2908
1016
6226
4030
2908
4016
1498 4030
1358 3426
4016 2904
5354 2792 3830 3218
4016
5503 2270 3814 3226
3776 6809 5672
4016 4030
4016 1345 424
1498 4016 2125
2802 4766 3122 6804 3775 2623 4429 3381 3471 2490 3473 4421 2904 1507 3788 3859 2195 2484 5251 2269 2313 2270 5250 4429 3471 4766 2490 4112 3122 4421 6804 5251 2623 3813 2195 3473 2270 2667 3381 2269 4429 3473 4112 3789 2972 2547 3435 6804 2403 2667 2623 4766 2270 2425 4421 3185
4016 2904
4016
4016
2904
1936 3260 2228
4029 2893
2908 4016
4031
4029 1498
4030
3972
3190 5622 2312 5496
2908
1360
3805
2064
1345 3189 5504
6245 6199 2313
1695
2893 4016
4031
1498
4016 6225 5798
1498
2904
1498 4016
1828
4770
4030 4041
1015 588 590
3427
2904 2482
424 699
1089 1346 1088 1345
2893
5798
4016
1498 3971
3893 2210 2277 345 5752 3867 3279 6558 2169 2266 5713 2273
2893
4016
4016
4016
3427 3747
3980
4016
3956
5306 2205 3259 3788 1793 6687 2410 3189
4016
2035 6558 5716 6197 3220
4016
424 3324 4041 3747 2409 6558 2193
4016
4030
4514 1707
2893
3426
396 3218 6559 4271
1088 424 1358
6153 1016 1087
699 1088 1356
6801
4030
4030
1507 2312 2156 3471 4793 1498 2704 3789
4016 4016
659 5798 1572 4870 3551 5798 3254
4040
3764
2908 4016 2908 4016
3190 6655 3781
1498
1660 5620 1660 2767
4029
2908
2904
3972
1636 6753 6801
1088
4016 6255 3426 2312 3266 3218
1089 2883 1358
4016 3194 3196
4016
4030
1654 5794
2173 5204 6245 6218 1507 4793 4123 3219 3549 3191 3782 5622
1498
4016
4016
2174 2490 2185 2181 5844
1666 6801 380 1673 929 4016 5845 3426 1783 6802 6559
4030 4040
4016
4016
3459 2608 3784 3185 3788 2206 4202 6687 3813 3217 5494 3189 2736
4030
2840 4040 4532
4016
2904
4163 3259 2577 3259 2577 4163
2269 1673
424 1088 1358 4049 424 1088 4049 424 1088 4049
4030 4016 4030 4040 4532 4030
2893
4029
4049 1345 1367
4016
4049 699 4049 699
4870 345
3218
4016
4016 4030
1088 1357 424
1345 424
4016
4049 1367
2325 260 5744 1685 6236
4030
424 3549 1364
4016
4049 424 842 424 4049
2904 4016
4048 5698
424 4049
1936 1708 4048 1655 3871 4048 2669 1708 1936
1367 4049 1086
4029
698 1440 261 2194 4525 5713 260 2161 260 3342 3052 2159
3978
4030
2405
2228 4048 6099 2226
698 4049 1088
5877 4048 3782 3547
1572 692
424 4030
4525 5642 4048 1683 4048 3427 3797 5640
3978
5533 5696 4048 3558 3548 6189 5533 4048
4016 4030
5496
4049 1361
4030
4163 3218 2736
1088
3994 1498 2893
424
260 1660 3553 3196 2261
4298 260 5619 5215 4298 260 5698 5620 5610 260 2790 6196 4323 5499 260 6199 3356
2904
1131 5678 2266
3191 2794 2822 3426
2154 4341
1695
424
260 5504 5500 6138
2529
1646
3821 3217 2313 3258 2704
2893
3776 4016
424 1440 1089 4049 1089 4049 1440 424
5504 5798 1507 260 6214 2313 5798 1507 3186 260 3186 2586 5798 260
6801
260 5494 2572 3552 260 3783 6801 5633
424 4118 1358
4029
4117 5735 2151 4118 1669 2961 2164 2908 2306
2226 2746
2882 6527
1355 1088
3991
4016 5405
1752
2313 3785 2808 1507 1717 3796 3266
4030
2499 6687 3196 3799
4016 4016
5493 4049 424
2944 5798 2403 6506
2904
260 3796 6803 1354 4049 424
1345 4338 1345 6804
4016
2424 3427 5622 4979
4016
1346 4049 1345 1367 1345 4049 1367
3892 5205 1794 1507 5614 6806
2717 2883
2484 2425 2231 6193 1819 1695
2883 389 1819
4016
2273 5535 2876 4687 5819
1361 4049 1088 1355 2194 4048 3190 3553 4048 2207 2206 3192 1355 1361 4049 1088 4163 3188 4164 4048 1088 4049 1361 1355 3191 4048 2228 1936 3782 4048 3830 4164 1361 1088 4049 1440 3052 2205 3190 4048
3266 3552 3781
4016 2845
4029
2883 2125
2709 2736 4048 6263
260 6199 5879
3227 1355 6687 2577 4016
2482 5794 5614 260 2736 3822 260 3459 6173 260 1717
3801 3788 3828 5222 3787 1507 5218 3807 2589 5676 3196 4118 2704 2173 3782 2736 5819 3829
1093 1356
2904
4029
5348 260 2736 3356 1507 3182 5619 260 260 2778 4625 2936 260 3356 3796 260 5348 6822 260 3356 260 2608 4334 4334 260 2608 260 2608
3275 1752 669 1810 1670
6687 5798 3254
1088 4016
1649 6099 5711
5717 2189 1345 1361
2313 2196
4016
6096 4016 3978 1770
6801 260 3182 5635 5622 3218 260 3182 6263 260 2306 1707 260 2441 3218
2778 1733 5820 2764 3333
3426 2600
2261 4331 1672 2156 1358
4016
4016 2880
4030
3887 260 1507 2778 1507 3887 260 260 3887
2159 4769
4016 1637 6107 5218
4029
380 1666
4433
1345 2312 424 3339
3782 6525
2306 260 2579 2589 6248 260 2746 2572 3199 3218 2306 260
4016
3785 5494 6559 1677 6687
3471
1361 4049 929 424 4049
1498
4016
3196 5709 3869
2313 3258 5207 1507 3787 6504
