2530 5503
4016
4029
4029
2484 5878
3220 6801 3327 6565 2571 3299 5488 2694 6801 3298 4865 6565 3201 6558 2996 5622 3549 3298 4191 3189 3292 2571 6801 3299 3195 5798 3327 6801 3189 3327 2694
4031
4005
4016 4030
2881
1346 844
4029
2908 4040
5665
6540
830
4030
2908
4030
4016 4029
4016 2792 1358 424
1346 1367 1358 699
5877 2310
5503 588
3978
4029
2509
4029
4016
2881
4030
4029
4033
1498 3978
3472 1507 2270 3813 3473 2667 2801 4421 3339 2195 3324 3381 3548 3185 4766 6804 2623
3978
1498
3227 2311 1694
2908
4029
4029
1498 4016
4030
5614 4048
1498
4029
4029
2908
2125
4016
4030
4029
4040
4029
4016
4056 1498
2155
4030
4896
4040
4016
4030
5501 5354 5358 3552 1714 3805
4040
3426
6687 1812
2873 2901 2871 2908 2085 2902
4016
4016
5503 2269
3552 3324 6687 6559 2261 5494 3783 3194
4029
4029
4030
2883 2718 6801
4029
4016
596 1807 671 2148 4767 671 1818 1807 596
4016
4007
2334 3782 6687 5207
1626 1828 1828 1572 1626 2156 5714 1362 3258 1572 1572 1572 1828 1626
3978
5501 5501
3298
4030
4033 2125 3978 4040 4030 4041 2908 2407 2490 3978
1498 3291 2169 5482 2160 2468
4030
2886
6632
4029
5672
4033
4029
4030
2565 2778 2168 4048
4030 2908
3969
4036 3978
3789 2410 2608 2287 2318 3603
2774 6818
4036
4029 4016 4003
