3598
3611
1655 394 1529
2904 1223 4881
5146 1622 1995 4793 1622 5793 5166 1622 1622
3611
1348 1348
2958 6032 2281 5146 2964 3173 6032 2312 5927 1627 6032
3598
3565 3612 2593
2919 2855 2916 4985 4983 4986 2508 2849
3618 3565
1466 1530
2591
3611
3611
3615
1920
3598
3598 3598
3598
3612
3176 3177 2921 2916 2036 3067
5439
3611
3611
3612
3612 4070 3844 5181 2910 2071
4060
3617
3601
6049
3615
1355 3773 2083
2591
1348 1348
1901
311 2071 2919 2921
979 633 1216
3612
3611
2325 1355 6025 4629 2884 3096 2883 3395
3611
3598
3612
1867 4344 3598
3622
3565
5456 1567
1646
2594 4785
3612
2591
3598
5418
1901
5424 5415
3612
1348 1348
3598
3611
3598 3598 3611
3555
5826 2919 3437 2920 3437 2916 3436 2069 3402 2090 3436 5826 2509 1355
3598
2590
2916 5501 3068 2849 5191 5531
3598 3598 5927 3612 3598
6035 3383 2802 6053 3385 4252 3970 2357 5776 3106 2028 3394 2029 2474 1984 2357 2239 2578 2802 2474 3394 2029 5111 2028 5776
3565
2979
3598
1348
1901
3612 3598
3177 2416 1520 2071 2919 2139 4545 3611 4545 2434 1355 2309 3177 3008 5558 2139
3611
1529
3598
5932 2919 2436 4633 5562
3612
3598
3612
2618
2071
3565
4881 2162 2508 5826 4901
3611
3598
311 6329
3616 3611
3611
3598
3611
3598
3390 2034
3611
3598 3598 3598 3598 3598
1901
3612
3621
1901
3598
3598
2921 2919 2510 2068
1348
3612
2416
753
1637 2646
3612
3598
3579
3612
3611 3611
3611
1611 345
3612 2593
3598
3612
3616 3612
3598
2232 1481 2070
3543
3611 3611
3598
3612
4199
2028 2561 2028 1509
3598 3598 3598
2618 3612
1523
5470
1575
3614
2232 4858
1466 6034
3621 2030 4131
3615
3612
5157
3612
1192 350 605 1635
3598
2884 1548
3384 3590 2455
3598 2859 2489
3611
3598
2581
3612
3611
5434
3598
3598
4546 2916
1901
3611
1637 3630 626 608 1637 609 3630 608 626 3630
2593
1488 3370
3611
3567
1995 1995
3612
3620
3621
3565 3598
3612
3611
3335
3598
3611
