3598
2891 3068
3611
3591
3598
3598
3622
3589 3598
3565
1348 1348
1348
3598
3621 3598
1348 1348 1348 1348 1348 1348 1348
3614
3612
3579
3612 3612
1348 1348 1348 1348 1348
3611
3621
3611
3598 3598
3634 2455 1348 2865 1348 3634 5143 1348 1639 1348 5143 1348 5143
3565
1530
3598 3587
3612
2850 3734 1601 2455 1355 3487 3494 3658 3496 3497 2455 3974
531 599 3612 532 626 599 532 599 4743 626
528 525 626 5218 2904
3565
3611 3611
3615
4366
3611
1348 1348 1348
2399
3611
3565
2476 1530
3565
1901
3598 3598
1348 1348 1348
3611
3612
3612
3621
1348 3598
3598
1587
3612
3394 2317 3395 3394 2455
3618 3618 3617 3618 3617 3618 3617
3547
3611
3598 1348
3612
3611
5071
3565
386 378 627 622 387
3598 3577
3565
3565
5792
3611
3620
3571
2555 4967
3598
3612
1348
1348 1348 1563 1348 1348 1348 3634 3412 3974 1348 1348
3598 3612
3611
3611
3612
3612
3612
1348
4890 2163 4759 2163 2163 4759 4759
3579 3612
3621
1901
3598
3598
3611
3611 3612
2464
3611
3612
1348 1348
3598
3611
3612
3615
3611
3589
3621
3598
3611
3611
4895 4045
5505
3598
4399 2904 1530
3612 3612
605 524 984
3598
3598 1348
3612
3611
2879 2071 6048 4986 2139 1355 2865 2495 6053 2881 2860 2495 2139 6053 2064 1355
3612
3612
3598
3612
2591
3611 3611
1348 1348 1348 1348 1348 3634
2593
3565
1348
3611
2593 3611
3591
3611
1348
2591 3565 2593
3611
1413 1530
3611
3611
3611
3611 3565
3612
3598
3614
3598
2578
3611
3612
5220 3068 3420
3565
1348 1348 4949 1348 1348 1348 1348 1348 1348 1348
1872
3068 3611 3577 2569 2982 2593
4037 5028 4983 3403
2561 2560
3565
378
3611
2618
3565
3565
3598 3598
3611
3565
5548 2083 5065 1567 2083 4875 4873 4873 2083 5065 1567
3598 3598 3598
3613
5034 6042 6033
3621
3565
916 3693 2314 1548 2864
3612
3592
3612
3617
5007 2071 345 1611 2859 5007 5007
5826 5932 2863
532 2883 2886 2489
1646
3611
3741
3621 3565
3621
2593
3612
3598
3611
5111 5562 5107 3394 4654 4655 6034 1355 4653 2578 2850
3611
5991 1355 5977 5071 4858 5995
2593
3621
3565 3565 3565 3565 3565
3612
3388 2426 1985 5066 5143 2395 5066 5143 1939
3591
3598
5218 3390 5143 2344 3097 1935 5932 5932 3419 3734 2416 4747 3096
3598 3598 3598 3598 3598 3598 3598 3598 3598 3598
3611
1511 1611 345
3611
1216 915 2455 532 3693 1413
3621
1585 5419
2022
2575
526 6032 6032 3565
3611
3611
3565
3618
2611
3068 1587 2903
3612
3598 1151 1530 330
3598 3598
1025 583
3611 3616
3598
3613
4858 2770
3598
3598
3612
1348 1348 1348
3611
3612
3612
3613
3613
3598
3617 3617 3617 3617 3617 3617 3617 3617
3622
3577
2082 1355 3437
3565
6053 3618 1532
3598
3598
3612
2287 5776 591 2436 1637 1469
606 1530 309
2601
2591 2593
3565
3565
3615
1901
524 1548 1992 1548 1637
2591
3612
5994
3598
3565
3612
3598
2331 2327 4574 4161 1355 2489 2439 3465 2325 2327 5166 1942 2090
3598 3614
3621
3513 6032 2916 5181
4743 1534
2591
3615
3611
3611
3611
1575
3612
3976
3598
3598 3612
3614
3908 3598
3611 2593
983 838 1218 1219 983 2851 4983 988 915 4986
3613
2611
3612
3565
2329 5498 2279 2864
4794
3611
3565
3611
5058 1497 2071 2069 3067 525 3612
3612
3611
2858 4882 2418
1610 1610 1610
1655
3612
3565 1348
3611
3565
3612
3611 1901
3612
3565
3611
3591
3598
3389 3176 5025 3390 5025
3587
5493 2988 2331 3468
3611
3612
3754 3754
3692 2139
3612
3612
3612
3621 4046
3611
3611
3612
3612
5057 1355 3224 2158 1932
3611
3612
3598
357 4620 3413 3407 2881 3096 3097 3406 4619 2865
2591 2591 5505
3611
2603
5056 3598 5518
1348 1348 1348
3565
3656 3657 3746
3612
2318 2508
3612
1901
3565
3611
6034
5826 3434 3423
626 1652
3566 3566 3591
6033
3068 2591
3598
5794 1962 2020 2865 3097 2426
3598
1348
3565
3612
3612 2591 2593
3598
3565
4635
3170 1639 3068 4070 4574 3466 2849
3614
6035
3611
3615 1901
3598 3598
2317 2327 2430 1939 1413 4985 5056 525 526 2071 2417 1469 435 2859 1932
3611 3598
3611
3589
3565
1595 1601 5498 1595 1601
3598 3612
3565
3611 3598
3741
3611 3611
3598
2593 3565
2603
3612
3612
3612 3565
3565
1567 5065
2071 3598 1543
3587
3621
3105
3612
3565
378 1217
3612
3611
2591
1348 4752
3618
2593
3611
2868 3391
345 1611
3565
2076 2885 2430 2083 5772 1355
2591 3612
3612
1484
3598 3612
983 916 1218 1217 1218 915 1219
984 915
1355
1963 6034 2020 3657
3611
3611
3612
2664
1530
2593
3598
1348 1348
3611 3611
3598
1901
3611 3598
3565
3565
3598 3611
6053 5959
5424 5426 5419
3615
1348
3612
3411
3612 3598 3598
1530 1466
4988 3394
5065 1496 2326
3598 2979
3591
5500 3869 5154
3622
5090
3611 3598 3611 3598
3612
3611
3612
3612
3611
3565
3621 3598
3614
2071 1491
2591 3612
3615
1901
3565
3612
3611
3612
3612 3598
3413
3611
3611
3577
3611
3565
1646 2022 3612 2508 1942 1974 5501 2022
1348
2865 3001 2070
2554
1520 5220 915 4629
3611
3612
2593 2591
1218 378 983 3630
3630 1529
3567 2593
3598
3611
3612
5166 342 1503 5181
2591 3611
2593
1348 1348
3598
6048 3389 2858 2509
3598
3598
3598
3613
3612 3612
3611 3611
2591 3598 1486 1504
3598 3615
3611
2578 3598
3565 3565
5426
3611
3384 3384 3612 2325
3611
4619 1484 1535
1939
3598
3612 3598
3612
916 983
3612
1550 1550 1655 1550
2782
2071 2356
3598
3612 3611 3565
3612
3096 5073 3394 2509 5508 6025 1355
3611 3598 3598
3611
3611
3598 3598
3565
4787 2590 2071 3598
1348 1348 1348 1348 1348 1348
1639 1639
3612 3612
526
3612
3612
5816
3565
3598
3598
2591 3622
1348 1348 1348
3611
3611
3612
3565
3612
3622 1901
2603 3616 3617 3617
3611
3611 3587
3598
3598 6033 2591 2071 1355 3390 6033
3612
3598
2591 1901
3611
3598
437 593 2070 526
3598 3598
3611
3612
1348
1901
3612
3598
2593 3615
3612
3598
3565
3105
3598
3612
3612
3598
3612
3611
3598
3621 3621
3565
2596
3611
1530
2591
3612
3611 3611
3598
3598
3565
3613
3611
3598
3616
3598 3612
4794 2683
5812 5814
1348
3598
6035 1940 1623
3611
3616 3616
636 606 1926 526
4201
5794 1940 2158 2193 2510 2512 3068 1492
3612
3565
3611
3612
2985
3552 2591
3611
622 385 365
3611
3617
3158 1927
3598
5435
3611
3598 3598
3598
1901
2618 2626
3612
3617
3598
3611
2064
1646 3598 1530 1348 3598 3634
984
3613
3565
2114 2114 2115 2114
3621 4046 3598 3565 2572 3621 5081
3611 3067 1509
5852 1348 1348
3612
3612
3618
3611
2495 2865 3891 3766 4988
345 1611
2866 1508 4899
3612
3612
3617 3612
3615
3611
3621
3565
3621
3611
3587 3611
3390
3598
3598
3598
3598
1496 4873
2591 3598
3612
1901
3612
4257 2591
3068 1926 1986 1552
3613
2455 1413 1652 1639 1637 1639 3634 340 2455 3434
3598
3565
2302
3565
3589
3611
6033 3029
3613 3587
3598
3598 2312
3598
1901
3612
1551 2854 2892 3466 3390 4070
3611 3598 3598
2593
2591 3598 2071 2916 2591
5063
3590
1901
3611
3611
1530 1530
3176 1551 3565 1926 2590 3621 3390 3176 1551
3565
3565
3612
3565
534
3611
1901
3598 3612
2593
3621
3612
4253 5980 1945 1764 1355 5778 4985
1207 3630 1210 1549 3734 3629 2854
4844 4872 2849
3611
3612
3970 1586 3629
2618 1901
6049 6048
2590 3612
3565 3565
4784 2155 4785 4890
3611
3612
3598
3598
3611 3565
3613
3605 4101
3598
3621
3598
3611
5005 3435
2618
3621
2064
3611
3612
1348
2455 4881 3424
2593
1567
2155 2155
3598
3612
3612
1901
3611
3598 3598
3390 5070
3612
2865 3634 2864 1514 343
3611
1348
3630 378
3587 3611
6033
593 636
4540 3388 2512 2863
3666
1348 1348
1348 1348 1348
2064
3611 3598
3587
583
3598 3598
2618
3565 1348
3611 2591 3565
3565
3612
3612
3598 3598
1646
3612 2591
3613 1901 3566
3612 3598
3565 3612
3612
3612 3598 1348
1901 3612
2591
1348
1590 4805 5470 4805 1567 4873 1590 5470 5466
3611
1348 4858
4988 2884 2082 4011 2548 3612
3882 2322 5132
1509 1508 4785
1611 3068 345
3630 378 1208
3565
5058 3634 5056 1500 6039 6032
341 3565 1502 1530
4875 2022
3565
3621
2593
3612
5778
3598 3925
3589
1348
3611
3611
3611
3611
2982 4802 4857
2561 3612 2560
3613
3612
3598 3611 2908
3612
3565
3565
3598 3598 3598
4879 2892
3611 3611
3598
2561 3612
1348
3565
3598
3611
2232 3888
1348 1348 1348 1348 1348 1348
1348 1348
2600
3612
3590
5794
3201 3565
378 983 1218
3412 3598 2455 2894
3611
1348
3591
3565
2595
3587
3598 1901 1901
4743 2193 2068
4759 4761
531 1637 532 3391 2969 2455
3598
3598
3612
3611 3067 6032
3612
3598
3598
3611
3598
2591 3565
3629 2022 1962
3598
6034 3395 1956 1500 2436
3611
2590 3611
1491
3611
3612
2591
838 982
3611
3598
2510 5070
1355 4765 4980 6025 4583 2859 1582
3612
2591
3612
1348
3565
3612
3612 2025 5100 5907 5482
3598 3598 3598 1348 3598 3598 3598 3598
1348
3634 1348 1348 1348 1348 1348
3565 2591
3612
3621
3565
1502 341 4747 1502 341 3420 4132 6032 3388 3184
3621
1505 4389
3612
2591
1901 1901
2593 3612
3571
3611
2158 3741
3598
1348 1348 1348 1348 1348 1348
3598
3612
1348
3611
361
3630 1227
3598
2312 3068
2916
2070
3612
3435 3403 2077 5001 2488
3598
5932 4873 4858 3390 1920
3611
1348 3634 3598 3598 1348 1348
3465 3565 5188
3611
3611
3611
3611
3598
5978
3598
3611
1348 1348 1348 1348
3611
3612
3613
1413 605
3611
3613
2865 3621
2378
5146 5792 4070 2952 4045 2071 2780
3611
3611
378
3598
5527
3612
5419 5416
3621 2569 4046 3612 2158 3612 3621 4046 2591 3612 3612 3598 3621 3612 3612
3611
3611
1945 6034
3611 3598
3612
3611
2083
3611
3612
3611
3565 3611
3611
3598
3565
3877
3611
4052
3615
2591 3611
3598
3612 3598
2618
3612
626 1639
3615
3612
3697 3598
3612
1348
2593 5038 3621
5090
3612
3420 3068 3413
2317 2527 2417 2892 3420
4875
3621
2591 4638
3598
3612 3611
3598
3598
350 330 1664
3598
1611
2591
3598
3611
1535 2591 1496 2591
5157 2986
3612
3598
1348
3611 5434
3611
3571 1901
3598
3612
3615
3612
1530
1348 1348 1348 1348 1348 1348
4794
3598
3598 2550 3611 3612 2548
3611
3598
1646 3598 1648
2193 2199
3611 3598
3611
3612
1646
4820
3629 2064 2069 3630 1221
2596
3612
3612 3618
3565
3611
3612
3565
3612
361
3612
5218
3611
3611
1348
3565
1901
3566
3612
3611
3598 3598 3598 3598
3598 3612
3394
3611
3598
3612
6034 6032 1567
1565 1567 5409 3629 4901
3598
2560
3612
2744
3612
3964 3629 2994
3587
3621 3598
378 3630 984 1207
378 378 3630
3611
3612 3598
3598
3629
378 3630 1207
2903 5476
3598
3226 2070
1652 1652 610 3630 1027 1532 1639 1529 3630 526
3612
3612
3598
2966
3413 3437 5826
3589
3612
3611 3598 3611
3598
3629 5772 5527 5527
2325 4619 3391 4633 2325 2905 4009 3598
3598
1639 532
2591 2593
1348
3565
1956 3629 1952
3612
3611 1901
2593 3565
4761 4882 1508 2071
3565
3611
3612
3612
3598
3598
3629
3598
3612
3565
3591 3591
3598
3598
4037 5033
3612 2593
2240 6025 2272 3629
3172 3629 1962 2064 1963 2025
3565
3613
1963 2317 5218 3629
3611 3611
2417 3068 3386 3459 3629
3611 3598 3611
3598
3612
3589
3565
1530 3067
3612
2158 5033
1932 3629 3891 2766 3891 3629 1932 3891 3629 3891 3629 3891 3629
4590 2455
3598 3612
1348
1488 4874 1512 3629 4480 5527 3629
3598
2591
2593
3598
3598
3612 3598
2593 3598 3621
3611
4883 2158 3391
3611 6039
3613
3614
2064 3391 1948 3173
3611 3611
2591 2591 3614
3598 3598
3611
3544
3598
3067
2593
3598 3612
1348
2037 6032
3611
3598
1901 3598 3598
1348 1348 1348 1348
3613
3611 3612
3629 5219 5531 5534
2064
3598
3611
1348
3611
3612 2593
1348 1348
3598
1496 2071 4269 2331 3598 3697 4269
3612
3598
3611
3598
3598
3611
1348 3598 3611
3598 3611 3612
1639
1901
3621
3598
3598
2866 2578
5146
3612
2603
4881 1576
3391 5523 6034
3612
3611 3587
3598
2892 4863 3629
3876 3629 4132 3008 3876 3629 3629 2309 3876 4630 3876 1939 3157 3629 3158 3876 3629 4620 3876 1939 3158 3629
3611
3565
3598
2178 5510 3159 5071 4858
3611
2314 2416
3612 3598
5432 1901
3611
4045 3629 1567
3598
4099
3612
1939 2316 2578 2378 1481 6053 2986 2429 5058
2082 2313 4253 2155
1496
3598
3617 3612
3598 636 593 3598 605
3578
1551 6033 3008
988 3630 378 378 988 3630 3630 838 1221
3055
1542 1478
1901 3611 2316
3598 1348 3598
3598 3612
761 4095
3598
3598 3598 3612 3612 3598 3612 3612 3598
3612
1585 4793
3621
3611
4484 4761 2426 2064
3598
5527 5071 2322 3629 2954 1355 5143 3629 2139 2396 2417
3611 2591
3611
2591
3565 5090
1348
2282 2611 2612
3612 3598
5814 3612
2885 3891 4070 3598 3189 4630 4988
3612
2591
1492
3611 3612
1901
2591 5776 2155 2155 5776 2155 5776
3611 3598
1547 3068 2256 2645 2256 3068 2256 2256 2982 2645
1222
3611 3611
3630 1217 3630 1216
3598
1901 2557 2559 2557 2595 3356 2557 2591
5531 3629 4988 3629 5534
4890 3629 2317
1348 3615
3612
2591
2020 2864 4988
3611
3565
1939 3629 5066
3612
3598 1348
3611 3598
1348 1348
6032 6032 6032 6032 6032 6032 6032 6032
1348
3591
3612
3615
3612 3611
3612 3598
3611
3611
1956 2892 6035
2593
5033
1901
3598 3634
3598
3618
1348
5146 3629 5146 3629 3629 5146 3629 5146
1348
3612
3067 378
3565
3612
1025 524 1652 3630 526 1413 526 3630 591 524 1637 591 1635 3630 1637
3618
3598 1348 1348 1348 1348 1348
3634
5179 5053
3565
3611
3598
4986 3629 4980 6032 3629 6032 1945 3629 6032 6032 3629 2025 6032 1355 4747
4988 1595 4046 2325 4046 3621 2070 4046 1595 5167 4046 3621 2070 4988 4189 4638 4988 1595 6054
383
3611
4876 5098 3629
3949 3926
3612
3598 2601
3556 2595 2596
3612
3598
3611 3616
739
2591
3611 3611
1025 1530 584
5825
2071 5510 5057
3612
3614
3611
3565
3612
3598 2596 3598
2156
3611
3612
3756
6051
3614
1348 3634
3611
2591
449 5146 437 3630 1635 1413 4858 3629 3420 2691 1975
1348 1348 1348
1348
3611
3611
3611 3612
5143 3888
3577
3611
3612
3613
766 3630
3565
3621 1348
3621
2618 2599
1872 2568
3598 3598
3598 3612
3598
3611 3598 3598 3587
1478 3612 5422
3598 3598
1025 532
3105 2071
3622
1639 626 534 605 528 534 1025 435
3611
4882 3067
3612 3598
3611 3612
5527 3629
3611
3612
1901
2510 3394 5523 3629
4875
1348 1348
2885 5001 3107
2603 3565
1543
3611
3611
3612
2618
3622
6037 6037
3615
3612
4874 3692 2322 4269 2416 4070
3552
2555
4901
1348 3612
1348
3598
3589
1348 1348 1348
4881 4873 5219
3577
3565
3612
5044 2894
435 603 526
1901 2591 2560 2561
3612
5556 2508 2489 3629 2879 3629 5794
3556
3598
3621
2064 2028 2595 2591
1348
3565
6037 3389 5146
6032 3598 4622
2618 2611
2803 3395 3649 2476
3621
3565 3565
3629 4708 3698 1551
3611
3611
3068 3565
3560
4197 3598
3442 2864
3612
3611
3598
3565
3565 3565 3565 3565 3565 3598 3565 3565
3612
3611
3577
3598 3598
3170 3464
3349
5219
3395 5932 4985 4633
3613 3620 3616
3598 3634 1348 1348 3634 1348 1348 1348 1348 3634 1348
3611
3388 3468 3067
4633 437 4132 3870
3598 3598
3612
3598 3611
3612
3612
3611
720
3598
3612 3333 3345
3565
1466 1655
3611
3612 3612
3598
3611
3840 3390 3404 2295 3842
3598
2611
3611
3612
2593
3611
3612
3565
3612
3611 3587
3406 2071 2518 2916 3464
3598
3598
1348 1348 1348 1348
5812
1479 5439
5501 2265 1939
3565
3612
3488 3629
378 984 916
3598
3598
3612
3598
3611
5967 2561
1184 330 1150 1184 1150 330
3598
2591
3565 3611
2548
2593 3611
3611
3617
3565 2591 2550
3621
3616 3587
3612
3611
3598
1901
3611
3612
3611
3612
3565
6033 6033 5065
2070
3565
3565
1901
3565 3598
3765 3766 3068
3598
435
5784 1927 1923 1927 5456 1927
3598 3598 3598
2952 1558
3611
6048 4761 2866 1585
3598 3611
5146 2854 2436 3475 1601
3565
6035
3612
3565
3393
2916 2921
2330 4619 3388 2591
5825 6032 6032
3612
3556 2599
3611
3565
231 3629 5146 1512 2022 3629
3598
3565
2071
3611
3611 3612
3613 3616
3611
3598 3598 3598
3612
2593
3611
2070 5166 1502 1502
3629 2331
3611
3611
3611
3598 3612
3462
3617 3617 3617 3617 3617 3617 3617 2567 3611 3617 3617 3617 3617 3617 3617 3617 3617 3617
3622
626 1637
5166 4858
1646 1646
3611 3612
3598
3621
2594
2550 3612
378 3630 1226 1208 987
3598
3611 2593
3565
1348
3565
2593
378
3612
3612
2618
6048
3611
3598 3598
3612
3611
3621
3029
3612
3611
3611
3565 3612
3598
3612
3612
3598
3612 3611
3612
2591
3612
3598
2593
5816
3565
2593
3598
3565 3618
4796
2908 2559 5157 2567 2593
3561 2618
3630 2273
3534
3612
3613 3612
3598 4794 3598
3612
1530 1530
3611
3565 3565 3565
2316 2556 2082 3329 5218 2325 2325 2355 2595 2315 4335 5911 1543 1982 5166
3605
1348 1348 1348 1348 1348
1901
378 3068
1646
532
3390 2859
3630 983 378 1219 2860 3629 1992 3734 3630 983 1219 2860 3629 1992 3735 378 3630 983 1219 3629 2860 1992 3735 983 1219 3630 3629 378 3735 3629 1992 2861
3612 4199
1616 4778
1567 3598 3621
3598 3598
3611 4938 4440 3235 2593
2618
4858 1925 6033 1590
838 982
3612
2603
3613
5056 3395 3765 2331
3629 5157 2071 5157 3629 1478 2064 3629 5157 2064 3629 1478 5157 5531 2064
594 3630 1218 632 3630 632 3630 3630
2593 3484
3612
2593
4737
2064 6034 2314 3402 3629
3617 3616 3617 3616 3616 3617 3618 3616 3618 3617 3616 3616
3612
3598 1348
3611
5157 2336
2192 3629 3888 5793 3892 2273 3629
3612
3598
4099 4102
3615
3598
3611
3611
2692 3226 2028 2894
3612
3565 3612
3629 6053 3413 5066 1216 378 1207 3630 5033 5071 2691 3630 378 1207 1207 378 3629 3735 5066 2884 378 1207 3630 2919 3629 6053 3629 3854 5033 378 1207 3630
2590
3598
526 1652 3630 984
3598
5880 1550 3629 1207 3630 1222 1550 3629 1550 2455 5569 3629 4070 1550 2455 3629
3629 1935 2025 2071 6032 1935 3629 2158 2483 2071 1355 1355 4633 3629 4976 2192
3611
3565
2391 2455 3074 3629 2802
3611
2560 3612 3612
3620 3611 3616
2591 3565
2904 3840 4070
3598 2488 2020
3621
3577
3612
3598
3611
4793
2591
4045 3629
1962 6032 2192 3629 1935 2156 3629 3629 1355 1935 2071 4976
2593
1901 3598
1331 1334 1297
591 534
4805 4840
3612
3598
6032 3598 3598
3611
3629 5880 3885 3885 3870 3629 5794
3598
3629 4577 2766 3629 2034 3365 3366 3629 3366 2064 3365 3629 2686 6049 4582 2395
1530
3617 3616 3598
3598 3611
2560 2612
3612
4329
2161
1484 5143
3617 3612 3616 3617 3616 3612
4633 5006 2851 1952 725
3612
2593 3565
3598 3565
2591 3615
3565
3591 3591
3621 4983 4985 3411 5825 3068
5778
3589
4988 3688 2731 2808 2870 2866 5501 1944
3611
3544
1348
1601 2591
4893 6053
3005
3565
3629 5778 5778 1509 2336 3629 5778 3629 3629 3008 2476
1348 1348 3634
3565 3598
3612 3616
3598
1355 2894 1767 5803 3692 4067 3892
3611
3598
3562
2071 3406 3420
2474
3565 3565
3598
2591 3622
3459 5146 3459
3612
2627
4985
3565 1512 1480 4875 3634 5439 2578
3612
3598
3615
2395 2139 3629 3870
3612
1348 1348 1348
3424 6032 6032
3598
4605 4986
3598
3611 3612
3612
3611 2591
3598 3598 3598
3612
3629 5070 2921
3614
3613
2064 3986
3587 3611
3613
4985 5143
5033 5033
3611
2325
3598
3590
1348
1025 3883 524
3612
5157 6034
5008 6035 3391 3598 2591
3598
3598
3068 2983
3612
3565 2593
3598
3565
435 526
3565
2283
3612
3621
3611
3565
1222 1222 1222
2070 2020
3621
3611
2965
6032 3390 3391 6032 2864 3390 3565
3068
3604
1901 3613
3598
2611 5426 4633
3612
1348 1348 1348 1348 1348 1348
3598
3612 2598
1530
4894
3612 3612 3612 3612
6035 3629 4268
3611
3612
5070 2020 3629 1549 4605 3629 3629 2064 5070 3629 2025 1355
2177 5482 3629
2568 1872
2593
3598 3611
3614
2603
3598 3565 3598 3598
3614 3565
1348 3612
3612 2591
3612
3611 3611 3611 3598
3611
3598 3598
3612
2581
6042 1623
2071
3612
4192 6034 3068
3613
3612
2593
3611 3612
3611
3598
3598 2715
3598
2180 6035 2232 2180 6035
2272
3598
3614
1499
3621
2858 3565 2859
3612
2071
3598
3612
3565 2591
3611
2314 754 2314 1927 1932 2314 1535 754 1927 1923 4882
3611
1902 3598
3402 2032 3629 2032 3402 5784 3629
3571
3598
3541
3067
3565
3612
3598 3598 3598
4928 5191 1948 3390
3612 3612
1901
4046
1348 1348 1348
3598
3565
2618
3598
1586
2601
3612
3598 3598
3612
1348 1348 1348
1348
3612 3598
3598
3612
1348 1348 1348 1348 1348
2593
1348 5005 2272
6032
3611
4858 4070 1512
2560 5157 1550
1348
3611
4098
983
3620
3591
3629 3697 3765 2683 1622 1622 4069 3629 3766 4747 3629 2395 3629 4747 2395 3630 3629 4070 1622 1622 3630 4069 2683 1622 3629 1622
3565
3388 3405
3612
3611
634 739 394
5518 3629 2163 5070 3427 4863 1355
3612
1542 2434 2509 1582 2455 4890
3615
3598
3598
2932 1502 341
2770 2426 2952 1939 3888 1960
3612
3612
3598 3598 3598
3598
3598
1637 4743
3598
3611
3612
3611
3612
3611
1901 2626
3598
2508 4269 5071 5505
3612
1348 1348 1348
3611
3611
3565 3565
4874 5492 4988 5501 1585 2808
3565
2603
3611
3621
6032
3612
3629 2395 2954
1348 1348 1348
1348
3598
5218 3621
3614
6032
1355 2885 5056 2454
3617
3612 3598
3611
2591
3598
3598
1355 2919 2858 2463 5826 1974 5826 4858 2809 3840
3611
3612
3598
3614
594 594 534
3598
3611
3611
4793
3565 5090
3611
4849
3598 3598
1606
3612
3565 3611
4765 6033 6033
3598
3565
2591 3598
5157 526 3630
3565
2322 5156 5157 2336
1348 1348
3598 1901
1348 2434 3068 1348 1348 1348 1348
3419 4269 2071
6034 2507 2691 2436 2684 2863 6032 6034 2866 3836
1901
2591 5508 2479 3402
5040 1500
2603
1901
3565
3612
2482 4132
1639
3598 3598
3611
3565
