4016
4016
4016 4029
2883
4030
6114
2904
2882 4016
4030 4016
4016 2125
4030
1742 6222 1660
2403
4016
3734 4016
4016 4016 5404 5341 2904
4767 3774
2904 4016
4030
4016
4016
3978
4030
4016 4029
4016
2904
4016 4040
4005
2464 1777 1646 1778
1664
3978 4016
4029
4016
3978
4029
4007
4016 4005
2904
1498 4016
4029
4030 4016
4029 4016
2911
4030 2883
4016 2882
2125 2883
2904
4016 4016
4016
2884
6183 2410 2447
2882
4029
6768 2902 1781 1781 1781
2904 4016
4003 4035
4030
4029
4016
4040 5782 2587
4030 4016
4030
2147
4029 2313
2904
4016
4016
4030 4016
2904
4016
2904 4016 4030
4030 4029
3978
2904 4029
2904
6628
2904
4016
2904
4016 2904
4016 4030
2911
4029
4016
2313
4029
2882 4016
4029
4030
2882 4016
4035 3969 2125
4029
4016
4016
4016
5405 2694 4034
4029
2882
2904 4016
2904
2904
4016
4030
4016 4030 2901
2904
4016 4029
1498
2904
4035
4016 5820 3244 5819
2904
2904 4029
4016 2631 3967 2911
6687
4016
6151 5502 5403 2904 5494 1660
4030
4016 4030 2882 4016 2904
2904 4035
4032
5787 5787
4030
4434 6220
2883
3978
4053
4016
2313 4032
4031
2306
2313 5404 5877
4016 4030
4029 1498 4016
4016
4029 4016
4016
4016
2904 4016
4016
4016
2903 3038 2883 4016 2902
2883
4016
5879 6151 4029
4319 4016 5879 5404 5341 5341 5879 5341 5341 5341 6565 5341
3978
4016 4030
4029
4029
2904
5348 3240
4016 2911 4030
2901 2903
2904
4030
2904
4029 6151 6153 5502
4016
4016
2882
5589 4649
5522
3978
4016 3978
4016 4016
1749 1755
4030
4030 2904
4030
4029
2904
4032 3985 4016
4016 4030
4030
4029
4030
2312
2904
4016
4030 4016
4032
4016
2882
4029
4029
2868
2904 2522 4033
2403 4016 6183 2482
4030 2882 4016
4016
2493 6107
2313
2125
4029
4532 4016
4016
5496 4029 2736
4016
2911
4016 2901
2673 2984 3427 2509 2911
2904
2125
4030
2125
6222 5798 1788
4030
4016 4030
2911 4016
4016
4016
4016
5404 2709 2794 4016
4016
4016 4029
2904
4040
6222
2904
6107 2125
2904
4016
4016 2884
4032 4016
4016
4016
2904
4036
4030
4016
2447 2402 4029 5879
4030
4030 2891
4029
3182
4016 3722
4030
2853
4029
2261 5404
4030 4030
2911
4016 4040
4016
2904
4030
2857 5341 4029
2859
2904
2882 4029
4030 4029
4016
4016 4029
2306 4030
4005
6818 1782 2577 5477 1972 3427 2509 1782 1758 1782 2577 2944 2577 4649 2699 1758
2125
3978
4016 3979 2125
4029
4040 4016 4040 4016
6116 1755 3084 4016
2904
2883
5505
4029 4016
2868
4029
4016
2853
2845
2904
4030 2904 2306
2125
2838 5477 1664 4032 2911
2883
4016
4030
4032
6153 4016
4016
4016 2853
3978
4040
2904 4016
5819 4030 5404
5671
4029
4029
2884 2904 4016
4033 2883
2904
4016
2904
4030
6541
4036
4029 4016
4040
2490 5878 4016
4016
4029
4030
4029
4016
4030
2858 2857
2883 4030
4030
4016
4016 2883
5394 4016 1753
4016
2911 4016
4033
2884
3991 4016
4016 4589
4035
4016 4031
4030
3974 2883
4030
4029 4016
4016
3984 4016
4016
4016
4030 2911
4016
4016 4036
5497
4016
