4016
4016 4016 4029
4016 4040
2908
1498
1498 4034
4030
4030 1498 3978
1498
4029 4030
4040 4016 2908
4030
4016 2125
4029
4030
2125
4029
4016
3978 4016
4016
4016
1498
4029
3978
4029
4016 4030 4016
4016
4029
4016 2908
1498
2908 4030 4016
4016
4016
4016
2091
4029
1781 1498 1781
4016
3978 4016 4003 4035
4016
4016
1498
4029
4016
4016 4016
4029
4016
1498
1498
1498
4030
4030
4030 4016
1498 4016
4016 3974 1646
1498
1498
4029 4016
4030 4016
4016 3978
4029
4016
4016 4016
4016 4030
4016
4029
4016 4030
4029
1498
4016
4030
4030 4016
4029
2908 4030
1498
4016
4029
1498
3978 4035
4029
4016 1498 4030
4016
4016
2125
4016
4029
4016 4030
4029
4029
4040
4016
4030 3978
4016 1498
4030
4007 4034
2509
4016 4029
3084
4016
4030
4016
2901
2125 4016 2908
4029
2904
4016
4016
4030
4029
1498
4030
1498
3978
4033
4016 4016
1498
4016
4029
4016
3978 4016
3038 2908 2871
2908
5522 2424 1705 1703
4029 3978
4016
6801
4040
4030
4016
4016
4029
4040
4016 4029 4016
4016
4030 2904
4030
4016
4016
4030
3978 4033
4016
4016
3955 3978 2908
4033 4016
4034 4029
4016
4029
4032 2904
2908 4016 4029
4029
2881
1498
4359
4034
4030
4016
4030
4030 1498
4016
1498 2908
4016 4029
4029
4016
1498
4033 2908
4016 4030
4016
4029
4030
4016 4030
4030
4016
4029
5736
1498 4016
4029
4016 4016 4016 4030
4016
4029 1498
2168
4030 4016 2908
3262 4166 2509 2886 2575 2509 3427 3427 2509 1655 3427 5810 2509 3107
4016
2125
4030
4016 4030
4040 2903 6542
4016
4030
6116
4030
4016
4016
4016
4030 4016
4029
4036
4016
4029
1707 1749 1498
4030 4029
4016
4016
4016 2908 4016
1640 4030
4016
5879
4030 4016
3978 4016
2908 4016
4040
4016
1498 4016 3978 3978
4016
4029
4016
4029
4029 2908
2125
4030
2904
4029
4016 3964
4016
2125 4016
2908
4029
4029
4016
4029 4030
1666 5877 1666 4016 1666 1675
4016
4030 6804 4016
4005
1782 4298 5482 1758 4327 2587 1717 3309 1782 3426 5798 3199 1716 4875
4016
4029
4040 4016
4023
4016
4030
4029 4016
4029
4030
4040 4029
2908 3974 4016
4016
4029
4030
2125
1689 2277 4032 4016 2908
2908 4030
4029
4016
4016
4040
4016
5671 5671 5671 5671
4016 4016 4016
4016
4016
2908
4016
4040
4016
4030 4016
4016
1498 4016
4016
4030
4029 4016
4029
4016
1498 5789
4016 2871
5877 1498
4016
4016
4029
1498
4016
4029
1498 4030 4029
2908
4029
3978
1498 4040 2838
4029 3978
4036
1498
4030
4029 4003
1498 4016
5736
