1498 1498
703 1695
2472 2402
5496 2174 3226 5717 6559 3229
4030
2883
4003 3727 4016
4016
2911 2883 4030
4030
4016
4016
4016
4016 1498
2312
1498 1498
1498
6817 6148 6820
2911 2084
1810
4643
4030 4016
4030
424
650 702
4040
4016
1498 1498 1498 1498 1498
4016 2307
3776
4016 2911 4030 4016
4030
4016
4016
4029
4029
814 1498 702 1135
4016
1498 1498 4016 1498 1498
4029 4016
4036
3978 4016 2313
4040
4016 6802 5617
3783
1654 1579 1972 1815 703
4029
2904
2884 3978
2883
4040
4030
4041
4016 2882
2883 4030
4016
3969
1498
1498
1498 1498 1498
1654 3345 2206 5820 5622 3191
2911
4030
5786 5494
2883
2313
3978
4029
4030
4016
4029 4030
2312 4016
4016
1656
2883
1498 1498
4016
4016
2883
2965 2313 2384
3195 3196 4030
4016
3978 2911
1498
2318 1793 1217 424
4016
4030
2883
2853
4029 4016 4029
6548
1936 2745 2746 2312 2965 6802 2590 699 2264 424
4029
4029 4643
1498 1498 1498 1498 1498 1498 1498 1498
4016
1498
4029
2882 4016
1769 1754 6545 1764 1754
1810
2904 1656
4029
1498 4016
4016
4029
4016 2883 4643
2802 6559 2663 3868
3427 2904 2772 2522 2956 2794
1695
2313
669 702 1810
1498 1498 1498
5218 3788 1507 6559 5354 2771
1345 424
4016
2882
4016
4016
2911 4016
2904
2882
4029
2883 2883 4029
4016
3049 2975 3091
2904 4016 4770 4767
4016 2911
4016
2883
1717 1793 6512 5842 2718 2313 2287 3229 4016 3356 2589 5477
2126 2084
3473 2270 4115 5610 3813 4421 3472 2802 2623 2996 3381 2318 3559 3186 4182 3473 3789 4118 3185 3559 2623 4112 4421 3473 1741 5369 3381 2270 1748 4421 3122 4610 6801 3186 4118 5108 2623 3471 3559 1507 2155
4643 2893
4016 2911
2313
4030
2893 4016
6143 1695 6107 1782 384 2911 1782 384 1754
4016
4016 4029
5696 5794
2911
2882
4031
4029
4030 1654 4429 2480
4030
2886
1498 1498 1498 1498
4029
1789 1777 1665
4016 4030
2893
1642
4016
3194 2184 3991 4341 5404
4016
4029
2312
4016 1695
2312
2882 4030
5494
1483 1470
4016
4029
4029
2528 5405
4030
4030 4016
4030
2263 3867 2226 4429 3229 6245 3552
2196 5504 2084
4016
4030
3964
2883 2893
1683 6189
3776
2792
6189 2159
4016
4029
2911
2883
1498 1498 1498 1498 1498
4016 2871
2901
2884
6209
5798 2764
2882
4040
3978
4029
4016 4005
4029
4029
4029
1781
2911
4040
2883
2312
703 4317
4016
4016
4016
2904
4003
4029 2904
4643
2884 3978
2883
4030
2883
2904
6558 2883 3783
4016
1498 1498 4016 1498 1498 1498 1498
1498
2312
4016
4030 4016
5610 5696
2904 4016
4016
4643 4029
4030 4454 4030 6781
4029
2911
4643
2904
6809 1807 6804 6804 6241
1498 1498 4016 1498
2312
4016
4030
2911
4036
4016
1498
2509
2509 4029
4532 2840 4040 2240 2883
2312
6724 2889 2883
3296 3188
2868 4016
6687 2273 4557 6214
4016
4476 1708 4481 4482
2893
4040
4016
3991 4016
4016
4030
4016
4030
2883
2306
4030
2402 3190 3785
4016
1361 424 1348
2312
5665 3473 3195
3962
4030 2313
3324 4016 3459 5642 3680 3815
4016
2882
2313
4030
1498 1498 1498 1498 1498 1498 1498 1498
4040
2904 4016
4643
4007
6565 2545
4016
4029 4016
1498
4016 2125 1714
4016
3978 2883
4029
2884
692 1652 5708 588 671
4016 4029
3427
4016
4016 2904 2241 5534
4040
4029
1656
4036 3978
5713 5215 3219 5843 1688 1507 5663 2306 3339
3978
4031
4029
5369 1748
4016
4016
3978
4016 1660 4030 1661
4016
4932
4030
4030 3978
4029
4030
3829 3181
4029
2883
4016
1498
5214 3182
2883
4030
4016
4016
2911
4029
1498
2585 5877 5789
4016
4643
4030
4034 4035
1498
3974
2125 4016 3978
4016
4210 6249 2313 6248
4016
4029
4016
4016
5511 5511 2911
1716 4030 1716 3784 1716 3785 3226 2911
1705 3049
4030
1498 1498 1498 4016 1498 1498 1498
1810 493 1812
4016
2904
3978
4016 2911 4030
4033
4016
4016 4029
4016
4029
4035 4035
2427 2193 1717
2911
4016
4016
4007
4016 4016
4030
4040 4643 4016
4016
2264 5160 2312 5505 1695
3346 3805 2310
2261 2904 4016
4016 4030
4030
2759
424
4030
4029
4029
2904
1498 1498 1498
4030
2883
4033 4033 2883
4016 2882
4016
4016
4016 4030
2884
2522 6628
4033
649 660
3978 4016
7186
4029 4003
4016 4029
4643
594
5502 5496 1664
2911 4029
2891
2821
4643
4016
3427
1498 4016 1498 4030 4053 4016 1498
5404 2883 5713 2193
3978
3789 1752 4118
1733
6241 5878
2883
4030 1642 1644 2395
2084 1724
4016
4016
4029 2904
2939 2579 5634
2313
4016
4030
4029
4016 2883
4016
2696 5622 5490 4016 5050 1819 2312 1579
4643
2209 2209 2794 1703 3260 3352
3978
4016
6209
2312
2312 4029 4016
2579 4016 2589 5404
4030
4016
4030
1131
4030
2904 2307
4643
2584 2773 2713 1661 6500 2522 2736 5501 1777 3788
4030
1498 1498 1498 1498
2883 4016 4643
5478 3240 3180 3226 4557 4016 3785 3784 4123 5478 3185
2882 4030
2911
3197 2173 4016 3240 6175 2883
6539 3969
4007 4007
3994 2911 4016 4029
2883
4016
4016
4016 2326 2319 2311
4016
2161 5810
1579 703 1819
692 657 261 596
4016
4030 2882
4030 6113 2902 2901
4029
2125
1498
6117 6121
4040
2313
2883
2904
4029
4016
2883
2883
2313 2843
1660 1708 1707
3829 3805 2313 3971
2312
5496 2578
4029
2883
1642 3759 4016 1741
1345
3744
4016
2901
2194 2159
2883
5502 6199 2904
6632 4997
4016 2904
4030
6527 1752 5798 4016
2312 4016 5463
4016
2884 2911 4029
4029 4016
4016
1700 5496 1664 4016
2084
1498
4016
4048 4770
4016 4643 4016
488 588 488
4016 4030 1640 2306
2883 4030
4885 3426 815 3806
4029
3985 4029
4030
2313 5794
4030
4016
3978
2904
4016
4337 1507 2704 2164
2911 5494 4053
4030
2868
4016 594 674 702
4016
3789 3788 1507 5503 2310
1673 3052 4769
1498 1498
4029 4016
4016 2904 3978 4030
4016
4031
2699 3549 2590 3075 3065 3186 6176 6822 5478 3064 6793 6176 2590 3001 6199 5478 5622 2965 4016 5361 3089 3292 2384 1652 3077 6793 6178 4180 5478 4624 4016 3023 4181 2575 5361 3065
1498 2313 1498 1498
1498 2313 1498
1498
2125
4030
4030
831
4180 5478
2883
4029
4029
2384 4123 4123 2384 5207
2882
4016
3978 4016 2883 4016
2883
1131 1079 1089 424
5836 2193 3218 3189 2270
1498 1498
4030
3978
4030 4016
3295 4767 4512
2790 6687 2694 2790
4030
4016
2312
1783
4016 4040 4030 4040
4030 4016
1845 1697 1579
3969
4016 1498 4053
2261 2696 2164 1742
2841
4031
4016
4016
4030 2883 4016
5404 6220 4031
4016
6682
4030
4036
1498 1812 1498 2696 1498 1498 1498 1498 1498
1703 1705 4030 1703
4030
4030
4029 4016
2911
4030
4029
4029
1498
4031
2312 4016
4029 2883
2882
4016
2522
4029 4016
4209
1498
4016
3776 5369
4016
2312
3978 4016
4030
4040
2893
1361
2883
4016
3121 4306 5665 2389 1507
2084
4030
4040
4030
4532 4040 4030 6707 4016
4029
4030
5798 4293 2707 4030
4029 2904 4016
4016
4030
4029
4030
4036
4029 2904
4016 2313
2904 4031
2312
2911 4029
4016
2694 3213
4030 2084 2866
4016
2883
4016 4029
4030
3789 2384 4558 2883 4203
4033 4016
2792 2594
2904 2904 2312
4016
1498
3601 2736 2736
2685 2689 5176 5878
4016
4030 4016
4608 4557 1673 5842 6804 2318 3236
1498 1498 1498
3427 2313
5724
2883 1717 2482 4016 4029
4764 1977
4029
4016
4016 2312
1664
1754 587
3978
4016
2904
4030 2838 4016
1572 495 659
2911 1941 2312
4029 4016
2772 4016
4029
4016
1707 4016 3038
2885 2886 2883
4029 2904 3978
4029
4016 4016
2312
702 596
4016 2911
4030
3415
3189 4016 5343
4029 4016
1729
1800
2312
4993 6209
2904
4029
1131 1089 1016 424 1355 4016 1131 424 1088 1356
2312
3355 1819 2587 1507
1654 4016 1812 702 657
424 4049
4029
2313 4029
6199 5405 4016
4016
4048 1936 1655 1708
2882
2313
4030 4030
1358 4049 4799
4031
2883
4030
1346 4049 1346 4049 1345
2883
1498
2883
4029 4016
4031 4029 4016
4016
4030
5676
2575 5503 1777
2848 4034 2904 4029
4016 2868
1579 3427
2125 4016 2883
2904
260 4317 4317 260 4421 260 5716 260 4016 260 2699 4317 4317 260 2699 4317 260 260 5205 5716 260 260
2312
2313
2882
4029 4016
2312
2313
2902 3426
4048 5511 2035 4049 1360
3324 3822 2575
4029
2883
4016
2904
4030
2883
4030 2911
4643
4030 2312
4016 702 1812 659
6235 5344
4030 2884
4016
4643
4016 4029
4029
3969 3427 6194 3978
4016
4643
4030
4030
6558 1754 1752 6558 3298 3299 4191
4016
2883 2883
4029 2883
1699 6104
3766 6241
5696 3323
1498 2312 1498 1498 1498 1498 1498 1498 1498 1498
2306
3196 3788 3323
2883 5478 4784
4016
4029
2884
2904
2646 2868
1498 1498
1345 424
2312
2911
4030 4016
3259 6138 2736 3190 3532 3782 3805
424 1006
926 1089 1358 1355
4016 4016 4016 4643
4016
2884
2312
1626 1819
4041
2228 3471
4016
2156
4643
5502 1664
1498
4016
1348 1361
2312
3979
4016
4029
3785 379 1638
2125
4029
4016
2904
6196 3356 260 2790 3356 260 5696 6189 3356 260
490 671 594
4016
4030 6726 2883 4016
1579 2313 6194
2901
5405
2312
4016 2704 3782
4030
2911
4029
4016 6189 2764
4029
4366
1753 1672
6805
2313 1662 6733 1507 3199
4202 3190 2584
3195 1715 5810 3227
2125 4029 2306
4030
3459 3427 3244 3934 2799 2509 2824 3262 3427 2509 4166
6222 260 5478 6559 260 6222
4016
4016
2904 2883
4016 4030
4041 2883 2084 2883
1355 1092
596 1133 692 593 1133 1810
4016 4030
4016
2209
586 1729 1498
1498 1498 1498 1498 2312 4053 1498 1498
2904
4030
4030 4029
2884 1498
1361
4016
1498 1498 1498 1498 1498
5708 4030 1648 1758
3199 3197
4030 4016
4016
1498 4016 1498 1498 1498 1498 1498
2306
424
2883 4032
4799
2904 2312
260 3547 3181
1498 1498 4053 1498
2353
3781 5713 2792 2173 5500 3781 6559 2181
2904
3182 260 1507
1579 5789 703 659 586
5635 6803 5698
4016
1697 1579 703 1697 4030 1697 703
2886
1579 4118 5698 3195
2482 2883 5404
1579 703
2312
4035
4036
4029
3962
4030
3180 590 3899 2527 669 2148 346 2704 488 5877 6624 3181
4764
4007
2425
4016 2313
4643
6682 5708 1733 6089
4016
4029
2883
4016
4029
3244 424 1345 2147
2902
4016
3426 5094
4029
6632 1665
2313
4030
4030
4029
4030 2904 4016
4016 5494 5502 1664 5496 2904
3292 6801 3244
2211
3327 2410 4016 2575
4365 4390 5369 6801
1639 4040
4029
3427 3290 2759
1782 3381 384 1782 384 3381 380 382 1679 1782 384 1679 382 1782 384
2883 4016
593 672 1629 593 1629 672
1181
596 490
1498 1498 1498 4016 1498 1498 1498
5642 1655 3219
2313
2169
4029
1498 1498 1498
2868
4030
4029
1729 1498 1812
2312
3355 2983 2587 3552 260 3356 260
2312
4016 2313
3978 2264
2904
2312
4029
2911
6262 4118 2767 2971 2169 6261 2766 2168
4029
3801 4123
1971 4016 1973 4030
5695
4030
3991 2312
4016
4016 4029
2883
2911
6222 699 2231 6570
3978
4030
3979
3978
3972
1688
1812 671 488
1753 5390
1367 2884 6729 1367
3195
4016 4643
3866 2313
2883 4016
1695 703 3978 4029 1819
4029
4029
6209
4029
4029 2911 4016
2883
4016 4030
4016
4003 4029
2312
4030 4016
4030
4016
4016 4029
2911 1694
2883
2911
6148
1354 4049
2904
4030 2911
4029
4034 2313 4030 4016
2313
2405 6804
4016
6151 5877
4016
4030
6800 5390 5369 1754
2125 6098 4016 2717 596
5490 1642
4016
4030
2904
5405
4016 3978
2840 2838
2312
6255 5744 6235 5744 1815 1815 6255 5744 1815 5744 4423 1815 2156 6235 5744 5511 1815 1815 1815 5744 1815 1815 1815 1815 1815 1815 2778 5534
2311 6179 594 3551
4643
4029
4016
4016 4029
4016
2883 4016
4029
2911
4030
4016
4016 3971
4993
4040
1080
3978
593 5504 594
4030
4030 4029
4016
2853 2911
424
1131 424
4029
2313
1498 1498 1812 1498
5689
1672 2480 2410
5495 5696 6107 5369 1700 5478 6166
6255 2587 2765
4643 4016
2883
1345 424
4003 4029 2882
424 3185 3427 3185
4016
4016
4016
2883
6189 2588 2695
4029 2509
702 665 3548
5663 1015 2169 2313
4040
4016
4029
4029
2883
2313 4031
2312
5810 5343 6160 5509 6803 5810 3244 2883 3244
2882
5696 5698
2790 5882
2911
4030
2882
4029
4016 4029
4016
4335 1708
4030
1498 1498 1498 1498
2943 3015 6624 2883
1015
6507 3978 2884
3978
1088 424 1440 4049 2228 2207 3191 4048 1358 4049 424 1088 4048 3190 3219 2792 3191 2207 4048 4048 3191 3780 1088 1358 4049 424 3190 4048 3782
1358 1080
3377 3781 388 5478 2911
2911
4016
4016
4030
4049 424
5462
4029
4016
1358 1093
2884
2313
1733 2736
4030
5453 4764
4016 4053
260 3783 2384 260 5681 3190
260 6212 2932 593 671 1695 260 1507 6153 5622 260 2306 2959
3426 2522
4040
4029 2313 3784
2911 1674
2911 3978
6116 6122
5494 2736 3785 2694 4048
5497 1686 5402
2662
4030
5810 260 6559 2585 2189 1507 1507 6559 2585 2174 260 5810 6559 2174 1507 5810 2585 5810 2585 6559 1507 5810 2585 2189 1507 6559 260 2585 5810 1507 6559 1507 260 2585 6559 5810
3427 2125 4016
2904
260 593 703 1815 1825 260 2193 6199 5787 2193 4317 260 260 4317 3783
2883
1498
2883 3978
3131 3195 3426 3186 2325
596 1695 659 1133
2169 5696 4284
260 3238 5163 3356 260
2911
3978
4030
2911 4040 2884
3356 6818 260 3822 260 260 6173 3356 2718 2587 260 2595 5358 260 5355 5354 2595 2587 5358 260 5358 260 260 6506 2168 260 6263 2765 6565 6263 2778 260 2736 260 2169 3356 2587 1507 260 260 3182 5348 260 2699 6506 4525
6179 2270
4016
3978
3978 2883
3982
4016 5496
2709 3813
4029
2882
4016
2868
4030
5502 5494
260 3182 2736 6153 260 1941 2736 2525 2164 5610 2736 260 2736 6251 260 1507 3789 260 5610 3549 1507 2154 260 2736
4016
6565 3258 260 3556 5697 5619 260
4030
4030 4016 4029
2883 5842 702
5478 2736 1775
2736
4030 4016
1498
4016
2883
5634 5635 3291 1507 260 260 4879 1507 2790
2084
6183 1358 2883 2227 424 1089
4016
3978
3471 260 3783 260 2579 2696 260 5511 4317 260 2736 2694 3783
6509
4029
1655 5395 6148 2125
2313
1758 2312 1695
1498 4016
4016 1825 1805
6534
4532 4030
590 594 675 1815 1133 1695
2306 2885 4029 2883
3978
5344 5787
3780 3783
4016
2883
4016
4029
2893 2911
4016
4030
1507 3887 2384 260 260 3356 260 1507 3356 4317 5348 1507 260 260 3887 3310 260 1507 2790 2667
4031
2852
4029
4016
4030
702 1694
4016
4016
4029
1793 2410 3195 2313 6504
6220 6221 6228
1498 1498 1498 1579 1498 4016 1498
4003
1572 2530 671 587
6820 424 3783
4281
4016
1667 381
5491 4031 4301 4016 2450
4030 4016
1507
4016
4029
4030
4030 4016
4016
4016 4029
4040
4029
4029 4016
4016
4643
4049
3978
6506 5787 4625 2168 6235 4625 6235 6241 5502 5787 5500
6230
2911
4003 4029
2871
2904
260 3806
260 4611 2313 1672 6801 2169 260 2275 2694 2169 260 2277
4016
1498 1498 1498 1498 1498 4016 1498
2911
4016
4030
4122
3301 2313 1775 4077
1498 1498 1498 1498 1498 1498 1498 1498
1355 424
4029 4029
1498 1498 1498
1498 1498 1498 1498 1498 1498
2911
2125
4036
1498 1498 1498 4016 1498
4589
4016
4016
4034 4034 4039 4034 4034 2209 1664 4034
4030
4029
5619 3533 2164 260 4323 1733 4625 260 1507 1733 1792 260 1650 4317 260 2261 6248 1733 2219 260 4317 6758 260 2261 2219 1507 6220 3533 3558 260
4016
1498 1498 1498 1498 1498
2168 6687 1507 1661 4557 2189 3548 2306
2904
4016
2277 3185 3684 2313 2174 4586
4031
4016
1579
4016
2883
1498 1498 1498 1498 1498
2883
6114 6229
4016 1498 1498
4031
4030
1700 1786 6222
2904 5086
2306 5678 4016
2943 5789 2185
1498 1498 1498 1498 1498 1498
1498 1498 1498 1498 1498 1498
4016
1367
4030
1507 2156 6559
1498
4016
4016 4029
4040
6199 6803
2883
4036
4029
2911 3985
1498 702 1825 2736 4783 4118 3227
4030
4030
2125
4016 4016
5460 5469
4029
1498
1498
4029
4030
6248 5358 1498
2988 590 814 2313
6801 5622 2313 2590 6803
4035
4041
4029
1006 424 1016 1089
3195 5632 3426 6821 3203
1016 1358
