1498 4016
703 1695
4016
1656
4030
2849 4016
2883
2911
4029
4030
4016 4029
2194 2312 3564
1498
2312
2882 2155
2883
1498 4016
1498
6114
1498
3978
2883
4030
1498
3776
4016
4016
4016
4029
4030
1695 5203 6189 2181 5696 2311 1819 5205
4029
2893
1695 672 588 1133 2312 1695 1810
2270 4421
1498 1498
338 368 389
2882 4016
2600 4333 2584
5497 4016
5478
2904
3298
703 703 1660 5502
4029
2850 3978
2883 4030
2918
1498
1498 1498
2911
4030
2313
2125 6189 5500
4029
4643 4016
1716 3931 3196
3734 4016
1498
4016 4016 5404 5341 2904
2312
2904
4767 3774
4030
4016
4030
1476 1441 1473
2904 4016
2312
2156 5504 3191 5619 1507 3645 3196 3196 5620 5504 2384 1646 1507 2313 2663 3227 6822
4016
4016
4643
1498 1498
3978
1498
1656
2594 5634 4784 2529
2313
4016
1498
4016
4029
4031
4016
2904
1498 1498
1656
5218 3788 1507 6559 5354 2771
4029
4029
2125
4016
1498
5681
4005
4016 4029
2883 4029
2883
1664
4016
2126 2084
3473 1741 5369 3381 2270 1748 4421 3122 4610 6801 3186 4118 5108 2623 3471 3559 1507 2155
6225
2312
4016 2904 3978 3978
2911
4016
2269 3493
1664 6500 2209
3978
2893 4016
4029
4029
4016
1754 1695 1675 384 1782
3978
4029
4029
2911
2904
1498 4016
4029
4030 3978
2886
1498 1498 1498 1498
4029
1789 1777 1665
4030 4016
2893
2904 2313
4029 4016
1088 698
3978
2904 4030
2911
3296 3298 4764
2904
2904 2883
2884 4029
3867 2226 4429 3229 6245 3552 2263
2196 5504 2084
4016 2882
2125 2883
2883
1498 1498 1498 1498 1498 1498 1498
2904
2904
3978
5404
2884
6183 2410 2447
703 1498
2883
4029
6768 2902 1781 1781
2904
4016
2125
4030
3969 2883
2883
2904 6541
4029
4030 2125
4040 5782 2587
4029
4016
2883
4016
1498 1498 1498 1498
4029 2313
4041
4030
4016
4040
4033
2911
4030
1498
2312
1770 1764
4016 588 1572
4016
2883
2312
4016 2312 2904 1498
4557 6687 2273
4476 1708 4481 4482
2893 2904
1015
4016
2904
4016
2904
4016
2854
671 1812 1659 1695 1572
1828 1626
3324 4016 3459 5642 3680 3815
4016 4643
5713
1498 1498 1498 1498
2091 2884
5404
4016
2904
4016
4029
2312
4030 4029
2883
3978
3978 2883
2883
2884
4040 2091
2904 4029
4016
2904
6628
2904 4016
4003
1656
2904
4031
4016
2911
4032
4029 2904
4029
4016
4029
2883
4016 2313
1498
4029
5214 3182
4016
4030
4692 4016
4049 424 844
4016
4030
2883 6160
2904
4016
2904
2904
2883
2904
1498
4016 3978 3978
688 434 1193 693
2904
4384 2904
4029
674 1729 1812 692
5511 2911
3784 1716 3785 3226 2911 1716 4030 1716
1705 3049
3427 4016 6558
1498
702 1812 493 1812 493 1812 2904 493 1812
4030
2882 4016
2904
4030
4005
4029
6682 2154 1660
1758 5879
4040
4030 2904
2883
2904
2884 2904 4016 2480
2261 2904 4016
4030
2904 2901 4029
5617 844 5819 5619
4029
4016
1498 1498 1498
4033 2883
4016
5405 2694 4034
2904 4016
671 500 3866 665 669 1815 1695
5093 2904 5361 2694 5516
4029
1572 671 594
7186
2904
4029 4003
2904
4016 2313
2904
6721
2904
4643
4016
6166 5496
5404 2883 5713 2193
6773
4016 3978
1733
4030
2084 1724
4016
4016 4030 2901
4029
2313
2904
4016 4029
2209 2794 1703 3260 3352
4016
2312 4029 4016 4029
2850 2838
2904
1498
2904
4029
2709 3427
2911 4191
2883 4030
2883
2883
2904
4016 2326 2319 2311 4016
1579 703 1819
692 657 261 596
2904 4029
4016 2631 3967 2911
2307
2884
1677 4016
4985
2269 5663 5642 4557
2904 4016
4030
2883 4016 4532
1660 1708 1707
3829 3805 2313 3971
4030
1345
3744
4016
3553 2663 2522 4202
4016 4030 2882 4016 2904
4030
2883
4643
4016
2911 4029 4016 2911
1700 5496 1664 4016
2084
2904
1498 1498 4016
4643 4016 2904
588 488
596 1572 657
4016
5787
4016
4030
4016
1754 2270 3782 2772 3194
2904
2883
3978
4016
4053 4053
2883
4030
1498
3789 3788 1507 5503 2310
2883 2126
1498 1498 1498
4016
3991
3292 2384 1652 3077 6793 6178 4180 5478 4624 4016 3023 4181 2575 5361 3065
1498 1498
1498 1498 1498 1498
2312 4040 2904
4030
4029
4029 1498 4016
4016
4029
4123 2384 5207
4016
4016
4016
2883
2312
5174 2269 3870
4016
2904
2883 4697 4386 2867 4931 2861 6132 6543 2868
2903 3038 2883 4016 2902
3978
4643 2838
4016 2883
4016
4030 2883 4016
3242 2572 5634
4016 5369 2904 1708
1498 1498 1498 1498 1498
4016
2530 424 2696 2313 3783
5879 6151 4029
4319 4016 5879 5404 5341 5341 5879 5341
2792 5820
1367 5617 424 1364
4016
2306 5432 3560 2663 1649 2801 1507 2189 4112
4029
2883
4029
2904
1498 1498 1498
4029 2883
2904 5696
4029
2904
1498
4016 2911 4030
4030
3776 5369
2904
3978 4016
4016
4029
3298 4016
2883
2084
1367 4049 1088 1348
4030 6707 4016 4030 4532 2859 4040 4030
4016
4030 1498
5798 4289 4286
4016
4005
4030
4030 2904
2904
4030
3767
4016 2312
2911 4029 4030
4030
4040 2904
4029
4029 6151 6153 5502
4030
3789 2384 4558 2883 4203
4016
4016
2594
1498 1498
1579 2736 379 1638 2736
2685 2689 5176 5878
2904
3978
4040
2904 4029 2312
4016
1498
1498
2884
2883 2904
2904
4029 2312
2158 3218
5348 2189 2904
2904 4016
1748 2405 1753 2410
4030 2904
4030
1498
4016
1572 495 659
4029
2766 3426 3197
2904
2848 2091 2858
4029
4016
2885 2886 2883
4029
4016 4030
702 596
4029
649
4029
4030
4029
4029
4029
1346 1361 4049 1367
2313
4030
1345 4049
4029
1498
2838
1498 4348
3548 3831 6559 3840
1507 2270 3190 3867 2185
2904
2883
2312 6726
4030 4016
4030
588 5676 5820 5676 588
1088 1358 1131 1346
3971
260 5205 5716 260 5610 260 260 5610 4525 260 260 5204 5205 5617 5620
2883
4032
4029 4016
4049 424 1367
4029
4029
2883
2904
1675
4643 4005
2884
2904 2522 4033
4016
4016 4029 4029 2125 5736
4029
4401
2403 4016 6183 2482
1752 4157 3188 3190 5820
2904 4016
2774 2544 4048 2579
2883 4033
4036
2883
1498 1498 1498
4032
2306
4643
4016
4016
4029
5736
2911
2493 6107
4016
4029
1006
2312
4016
2890
4016
6515 4365
2904
4532 4016
4016
2866 1348 3419 1361 2085 2884
4016
4031
5494
5496 4029 2736
6196 3356 260 2790 5696 3356 260 6189 3356 260 1664 6189 260 4323 3356 5698 3356 260 260 3356 6263 4323
490
4643
1579
2904
4016
4030
1498
4029
2313 1662 6733 1507 3199
2125 2883
2883
703 1695
4016 2901
2673 2984 3427 2509 2911
5500 5504
2883 4016
2904
2883 4016 2904
1355 1092
2125
2790 3427 3182 3674 3185
4030
3978
4029
3978
1498
4030
1498 1498 1498 1498 1498
4030
3775 3777
4030
4030
1498 1498 1498 1498 1498
4030
4016 4030
1498 1498 1498 1498
1662 1672
2883
2904
3978 2884
4036
1498 1498
4029
4016
2904
4029
4030 5877 1716
2695 3788 2306 6189 3548 3805 1777
4016
1697 703
2883 2904 4016
5404 2709 2794 4016
4016
5622 5503 4016 2313
4029
4016 4029
4016 2904
4029
4029
2902
6801 5789
2934 596
3978
6222
2904
1679 382 1782 384 1782 384
593 1629 672
1181
2904
1498 1498 1498
2868
4029
1498 1498 1498
260 2983 3828 6822 3324 260
2884 2882 4030
2288 4090
4889
6809
5794 5782 260 3310 260 3310 5794
2312
4016
1498 1361
1579
4118 2767 2971 2169 6261 2766 2168 2767 4117 3007 5517 3999 4622 4118 3027
1498
4016
4029
3427 1705 1654
3991
4029
4030
4016
4030
5798
3978
1934 3196
3978
3979
2904
4036
4029
4040
1753 5390
2882
6173 3565 260
4030 2891
4029 1819
4016
4016
2904
4030
2853
4016
2911 1694
2860 2857 3747 2864
4016
1707 2306
4029
2904 5496
4034 2313 4030 4016
2904
4030 2883 3978
4030 4030
2911
6098 4016 2717 596 4029
1498
4016
3978 2883
4030
2904
2904
4016
2778 5534 6147 1815 1815 1815 1815
5794 2736 5404 3955 2736 2585
4643
4029
4029
4029
2859
2694
3978
594 346
3427 2424 4767
4030 4029
4016 4016
1498
5692
2884
1819
4030
2883
6818 1782
4003 4029 2882
2589 490 4317
4016 1498 1498
4016
3185 3427 3185
4016
3978
2904
4030
4029
5663 1015 2169 2313
2531 3180
4029
4030
1819 1579 2261 6818
4029 5002
4040 4016
6116 1755 3084 4016
4029
4029 4029
6558 2796
1498 4016 1498 1498 703 1579 1498
2883
4029
4049 424 1088 3190 3782 4048 1088 424 4049 4048 3782 3190 1088 4049 424 2207 2228 4048 3191
2883
5505
4029 4016
6803 3244 1652
2868
3298
4016
1094
4049 424
4030
4016 4016
260 3258 5620
4016
2440 3868 3664
2884
4029
4030 2904 2306
2125
4030
260 2972 3807 3427 260 3435 5671 5204
1507 6153 5622 260 2306 2959
4040
1674 1664 4032 2911 2838 5477
1792 6251 260 6189
1507 260 2585 6559 5810
4016
2623 260 2193 4317 2193 260 4317
2883
1498
3426
596 1695 659 1133
2169 5696 4284
2883
3356 260 3822 5348 3356 260 2704 4298
4040
2587 1507 260 3182 5348 260 260 2699 6506 4525 5714 5713 260 5633 260 3356 5348 6263 260 5713 2718 3891 5882 3356 260 1717 5713 260 5348 5714 1717 5619 260 1507 2932 260
4032
260 3471 4323
2709 3813
4029
4016
4016
4016 2853
2883 4030
3978
2884 2911 4040
4016
1812 2904 2883
4040
3789 260 5610 3549 1507 2154 260 2736 1935 2154 2736 5610 260 2154 5794 260
2883
2883 5842 702
2904 4016
5478 2736 1775
4016
2084
5405 1667 6762 3196 381
2904
6657 5845
3548 260 3828
4016
2904
2709 4030 1972 2699 3199 2979 4340
4029
5503 1661 1498
596 675 1694 260
1498
2408 2480
4016 2883
4030
2904
4016
4030
4029 6541
4016
5635 3203 2167 2211
2904
588 1695
4016 4040
4029
4030
4030
3310 260 1507 2790 2667 1507 260 3887
4031
2883
4036
4029
2911
2883
4040
1793
4016
4029
1778 2773 2205
1498 1498 1498 1498
587 1572 2530 671
4030
2490 5878 4016
4030 4016
260 3789 4340 1972 5695 260 1972
4030
4016
4029
4016 4029
1673 5405 6221
3835 2694 3839 2173 2608 3789 3840
2904
1345
4029
4029
3978
5500 5500 5358 4016 2765 831 2765 5787
2904
4030
4030
3978
4016 1498 1498
2911
4030
5394 4016 1753
1498 1498 3299 1498 1498 1498 1498 3299 1498
1498
4029
2911 4016
1498 1498 1498 1498
1498 1498 1498 1498
5794 260
3788 2261
3787 5478 1717 3218 3219 4118 3217
5404
3533 3558 260
4016
2384
2893
4016
1708
4029
6793
4030
2883
4030
1498
4078
4016
2943 5789 2185
1498 1498 1498 1498 1498 1498
1498 1498 1498
2853
4016
4016
4016
4030 2911
1695 674 596 2704 1807 660 1498 649 1498
4016
4016 4036
4029
2578 3839 6812 3805 3801
4016
5469
1498 1498
5497
1498
4030
3547 6189
2313 2590 6803 6199 6199 2313 6822 3305 2313 6199 3305 5633 1717 3180 3197 6801
4034
4041
2911
6170 3323 3075 6504 1638
6189 1507 3356 3548 2756
1660 1742 5671 5496
