3978
4016 402
4029
4033
4016
4030
3978
2125
2125 4016
4016 4030
4016
3978
4029
1498 4016
4526 2908
4016 4030 6543
4016 1498
2125
4005
2125 2125
4030
4029
4034 4029
2908
3978
3978
4005 4016
2902 2901 4030 4016
4029
2908 4040
4029 4034 4016
3978
4016 3994
3427
4031
2908
4029
4030 4016
4030
4016
4029 4029
4016 2908
4030
4003 4034
4030 3978
4040
4016
2125
2125
4016 4016 2908 4016
4030
4030
4029
6768 1781 1781
4003 4035 4016
4016 4029
4029
2169
4029
4007
4016
4029
4029
4029
4016
4016
3978
3978
4016
6122
4016
3989
4003 4029
4016 4029 2908
4016
4031
4016
4029
4016
2908 4016
2908
4033
4030
4029 4030
4016
4030
4035 2125
2880 4029
2125 3978 4029
4016 4016 4030
4029 4016 3978 2908
4030
4016 4029
2908 4030
1498
3978
2125
5090 4016
4016 4036 4030
4016
4040
5819 2509 4040 6793 2509 2799 3085
4029 2880
6559 3426
4016
4030
4029
2908
2885
4016 3978
2838 4030
4032
4029
4875 2356 5798
4016 4029 6160 2736
4030
4016 4016
4016
4016
4030
4030
3956 2908
3978
6801
4030
4031
4029
2125 2840
4030
4033
4007 3978
4029 2424 2840
4030
4030
4030
4029
4030
4030
4029
4029
4016
4030
4016 3991
4016 4030
4030
4016 4030
4029
3978
2908 4029
4016
4029
4016
1498
4029
2908 2908
4016
4029
4016
4016
4030
4029
1498
4029
1753 2903
5432 4016
6628
4016
4016 1498
4030
4016
4029
4029
4030
3977
4030
4016 4030
402
4029
4016
4029
4029
4016
4016
4029
4029
4030 4016
4016 3984 4030 2908
6527 2509 2509 3427 6527 2509 2871 4016 2869 2509 2509 3427 2509 6756
4016 4029 1716 3180
4030 4016 1498
4029 4016
2125
4016
4029
4029 4003
4031
4030
2908
4029
2908 4016
4030 1640 6099 6107 1640
4030
4016
4030
4016
4166 3199
2857 2901
2908
4016
4036
3978
4016
4016
4016
1764
4029
4016 4040
4029
4030
4016
4016
4029
4030
4040 3978
4016
1498
3978
4030
4016
2306 1666 1716
1705 1782 6217 3327 2575 3426 1782 6178
2908 2901 2902
4029
4029
4016
4030
4029
4016 4029 2125 4016
4029
4029 2880
4030
4030
4016
4029
4033 4016
4030
2277
2746 4016
4016
4030
3978 4016 3978
5671
4016
4029
4030
4029
4016
4016
4016
5405 5820 4030 5819 402
4040 4040
4029
4016 3978
4016
4029
1758 1742 2277 6801 1758 2589
2908
3954
6803 6803 6801
4016
4016
4589
4016
2908
4016
4030 4016
4016
4016 3327
4036
4029
4016 3085
4030 2908
3978
4029
