2472 2402
5496 2174 3226 5717 6559 3229
2883
4016
4016
4016
4029 4016
4016 6802 5617
2904
4016
2911
2883
4016
4016
3195 3196 4030
1498
1498 1498 1498 1498 1498 1498 1498 1498
3305 6801 6558 3299 6801 3296 3299 3209 2571 6801 4191 3296 6801 3296 2185 3299 3246 3296 3299 2571 4865 3189 3292 3298 3299 3305 4191 6801 6801 3247 2571 2578 2696 2156 3298 6801 3296 3299 3299 3327 6801 3298
2802 6559 2663 3868
2313
1498 1498 1498
2312
4016
4016
2904 4016 4770 4767
2313
4030
5696 5794
2911
2313
1789 1777 1665
4016
2312
4016 1695
4029
4030 4016
4016
3776
2792
1498 1498 1498 1498 1498
389 4932 1507 1330 1838 1328 1319 368
4016 4005
2904
2312
4030 4016
2904 4016
2911
3296 3188
4016
4016
3962
4016
4016 2904 2241 5534
4031
4932
2883
4016
4016
2585 5877 5789
1498
4016
1716 4030 1716 3784 1716 3785 3226 2911
1498 1498 1498 4016 1498 1498 1498
4016
2904
4016
4029
4016
4030
4029 4029
1498 1498 1498
4016 2882
4016
4016
3978 4016
7186
3998
4029 4003
4016 4029
594
2911 4029
2891
1498 4016 1498 4030 4053 4016 1498
4016
4016
2313
4016 2883
1498
4016
2209 2209 2794 1703 3260 3352
4016
2312 4029 4016
2579 4016 2589 5404
2904 2307
3197 2173 4016 3240 6175 2883
4007 4007
4016
4016
4030 2882
4029
1498
2904
4029
2883
2904
6632 4997
2312 4016 5463
4016
488 588 488
4885 3426 815 3806
4040
2868
4016 594 674 702
4016
4016 2904 3978 4030
2590 3075 3065 3186 6176 6822 5478 3064 2699 3549 6793 6176 2590 3001 6199 5478 5622 2965 4016 5361 3089 3077 6793 6178 4180 5478 4624 4016 3023 4181 2575 5361 3065 3292 2384 1652
2125
831
4180 5478
2648 5572 2883
2883
4016
2883
1498 1498
493 492
2312
4030 4016
3969
4016
6682
4030
4029 4016
4029
1498
4029 2883
4029 4016
2312
4040
2883
2084
4030
4036
2312
2911 4029
4016
2694 3213
1805
4016 4029
3789 2384 4558 2883 4203
2792 2594
3189 3190 2911 4016
4016
2904 4016
1498 1498 1498
4016
2883 1717 2482 4016 4029
4764 1977
4016
4016
4016 4016
2312
702 596
4016 2911
3189 4016 5343
4029 4016
1729
2312
4031 4029 4016
4016
4016 2868
2312
2312
2313
4016 702 1812 659
4016 4029
4029
4016
6558 1754 1752 6558 3298 3299 4191
4016
4030
4029 2883
1699 6104
2312 1498 1498 1498 1498 1498 1498 1498 1498 1498
6632
5697 4191 3298
1498 1498
2312
4016
2893 2883
2312
3979
4016
2125
490 671 594
2490 4029 2547 6183 2156
4029
4366
3195 1715 5810 3227
4030
2270 2959 2996
4016
4041 2883 2084 2883
4016
1498 1498 1498 1498 2312 4053 1498 1498
2904
4799
6106
2904
1697 1579 703 1697 4030 1697 703
2312
4764
6632 1665
4030 2904 4016
3327 2410 4016 2575
1782 3381 384 1782 384 3381 380 382 1679 1782 384 1679 382 1782 384
4016 1724 4040
596 490
1498 1498 1498
2312
4016 2313
4016
4030
4016
4016 4029
3978
1688
1812 671 488
3195
2883 4016
4029
2904 4016
4016
4030 2911
2405 6804
4016
5490 1642
4016
2904
4016 3978
6255 5744 6235 5744 1815 6255 1815 5744 1815 5744 4423 1815 5744 5511 2156 6235 1815 1815 1815 1815 5744 1815 1815 1815 1815 1815 2778 5534
4029
4016
4016
4016 3971
2883
4016
4016
4016
4016
4016 4029
4016
2911
4016
5462
1660 5505 1731 1705
5453 4764
4016 4053
5497 1686 5402
2662
4030
2904
6179 2270
4016
4030
2084
6534
3189 3190 2772
4016
2893 2911
4016
4030
4029
4029
4016
4040
4029
6506 5787 4625 2168 6235 4625 6235 6241 5502 5787 5500
2904
4016
4030
3301 2313 1775 4077
1498 1498 1498 1498 1498 1498 1498 1498
4016
4016
702 2911
2904 5086
2306 5678 4016
1498 1498 1498 1498 1498 1498
1498
4040
4016 4016
6801 5622 2313 2590 6803
