2882 2155
3776 3776
4030
2270 4421
6104 6106
3781 3426
2904
2704 3784 3782
2904
2694 1714 6687 2579 2709 2608
4016
1695
1476 1441 1473
2312
5798 1507 3781 5663 4202 2943
2594 5634 4784 2529
1640
4016
4016
5681
4016 4029
3556 2623 5358 3185 2219 3472 2771 1507 3122 2270 4421 3775 3381 6248 5108 4317 2733 3789 1753
2306
2312
4016
2269 3493
1664 6500 2209
4029
1356 1015 1082 1440
2884
2313 5696
4016 2883
1088 698
2904
2904 2883
424 1699 1936 5878 1089 1358 1661 3788
2313
2904
5404
2792 2944 3426
2904
4030 2125
4016
2904
2904
4016
2312 2904
4016
2904
4016
4698
2312
4016
5503 2273
2904
1015 591 590
2854
4793
5819 5794 2403 2270
671 1812 1659 1695 1572
2904
4029
5404
4016 3978
4029
2312
2883
3978
2904 4016
3977 3978
4032
4016
4049 424 844
4016
688 434 1193 693
2125
4016 6558 3427 1695
2884 3978
2893
4016
924 1092 1358 1357 699 924 1084
6721
6773
4049 424
3851 6512 2156 4793 1507 4793 6107 1705 3851 5499 1708 5635 1507
4029
4040
4016
2904
4016
2884
4016
4029
4016
1754 2270 3782 2772 3194 3258 6178 2270
4118 4184 4317 4183
4029
1660
929
2530 424 2696 2313 3783
2792 5820
1367 5617 424 1364
2306 5432 3560 2663 1649 2801 1507 2189 4112
4030
1367 4049 1088 1348
4049 1367
4030 4532 2859 4040 4030 4030
2764 2957 2584 4048
4030
4016 2312
4040 2904
2904 4029 2312
2158 3218
2904
1346 1361 4049 1367
5713 4525 2313 2790
4029 2904 4016
1345 4049 1346 424 4049
2838
2313
2312 6726
4049 424 1367 1507 2529 4048 2035 2491
4029
1675
2884
5878 2287
4016
1088
2774 2544 4048 2579
5714 3240 2219
5736
4030 2904
2890
5810
2866 1348 3419 1361 2085 2884
5094 2312
260 4323 3356 1664 6189 5698 3356 260 3356 6263 4323 260 260 3356 5215 5696 260 5698 6263 4323 1758
6100 5362
4030
4030
4030
4029 2904 4016
3978 1498
5403 3788 1507 5698 3240 2587
5622 5503 4016 2313
3426 3787 6559 4117 4784 4122 4334 3776 1777 3259 3774 4330 2306 3217 1646 3892 2694 3237 2491 3806 1507 3891 5369 3759 1714 3190 5404 3218 2512 3761 4115
4016
1077
698 1089 1355 1006 1088 1357
2904 4016 2595 1695 586 2219 6245 5634
4016
260 2983 3828 6822 3324 260
2884 2882 4030
2288 4090 4090
5782 260 3310 5794 260 3310 5794
5643 6526 5798
1498 1361
3426 6241 1778 3241 2161 4118
3426 1466 1483 424
6690 5620 4048 1941 5665 5663 4048 5620 2766 5620 6230 4048 2193 6687 2767 4048 2171 5620 5617 2228 4048 6690 6230 4048 2228 5617 5713 6099 5620 4048
2767 4117 3007 5517 3999 4622 4118 3027 6245 3131 2381 2287
3991
4030
4030 4016
2313
5798
3979
2312
5204 3195 2269 2306 924 1015 2264 2189
593
4016
2904
2209 5496 1660 5502 5494
4016
1707 2306
4029
3978
3978
3427 2424 4767
2904 4016
2318 2402 2405
3310 3258 260 3310 1507
2171
6558 2796 2876 2872 2107
2277 4705 2589 1507 5695 6104 5174 4893 2572 3793 2717
424 1088 4049 3782 4048 3190 4049 1088 424 3782 3190 4048 4049 424 1088 2228 4048 3191 2207 1088 424 1440 4049 2228 3191 4048
4016
5782 927 5671
2893
2938 5695
4016 4016 4767
3356 260 3822 5348 3356 260 2704 4298 5348 4323 260
5714 5713 260 5633 260 3356 5348 6263 5713 2718 3891 260 5882 3356 260 1717 5348 5714 5713 260 1717 5619 260 1507 2932 260
2695 2193
1935 2154 2736 5610 260 2154 5794 260 5642 3459 2154 3546 260 1935 2164 260 2736 2154
1498
5405 1667 6762 3196 381
2904
3548 260 3828
4016
2709 4030 1972 2699 3199 2979 4340
4029 6541
2904
588 1695
4029
260 3887 1507 4478 3549 260 2994 5610 260 5368 3532
6107 5218
260 3789 4340 1972 5695 260 1972
3972
1345
4016
2904
4525 260 6166
2312 4030
3969
3788 2261
4048 6251
2893 2587 5622 1507 3797
3254
1708
3869 5709 3196
1088 1016
4034
2891
4030
