3598
3623 1944
2904 1223 4881
3621
3612 3616
3611
3611
1348
3614
3598
3173 6032 6032 2312 5927 1627 2325 2312 5927 331 2962 2312 6032 1547 3754 331 6032 2964
4046 5825 2591
1605
3611
3612
3612 3616
3612
984 983
3565
3622
1466 1530 1207 378
3612
3612
3611
3565
3615
3598
1646
3598
3611
3598 3598
2603
4590
3612
3395 3755 3754 5784
5482
5439
2069 3402 603 1637 636 2426 2851 2028 2894 5995 5793 3067 531 1952 2851 531 5157 2069 437 1952 2851 591 2069 3612
2593
3612
3612
3368 4875
3621
3612 4070 3844 5181 2910 2071 3836 2982 2908
3589
3565 3611
3617
3601
3598
3611
2232
4976 2858 2509
3598
3390
3612
311 2071 2919 2921
3612 3598
979 633 1216 1491 4635
6025
2670 2802 2954 3747
3560
3611
3565
3565
2580 1498
3611
3612
2593
1646 3382 3384
3598
2594 4785
1901
3611
3611
3621 2593 5815 5435 2612
1901
3612
1901
3598
3612
3598 2281
3611
3611
3611
2512 1601 5523
2436 2640
3565 2593
3598
2618
3612
3612 3598
3565
3598
3598
1348
4629 2069 3413 1529
3611
3611
1219 983
3612
3376
5181 1622 1930
1529
3598
3611 3598
1530 636
3612
3612
3611
5932 2919 2436 4633 5562
3611
3612
3616
3598
3612
2618
2071
3614
622 387 1047 628 1069 1063 1082
3612
3611
3598
3598
3612
3611
1901
3612
4099
4983
3611 2593
3613
3611
3611
3612
3390 2034
2591
3612
3611
3598 3598 3598 3598 3598
2020 2863 2864 5932 4988 3176 5826 3403 3398 1348 5000 5001
3616 3611
3565
3612
1901
3359
3615
2330 4269 3413 2329 1975 1974 2330 4268 4858
5470
1348
3598
1480 1503
3598
3612
3611 3611
3579 5510
3612
3611
3611
3598
2507 2139 3107 2022 1965 4985 3565
5065
4795 2679
3612
1651 626 5138
3616 3612
1935 4858 3007 1932 5219 1355 2064 3007 2313 4858 5219 3419 3435 5070 3387 3172 1935
3611 3611
4522 2028
2591
5065
3598 3618
3565
3612 3612 3565 3612
3598
4199 3959 4099 4102
2561 2028 1509 2028 3598 2028
3598 3598 3598
3611
5806 3384 2593 1867 5802 2611 2612
3611 3587
5156 4988 1496 1500 1486 5156 5476 5470 2177 1491 5470 5143 5143 5143 1500 5470 5470 5143
6035
3612
6025
3612 3598 2593
3612
3615
3621
3612
3621
3625 1514
3612
1222
2455 2982
3615
2193
3598
2030
2884 1548
3384
1551
3598
2489 2904 2486
3611
1466 531 1413 1655
2172
2232 2158 2155 3629
3598 2593 3612
3612 3598
3598
3598
3376 5558 2916
5056 1933 4132 2464 2541 1939 2256 2507
3611
3611
3611
608 626 3630
1489 4870 2858 1492
2595
3612
3611
636 532
3620
3565 3598
3611
596
2022
3565 3615
2418
3598
1500
