2904 4643 1656
3978
4040 4003
5787 4030
2893 4040 3991
2904 4643
4016
4030
2904
2904
4029
4016
3978 3978 3978 3978 3978 3978 3978
4029
4016 4643
4040
2904
4029
3978
4016 4029
4033
2904
4016
6225 4016
3978
4029
4032
3978
4016
2904
4032
4036
2883
2904
4030
2883
3426
2904
2904 4029 4003
4031
4016 2883
5152
4643
4041
3978
4030
4030
2904 3978
4030
4029
4031
4030
4030
2904
4030
2893
4029
4030
4005
2904 4030
2904
2904
4029
4029
2904
4029
4035
4030
4030 4029
4029
2883
4029
2904
4016 4030
4003 4029
3989 2883
2883
2904
2904
2904
2852
2904
4016
2904 4016 4033
6803 4034 4035
2904
4036
