1498 1498
2880
2904 4643 1656
1812 5491
1498
2883
3787 3785
2871
3788 2174 2275 2608
3782 2168 6104
3038
4016
4029 4016
2904
1498 1498
4016
3299 3298
1498 1498 1498 1498 1498
1498 1498
4029
4016 2772
1498
2882
1498 1498 1498 1498 1498
3974
2883
2904
4163 3254 2694 1936 2312 2189
424
1498 1498 1498 1498 1498
4030
4029
4029
5205 1819 2181
2589
3978
1498 1498 594
4029
3978
3967
4016
4040 4003
3978
1483 1445 1477 1442
5787 4030
4030
4029
4040
1818 1695 1579 1498
3978
2893 4040 3991
4016 3979
4030
4016
4029
1498
1498 1498
2904 4643
2312 4029
4029
2893
4029
4029 2882 2908 2125 4030
5424 3293 4115 2159
4016
4016 4030 4029
4016
6199 2809 3254
4016
1498 1498
3978 3978 1498 381 1498 2736 1667 1498 1498 1498
2318 3666
3219 2174
2911
5167 2883
4030
1498
2228
4005
4358 2310 2310
1498
1498
4016
4029
3082 2546
4016
4029
1498 1498
5798 4016 1801
1498 1498
4040
2313 2248 2790
2908
2904
4029
1498
5214 3254
2904
3331 5404
4029
3978
1810
4029
4030
5696 4790 5495 5819 3776 3560
4016
4016
1498 1498 1498 1498 1498 1498 1498 3978 1498 1498 1498
3978 4016
4030
2883
2509
1507 3801 5167 5620 2312 3871
4016
4029
2904
2313 588
6247
4029
4016
4030 4016
2125 4030 2125
4016
1498 4016
4029
3991
1507 2270 2547 3789 4429 1752 3185 6803 2195 2193 3556 2218 4421 5251 2623 3381 3122 3471 3473 2667 4766 2318 5192
3978 3978 3978 3978 3978 3978 3978
2312
4016
3978
4030
2883 3969 4016
4029 4016
6558 1782 384 5823 1770 6559
6655
4016 4016
4040
2884 3978 2904
4034
2908 4532 2902
4016 4031
6218 6687 3219 3782 4123
1133
424 4016 4030
2911
1498 703 1626 1498 4053 1498 1498 1498
2125
4029
1358
4030
2893
4030
2893
4029
4029
3991
2500 6212 2313 3259
1819 1626 2527
4029
2904
4029
3190 2194 1507 5619 5218
2171 4202 4338 2590 1626 2568 1579 3867 3553 1579 4338 2608 488 2589
4919 4016
4030
1714 3859 2771 3644 5500 1507
4118 3292 2984
2883
5878 3813 2311 2904 3782 396
4040
2904 4016
2904
2904
4016
1089
3426 5879
2312 6149
1498 1498 3978 1498 1498
4016
4029
2125
4016
4016
4030
5640 2595 3190 5493
1498 1498 1498
4016
2904 1752 4016
4005
3978
1498 3445 2312
4029
1781
4016
4030
4005 1498
3978
4029
3978
4033
4016
4016 4029 2904
2904
2306 2904
6768
4016 4016
2313 4030 3292 3196 4016
2884
5620 3191 5714
2893
2883 2125
693 431 433 688 1184 1186 1179 434
1498 1498 1498 1498 1498
4029
5503 2156 2313 3784 1754 3556
4030
5511 2306
4030
6225 4016
4030
3978
4040
2904 1498 424
2306
1498 1498 1498 1498
424 1016 5709 1724 2745 1358
2911
4029
1088 1355
4016
6199 3227 5390 3218 4772
2884
4029
3982 3979 1770 1769 5388 1769
2837
5798 3807 5218 3851
4016
4016 4029
2904 4016
2904 4029
4030
4032
1498 4016
3551 2577 3262 3185 2306 3258 3256 3549 2173 2904
4016
3195 3989 3381
4030 4016
4016 4030
3978
5794 3651
2587 5641
2883
3759 1708
3266 5713 3254
3867 6559
4016
4029
4016
2904
424
4030
4030
1498 1498 1812 1498 1579
4016
2904
4016 2904
4029 1498
2904
4040
2313
4016 703 1695
3980
1640 6682 3190
2883
1626 588 692 669 5708
1355 1088
5662 5663
4030
4016
4016
4490 4016
4003 4003 4003 4003
4029
2904
6801 1672
3978
4029
4016 1748
4029
4032
4030
4030
4029
4040
424 4049
4030
4036
2736 2993 6223
2883
4029
1498 1498 1498
2994 2169 5502
4016
4030
3978 1498
2902 6121 4029 2845 1764 2261
4016
4025
4557 2718 4790 6558
1716 588 1810 1716
1705 1705
3977 1088 1356 5810
4016
3978
5698 2736 5343
1498 1498 1498 1498 1498 2839 4053 6113 1498 1498
493 1812 1810 493
3978 4029
1498
4029
2883 4016
2125
4016 4035
6726
2312
1498
4770
4035 4035
4030
4016
4029
2883
2904
3338 6687 3782
4005
4005 2883
2155 2883
1438 1480
4016
4030
3784
4030
4016
4029
4016
1498 1700 4016 4053 6149 1498
3978
4016
4031 2904
2125
4030
4031
5503 5504 4016
4030
4029
2696
2904
4770 6733 3782 1507
2904 671 1807 591 2275 1807 3254
4030
2904 4030
4029 4003
4029
4016
3426
1367 1364
3978
3299
5599 2857
6758 2152
4029
4016
3967
2908
1498 1498
4793 5214 2312 1507 3851 5622 5622 6512 4322 4793 1507 5715
4016
4016 4030
2904
1733 4202 1935 5348 3181 1935 6153 2989 3181
4030
3197 2944 2312 2173 3548
2992
4016
1498
4029
2904
1664 5820
4016 2893
4029
4030 4036
2871 2857 2870
4029
2883
1498
1498
4016
4030
4031
1498
1702 1707
6113 5622
4016 2883
3785 1717 3229 4118 3185 593 594 3258 5478 4118 3227 3254 3180 2313
2883
5152
4007 2884 4016
2126
1642
4643
4016 1498
2904 2901
2882 4029
4016
4016
4016
4030
4016
586 6804 2883 5676
2882 4030
2125
1694 1812 1133 671 1572 1694 1812 671 1133 1694 671
2880 4016
3978
4016
4016 4033
2125
4016 4030
4016
2125 4016
3866 3829 3805
2312
4030 3978
6149 3196
2530 1742
1498 844 424
4030
2904
2851 4030 2883 2859 2850
4016 4016
4029
2883
3426 2812 2746
1498 1498
2306 2306
3974
3189 4557 2718
5678 1695 4558 5695 3785
4016
1733
6151 5496 5502 1664 5494
4029
4033
3978
4030
2893
3301 2904 3299 4016
4769 829
2126 2883
3978 1498 1498 1498
2904
4016
5736
4003 4029
2904 4016
6628 6682 2904
5500 2736 3276
6179 5708 596
1498 1498 1498 1498 1498
4016
1667 381 3427 1498 1498 1498
1498 1498 1498
1360 3258 4049 4048 3780 1356
4433 2904 4016 1661 5878
3426 3797 3978 3991
4030
3840 6138 5478
4016
4029
3196 2702 3785 2709
5713 3978 2883 5690 3532
4029
1498
6592
4016
4041
6114
2313 2882
4525 5709 2702
2904
3978
1770 5404
4772
3254 3553 3822 3220
6632
2904
3978 1498
4031
6559 6527 1783 3426
4030
4016 6595 4040 2838
5518
594 4016
4016
2159 588 1742 2325 3290 2306
4030
2883 2125 1498
2904
1819
4030
2313
1498 1498 1498 1498 1498 1498 1812
2883 5341 5002 5341
4030
4030
4029
4030 4016
2883
1364 1361 5617
1498 2868 4016
4030
4029 1498
3978 3978 3978
1498 1498 1498
4030
1498 4016
4029
4029
4016
1664 3215
1819 703
3978
1498
5522 5879 4030
4029
1812 2306
4016
4031 3978
2904 3978
4030
4030 3978
4029
1088 4049 1088 4049 4049 1088
2402 2736 3828 3807
4040
2883
4532 4040 4030 4040 4030 4030 4526 4030 2655
3971 2904
4030 4016
4016
4003
4030
4029
4029
4016
4031
1673
2306
2125 2883 4030
4030
4030
2277 5511 3174 4203
703 1579 3426 1695 1697
4016 2312
4016 4016 4030
2904
4016
4016 1498 1498 1498
1131
4029
6114
1498
1498
1498
2884
2883 2884
1275 389 1695 368
4016 5782 3310
4029
4029
2904
4016
3787 4202 4557 6804 3559
1498 1498 1498 1498
2746 2765
2838 4030 2901 4016 2085 6546 4435
4016
4029
4030
2893
4030
4029
3969
4016
4029
4029 4029
4030 4016
1812 4118 588 2796
596
4041
4029
4030
4029
588 692
669 660
4029
5810 3427 2575
4029
6218 2313 5676
1367
4031
2904
4031
4048 3821
4029
4029 4016 2908
4029
2904
2904 3181 3784 5619 3195 2792
4016
649 3239
2306 4016 3979
5879
2736 5405 1708
1345 4049
2893
3978
4016
3829 6559 3840
4016
3323 5478 4016 3195 2904
1367 1346 1345
2313
3978
4029
1498
4029 5218 3785 2759 2904 3784 5174 2589 5218 2759 3785 2589
1358 4049 424 1088 3182 2957 2736
4030
2270 5676 5676
4034 4029
4016
6194 2193 1498
4029
2472 2313 2402
4016 4016 1498
260 260 260 2699 260 5610 4525 5610 260 6820 5204 6818 2771 5205 260 260 2771 6820 6818 6822 6820 260 260 6817
4030
3978
3254 2695 4048 3558
1088 1016 1357 5798
380 1666 1753
2125 2883
2901 4016 4040
1498
5877 4163 2035 3784 4048 6687 2424 2319 2527 4048 3859 2035 5456 6221 4048
6548
4029 1498
4005
6166 2313 2809
2904 4030
4029
4030
4016
2904 4016 4030 1498
4049 1361 1358 424 1088
2904 4016
2883
2883
424 4049
4016
4030
4030
3978
4029
4016 1498 4029
4029
1639 1775
4016 4029
2312
1498 3978 1498 1498
4016
2904
4041
4029 4016
1498 1498
424
2704 6624 3356 587 2266
4016
4016 4016
2904
4029
1006
4016 2312
4041
2766 2482 4040 4016
6565 6803
260 3195 3229
2904
4016 2904
1498
4029
2883 3977
6809 260 6812
4029 2904
4029
2883
1801
3427 1935 1936 3460
2312
6218 260 6196 5696 1742 5698 2790 260 4323 5698 3356 6196 260 3356 5698 260 6209 5215 4323 260 2790 6263 5698 260 6218 2790 6196 3427 260 2161 4323 2790 260 6196
2312 4031 3434 2746 5879
4016
702 671 4040 490 490
2904
1819 1579
4118 2713 4016 3978 4030
4030
4016
4029
2881
424 927 1354 4049
3085
4016
4016 2882
2509 2868 2509 2509 3427 2509 2509 3934 4166 3196
4016
4029 4029
2193 260 6222 5478 4016 6559 260 5478 1498 6559 6225
4016 3978
4016
3978
2883
4016 2125
1695 1812
2868
5709
2593 2169 5495
4029
4030
4029
4029
2792 3549 5478
1498
3799 2545
4030 4016
1498 2904
4030
4030 4029
1498 1498 1498 1498 1498
2312
703 1579 1720
4030
2904
1498 1498
4016
4033
2883 4035
2532 2531
1498
2883
5695 2585 5500 2736 4048
4030
1015 1355 1131 1006 1089
3978
5845 1708 4770 6559 6527 5368 5355
1579 5478
4029
1498 1498
4036
2847 4031
4029
4040
4029 4016 3978 4016 4016
4016
1794 6559
4030 4016 4029
4030
1498
4029
4031
4016 6193 2219
6138 6248
3978
2403
4029
1498
4030
1695 1695 1729
4029
2883
5495
2125
4016 2883
4338
1184 425 690 695 486 3815 1507 3220
3381
5477
2911
2904 6801
2911
424 1089 1440 4049
4016
3783 5714 6531 2808 5494 1971 5511 6559 3185 2694
6727 1640 3978
5633 3190 5877 3195
2261 4048 1507 2193 6570 6683
5714 2313 2313 4016 4029
1498 2904
4032
4030 2883
2893
4031
1089 4049
5709
1498 1498 1498
2904
1498 1498
1498 1498 1498 1498 1498
6803
6808 5404
1507 3532 260 3564 260 3310 5794
2313
2904
4029
4030
2765
4029
4016
4016
3985
3237 1716 3816 6109 6108
4117 2767 6261 3131 2164 2168 2216
2595 260 5164 2595 260
4016 2125
4016
2904
2402 2403
3195 2575
4040
4031
3330
6189 2312
2263
4030
5698 2589 5478 5794
2904
3195
675 1812 1572
1498
2310 3789 5622
4030 2125
4007
2125
3978
4003 4029
2713 3182 3799 5218
1498
4016 4029
4030
424
5478
4016
4030
4016
4029
4029
2904 4016
3242 3240
4030
4029
1498 6104 596 6099 4029
4016
2772 4029 2765
4016
5879
2155 1642 4163 5877 2694 3783
3978
1361
6147 2154 1815 1815 1815 2154 1815 6147 5495 6147 5495 6147 5491 5403 6230 2231
3989 2883
4029
2883
5494 3195 3805 2578 1358 1092
1812
4029
5348 2694
6803 2736
2266 2736
4030 4016
260 4298 6209
1498
3196 2695 3784
3985
4030
4030 4029
4029 4030 2313
3978
1675 1716
6193 4386 3978
4016
4029
1498 1498 1498
5692 5833 5692
5493 5454
4005 3978
6116
1819 1579 1819
4030
3782 5794
3978
4030
4994 3381 4016 1782 2577 1782 1782 1758 3327 1782
4029
2904 4016
2885
2313 4016
5404 5493 260
1498 1498 1498
1733
4036
4030
4016 2736 3427 6803
4029
4029
5404 2904 1669 1664
4016 2904
4030
4030
4030
1080 1357
6500
3196 3788
2904 2313
2904
4029
2904
4710
4016
3244
2164 6250 2311 4298 5522
4036
1579 703 2716 4016 2904 5810 2125 4016
1325
2904
2904 6218 6199
2273 2872 2875 2869 2273 2796 2273 2273
4030
1498 1498 1498 1498 1498
1498
2313 4030 2883
4029
4180 4191
3978
1355 4049 1088 424 4048 3190 3782 4049 1354 1361 1088 3191 3782 4048 1440 1088 4048 1361 3190 1936 4048 2228 1088 1358 1361 4049 3191 2228 1937 4048 4049 1088 1440 1361 4048 1937 3191 4049 1361 1088 1088 4049 1361 1358 2205 2207 3192 4048
4030
2306
3664 5503 3310 3851
4030
2904 4030 4016
6565 3427 1716
4590
6099 2312
1752 6179
4036
4016 2908
4030 4016
6222
1805 260 3258
4029
4030
6194 2904 3356 6194
4016
4030
2158 1572
2792 2904 2715
2908
4016
1360 1357
5355
4340 6506
596
2174 1507 2585 5810 6559 2585 5810 5810 3426 1507 2585
389 1324 368
2125 4016
1498
3532
1345 1361 1366
4016
4612 260 5358 2534 1507 5698 260 3356 5879 260 3356 4317 260
2883
2904
2904
4030
2893
2883
3891 2718 260 260 1507 2994 6565 3244 260 260 6189 2164 5633 5348 260 5348 260 2194 260 2159 2736 6189 2193 260 5348 2194 5405 260 5698 1661 4317 260 1778 260 3182 2736 5348 5794 260 1661 6189 5348 260
4033
2125 4016
4030
2904
3227 2193 4016 2718 4334 2704 5490 3340
2904
3244 2450 6559 2468
1498
4016
3851 2275 260 396
2313 2269 6149 4340
2266
6149 5878 2509
1015 424 1088 924 1089 1354
2796 4122
4029
6104 6221 3978
4029
2306
1498
4036 4030 2904
5671 5671
4016
4003
2883
3381 4191
6099
4039 4034
4611 1935 3293 260 2313 3829
3969
4016
669 1695 591
1498
1655 2313
1717 3227 5642
4030
2904
4016
1498 1498 1579
5678 6506
4003
5678 4557 2491 5641 4203 2699 5678 4557
4016
4016
6138 1089 929
4030
4016
6559 2155
4040
4029
4016
4029
4692
3408 4030
260 5610 1507 260 1507 3887 4317 3887 1507 260 1507 5716 260 3887 1507 260 2778
4016
2904
4040
5698 260 5493
6107 6099
1498 1498 1498 1498 1498 1498 1498
4016 2126
1640 6275
4030
4029
1778 5397 2450
4029
4029
2893 4016
2904 6500
5782
4016 3978
4029
1666
3776 3190 2572
2904
2904
4036
4016
2904
4029
2527 424 3339 2313 3342 2312 5501 3829 1935 3782
2427 2482
3195 1655
2893
4016
4029 2883
6153 831 1758
2306 5341 5879
2871 2869
2883
3190 2736 2696
1498 1498 1498
2902
1707 4016
3299
1498 6248 1498 1498
4029
4029
1498 1498
4029
3978
1498 1498
1498 1498 1498 1498 1498 1498
3459 4784 5622 4016 3547 3785 2702 3185
4589
3782 4016 3780
4016
2209 5343 6818 4034
4016
424 4049
1498 1498 1498
2764 5610
4016 1498
1695
3471
3978
4029
2904
1498
4016 2904
4016 4031 1498
4030
1498 1498 1498 1498 1498
4016 4030
4016
588 1810 1629
4030
1498 2313 2577 1498 1498
2904 4016 4033
4029
3196 2736 2694 3195
3546 6147 2669
1498 1498 1498 1498
3735
1498 1498 1498 1498 1498 1498 1498 1498 1498 1498
4016
5879 2904
2424 1642
5662 1507 4558 2319
3978
2575 5681
4029
4029
2409 6806
2904 4016
660 596 1498 488
1694
4036
4030 3978
2125
4016 1498
5469 5469
4029 4016
1498
4016
4030 4016
2904
1498
4030
1498 1498 3427 4393 5787 596 1498 1498 1498 1498
2904 4889 3471 2306 5842
6802 6199 6803 5878 6687 3215 6804 1675 3195 5695 5879 6199 6801 5714 1717 6804
6803
3978
4016
424 4049 927 1087
1742 2167 2209
1498
4029
1638
3968
