1348 1348
3591
4858 4873 5932 2020 3389 2865 5000 4747
3598 3598 3598
3634 1348 3598
3598
983 1216
3598
3565
3565
1348
3598
3598
3598 3621
1348 1348
2560 1867 2591
2593 3612
3611
1348
3621
2430 3964 534 5191
3622
1348 1348 2455 3634 3634 1348
3598 2591 3611
3598
3587
3612 626 599 532
1219 1497 378 1217 378 4880
3565
1530 1530 1413 1646 528 591
5530
378 1217
3616
4046
3598
5792
1348 1348 1348
2550 3612
3612
2398 2398
5166 4629 3184 3173 4278 5218 2455 5007 3403
6032 4633
5070
1348
2603 2591
4037 2916 3172 2488
4873
3068
5220 5219 1496
1901
3621
5495 1601
3598
2033 4858 2033
2858 2163 4269
5979 5979 5979
3611
3565 3565
3613 3565
3611
3598
3615
3105 2320
1348
3611
3611
3612 3565
3611
2591
3612
3611
3611
1348 1348 3637 3637
1211 1975
3612
1348
2964 5794 2952 2919 2415 3870
2611
2512 5793
3598 3598
3611
3611
2455 2905 3629 3435 3629
3565
2591 2591
3598
3612
3565
3621
1348
3590
3598
3611
3612
3611
4630 2861 2436 2071 5794 5189
3611
1348 2591
2562 2593
2591
1348
3598
3598
4858 3394 2437 3394 2023 3399 4274 5484
2509 3394
1348
1348
3598 1348
3598
3612
3618
3611
3612
3621
6032 6032 2969 3068
1901
5181 5932 2032 3413 2064
4278 2864 2858 2416 4761 2437 3388 1480
3598
1348 1348 1348 1348
2591 2591
3587
5191 3068 4522 5836 3611
2618
1348
3598
2591
3613 2618
3735 3394 2344 3390 5793 2318 5826 5932 2455 5793 977 916
3598
3598
3612
3611
3611
1348
2035 4052
3612
2591
3612
5979 5825 1530 1466 3611 3598
3613
1901
3589
2071 5007
3598
3598 3621
6035 2357 3394 3964 2854 2029 2028
4988 2090 4858 2858 1355 5056 4858 5991
3622
3565 1901
3598
3598
4389 1606 1578 2436 3970
3565
2892 2891 916 979 1219
3614
3616 3611
345 3883 1611 1530 1530 2327
3598 3598 3598 3598 3598 3598 3598 3598 3598 3598
4046
3612 3598
2865 2076
3589 3598
3598
4629 2488 3413 4269
3612
2952
3598
3615
3611
3598
3613
3565
1767 3388 4629
5907
2591
1348
3598
1348
3598
4097
3598 3612
3620 3613
5985
3598
3587
3617 3617
1530 1530
3598 1746 5508 3068
4629 3389
3598
3598
3612
3611
1646 2036 2865 2317
3924
1646
3612
3611
4593 3420 2064 2416 1355
3687 5028 1548 5219
3612
3598
1500 3598 2325 4574 2064 3598 3886 2064 1547 1355 2331 2327 2512 3469
3612
3612
2982
3611
3402 2071 4901
1639 526
3612
3598
2029 3097 3436
3598
3611
2921 1355 3176 5825
3614
3612 3598
4857 2916 3411 3394 2070 3387
3067 526
3612
3390 2455 4875
1530 1639
3611
3612
3389
3598 3612
3598
626 526 593 2289 1622 2509 1622
3612
3612
3565
915 2476 5146
1348
361
3565
3612
1348
3598
2320 5167
3598
1348 3598
2865 3068
3598 378
3611
3565
3611
2886
1901
1901
3564
1901
4070 4581 2438 4257 2894 4863 1355
4858 5186 3418
3612
3598
1348 1348
3612
3598
3612
3577
3612
3888 2069
2317
3598
3611
2593 3611
3565
3589 3618
3598
5530 3067 1601
3693 4890 2916 2424 3891 1511
3598
1348 3598 3598
3616 3611
2550 4046
1530 1532
5793 3598
2982 3598 3598
3612
3565
3612 1901
3598
534 1413 1530 2178
2591
2591 3565
4778 5554
3611 2590
3598
3565
3598
3565
5523 2032 5055 3765
3612
4046 3590
2904 2445 5826 2438 4985 3391
3565
3598
3598
4097
3598 3598
2591
5501
3598
2611
3613
3611
915 1348
378 378 378
5146
1901
2978
2919 2916
3598 3598
3611
983 378 1990
1348
1901
3612
3565
3590
2082
3611
3615
3611 3598
3611
3615
3598 3598 3598 3598 3598 3598 3598
2068 3067
3173
3598 3617
2618 3598
3067 4045
3565
3598
2455 4858 3657 5219 2076 2071 2064 2071 3464 3068
1643
3614
3598
3591
3598
3612
3630 378
3598
2591 3612
1901
3598
3611
3598 4875 5466 5218
3612
3612
2591
3615
1901
3565
3611
3634 591 1413
3612
2071 3883 2490 3395
3411 3459 2418 3402
3618
3068 2071
3598
2385
4052
3611
1348
3612
3612
1901
3565
2591
1930 3629 2036 2034
3629 2916 1920
2591
3611
3621
3614
2591
3611
1348 1348
2438 3224
3598
3611
3614 3598 3598 3598
1348
3589 2591
3611
3565 3565
4983 3394 2071
2612 5439
2591
2591
3565
3611
4097
3598 1348
1550 2064
5928 1590 1413 3598 1500 5928 1590
1481 1606 2400
3612 2590
2618
2591
1348 1348 1348 1348 1348 1348
2455 5166
3616 3611
1901 2455 2925 2426
1567 2267 3490
3598 1348
3621
3598
3598
2069 4624
3589 3589
1901
1588
1348
1500 5470 1925
3611
3611
4761 1565 5220 5466 1496 2070 1496 5466 1516 5220
3612
3612
2591
3612 3598
2070 2455 5057 3390
3565 5078
3565
3598 2591
5995 5051 3370 5791 2314
2046 3634
3612 2618
2158
2512 3067 2463 2512
5166 5426
3170 4620
3598 3621 361
3622
3611
3612
3598
3611 1901
3621
1901 3611
3598 2591
3621
1901
3598
3598
3612 3598 3598 2591 3598 1901
2562 2560
3598
3615
754 2982 2591 2982 5501 5829
3587
1348
1348
3616
3727
3621 3335
2591
1348
2070 2020 5529 5530
2332 3612
3611 3611
3888 5932 2859 5001 3693 2864 2139 2438
1639 1025 603
2591 3565
2455 2866 2903
2958
3622
2555
3598
5792 1530 3902
3613 3598
2591
3475 4980
3612
3698 3395 2232 3842 2436
4045 2994 3629 3629 3630
4198 3598 3598
2891 5167 2270 2865 3067
3630 838 1207 378 3393 5218 2997 3734 2416 3629 2325 4754 3629 2325 5836 3656
4795 5056 6048
3565
2591
2591 3611 1348
2568 1535
1348
3612
3612
3612
3617 3612
2071 5994
3612
3611
3611 3598
1348
3614 2618
3598
2591
3598
3612
2394
3611
3598
3629 2313 3629 2490 2884 2884 3184 2490 1355 3629 3970 3629
3612
2068 1611 3612
3565
5179 5122
3598 3634
3611
4858
2455 4633
3591
2603
1348
3611
1348 1348
2952 5073 3434 4980 4545 3184 3746
6034
2591
3612
2866 2071
3615
3611
3598
3598
3565
2591 5146 2919 5146
3611
3598
2591 3598
3612
3612
3598
3598
3612 2591
3390 5932 4858 2904 2416 1939 4858
4857 2270 1923 3629
3417 6033 1355
3611
594 3067 1646 1646 3067 594
5793
3611
2547
3611 3611 3598
3589 378
2020
2560 2548
3553
3611
3598
3565
4132
3611
3565
2591
3612
3615
3612
2850
983 1216
4988
5992 2336 2320
3176 5826 3629 3629 5220 1565 5074 3630 651 638 725
3612
3611
3612 3598 3598
3598
2028 2436
3587 3611
3613
3565
1348
3611
3394 3388 1607 3008 4794 2316
3611
2314 1963
2618
3598 3598 3598
3565
3634
1975 4858 2023 3842 4268 2920 2326 2064 2921 2156
1520 1498 5439 5531 2455 3882
5220
1901
3565
5219 1646
3598 3598
3622
3621 1348
3617
3598
3612
3598
3612
3598
3556 2591
1901
3611 3611
1348 1348 1348
1509 2591
2344 3395
2591
6032
3622
3621
532 636 608
1348 1348
3598
3612
3616 3613
3612
1655 1529 1466 2155 2070 1530
3613
3611
3067
3611
3907
3598
3618
1348 1348
3621 3060
2591 3621
3598 2593 3612
1355 3629 3097 1932 3096
3598
2029
2591
3598
3598 3598
3612
5156 6032 1567 3224
3591
3598 2591 3598
4794 1535 1222
4793 2329
5983 2064
3611
3612
3611
3598 3611
2325
3611
3612
3611 3611 2618 3598 3611 3611
2025 3698
5794
3611 3565
3612
2593
3598
5219 3419 5024 3394 6034
3611
3615
3612
5070 378
3615
5504
3612
3565
3598
3598
2618 3598
3885 5146 2268 6032 5999 4838 3423 2863 2858
3612
2591
2029 3566 2029
2548 3612 3360 2591
5482 5907 5100
2859
3612
1348
3612
3612
3598 3565
3621 3598
3598 1535
5051 2331
2163
2416 435 1637 2064 4045
3621
3611 3611
1901
3565 2618
1348
3598
2583 3598
3598
3598
1348 1348 1348 1348 1348
3612
3612
3598 3612
3612 2618
2611
3611
3611
4985 1530 1646 5090 1216 2025
3598
3435 1962 2077 2892
3611
3611 3611
4097 3565 2590
3611
1348 1348 1348
2854 4593
1901
3598 3611
4857
3565
3612 3565
3611 3611
3621
5066 2988 1962 2430 2949
2071 1413 1639 6042 5794 3394
1348
3611
1348
1488 4619 3395 5188
3613
3611 3611
3612
3598
3621
4391 4366 5985 4391 4365 5111 1571 2288 4400 5508
3598
1901
2025 3868
3598
2076
1496 3598 1576 4805
3402 3402 4890 4999 2416 3068
2886 4901
3630 378
3559
3621 4052 3565 2569 3621 3612 3598 3612
3611 2590
2320 2192 2488 2488 3629 3629 3773 2155 2894 1985 2481 1355 2155 3782 3629 3629
3614 3565
2232 1576 6032
3611
3598
1521
3598
3598 3612
3612
3612
3612
2950 5825 4269 3394 3173 1222 4268
3565 3611 3565
3611
838 3598 1227
2591 3611
2591
3423 3411 2904 3419 3222
2591
3598
3598 3573
6032
1657 3565 1646 5405 1656 1647 3577
1348
5493 2064
1348
3612
4881
3598
4099
3565
1901 3598
3616
1974 3629 4269 2329 3469
3612
3612 2591
3598
3565
3598
3598
1092 1098
3598 3612
2083 2507
1509 1480
3048
6053
5157 1537 3621 2128 4070 4988 2612 2668 2870
2455
3598
983
3621
3565
5157 2322
2265 2046
3611 2591
3612
1348 1348
2618
3612 3598
3613 3598 3598
2591
2854 2550 2591
3598
3611
1215 916 916 984
3629 3629 2325 2489 3630
3618
3612
3394 2885
2591
3611 3565
3611
1520 5523 2509 3629 3068 1518
3611
636 524
3587
2512
1498 3067 4859 3068
3611
3611 3634
6051 4873
2618
3598
2495
3612
3612 3611
526 1646
3621
3611
2618
6121
3611
3611 3598
3598
3565
3598
3612
4863 2341
3629
3611
3598
4985 1543 3629
1227 1210 3630
378 2344
1639 636
3598
1962 3629 1355
2591
3614
3617
3612
3565 3589
3611 3611 3611
2618
2618
3598
3565
4622 2904 3598 2064 3886 4633 4623 3391 2490 1348 2331
3598
3612
526 526
3616
2591
838 1023 3630 3630
3621
3565
3611
3611 3598
2591
3634 1348
2325 2325 3629
3614 3598
3591
3612 2562 3598 2591
3565
3629 3598 6025 3629 4890 4255 1820 3393 3735 2455 6025 2289 3629 5932 2287 3629 3630 647 721
1655 594 3630 3630 3630 1613 3630 1652 1655 1529 392 1500 532 3629 3630 626 1413
2744 3383 4255 3428 2916 1613 2854 2920 2850
3598
2591 3612
3598 3589 3598 3589 3589
2591
1530 1294 1328 3598 1334 3067 5776
3611
2455 3068
3629 1932 6053 3629 3629 2651 1932 3891 2651 1932 3629 2651 1932 3891 3629
3618
3611
3611
3612
3611
1901 3612 2618
3598
3612
3543 3598
3598
3612
5038 5039 3518 5187 5042 5009 3222 3225 5046 5189 3393 4873 5044 2416 2314
3611
1901
3566
3598
3612
3612
3598
3611
3693 2329 4269 1975 2849 3419 3629
2591
5556 2859
1216 983 1962 2274 2437
4778
1348 1348 1348 1348 1348
3598
2591 3621 2612 5431
4890
1348 1348 1348
3598
3565
4045 2071
4874 4858 5880 4858
3565 3591
2591
3611
3565
1867
378 1216 983
2591 2548 3598 3615
3612 2596
3598 1348
5146
3612
3587
3598 3598
3612
3598 3634
3612
3598
3598
2111
3617
3598
1348
3598
2603
3598
3612
3005
605 2591 526 593 1639 5910 605
378 988 3630 988 378 3630 984 3630 378 988
3598 3621
3611
3612
3621
4858
3412 2331
3621
3612 3598 2618
5143 3629 5071
3565
3611 3598
1551 1498 4858
3173 4985 4988
1901
1348 1348 3598 1348
2325 5137 2313
3612
3612 2591
3612
2591
3598
3612 3612
1613 5219
2222 5776 3885 5776
3068 5476 1646
5794 2256 3068 2256 2781 5794 3068 3737 3737 2256 2781 3068 5794 3737 2256 2781 2256 5157 2645 2684
3598
3598
3611
2618 1901
2455 5482 3629
3598
5826
3611
3598 3598
3598 1901
3611
5806
5778 5886 3629
5794 378
1901
3611
1348 1348
3613
6032 6032 6032 6032 6032 3067 6032 6032 6032 6032 6032 6032 6032
3598 3598
3622 3612
3611
3565
3598
3598
3612
3617 3612
3611
3565 3611 1901
5040 5793
2591
3598
3618
5146 5146 5146 5146 1590 5219 4857 3629 5038 3629
1348
5518 3629 1534 6049
3565
3612
3598 3598 3598 3598
3565
3172 3629 3171
3634
1348 1348 1348
2591 3612
383 1348
5051 2902
3612
532 524 1634 636
1496
3611
3621
4046 5167 1590 3226 4988 1595 4637 3598 4988 2570 2453 2070 4046 2070 5794 1595
6247
3598
3579
3630 606 1520 3630
2591
5465
3391 4629
3611
4103 361
5167 2455 3698 3459 3097
2601
1921
5792
1348
3615
3612
2591
3612 2595
721 651
3612
2591
3068 2484 3068
3565
3612
1348 1348
5157
2479
3053 4926
3611
3615
3413 4858 3629 3629 2691 1974 4858 3629 5146 4268 1974
1348 1348
3598
2439 2950
3611
3598
1637 591
2288 3413 5527 3840 4874
3621
2591 3612
4443
3612
3565
3598
2591
5825 2325 3629
1492 5826 2426 2455 2886 2046 3177 3417 2863 4858 4858
2591 4070 4545 1964 1355 5146 2434
525 1637 1025 609 1652 2854
3621
3598
3630 1530 3630 1655 1655 1530 3630 1646 1655 3630
3612
3615
3598
3620
3611
3386 2047 3629 3068 5191 3629 3067 2064 2270
5039 3106
2318
3598 3598
3612
3612
1348
1492 5007 2885
1543
2595
3590
1585
3598
3388 4619 2865 4620 2391 2916 5157 5070 1355
3614
2679 2863 2918 2894 3403
1348
3598 3565 3598
3611
3612
2591
3630
2591 2158 2155
2598 2593
1348
3629
2591 3565
3611
3556 4859
3598
2069 2064
3612
378 3067
3611
1922 1355 2476 2824 2823 2064 2827 2981
3621
3611
3612
3618
3598
2358 5157
3598
1348
3565 3565 3565 3565 3565 3565 3565 3591 3565 3565 3565 3565 3565
2591
3612
2590 3621
3598 3598
3598
3565
3598
1498 1509
2916
1348
5973 3390 3437
3598
1355 3598 3417 3067 3464 2434
5792
2239 2163
2601 3611
3617 3617 3617 3565
2550 3612 1867 2550
1639 605 1025
1901
3598
3565
5792 3565 3565
2076
3390 3840
3612
3612
983 2163 916 1216 2192
2155 2232 2230
3612
3577 2618 3611
3565
3612
1901
3612 1530 1530
3612
1348 1348
5426 2591 5415 4968 2591 5492
1901
4806 1482
3611
2314 5932 3629 3735 3629 3391
5836 4754
3612 2550
3598
3587
2618
3612
3598
3612
3612
3565
3612
3612
3611
4045 3173 2289 3107 2474
2593
3598
3587
3611 3598 3611
6032 6032
3612
3598
3612 2591
2591
3598 3634
2618 1872 2557
1862 1567
2591
3598
5562 1413 2476 350 1664 5138 5098 5098 5098 2507 1925
2591
531 599 5146 534 2029 3106 2029 5146 5555 3464
3612
3598
3611 2618
1626
3612
3598 2591
1348 3598
3565
3598
3611
5994 5978 3886
3598
4929
3611
1465 2070 4337 2156 5829
3598
2591 2327
4858 1502 5166 5143 1901 1502 1502 1502
3629 2331 2651
3611
5053
3598
4858 3892
3617 3617 3617
3395 2020 2344 3394 2863 2437 4988 3398
3612
3565
2591 3598
3565 3598
4795 5886
2590
3598 1901
3612 3612
1611 1540 3882 2982 2982 1611 2982 5139 4152
3611
2550 3598 3598 2548 3612
378 989 1208 3630
2025
3612
2591
3560
378
3587
3598
3612
2591 1548 1548 4883
2591
3611
3611
2591
2591 3590
3611
3598
3598
3612
3565
3612
3612
4873 2591
3612
2597
3598
3612
3598 2591
2908 5157
3565
3612
3598 3598 3612 3617 3598
627 1073 1060 622 3565
1530 4986 350 1530
3611
1901
2041 1982 2672 2041 2033
1571 3634 2163 2180
1348 1348
3413 2855 2071 2525 2646 2884 2908 2851
3612
1219 988 838 988
3614
1901
2591 3621
3735 2860 3629 3734 2859 3734 3735 3629 3629 3735 2857 3734 1216 3630 378 983 3629 3734 3735 2860 1974 2857 3629 2860 3734 3629 983 1222 1219 3630 1975 2857 3629 1974 3735 2857 3734 3629 2860 3629 3734 3735 378 1219 3630 983 2860 3629 1974
3565
3598
3629 5569 1767 1767 3629 5501
3598
3612
3565
3611
3630 632 1226 3630 632
3157 6034
2596
3611
3598 3612
3590 2590 3617 3616 3616 3618
4635
3388 2316 3394
3611
3613
627 1082 378 622 386 628
3611
3612 3598
3598
2596
3611
3617
5994
602 603
3598
3388 2978 3007 1984
3629 3068 3402 2434 3629 5825
3598
4791
3598
3629 3629 6032 1550 3629 1550 3629 3693 1550 3629 6032 3390 3629 2780 2455 1550 5489 2674
1962 1927 4988 1963 3629
3598
6032 3629 5794 1355 3629 1942 1930 3629 3629 2071 2156 2509 1921 2071 3629 5555 3629 4633
5157 1355 2070 3629 3876
2591
3598
3598
3612
6049
2603
3612
4619
3620 3616 3611
3598
3612
916 1210 633 1226 378 1226 1210
3612 3326
3598
3611
3612
3391 3406
3611
916 2331 1960 4985 1944 915 1550 1550 3224 1511 5038
1222 1207
3621
1355 3885 2495 3629 5790
3598
3598
3598
1961 3068 2916
3629 2068 2858 3629 4629 5826 1355 3629
3565
3598
3621
3613
3598 3612 5814
2417
3598
2071
3612
3598 3612
2872 5535 1547
3612
3411 2417
2323 1355 5000 4766 4988 838 981 916 3888
3598 3611
1940
3598
1348 3637 1348 3637
3612
3565
3598
3598
2748
3622
3591 3591 3591
3611
3565
5794
5000 5521 2028 2287 3067
345 1611
3598
3618 3612
5914
3615 2068 6053
2238 3067 3402 5219 4787 2894 3629 2455
3637 1348 1348 3634 1348 1348 1348
3558
3598
2591
4430 6034
2982 2464 5419
3598
2474
3598
3612
3598
3598
1646 3630
3598
1348 3565 1348
3611
1635 5038 4278 4274 603
2855 3068 2916 3074 3629
3611 3616 3611 2591
3611
2068
1530
1348
3616 3590
3611
5959
3618 3618
3598
3612
3932 3565
3612
5816
5505
2344 5932 2859 5160 2894
2618
3622
3612
6032
3598
3565
3614
3621
3630 1296
4890 3629
2070 1639
1611 345 3068
3171 3629 1576 3096 3629 2744
6049 739
2863 3435 3629 3184
3598
3612
1348 1348 1348
3612
3622
3611
3427 2020 6049 2020 6049 3189 3387 2020
2773 2591
3612
2770 4545
3612
3612
5435
3598
3598 3622 3598 3598
3611
2557 4566 3612
1348 2601 1530
2591
524 5166
3629 3629 2868 2863 2865
3611
3612
1974 2464 2482
3611
2557
2180 2232
1576
2591
3394 3419 4980 2426 4756 4883 5157
1586 3598
2949 5189
2618 1901
2426 6048
3612
3598
4778
3390 2865 5072 3388 1963
3766
3068 2593 2313
3611
1611 1355 345 1923 6032
5431 1862
3598 3598
3068 3876 4036 2344
3402 2034 3629
2591 3612
1348
3598
5831 5826 2314 4446
2455 2581 1551
2070 3390 2330 2854 3598
2618
2139 4661 3629 3629 5157 2474 4661 3629
3598 3598 3598 3598 3598 3598
1901 1901
4629 1606
4046 1929
1348 1348
3565
1586 1585 5966
3598
1348 1348
3591
1348 1348 1348
5790
3612
5070
3621 3565
3598 2591 3598 3598
6034 6034
3621
3565
3629 5157 6032 3067 6032 3629 3629 3629 6032 5157 5157 2418 2070 2070 5157 3629 1480 3629 2416 6032
1348 1348
3598
3615
2575 4961
2618 3565
3612
3598 2591
3621
3598
2802 5510 4255
5476
3598
3068
3598
4756 2323 1355 3222 5146
3565
3964 2417 3629
3612
1348
2256
2265 2905 2064 2892
3565
3598
3565
2860 3393 2479 2416 4980 1948 2028 2020 2076 3459 2644 4873
1496 2317 2866 1535
2560
2618
3612
1348 1348
3598 3598
3611
5792
1548 2023 3394 4858 2417 3174
3598
2618
3068
2082 1496 2510 4742 1496
1348 1348 1348
1348 1348
2593 3621
5794 2455
3173 3391 2032
3611
3611
1552
2416
3620
3598 3571 3565 3565
5218 2416 4873 3106 3398
3618 4858 2591
5994
3611
3565
5794
2163 6034
1348
3598
2192 1551 1551 5488 2978
984
3616 3620 3598 3620 3616 3613
1532 1530
3571
3565 3598
5464 6042
3598 3598
1585 4522 4976 1511 1355 1550 3172 3008
5040
3621
3611
2593
3629 3067 2851 4623 2851 2756
3565
1582 3411 2071 4623 3394 4633 1355 4622
3565 3565 2591 3621
1348
3565
1655
2028 6034 2265 2436 2855
2595
1901 3598 3565
3598 3612
3634 1348
3598 1348 3598 3618 3598 3598 3598 3326 3068 5826
5056 3068 1637 1529 596 3630 3629 5156 3629 2861
3611
3964 3424 3629 2908 6032 3412 3629 3629 3964 3469 5033 3424
1476 1476 2979 4880 4882
3565
3565 5090 2591
3598
1639 4269 2421
