5709
2530 5503
1366 1361 2589 699 3427
3776
4030
5709 3793 3869 2313 3240 1733
2881
1498 1498
4016
4040
424
3978
424
1655 3426 2696 1507 2759 3188 3256 2608 2575 5620 5214 3782 3192 3799
6559 2735 5361 2623 2972 2667 3381 2270 4766 2310 4429 3473 3968 2794 2195 6804 3546 2669 3969 2405 2809 3813 3435 4421 2269 3122 1507 2717 2623 3547 2756 3789 3185 6804 3381 3473 3185 6804 3789 4192
4016
3783 3194
2402
2881
1346 844
1507 2181 5504 2263 4341 3782 4123
4029 4016
5844 3194 2310 1654
4016
3426 424
5665
2908
2893
2890
4029
6540
431 1193 694 424
6166
2908
2125
4029
2312 3892 3859
4030 2880
3978
3745
424 4049
5698 2318 4478
2185 2035 1507 5662 3262
4016
1087 1015 1089 1695
4030
4016 4029
4770 2401 3776
6803
4016 2792 1358 424
4033
4049 424
1346 1367 1358 699
2589 4793 1507 2312 2773 6687 4793 6817 1507
5877 2310
3560 5798 3829 3821 3801
4030
4029 1498
5714 4016
2326 1936
5093 4016 2313
4030 2908
5205 2312 2288 3194 2663 4586 5662 3831 5205 3194 5662 2663 2312 3829
4016
6138 5218 2325 4016
2312
1345 6753 6565 1016 6568 2273 6753 6527 1636 1345 6739 6758 6753 6568 6525
3917 5478 3227
4049
4030
4029
424 1348 4049
3191 3787 1700 5478 2312
2886 4118 2578 3782 2717 3532 3788 2263 3256 3217 1507 2663
4016
4016
3472 1507 2270 3813 3473 2667 2801 4421 3339 2195 3324 3381 3548 3185 4766 6804 2623
3291 2699 2716 2778 5681 5714 2704
2264 5500 6802 6559
4030
4769 4770 2736
1367 4049
4040
4016
3953 4033
4048 5617 4317
2859 4532 5504 4016 4030
4030
4048
4029
4016
3218 3290 6808 4048
2908
5614 4048
4029
6149 260 1661 4049 424
6263 4048
2880
1498 4016
692
6212 5695 5713 3426 5394
4029
2275 6817 4048 1672
2125
4016
2908
4016 4030
1498
5678 2318
4048 5714 2575
4049
4029
4053 1498
3969
5222 5836 5493 488 5622 3801 5493 3219 5836 3237 5511
927 424 261
4056 1498
4049 1345 1346 424
1358 424
3776
4016
4049 1089 424 1346 1358
4896
5798 260 260 2313 5798 260
4016
4016
1683
4016
5205 2568 2663 4203 1507 3471 4118 5798 5794 4557 5204 2384
2568 3870 3180
4030
4016 6682 1673
5218 4514 3978
2886
4016 2893
2908
4016 4030
4016
2880
4040 4036
1366 1361
424 4049
424 1361
3552 3324 6687 6559 2261 5494 3783 3194
5744 2762
4784 3800 2205 2594
1325 368 389
6559 2577 2577 2577
4049 1358 1088 1361 2228 1937 3191 4048 4049 1361 1089 1358 1935 4048 3191 2228 1088 1358 4049 1361 3191 2228 1935 4048 1088 4049 424 1440
4030
260 2231 5503 4048 5483
2883 2718 6801
4029
260
4029
260 2608 6189 260 6565 4334 3182 260 6173 260 4334 260 3828 2385 6173 2608 260
4029
3427 5511
1498
2306 3796 260 260 5634 396 5635
2936 260 3533 3427 4317 3258 260 2936 3533 260 1507 260 2936 3533
2334 3782 6687 5207
2277 5503 4016 1742 424
4029
4016
6646 5836
4286 4286
5713 4048 2169 2277
2261 2694 2440 5494 3784
4030
2313 2587 260 2565
3194 3195 4048
4049 424
396 260 2410 2312 1937 3549 6217 2694 3426 3822 6801 260 6801 2410 4164 3822 2736 1507 260 5215 2277 3426 5348 5215 260 1778
3196
5048
4016
2852 5500
4049 1087
1507 6802 2735 5696 3218 6802 3830 2306 3219 1629
2565 2778 2168 4048
4016
3789 2410 2608 2287 2318 3603
1133 1694 671 490 692
3978
