2866
2884
1695
2084
6801 3300 3292 2571 3195 3298 3296 3305 6801 4181 3292 3299 2694 6801 3299 3296 3195 2571 6563 6801 3292 4322 3300 3195 4582
2911
2884
1748
4030 2883
2883
2904
2904
2904
4016
5819 5794 2403 2270
2884 4030
2882 4016
4016
3254 1714 2207
924 1092 1358 1357 699 924 1084
2904 4016
2484
4016
5810 596 2792 1828 4429 6687 3789
2904
4003
4016
6151 5502 5403 2904 5494 1660
3333 588 3333
4030 2904
4016 2904
1498 4016 2883
4029
4030 2884
2313
5404 6160 1758 1664
4016
1498
4016
4005
3978
4016
4016
3189 3190 2911 4016
2904
5502
2904
2904
2904 4035
2313
1819 6500
4029
2883
4029
2904 4016
4030
1938 2146
2883 2860 2084 2844 4030
2904
4030 2904
2313
2904
5094 2312
4029
4030
2883 2904
2270 2959 2996
4029 2882
4040
2904
2286 6189 6160
5620 4048 1941 6690 5665 5663 4048 5620 2766 5620 6230 4048 2767 4048 2171 5620 2193 6687
4016
2884 2584
2312
4016 4016
3182
4016 3722
2694 3810 3810 2694 3426
596 1579 1812
4016
4029
4029
2904
2883
4016
2171
4016
1269 1328
6118
2695 2193
596 671
4029
4007
3190 2772 2904 3189 6251
2883
1572
4029 4016
4029
4030
2858 2857
2883 4030
4016
4003
3991
4016
4035
4993
4029 4016
6726
4016
4030 2883
2868
2904
3869 5709 3196
2891
4030
