424
650 702
4040
3776
4016
4029
1498
6687 2522 2527 2313 3174
4016
2318 1793 1217 424
3978 4030
1936 2745 2746 2312 2965 6802 2590 699 2264 424
5218 3788 1507 6559 5354 2771
1345 424
2796 2318 4016
4016
2882
1674
4016 2911
2883
3381 2318 3559 3186 3473 2270 4115 5610 3813 4421 3472 2802 2623 2996 4112 4421 4182 3473 3789 4118 3185 3559 2623 2270 3473 4610 3559 1507 2155 1741 5369 3381 1748 4421 3122 6801 3186 4118 5108 2623 3471
2893 4016
700 1695
2886
2893
5794 2918
1748
3194 2184 3991 4341 5404
2312
1483 1470
4030
1683 6189
6189 2159
2884
6209
3260 1579 1819 703
2312
2893
4016
4030 4454 4030 6781
2312
2911
2312
4476 1708 4481 4482
2893
4040
2402 3190 3785
4016
1361 424 1348
3978 2883
3427
4016
5713 5215 3219 5843 1688 1507 5663 2306 3339
4016
3978
3829 3181
5214 3182
3974
4210 6249 2313 6248
5511 5511 2911
2427 2193 1717
4437 5214 4525 4029
2264 5160 2312 5505 1695
4016 4030
2759
424
699 1440
649 660
2821
3789 1752 4118
6241 5878
4029 2904
2312
2696 5622 5490 4016 5050 1819 2312 1579
6209
1131
2911
2904
2313
3829 3805 2313 3971
1345
2883
6527 1752 5798 4016
1700 5496 1664 4016
4048 4770
4029
4030
4029
2904
4337 1507 2704 2164
3789 3788 1507 5503 2310
1673 3052 4769
1131 1079 1089 424
3295 4767 4512
1783
4016 4040 4030 4040
4030
4030
4030 2312 4016
4016
1361
4532 4040 4016 4030 6707
4016
4608 4557 1673 5842 6804 2318 3236
5502
1572 495 659
2209 1664 4016 1625 1779 6214
4993 6209
2904
2312
424 4049
4048 1936 1655 1708
1358 4049 4799
1346 4049 1346 4049 1345
4048 5511 2035 4049 1360
3324 3822 2575
4029
4030 6726
4030 2312
4016
3969 3427 6194 3978
5696 3323
3196 3788 3323
1345 424
2312
4030
2911
4030 4016
3259 6138 2736 3190 3532 3782 3805
424 1006
2228 3471
2156
1348 1361
6196 3356 260 2790 3356 260 5696 6189 3356 260
4030 6726 2883 4016
2901
4016 2704 3782
2911
1355 1092
2209
1361
424
2904 2312
3182 260 1507
5635 6803 5698
3180 590 3899 2527 669 2148 346 2704 488 5877 6624 3181
6682 5708 1733 6089
3244 424 1345 2147
3426 5094
2211
1181
4016
2169
2312
3355 2983 2587 3552 260 3356 260
2904
2312
6262 4118 2767 2971 2169 6261 2766 2168
3801 4123
3991 2312
2883
6222 699 2231 6570
1367 2884 6729 1367
4029
6209
4016 4030
4016
2312
1354 4049
4091
4016
4040
1080
424
1345 424
424 3185 3427 3185
5663 1015 2169 2313
4335 1708
1015
4049 1088 424 1440 3191 4048 2228 2207 4049 424 1088 1358 4048 3190 3219 2207 4048 2792 3191 3780 4048 3191 424 1088 1358 4049 3782 3190 4048
4049 424
1358 1093
2313
260 6212 2932 593 671 1695 260 1507 6153 5622 260 2306 2959
5494 2736 3785 2694 4048
260 3238 5163 3356 260
6818 260 3822 3356 260 260 6173 3356 2595 2718 2587 260 5358 260 5355 5354 2587 5358 260 2595 5358 260 260 6506 2168 260 6263 2765 260 6565 6263 2778 2736 260 2169 3356 2587 1507 260 3182 5348 260 4525 260 2699 6506
2709 3813
1573 3327
260 3182 2736 6153 260 1941 2736 2525 2164 5610 2736 260 2736 6251 260 1507 3789 260 5610 3549 1507 2154 260 2736
6565 3258 260 3556 5697 5619 260
2736
1498
2883
5634 5635 3291 1507 260 260 4879 1507 2790
6183 1358 2883 2227 424 1089
3471 260 3783 260 2579 2696 260 5511 4317 260 2736 2694 3783
6509
4029
1507 3887 2384 260 260 3356 3356 260 1507 1507 260 4317 5348 3887 260 2790 2667 3310 260 1507
4029
4030
4049
260 4611 2313 1672 6801 2169 260 2275 2694 2169 260 2277
4122
1355 424
2168 6687 1507 1661 4557 2189 3548 2306
3426 3797 5501
4030
1367
4035
1006 424 1016 1089
1016 1358
