4016
1498 1498
4029
2908
4016
4016
1088 1355
3291 5610
4016
4016
2572
3978
1498
4016
4016
1498 1498
1498 1498 1498
2850 2085 2881
4029
1498 1498
4040
2708 4421 596 5847
1498 1498 1498 2736 4053 1498
4016 2881
3978
2694
424 1356
1498 4034
6525
1498 1498 1498
2840 4030
4033
2673 2673 2673
5218 6800 6801 5218
5713
2893 2881
3978
4512 3254 3548 2771
2270
1498
1498
2125
4040
4016
3805 6687 3194 3195
4016 4030 2736 5478 2274 2274
6804 3219
1695 4016 6739 6739 6739
3991
6559 5369 3781 3472 1724
2881
3978
424
3978 1498 2584 3471
1498 384 1782 1498
4040
2893 2881 2881
3978 4030 3978
1742 2410 2405
2881
2881 4040
1498
1498
1498
2901
2881
1498
4029
2736 3241 4048 3829
1498
4030
4016
3978
4030 2881
2306 3788 2310
2765 2718
1498
4030
4030
4029
3978
4029
4030
1498 1498 1498 2881
1498
4016
1498
3978
588
2792 3788
594 671 495
4029
1498 1498
2125
1498
1498
2881
4016
4029
3743 6543 4532
4016 3978
4040
6801 3310 3427
424
5819 3782
1498 1498 1498 1498 1498 1498 1498 1498 1498
2881 2881
4003
5847 3427 5093 6570
2908
4016
4031 2908
2736 6526 4164 3788 2608 3784 2579 6559 6687 6526 1082 1016
4016
4030
1498
2881
4030
4031
3785 3472
2125 2125
4005
4036
2125
2695 3196 2312 6804
6803 2270 3381 2269 4421 2623 6804 2623 3788 4421 3185 2270 2269
4041
1660 3427 6225 4118 2999
4016
3978 3978 3978 2125
4016
4016 4030 4016
4016
4016 1498
3194 3787 3195 3788 3806
2125 2881
4034 4029
384 4331 1782 1695 1695 2591
4029
5845 3229 2325 3601 3785 2608 3788 3787
4005 4016
2595 3227
1015
4030
3293
4031
1483 1441
1971 3782 5214
2144
4040
2881
1498 1828 1498 4053 1498 1498
4016 4030 4016
588 671
4016
1695 1695
4016 1941 6197 3427
4016
5214 3783
4016
4030
4029
1819 2277
4029
4029
4030
5696 1507 2591 4340 3305 2589 5819 2794 2589 5157 2306 4016 1507 2595 2591 2796 3871
1498 1498
4016
4163 3784 3254 3821 6559 6687 2694
1695 1626
4016
4030
4029
2736
2270 3460 3830
3260 1507 3552 6558
4030
4029
4030 4016
3426 588
4016
4029
3822 1355 3829 1082
3783
2881
4016 3978
4016 4030
4029
2547 1793 2792
4029
4030
6559 2794
3978
4016
1498
4035 4003
2584 5820
4016
1498 4016
6558 3194 3792
6098
4016 424
4029
4029
5454 6751
2125
4557 5164 2717 4772 3229 5483 1507
4030
2306 4511 5511
1498 1498
4016
4016
4030
1133 1695
4030
4030
4029
4030
3218 5205 2306
424 1089 6739 1358 699
3978
4005 4036
4118 5511 3254 2702 4340 1675
1498 5677 1695 5252
4034 4029
2840 4526
4005
4016
4029
2881
5387 6247
4030
4030
1731 5478 4234 3784
3978
4016
4030
6214 2273 5695 4202
2936 2152
1498 2908
4016
4016
2759 6189 6189
2901
4031
4029
4016
5798
1440
2125
3323
6559 1695 5842 2311 5093
4016
4016 4029
4029
1088 424 2226
1498 1498
4030
4016
4007
4029
4029
2326 2325
4029
382 1695 5810 1679
4029
4030 4029 4016
4029
3194 4016
4016
4030 4016
2893
4016
2310 3426
4029
2838
4029
2881
4049 424
2125
4016
4003
4029
4016 5496 6149 5877
4030
2313 3301 5478 1649 2881
1498
2125
4029
4053 1498
2313 4331 2773 3789
2881
4036
3427 2313
2655
4029
4029
1498 4016 1498
5478 1717 2318
2881
4029
260 2277 3339 3323 3339 1695 4879 4525 5208 2277 1192 433 688 693 260
4032
2881
4029
1498 1498 1498 1498
2717 3603
1714 3218
4016
2908
4005 2881
4029
4034 4035
5478 260 3840 5222
3978 3978
4029 2902 6121
4016
3988 2881 3978
4016 1498
2881
1716 2306
3258
4016 1498
2908
4016
1498 1498 1498 1498 1498 1498 4053 1498 4016 1498 1498 1498 1498 1498 1498
702 1810 2312 1812
4335
4016 1498
4029
4016
4035
1498 1498
4005 4005
4029
2908
1755
4016
1498
4030
2313 4340 1752
4030
2312 2736 5697 3784
4030
4016 4016
4029
3603
4030
2155 5093
3244 3229
588 5819 6107
4016
4016
4029
4016
2125 4029
4040
2125
4031
1662
4016
4033
3213 391 5422 2440 5676
831 3327 2881 3327 6189 6563
1498
2401 3776 3776
1498
2881
4016
3978 3978
4337 6687 3190 5635 4118 3195 2384 2717
4029
2736 3197 3239
3299 3299
2845
4016
4016
5397
1498 4053
4030
6525 1695 4351
2881
3879 5614
4123 3789 2482 4286 2715
4029
1345 4049
3339 4048 4525 4049
4049 4049 927 1345 424
4016
5405 5696 6817
4016
4029
2577 3789
1498 1498
4030
4030
2881 1498
4030
4029
4029 4016
1498 1498
4032 2908
4029
4016
4029
2881 2666
2881
5697 2794 2168 4048 4048 2572 2773 3218 3218 3560 2773 1507 4048 4429 4048
5736
2310 1782 4030
5833 5770
2881
4016
2893
1498 1498
4016
2908
2881
4029
5478 5404
2881
2908 4016 2313 3197
4016
4016
3978
2881 5798
1507 2791 3817 2546 2527
4029
4029
4016
4030
3784 6687 5478 3240 2694 2168
5477 2527 2152 4048
3188 6803 5502 5798 6802
4030 2903
3978 4029
4030 660 3426 1819 1819 3426 660
2881 3747 4766
6526
2837
2881 2881
4030
424
2850 2838
4029
3259 2313 2168
2125
3978 2881
4016 4030
3181
1088 1355
5879 2312 1660 6803
4029 2881
2318
6801 6754 2600 2584
5222 4340 6793
4030
2908 4030
2908 4030
4030 4016 4016
4030
4029
2715 2595 3859 2269 2715
6107
1638 379
3978
1498 1498 1498
3788 3782 1778 3356 5404 2577
2908
4016
3978
4053
7188 7184 4016
2767
5878 1819
4040 1498
4016
2881
4016
4029
4029
1498 1498 1498
424 4049
4016
4005
6801
594 702 674
4016 4030
1498 1498 1498
4016
2631
2881
4031
4029
4356
4016
2125
1498 1498
4029
4048 3459 3460 1507 3785 3821 4048 1507 4048 3460 2161 3459
4016
2270
4016
5404 1700 1361
2881
4029
2266 4123
4029 3978
2883
4029
4016
4030 4016
4016
2908 4016
3196 3199
2881
2270 2270 3979
4030
6166 6655 5746
4030
4030
4016 3978
2578 4016 4335
4040 4030
4016 1700
5690 2595
1498
3323 2306 5697 4525 2694 488 1810 2306
4040
3978 2908
4016
4016
1498 1498 1498 1498 1498 1498 1498 1498
4875 5810 2632 2901 6534 3402 2375 2975 2984 2491 2650 2943 2778 2842 2790 4532 5566 2944 5404 3327 2584 2829
4030
4030 2908
4016
2694 3227 2319 2802 3290 3227 3829 2193 2319
4029
4029
1498 1498 1498 1498 1498
1694 4030
2125
4016
4029
1819
2313 4512 3787
4029
1498 1666 380 1498 1498 1498
4029
1498
1650 5204 3789 5844
4030 4016
4029 4029
1498
4030
4016
4040
2881
3052
3978
4933 4899 6746 4898 5758 1737 2546 4943 6197
4016
2125
4315 2266
4016
4049 424
4030 4030
3972
4532 2859 4030 4040 4030 4030 4040 4532 4040 3978 2859 4040 4030 4016 4030
4016
4032 3978
1742 6801 2482
4016
4029
1686
4016 4030
4016
4030
4029
4030
4029
3978
5478
4030
2313 3291
4016
4029
4030
3817 3805 3240 3813 3601
2881
4016 4016 3987
2908
2893 4033 2908 6179 2306
1498
4030
4029
4016
4030
1498
4030
1793 4557 2318 4203 3219 5842 3218 2181 2318 1793 3218 5663 1507 4557 4203
3871 2205 4048 4784 2593
4030
4049 1345
4030 2881 4030
3978
4029
4016 4016
2482 5819 2402
6803
4030 4016
4040
6822
3978
4030
1498 1498 1498 1498
4053
4030 4016
4030
2881 3185 2840
4016
1354 1016 1089
4048 2589 2772 4049
2908 3978 4030
3788 3219
4029
2881
4040
4029
4029
4048 3427 1683 1685 6214 2792
4029
702 586
4029
4029 4053
2908
4030
4029
2838
4029
4029
4016
3978
4030
4030 5483 2605
2908 4016
424 4049 4048
4029
6548
4016
5619 1708 4048
1093 261 929 260 1971 4498 1082 424 1440 260 1971 4491 1367 1348 4049
702 1812 1812 702
4016
1507 2193 4048
2881
2881 4032
1498
1498
3978
2908
4016
3795
4030 6726
2306 4335 5207 3240 4016 5218 5208 3785 2773 1498 2595
6793 1810 588 588 588
1015 1440 1131
4034
2881
927 1131 4049
4029 4016
4030
4053 1498
4016
3784 3241 3785 3427
4032
4029
2577 6803
4016
4029
4030
4005 4016 4005 4005 4005
6559 3190 5478 2205 6687 3788 2736 3800 2608 3789
1667 381 4016 6526
1792 3324 260 1784 260 3324 2035 2161 260 4602 6822 4048 2161 4048 2161 6822 2944 2161 4048 4340 2944 2161 4048
4029
4030
3978 4029
1675
2125 4030 2908
4030
3955 4016
2125
4029
4033 2845 2857
4030
4030
4029
6138 2881
1355 1088 2193 2531 2716
5387
1498 1498 1498 1498 1498 1498 1498
1498
1498 1498 1498 1498
1812 488 1695 669 1716 488 1812
4016
3978
5495 5478 6624
1346 2085
4016
2881
424 1355 1088
4016
4036
4030
4030 2886
4041
4016
2908 4040
4033
4016
4016
1498
4029
4029
2847
4029
4030
671 2881 1812 6658 671 588 659
4016
1094 424 698 4049 424 1093 4049 1093 424 4049 1089
4016
2306
4030
5478
4030 4016 2908
4049 1440 5794 3190 2568 4048 6687 5126 1507
4029 4016
1717 1662 5478
1498 1498 4016 1498
667 692 6558 2125
4016
4030
4029
2908
4016
3427 2509 2509 3427 5810 3427 5810 3427 6527 2509 3427 2509 3094 6527 3427 4166 4166 2509 3094 3427 6527 4166 2509 3094 2509 5810 2937 2984
6559
2881 4016
3978
2694 5494 3550 3792 3788 3787 2608 5877
4016 2881 4016
3978 4016 2125
6527 368 389 1274
4033
6527 424
2125
4029
1498
4030
4030
4029
4030
4029
5666 2318 3190 4202
1758 5878 5477 4048 5676
1498 1498
6208 4048 1699 6818
4030
4016
3978
3805 2764 3806 3356
2908
3548 4048 3547
4053
1498 1498 1498
4030
594 586 1805 702
1742 5666 3219 2159 6565 2796 6739
4016 1498
4029
4029
2881
6559 5404
4016 2881 4032
4049 672 1685
4030
1498
1361 5176 3220
6525
3796
1498
4030
2881
4030 2885
794 718
3427 2767 3427
4030
1498 1498
5810
3411
2881
1498 1498
4030
4029
2893
4016
4029
4016
4040
4997
4030
3978
4016
4040
4191
1655 6559 2704 2736 3220 2287 3553 3811 3194 5478
587 1810 1133 675 1825 3185
4040
3244 6801
4030
5622
4029
4029
4029
396 3427
4016
3978
3190 4340 3196 6166
1498 1498 1498
2261
1655 3219 5635 1498 3473 1655 5642 3219
1708
1752
3226 1507 5765 3859 3863 3254 2608 5205 2663 5877 5810
2979 3194 3256 3229 3797
1498 1498 1498
4016 3978 4016
4049
4029
2840 2091 2881 2405 2402
1498
260 5108
2888 2883
1498
4030
4030
1741 5405 5809 4048 3426 4048
4029
3969 5479
4030
2311 2306
4016
2908
6803 3734
4040
4029
4029
1498
5222
4016
4016
4016
5713 5794
3254
6733 3784 3831
2713 1507 4016 3811 3426 3866
2901 2908 1498
2881
5205
2840 4030 2085
3181 3254
2125
3978
4030
1088 2410 1016 1355 2440
4030 4030
4029 3991 2908 4029
4030
4016
4029 4003
1695
1498 1498 1498 1498
2125
3978 4036
4029 3978
4030 2840
4029
488 650
2881 5493 6098 5663 6802 2802 5798 3182 1361
2893
4030
2883
4016
4030
6801
4029
4016
6189 2881 1672 5698 5744 5511 6506 2164 5697
2881
4016 4053
2908 2091 2847
2881
4016
2881
2125 4016 2632
2881 1272 6251 6255 1572 2759 1838 5789 389 5744 5744 5744
4030
4016
4029 2908
4030
3978
4029
4016
4016
4016
4030 4029
1717 1675 5478 1666 5819 5794 2125 1666 1666
4030
2126
4030
5692 5692
4016
5478 4341
4030
5405 6632
4030
4327 1742 3327 3128 1782 3978 3327 1782 6178 4033 1782 1705 4330 3327 1782 3327
424 1094 1346 4049
3227 3254 3226
4029
3973
424
4030 4016
2881 1714 5504
4029
5681
4040
4029
2881
2736
2881 4007
2908
2881 2306
4016
4030
3978
6758 6746 2482
4030
4030
1819
2881
4030
2629
3244 5810 6803 1758 5810 6803 3244 5810
4030
3978
1675 5397
4036
693 1184 1171 688
3978 1695 5620 389 1695
4029
4016
5535 2216 2325 2282 2216
1498 1498
3244 3182 3807 3186 2313 2809 2938 3218
1358 1093 927
1015 1355 4049 1088 1361 3784 4048 4164 4163 1088 1440 1361 4049 1361 4049 1088 1358 2228 3191 4048 4163 4164 3191 4048 3190 4163 4164 4048 4164 3188 4048 4163 1355 4049 424 1088 4163 4164 4048 3191 3188 2205 4048 4163 3191 4048 1358 1088 1361 4049 4048 2205 2206 3188 3188 4163 4164 4048
3978
4048 6263 1971
2886
2880
2908
4030
4040
2716
4016
4049 698 1366 4049 698
4842
5483
4016 4030
2313
4029
4030 4016
4030
6756
668 669
3782 3323 3355 2218
4016
2154
4016
4048 6801 1716
2193 2156 5622 2194 4048
5403 6682 1758
6801 4048 6527 1507 2171 2159 4048 2313 2403 2792 2148 2313 4048 6248 5218
4029 2880
4323 3426 1507 5810 5810 1507 2312 4048 4323
2886
1819
4030
4030
6818
2893
1498
5204
2838
1016 1348 699 1366 424
4016
4029
4030
1016 2595 2189 5619 2173 1015 1716 3603 1675 5676
3182 260 3822 1507 4334 2778 4048 6523
4016
4048 2310 3189
4030
4029
662 1695
3978
2313
3203 6226 1713
3805 2695
2736 5622 3196 1016 1778 2587 1507 5634 5369 5622 927 1086 1016 4337
4029
4016
4016
1498 4056
1819 3339 4382 2193
3978
2881
4036
2708 3886 3310 3241 2530 3199
1498
4016
2736 1737 5744 260 1784 2525 3789 6817 2154 260
6118 2908
4016
4016 4016
4029
6662
4056 1498 4053 1498 1498
3971
5671
4016
2881
4982 6803
3327 2746 6099
4016
2756 6801 2756
4049 672
3978 1498 3978 1498
4030
1695
4029
1498
2881 4016 4029
2908 4016
3196 4117 3785
6801 3859
2881
4016
1498
4016
4029
4030
6194
4016
6801
2903 6549
4016
4040
1361 261 1366
2312 1812
3426 2264 1782 384 3427
3459 4048 3052 3547 1742
6818 814
3229
1498 1498 1498 1498 1498 1498
424
4030
4041
4049
4030
4048 6804 4783
3227 260 1715 2266
4030
4029
4030
3082 5125
4041
4029
2881
3985 4029
588
2908 4030
5551 2608 6526 6527 6811 6793
4016
664 1572 664
4030
4029
2311 1507
1498 2891 1695
586 5819
4029
2306 1345 4030
3327
4029
2482 2427 2482
1742
3788 3813 5614 2704
5810 2530 2313
2908
6801 1677 1699 260 1685 1672 2306 260 1681 1699 1677 1683 1672
5387
3784 3196 5715 3782 2194
3427 4323 4511 2608
3796 2275 4048
2881 4030
2901 2902 2736 6565 6559 2575 5000
2736 2871 1717
2908
2384 5251 4048 4048 5810 2756 5251
4016 4016
2125 2125
488
1498 1498 1498 1498
2273 2531 4016 1794 1652
1753 1752 6726
1638
1498 1498
1498 1498
6523
5713
1498
6803 6803 6803
3978
1346 1089 1348 1086 5810 2312 260 6096 260 5810 6104 2736 3822 2696 4048 5810 6801 3426 5810 2696 2312 6801 4048 5810 4048 1642 2694 6801
1498 1498 1498 1498
4016
4029
4016
3122 6199 4770
4049 424 424 4049
4016 2311
4030
593
593
4030
4040
1498 1498 1498
3806
4016
4016
1660 2578 3197 1700
4016
4030
2908
4016
4030
1131 1089
1498 1498 1498 1498 1498
3978
1714 2264 3788 5478 2695 3550
4016
2908
3427
2325 1660
1498 1498 1498 1498 1498 1498 1498
1498 1498 1498 1498 1498
3128
6527 2736
4029
4030
2694
5877 2694 5494 3472 3792
1783 3195 5794
4029 3978
2410 6803
2440 1717 6172
4005
1089
1697 1695
4029
3978 4016
5469
4030
4031
4030 4005 4040
3196 2261
3978
3978 4031
1498
1498 1498 1729 1498 1828
2313 3840 6168
2715 2529 6804 3186 2269 6803 2522 2715
2885
2125 4016
4358
2196 6565 3196
4036 4016 1498 4036 3713 3427 6559
5809 4048 3192
1638 1638
1812 4784 2699
