4016
2403
2882
1741 3299 3203 6801 3292 2571 2156 5798 3292 3305 4191 3299 3189 3298 6563 2571 3296 6801 3189 3299 6801 3292 3298 3197
4016
2403 2450 2312 2447 1742
2893
2306
4029
4007
2874
4016
2147
1695
4016
4029
3738
2904
4016
4030
2424 5405 2410 2530 6632
5566 2091
4016 4029
4016
2844 2841
4016 4030
4029
4016
2904 4016
4016
2883
1782
4040
1729 6138 5810 5713
590
4003
4016 5820 3244 5819
4016
702 2792 3290
4003
4016
2844
4032
5877 2336 3556 1507 5634 4625 2663 6196 2663 6250 5634 2313 5619 4164 2384 5125 2194
4029
5589 4649
2883
2695 5478 3208
4030
5218
6248
4030
2883
4030
5614 3427
4030
4016
2883 6536
1695
4016
1694
2587 5403 3788 1507 5698 3240
4016
3552 2306 3203 6822
5713 6632 5671
2904 4016
4040 2883
5404
4016
5643 6526 5798
2904 3978
2228 4048 6690 5617 4048 2228 5617 6230 6099 5620 4048 5713 5614 6230 6218 4048 4048 4210 4234 5620 4048 2193 2228 2194 5620
5502 2882
4032 4016
4016
4016
5204 3195 2269 2306 924 1015 2264 2189
4016
1579 703
4942
2148 4016 2547
4030
2884
4029 2871 2858 2085 2849
4029
4029
4016 2269
4029 4029
4191 3307 3298
1089 1016 1088
4029
4039
4016
3189
4016
2152 703 1572 1133 2152 1572 1572 1579
2904
4030
4029
3972
4016
4767 2424 2902
4016
2312 4030
4033
4016
4016
2883
4029
4016 4031
593 6818 4429 3426
4016
6817 2522
4016
4016
4030
2904
4036
2904 4029 4016
2904
4036
4029
