4016
2674 2234
3978
2125 2908
2880 4029
4016
2838
4029
4029
6687
4029
3978
4030
3991 4016 2883
1498
4016
4029
2886 3980
4029
1781 1781
4029
4040
4029
3978
4016
3978
6121
2125
4029
4016
4016
2883 3978
3978
4029
4029
4029 2882
4030
5522
2306
4030
6221 1685
2883
4029
2125
2883
4029 2880
4029
4032 4016
2125 4016 3978
2883
3978
4016
2883
3978
2908
4016
4030
4016
4016
5404
4029
2125 2883
4029
2402 6149
4030
4029
4030
4030
3978
3985 2125 2908 2883
2883
4030
4029
4029
4030
4029
1498
3606 4624 5403 2575 2306
2908
2908
4029
4029
4030
4016
2125
2901 3747 4030 2883 5152 2902
4029
4030
1498
2125
4016
2509 2480 2509 2509 1655 3327 2509 2509 3427 3387 2871 2509 4166 2937 3094 3196 2509
2125
4033 3978
4029 2125
2883 4030
4016
4532
4029
4016
2883 4016
3978 3978
3969 3978
2883 4029
4030
4029
4016
4029
2883 2125
4034 4030
4016 2125
4030 4029
1666 1666
3978 2125
4016
4016
4029
4016
3978
4029
4016
4030
2578 5477 5522
3991
4030
4033 2125
4016 4030 4029
3978
4030
4040
4016
5696 2162 4625 2746 2829 2168 2509 2790
4029
2886 3974
4030
2908
4029
3978
3978
4016
4030 2883
3978
