3859
1498 4016 1498
4016
1656
4030
2849 4016
2911
4029
4016
4016 4029
2194 2312 3564
1498
2882 2155
2883
4030
4016 1498 1498
1498
6114
1498 1498 1498 4016 4053 6116 2845 5494
2904
4035
3978 1579 1694
2883
4030
1498 1498 594 1572 1498 1498
3776 3776
4016
4030
1695 5203 6189 2181 5696 2311 1819 5205 6189 5205 2181
4029
2893
1695 672 588 1133 2312 1695 1810
2270 4421
1498 1498 1498 1498 1498
6104 6106
338 368 389
2904
2882 4016
4030 4016
4016 2125
2600 4333 2584
3781 3426
5497 4016
5478 4030
5478
2904
3298
4029
703 1660 5502 5819 488
4029
1672 1662
2850 3978
4030
2918
2704 3784 3782
1498 1498 1498
1742 6222 1660
2312 5714
4040 2911
4016
2125 6189 5500
4030 1815 665 1810
2904
4643 4016
1716 3931 3196
3734 4016
1498 3978 3978 1498 3978 1498
4016 4016 5404 5341 2904
2694 1714 6687 2579 2709 2608
2312
2904
4767 3774
2884
4030
4016
4016
1498 6113
4030 4030
1476 1441 1473
2904 4016
2312
2156 5504 3191 5619 1507 3645 3196 3196 5620 5504 2384 1646 1507 2313 2663 3227 6822
4030
4016
4016
1498 1498
3978
1498
5798 1507 3781 5663 4202 2943
1770 1769
1810
4030
2594 5634 4784 2529
2313
4016 4029
1498 1498
1640
3411
4016
4029
4031
3128 5671 6817 2593 6565
4016
2904
1498 1498 1498 1498 1498 1498
1656
4016 4040
4029
4029
4016
2125
4016
4016
1498
2883
5681
4005
4016 4029
2883
2464 1777 1646 1778
2904
1664
3978 4016
4016
4030 2313
702 1572 594 671
2219 3472 2771 1507 3122 2270 4421 3775 3381 6248 5108 4317 2733 3789 1753 3556 2623 5358 3185
6225
2312
4016 2904 3978 3978 3978 3978 4016
4016
2269 3493
1664 6500 2209
3978
4029
4029
4016
1695 1675 384 1782 384 1782 6559 384 2280 2440 1782 2441
3978
4029
4029
4029
4016 4005
2911 4030
2904
1498 4016
4016
4029
1356 1015 1082 1440
3978
4031
4029
2313 5696
1498 1498 1498 1498 1498 1498
4016 2883
4029
2904
4030 4016
2904 2313
4029 4016
2312 4016
1805 5662 657 1810
1088 698
3978
2904 4030
2911
3296 3298 4764
2904
2904 2883
2884 4029
3978
424 1699 1936 5878 1089 1358 1661 3788
2313
4016 2882
2125 2883
4030
1498 1498 1498 1498 1498 1498 3186 4053 1498 1498 1731 3181 3180 3182 1498 1498 1498 1498 1498 1498 1498 1498
2904
2904
4016 4016
4016
4030
5404
4557 2306 6189 4016 5205
2884
6183 2410 2447
2882
703 1498 1498
2694 2736 2155 3787 5494 1507 2572
2852 2902
2883
4029
2792 2944 3426
4029
6768 2902 1781 1781 1781
2904
4016
2904 4016
2859
2125
4003 4035
4030
3969 2883
2883 4030
2904
2904 6541 4030 4016
4030
4029
4016
4030 2125
4040 5782 2587
4029
4016
4030 4016
4030
2883
1498 1498 1498
4029 2313
4041
4030
4016
4030
2904
4030
4016
4016
4040
4033
4016
4030
1498 1498 4016
2312 2904
4016
4016
4698
4007
2312
4030
4016
4770 5369 3218 3229 2155
1770 1764 1770 1764
4016 588 1572
4016
2904
4016
4030 4016
3978
4016 2312 2904 1498
3577
5503 2273
4557 6687 2273
2904
1015 591 590
2904
4016
2904
4016
2854
4793
671 1812 1659 1695 1572
1828 1626 1828 1626
4643
5713
2904
4029
1498 1498 1498 1498 6118 1498 1498
2091 2884
5404
5713 4341
4016
4016 3978
2904 4016 4030
4029
6563 6568
2312
4643
4030 4029
2883
3978
3978
2883
4040 2091
2904 4029
2904 4016
3977 3978
2904
6628
4030
2904 4016
4003
2904
4036
2904
4030
4016 2904
2911
4032
4029 2904
4029
4016
6194 4335
4016
4029
2313
1498 1498
4029
4016
4030
4692 4016
4049 424 844
4016
2883 6160
671 702 594
2904
4016
2904
2904
2883
2904
3978 3978
688 434 1193 693
2904 2468 2427
4384 2904
4029
4016
674 1729 1812 692
2125
1716 4030 1716
1724 2851
2313 4029
4016 6558 3427 1695
1498 1498
702 1812 493 1812 493 1812 2904 493 1812
4030
4030
4030
2882 4016
4643
4029
2904
4035 3969 2125
4030
4005
4034
2884 3978
4029
6147
6682 2154 1660
2893
4016
1758 5879
4040
4030 2904
2883
2904
703 671 594 495 659
2884 2904 4016 2480
2904
2904 2901 4029
5617 844 5819 5619
4016
4030
1498 1498 1498 1498 1498
4016
5405 2694 4034
2533 4016 2532
2904 4016
671 500 3866 665 669 1815 1695
5715 5218 3426
5093 2904 5361 2694 5516
4029
2882
4029
1572 671 594
2904
2904
4016
3038 4016
4016 2313
2904
6721
2904
4016
3299 5148 4016
4029
4029
4016
4016
6166 5496
6773
4016 3978
4049 424
3851 6512 2156 4793 1507 4793 6107 1705 3851 5499 1708 5635 1507
4030
4029
4016 4030 2901
4029
4040
2904
4016 4029
4016
4029
2850 2838
2904
4016
1498
4029
2904
2904
1498
4035
4029
2709 3427
4016
4118 1717 1810 3254
2911 4191
2883 4040
2883 4030
4016
2883
2904
4016
1498
4016
2883
2904 4029
4016
6249 5695 3601 4016 3189 2695 1507 6504 6559
4016 2631 3967 2911
2307
6687
2884
1677 4016
4016
4985
2269 5663 5642 4557
2904 4016
4030
2883 4016 4532
4030
4030 2883
4016 4029
2306 2904 5496 2589
4016
3553 2663 2522 4202
4016 4030 2882 4016 2904
4030
2883
4643 5502 5496 1700
4016
4016 2911
4029
2904 4035
1498 1498 4016 4363 1498 4053
2792
2904
4003
4032
596 1572 657
4016
5809 588
2312
4029
5787 5787
4016
4030
4016
4016
1754 2270 3782 2772 3194 3258 6178 2270
5879 3427
4434 6220
2904 1660 6153
2883
3978
4016
4053
2883
1498
2883 2126
2794 3805 6189 6559 6624 1507 2736 4783
1498 1498 1498 1498 3978 1498
4016
3978
3980
4031
3991
2306
1498 1498
1498 1498 1498 1498 1667 381 1498
2313 5404 5877
1498 1498
2312 4040 2904
4118 4184 4317 4183
4016 4030
4029
1654 4016
4029
4016
4029 1498 4016
4016
2884
4029
4029 4016
4643 4030
1498
4016
4016
4016
2883
2904 4016
2312
1660
5174 2269 3870
4016
3978
4016
2904
2883 4697 4386 2867 4931 2861 6132 6543 2868 2911
4016
4016
4016
929
2903 3038 2883 4016 2902
3978
1729 1498
4643 2838 4029
2883
4016
3242 2572 5634
4016 5369 2904 1708
1498 1498 1498 1498 1498
4016
2530 424 2696 2313 3783
5879 6151 4029
4319 4016 5879 5404 5341 5341 5879 5341 5341 5341 6565 5341
4030
2792 5820
4029
4030
1367 5617 424 1364
4016 4030
2306 5432 3560 2663 1649 2801 1507 2189 4112
2893 2883
4029
2883
4029 4016
2904
1498 1498 1498 1498
4029 2883
2904 5696
4029
2904
5348 3240
4029
1498 1498
4016 2911 4030
2901 2903
4030
2904
4016
4029
4029
3298 4016
2312
2084
4049 1088 1348 1367
4049 1367
4030 4532 2859 4040 4030 4030
2764 2957 2584 4048
4016
1498
5798 4289 4286
6527
4005
2904
4029 4016
2904 3254 5478 4030
4030
3767
4031
4016 2312
4030
4030
2904
3978
4040 2904
4016
4029
4029 6151 6153 5502
4016
4016
2882
1498 1498 1498
4643
1579 2736 379 1638 2736
2904
5522
1810 1572 1716 2695
3978
4040
2904 4029 2312
4016 3978
4029
4016 4016
1498
2884 2883
1749 1755
2883 2904
2904
4029 2312
2158 3218
2904
5348 2189 2904
2904 4016
1748 2405 1753 2410
4016
4030 2904
4030
1498 4392 3427 1498 1498
4016
4029
2904 4016
3197 2766 3426
2904
4030
2904
594
2848 2091 2858
4029
4016
4029
4032 3985 4016
4016 4030
4030
4016
4029
649
4029
4030
4029
4029
1346 1361 4049 1367
2312
2313 5511
5713 4525 2313 2790
4029 2904 4016
2883
4030
1345 4049 1346 424 4049
4016 3978
4029
1498
2838
1498 4348
3548 3831 6559 3840
1507 2270 3190 3867 2185
2904
2904
4016
2312 6726
4030 4016
4030
588 5676 5820 5676 588 671 346
1088 1358 1131 1346
2838 2091 4030
3971 4030
260 5610 260 5610 4525 260 260 5204 5205 5617 5620 5619 4317 260 2181 260 3560 260
4016 5086 2736
2883
4016
4032
4029 4016
4016
4049 424 1367 1507 2529 4048 2035 2491
4029
2882
4029
2904
2868
1675
4005 4005 4005
4030
2884
2904 2522 4033
2904
5878 2287
4016
4016
4029 2125 5736 2904
4401
4029 2904
2425 2410
2403 4016 6183 2482
4030 2882 4016
1752 4157 3188 3190 5820
1088
2904 4016
2774 2544 4048 2579
4033
4036
2883
4016 2313
1498 1498 1498 1498 1498 1498
4032
5714 3240 2219
4643
4016
4016
4029
4016 1498
5736
2493 6107
4029
2312
4016
2890
4016
6515 4365
2904
2125
4029
4030
4532 4016
4016
5810
2866 1348 3419 1361 2085 2884
4029
4016
1649 1683 4767 4770
4016
4031
5494
4016
2904
5496 4029 2736
260 4323 3356 1664 6189 5698 3356 260 3356 6263 4323 260 260 3356 5215 5696 260 5698 6263 4323 1758
490
4016
6100 5362
4016
4643
2868
1579
2904
5222
4016
2911
4030
1498 1498
4029 4029
4016
4040
2125 2883
2883
703 1695
4035
4016 2901
4030
2673 2984 3427 2509 2911
5500 5504
2883 4016
2904
4029 2904 4016
4016 2904
2125
4016
2790 3427 3182 3674 3185
4030
3978 1498
1707 1708 4033
2125
4029
3978 4030
4016
1498
4030
1498 1498 1498 3978 1498
6222 5798 1788
4030
2307
3777 3775
5157 2695 5165 5348 2534
4030
4030
1498 1498 1498 1498 1498
4030
3606 1716 6687 2577 2694
4016 4030
1498 1498
4040
1662 1672
2883
2904
3978 2884
4036 4036 4034
2911 4016
2904
1498 1498 2376
4029
4016
2424 2403 2405
2884
4016
4029
4030 5877 1716
2695 3788 2306 6189 3548 3805 1777
586 4032 5819 1697
2883 2904 4016
5404 2709 2794 4016
4016
1695 590 490 591
1758 6197
4016
5622 5503 4016 2313
4016
4029
4040
3892 2694 3237 2491 3806 1507 3891 4330 3787 5369 3759 3426 1714 3190 4122 3774 5404 3776 3218 2512 3761 4115 6559 4117 4784 4334 1777 3259 2306 3217 1646
4029
4016 4029
4030
2409
2904
4029
4016
1077
4029
4029
2902
6801 5789
2934 596
4040
4016
4029 2156
3978
6222
2904
6107 2125
698 1089 1355 1006 1088 1357
1782 384
2904 4016 2595 1695 586 2219 6245 5634
4016
2904
1498 1498 1498 1498 1498
4030
6153
1498
4029
1498 1498 1498 1498 1498
260 2983 3828 6822 3324 260
2884 2882 4030
2288 4090 4090
4889
6809
6133
5794 5782 260 3310 260 3310 5794
4016
1498 1361
1579
3426 6241 1778 3241 2161 4118
3426 1466 1483 424
4029
4016 2884
2767 4117 3007 5517 3999 4622 4118 3027 6245 3131 2381 2287
2904
1498
4016
2126
5671 3788 1507 3196 3810 3789 1812 703 5671 669 1810
4029
3427 1705 1654
3991
4029
4030
4016
4030 4016
2313
5798
5355 2584 3254 2904
1934 3196
2904 4016
3979
2904
4029
4036
4029
4040
4030
488 675 1812 488 587 675
2882
4016
2447 2402 4029 5879
4030
703 1777 1579
6173 3565 260
4030 2891
1695
593
4029
4016
4003 4433 1717 6682 2736
2904
4016
2904
4030
2853
2209 5496 1660 5502 5494
4016
2860 2857 3747 2864
4016
1742 6806 1794 5714
1707 2306
4029
2904 5496
2261 5404
2904
4030 2883 3978
4030 4030
2911
4029 4016 3978
1498
3627 3196
4016 4040
3978 2883
4016
4030
2904
2904
4016
6147 1815 1815 1815 1815 1815 1815 3122 1815 1815 1815 1815 5845 1815 1828 1815 1815
5794 2736 5404 3955 2736 2585 2736 4387 5794
4016 4029
2857 5341 4029
4016 2883
4029
2859
2883
2694
2904
2882 4029
3978
2883
4016
3978
594 346
3427 2424 4767
4030 4029
2883
4016
2904 4016
4016 4029
2306 4030
703 1498 1579 814 1498 1498
5689
2904
5692
2884
4005
1819
4029
4030
2883
6818 1782 2577 5477 1972 3427 2509 1782 1758 1782 2577 2944 2577 4649 2699 1758
4016
2589 490 4317
2318 2402 2405
4016 1498 1498 1498
4016
2125
3978
2904
4016 3979 2125
4030
4029
3310 3258 260 3310 1507
2759 3785 2590 3548
4032
2531 3180
4030
1819 1579 2261 6818
4030
2883
2883 4030
4029 5002 4992 4029 3074 3427
4040 4016 4040 4016
6116 1755 3084 4016
2883
4029
4029
4029 1640
6558 2796 2876 2872 2107
4016 1498 1498 1498 703 1579 1498 1498 1498
2904
4016 1652
2277 4705 2589 1507 5695 6104 5174 4893 2572 3793 2717
4029
3427
4049 424 1088 3190 3782 4048 1088 424 4049 4048 3782 3190 1088 4049 424 2207 2228 4048 3191 1088 424 1440 4049 3191 4048 2228
2883
5505
4029 4016
6803 3244 1652
2868
3298
4016
4005
5782 927 5671
2893
1094
2938 5695
4031
4030
2853
4016
4016 4016 4767
2845
260 3258 5620
2440 3868 3664
4033
4029
2904
4030 2904 2306
2125
4030
3807 5614 5203
260 2972 3807 3427 260 3435 5671 5204
4016
2838 5477 1664 4032 2911
1792 6251 260 6189
1695
2585 1507 3128 2311 2174 260 3426 2585 5810 2189 1507 3128 5810 2585 6563
4016
2623 260 2193 4317 2193 260 4317
1498
2883
3426
2883
4016
3356 260 3822 5348 3356 260 2704 4298 5348 4323 260
4040
4030
5714 5713 260 5633 3356 5348 6263 260 260 5713 2718 3891 3356 260 1717 5882 5713 260 5348 5714 5619 260 1717 1507 2932 260
4016
4030
4032
4030
260 3471 4323
2193 2718 3227 2313 4016
6153 4016
3993
4016
4016 2853
2883 4030
3978
2884 2911 4040
4016
1812 2904 2883
4040
4030
1935 2154 2736 5610 260 2154 5794 260 5642 3459 2154 3546 260 1935 2164 260 2736 2154
2883
2904 4016
1498
5819 4030 5404
5671
5405 1667 6762 3196 381
2904
6657 5845
3548 260 3828
4016
2904
2709 4030 1972 2699 3199 2979 4340
4029
2884 2904 4016
5503 1661 1498 1498
4033 2883
596 675 1694 260
1498
2408 2480
4016 2883
4030
2904
4016
4016
4030
4030
4029 6541
2218
4016
5635 3203 2167 2211
4040
2904
2904
588 1695
4016 4040
4029
4030
6541
1819 669 593 1572
2883
4030
1507 260 3887 3549 4478 260 2994 5610 260 5368 3532
2883
4036
2911
2883
4016
4040
1793
4029
1088
1778 2773 2205
6107 5218
1498 1498 1498 1498 1498
4030
3298 4016
2490 5878 4016
4016
260 3789 4340 1972 5695 260 1972
4030
4016
4029
3978
1673 5405 6221
3835 2694 3839 2173 2608 3789 3840
2904
4029
1345
4029
4016
2883
2904
4007
4029
5500 5358 4016 2765 831 2765 5787 831
4030
2904
4030
4030
4030
4525 260 6166
4016
3978
4016 2883
5394 4016 1753
4016
1498 3299 1498 1498 1498 1498 3299 1498 1498
1498
4029
2911 4016
1498 1498 1498 1498 1498
2884
3296 4016
1498 1498 1498 1498 1498
4016 4589
3969
5794 260
2871
3788 2261
3787 5478 1717 3218 3219 4118 3217
5404 2309
4048 6251
2384
2893 2587 5622 1507 3797
3254
4016
4016
1708
1498 4016
4029
6793
4030
3974 2883
2883
4030
4032
1498 1498 1498 1498
4078
4016
3984 4016
4016
1648 3627
1498 1498 1498 1498 1498 1498 1498 1498
1498 1498 1498 4016 1498 1498
2853
2312 1819
4016
4016
4016
4029 4643
3298 2959 6244 1498 2715 1718 1675 1498 6244
4029
4030 2911
2736 2756
1695 674 596 2704 1807 660 1498 649 1498
4016
4016 4036
4029
4016 2904
2578 3839 6812 3805 3801
588 1695 657
1498 1498 1498
5497
1088 1016
1498 1498
3547 6189 1675 6189 4016 5394
1498 1498 1498
6199 6199 2313 6822 3305 2313 6199 3305 5633 1717 3180 3197 6801 6153 6803 6199 2904
4034
3978
4016
1498
2911
6170 3323 3075 6504 1638 4298 6170
4030
6189 1507 3356 3548 2756
1660 1742 5671 5496
