4030
2849 4016
2911
1498 1498 1498 4016 4053 6116 2845 5494
4016
4029
2904
5497 4016
1672 1662
2918
4040 2911
2125 6189 5500
2904
4030
1498 6113
1498 1498
3195 6801 3300 3292 2571 6801 4181 3292 3299 3298 3296 3305 6801 3299 3296 3195 2694 4582 2571 6563 6801 3292 4322 3300 3195 6801 2156 5798 1741 3299 3203 3292 2571 4191 3299 3189 3298 6563 2571 3296 6801 3292 3305
2313
4016
4029
4031
1498 1498 1498 1498 1498 1498
2904
4016
702 1572 594 671
4029
2911 4030
4016
2904
2312 4016
3296 3298 4764
4030
1498 1498 1498 1498 1498 1498 1731 3181 3180 3182 3186 4053 1498 1498 1498 1498 1498 1498 1498 1498 1498 1498
4016
4030
4030
4016
4016
4016 588 1572
2904
3978
3577
4016
2904
5566 2091
4030
2904 4016
4029 2904
4016
4030
671 702 594
2904
4016
2904
2904 2468 2427
4016
674 1729 1812 692
1716 4030 1716
1724 2851
4016
1498 1498
4030
2904 4016
4030
4029
4030
4034
6147
4030 2904
2883
2904
2904
4030
1498 1498 1498 1498 1498
2533 4016 2532
2904 4016
5093 2904 5361 2694 5516
4029
1572 671 594
2484 1782
4016
3038 4016
2904
3299 5148 4016
4029
4029
4029
2904
4029
2850 2838
2904
2911 4191
2883
1498
4016
4016
1677 4016
4016
2904 4016
2883 4016 4532
4016 4029
2306 2904 5496 2589
1498 4016 2883
4030
4016
4016
2312
4029
4016
4016
4016
1498
4016
2883
4016
2312
4016
2904
2883 4697 4386 2867 4931 2861 6132 6543 2868 2911
4016
3242 2572 5634
4016 5369 2904 1708
4016
4029
4030
2883
4029 4016
1498 1498 1498 1498
4016
2904 5696
4029
4029
2904
4016
4029
3298 4016
2084
4016
1498
6527
2904 3254 5478 4030
4030
4029
2904
1498
2904
2883 2904
2904
2904 4016
1498 4392 3427 1498 1498
4016
2904 4016
3197 2766 3426
594
4016
4029
649
4029
1498
2904
3971 4030
4016
4029 4016
2883
4030
2904 4016
2904
4029 2125 5736 2904
4029 2904
1752 4157 3188 3190 5820
1938 2146
2904 4016
2883
4016 2313
1498 1498 1498 1498 1498 1498
4016
4029
4016 1498
4029
2312
2904
4030
2904
4016
4016
4016
2904
490
2868
4030
2904
1498 1498
4029 4029
4016
4030
4016 2904
4016
1707 1708 4033
3978 4030
4016
1498 1498 1498 3978 1498
4040
1662 1672
2904
3978 2884
4036 4036 4034
2904
4029
2424 2403 2405
2884
586 4032 5819 1697
2883 2904 4016
4016
2902
2934 596
4016
1782 384
2904
1498
4029
5355 2584 3254 2904
2904 4016
488 675 1812 488 587 675
703 1777 1579
4016 4016
2904
4016
4016
2904 5496
2904
2148 4016 2547
2904
6147 1815 1815 1815 1815 1815 3122 1815 1815 1815 1815 1815 5845 1815 1828 1815 1815
4016 4029
4016 2883
2883
4016
2904
4016
4016
2904
4032
2904
4030
4016
4029
4029 1640
1652 4016
4016
1269 1328
4016
2193 2718 3227 2313 4016
2884 2911 4040
4016
4030
2883
2904
5503 1661 1498 1498
4016
4030
2904 3189 6251
2218
2883 4016
4016 4040
4030
2911
4029
4029
3298 4016
4016
2904
4029
5500 5358 4016 2765 831 2765 5787 831
2904
4016
1498 3299 1498 1498 1498 1498 3299 1498 1498
3296 4016
4003
4016
4016
1498 4016
4016
4032
4016
6726
1498 1498 1498 1498 1498 1498 1498 1498
4016
4016
3298 2959 6244 1498 1718 1675 1498 6244 2715
4016
4016
2868
2904
4016 2904
2904 4029 4016
2904
6199 6199 2313 6822 3305 2313 6199 3305 5633 1717 3180 3197 6801 6153 6803 6199 2904
1498
2911
6170 3323 3075 6504 1638 4298 6170
6189 1507 3356 3548 2756
