4016
3226 3427
4029
4016
4005 4016
1498 1498
1498 1498 1498 1498 1498 1498
3994
1498 1498 1498 1498 1498
5794 1498 1812 1498 5794 1498 5794
3978
1695
590 587 692 5877 3240
4029
4899
1498 1498
2674
3978
2759 1695
3978
2125
1498 1498 1498
4029
4030
1498 4016
4016
3960
4029
4016 1498
4030
4029
5714
3978
432 424 693 688 433
4016 3991
3978
4016
1498
1498 1498 1498 1729 1498 3806 4433 1498 4053 1498 1498
4030
4030
1498
5511 2410 5361
3994
4016
4029 4030
4029
1498 1498
4030
4016
4029
5516 4525
6194
4016
4942 3240 1695
4030
3213 2313 6817 5620 2384 1507 3196 2778 6822 3215 3191 2778 2384 6822 2306 1507
4030
4029
1498 1498 1498 1498 1498 4053
3978
1498
4029
2883 4029
4029
1498
2881 3978 2883
1572 1695
4030
4029
4030
1498 1498 5579 1498 1498 1498 1498 1498 1498 1498
424
4029
2908
3978
3978
3978
4031
5672 6811 6802
1016 4118 2575 1714 3195
594
1819
2883
5758 6255 5754 3788 5244 5245 6803 1507 5243 2868 3181
4029
4040
3978 3978 3978 3978 3978
5877 3784 5794 2608 3460 2164 6687 3813 4163 2694 5348 3459
1675 1782 384
1355 1015
1752 6099
2263
2865
588 6801 3978
2901
3427 1754 3239
4016 1276 1695 368
1133 649
4031
5478 3082
1498 1498 1498
4029
4030
3991
6822 4036 1697
4030
2545 6504 657 2715 1810 1629
2891
586 1714 2228 1714 1810
2881
4030
4016
3978
2595 2591 5157 4660 1507 2772 2718 3867 2589 2591 5819 2171 2334
4040
5344 1699
4033
4029
4030
4435
4357 4016
4029 2883
2901
3978
2593 6186 2536 3195
4029
5698 1661 2313 2311 3426
4029
3189 5503 2696
1781 1781 1781
1828
4030
4030
5663 3783 3552 3784 5663
4003
4029
4189
4030
4029
4030
5697 1507 3603 2405 2161
4016
396 5205 3807 3801 3215 3459 3460 3800 5204 3196
2881 2881 6194
2893
5696 4016 6208
1498 1498 1498
2125
4029
6559 3828 3817
692 1825
3427 2881
4016
1498
3978
4030 2881 2883
3978
5222
3546 1812 3427 4557 5157 3868 3180
6804
4029
4005
3978
1764 1770 6186 1764 1770
4016 4030
4029 4029
4030
1733 5708
4040
424 1356
4030
4029
2881
1498 5354
3199 3785
384 1782
3978
4030
1646
1088 1016 1357 1356 1357 1015 1358
1507
2194 6803 2261
4029
4030
2959
1695
1498 1498
4016
2125
3978
4016 4029
6822 6717
1498
3805
5708 1660 2590
4016 3324
5736
4029
4030
1654 2313
2125
4030
4030
4029
1819 2263 2791 2171 2205 6189 2263
1498
2844
1685 5879 1015 5214
4029
2883 2881
1357 424 1088 4049
3980 2883
4030
2883
1498 1498
4016
4016
4016
4016
4029
2868 4016
3978 3978
4029
4029
5204 1646 1700
1016 1088
1716 1716 1828 1716
3098
2792 6197 6793 1507 3459 5716 3788
4029
3978
1498 1498 1498 1498 1498 1498
1812 1812
4030 4030
588
4030
6549
4016
2881 4041
1498 1498 1498
4029
2893 4034 4035 4035
4029
3784 6802 2881 2313 1507
2881 2125
4016
490 659 2312 588
4016 4016
4016
3471
4016
4030
4029
4016
2886
4029
1695
2881
4030
4029 4029
4016
4031
4029
4034
5404 2983
6545 6547
1498
4016
6804 2169
4029
702 672 2155 588
4702
6527 2169 2405 2441 2794 2796 3427 1655
4030
4029
4030
688 431 408
4035
3533 2156
4016
2125
2908 2917
4030
4035
4029
1819 4016 1695 1498 4016 4053
1089
3978
6591 1498 1498
4030
4030
4029
2778 3196 4340 4203 5622
384 1782
4030
4030
4040
4003 4029
3784
4016
4016
4016
4030
2125
4030
4772 2881
4031
2736 1572 1825 1812 1810 1812 4053 379 2736 3828
4029
2125
1717 3185 3227 3868 3784 4557
2883
2881 4016 2313 3254 2881
5706
4007
1695 1695
3552 1717 3978 2155 2880 4040 3784 3552 1717
3978
3978
596
2883
1345 4049 1348 1715 4163 4048 3185
5463 5493 3180
4030
4429 1753 4048
2908 2125
6818 6817
2880 4030
3978 3978
2402 5395 5511 5394
4016
4029 3978
4016
4029
2908
2306
2736 5502 3818
2883
1733
2402 2402
4030
2125
4030
3196 4053 3195 1679 382
1498
4049 424
6802
5115 3782 2796 3194
1498
1498 1498 1498
2306
4029 4016
4003
649
4016 4016
2908
3978 1498
4030
1819
4030 2881
4030 4016 1498
5622 3218 2325 4480
4330 2586 5782
4049 424 1346
3978
5698 4053 5696 1664 6808 6801
4016 4374
4005
1498
4029
4016 4029 3244
3978
4016
5500 3227
4016
2851 4030
1498
4016
1498 1498 1498 1498 1498 1498
1498 1498
6527
3577 3978
424 1088 1357
5344 2441 2310
5361 5363
4016
4030
4016
4029
2881
4048 2263 2193
6803 3789 2185 1664 2715
4029
4029
2881
927 1087
4016
2794 5713
1507 5368 5614 6793 5166 3190 1748
1498
2266 5746 6655 6166 4030
1498
3978 2881
4030
3978
5348 3814 4625 6801 3782 3560
1669 4930
4030
2125 2125
4029
1498 1498 1498 1498 1498 1498
4016
4030
1498
4029
4049 1367
3254
4030
4029
1498 4053 4016 1498 1498
3867 3978 5844
4029
4029
4029
4029
6738
4029
1498 1498 1498 1498
4029
1572 671
3196 4040
4029
424
6218
4030
4040 2859 4526 4030 2405 4030 4040 4526 2881 4030 4030 4016 4040 4030 4030
4029
2174 6803
4030
4029
3978 4029
4324
4029
4532
4033
4016
4030 4016
2908
4030
4030
4030
1498
5736
4030
4016
389 368 1838
2881
4029
1700 2881 1660 2881
5810 3331
4016
1498
3985 2125
4030
4030
1695
1498 1498 1498 1498 1498
4016
4016 2840 4029 4030 2838
1819 4016 1821
2441 2447
4029 4016
4030
1819
5432
4049 1360
2886
3978
4029
4030
4029
4029
1498
2125
3979
4030
4029
4016
4016 4030
3788
4030
6803 6801 1733
2850
4030
4421 4048 3339
4040 4016
424 4049 1089 1345
424 4049
4030 4016
4016
4048
424 4049 1345
3239 6160
4016
3606 2312
4030
4030
4016
4029 4016
4048 6500 6218
2589 5204 3785 5218 2589 3241 4478 4016
4016
1812 594
3978
2185 4048 2181
5363 5503 1672 2313
4016
4016
4016
4512 5671
4030 2883
2491 6793 2529 4048
3548 4048 2193 2306 2194 2266
4031
4029
4005
2161 4048 4340 3078 4340 4048 2161 4048 4340 4048 4340 4340 4048
2736
1650 5495 1677 4048 5039 6218 4048
4016
2881
4016
4030 4016
5504 2405 3785
4029
3956
4029
2125 4016
1498 1498 1498 1498
4048 5878 6222 6225
2306
4029
1498
4029
1498 1498
1660 2313 4784 2595 4016 4122 4784
4016
4029
4016 4029 4030
2125
4016
3227 5483 4048
4323 4048 4625 3356 4323 4048 4048 2568 4323 5215 4323 2168 3532 4048 3533 4323 4048 5205 4323 2168 3533 4048
4029
3978
4016
2425 6199 3534 5714 5478
4029
2575 2694
4030 4016
6114 2125
4029
4525 4048 1733
4016
671 4016 702 659
3993
1717 6802 3356
1093 4049 424 424 1093 4049 4049 927 1360
1707 1640
4016 1498
838 4586
4016 4030 4030 4016
1752 5403
4040
4029
4016
5714 2586 4048 6218 3295 1507 5794 4048 2384 2669 2695
4029 2881
3978 5736
1498
2539 2901 2902
4030 4016
1655
2125
1713 3427 2509 2509 3427 2937 2509 2937 2509 3327
5622 4048 6225
2881
4029
3978
4030
4016 1498
4029 4016
1498
1498
4030
4030 4029
4029
2883
5671
1498
4048 5798
1498
4030
3426 424
3978
1133 586 1825 4049 588 1572 588 4049 657 586 1810 657 1807 4049
4036
4016 1498 1498 1498 1498 1498
5833 5692
3978
5620 4048 6801 4048 5614 2174 4048 6801 6801 1507 5348 4048 2266
5497 5744 4048
4016 2891
4030
814
2881
4029 4029
1133 1695 650
2313 6199 5697
4032
4029
4030
2403
4191
4029
2881
502 5798 490 4049 1807 1572 5478 4048 3814 2994 2206
1498 1498
1498
4029
4029 4030
4029
4030
844 4049
3978
2908 2889
1640 4030 6102
1133 594
3471 2313
1812 692 596 671 590 1133 488
4029
5503 3426
1498 1498
3219 5635 3473
2893 3978
1708
4030
2908
5495 4117 2586 4784 2694 4557
5522
1498
1498 1498 1498
5502 5494 5878
3978
488 669 588
4030
6249 2791 2772 4048 3213 4048 6527
3969
2306 2269 2885 2881
6806 3783 5798
6801 4016 5207
2908 2901
3123 3789 4070 2759
4048 5306 4123 1717
4029
3427 3978
4698 4016
4029
3991
4016 4016
3866 3546
3737
3978
1626 1828
4016
4029
4029
4030
4030
4029 4003
4016
1498 1498 1498 1498
6189 2522 2168
4030
424 1089 1016
4016
4016
4030
6727 2851
4016
2838
2883 4029
4029
4030
4029
4016
4029
4029
4030
3978
2125
3978 4016
2152 2156 6138 6512 2156 2156
4016
4029
4016 4029
6804
3787
6558 6801
4030
3969 2889
4029
261 4048 5798 1677
4029 4030
4016
4029
2312 5819 1666 1666
4029
3864
692 1810
5819 5478
1819 1819
4029 4030
4016
2884
424 4049 1366 1346 1092
1498
2883
424
4030
2908
4029
4016 4016
4030
4029
4040
3381
2881
2883
2883
4016
3978 4036
3244 2849 5810 2857 2883
3974 2908
3945
4030
4031 4030
4016 5404
1695 1695
2577 2846 2325 3716 5877 2589 2621 2885 2576 4862 6659 1708 2216 5819
1498 1498 1498 1498 1498
424 3427
1819
594
3784 3190
4049 1088 424 1358 3191 4048 2228 4163 4049 1088 1358 2228 3191 4048 4164 424 4049 1088 1358 3191 4048 2228 4164 1088 1358 4049 4048 424 4164 4048 2228 3192
4030 4700
1787 5387
2908
927 1087
4030
2893
5696 3789 4202 2595
4048 5810 2313 5810 4048 1640 2306 4048 5810 2306 4048 1640 5810 6222 2306
1357 698 4049 698 4049 4049
2883 3888
4030
2883
2306 6803 2575 3796 4048
4030
4016 1498
2440 4048 4337 6526 4341 2530 4048
4016
4590 4593
4029
4029
2995 3606 2269 3229
4048 6822 3807 5709 5671 5714 2994 4048 4164 5709 3218 3258 4048 6822 4048 4298 5671
4016
4048 2164 2266 2313 6801 2164 4048 2405 2766 2313 1507 1507 5218 4048 5610 2440
4029
3978
4029
2881 3978
3240 4284 4557
4016 2771 2261
3991
4030
5403
2881
4525 4048
2193 6801 2440 4048 2164 2403 4048 4048 1507 2164 2313 5610
2125 4016
6801 4016
4048 6624 4334 4334 4317 4048 6527
4016
1695
2850 2902
4030
2408
1646 5794
2883 3978
3978
5617 5619 3805 6558 3427
4005
5622 4113 3038 3130 3201 3197 6189 2173
1498
1498 4053
3978 4016
4030 4034
4016
1507 3229 1971 6536 4117 4554 4341
4016
2313 3800 3814
2756
2881 4041
4030
2918
5619
3978 4053 6121 2868 1677 1642 5496
4016
4030
1498 1498 1498
4016
4030
5619 5794
5671 5671
5810 6803
3427 3328
3978
4016
4030
3978
4040
4029
3306
6801 3784 3785 3195 3784 3978
3427
2901 6107 5218
1498 1498 1498 1498 1498 1498
4030 2888
5515
6804 4048 4783
5713 4048 2266 1507
2424 6166 4048
2883
4016 4016
4030
2871
6811 1794
4693 6803 3427
4031
4016
4016 3021
4016
2427 6804 2482 2427 6804
1663
4029
2575 831 2156 2161 2575 1700 831 2156 2152 5503
2126 4016
3796 2273 4048 2273 3796 6512 4048
3985
4016
3426
3978
4030
2125
1498 1498 1498
4016
2908
1753
4016 4016
4030
1498 1498 1498
1498
4016
1498 1498 1498 1498 1498
6801
4029
2850 5810 1716
1498
4029
4589
1088
4048 4122 4202 2983 1793 4556 4048 4203 5348 4048 2667 4048 5348 2667 4048 4557 1793 4556 2983 1793 4048
700 814 440
6208 4048 2410 5713 3821 5483 1507
1707 2713 2792 1748 2736 5511
4016
3271 1666 380
4030
4016
1810 5344
4030
4030
4029
2125 2917
4016
2791 4784 5714 6194
4030
1498 1498 1498
5495 6178 5622 6189 1752 3130
3978
2893
4040
6801
1498 1498
1498
4016
6801
2735 1507 3219 5696
2881
4016
1507 3258 3189 2745 6559 2205 6559 5478 3131 4284
4029
4030
4032
660 660 596
4029
3978 5736
5469
4016
5810 588 4049
1498 1498
4016 2125
1498 2713 3427 1498 1498 1498 1498
3813 4784 2313
6803 2790 2994 6801 2715 2984 3194 6803 3197 4280
2125
2881 6197 2762 3796
5678 1664
2893
3978
4030
2765 4625
4029
