3598
1348 1348
3612 3565
5578 5418
3611
3591 3591
3565
2618 2581
2618
3611
3598
2950 4976
3598
3611
3634
3622
5776 3598 3612
2313
6035 3096 3389
3076
3598
2591 1901
2591
3591
1348 1348
1348
2618 2596
3612
3621
3611
1348
1348
2858 1548 2857 2982
3587 3598 3587
626 599 626 599 532 3612
3612
626 1646
2416
1348
3612
3621
3598
3615
3612 2398
3598 3598 3598 3598 3598
1530
4633 6031
3565
2029
1348 1348
1348 1348
2864 2020 3176
3598
2591 5792 3618 5792 3579
3612
3618 3589 3618 3612 2550 3618 3617 3617
2590
3411 5932 2863 2864
1548 3612 2455 3598
3621
3469
6035 2885
1530 3598
3598 3612 3577
2438 2988 2865
3565
3598 3598 3611
5826 4766 3387 3106 1558
2591
3565
3611
378
3413 3598 3598 3598 3598 3598 3598 3598
3598
3565
3565 1348
1348 1348 345 1611
3611
3621
2618
2591 2603 2591
3565
3618
3612
1576 2163 2158
3612
3598
3621 2591
2591 3621
3598
3611
3612
1348 1348
1348
2591
3598
2561
3612
3598
1348 1348 1348
3612
3598
3417 2455 3068 5426 2426
3598 3598 3598 1348
3611
3611
1348
3621
3612
3612 2591
2064 3394 2068
3598 3611
2482 2439
3393 2064 984 1216 915
3611
3612
3598
3565
3598
3611
3612
1348 1348 1348 1348
1348 1348
3565
5554 5492
1637 605 1413 526
3591 3591 3591
3727
532 605 442
3611
1348
1901
3598
3611
1348
3611
2591
3613
3598 3598
3355 5810 4052
2982 3598 3565
3598
3598 3612
1530 378
5166 3388
2591
1348 1348 1348 1348 1348 1348 1348 1348
3068 3611 1348 3068 1901 3611
5825 1222 3598
1901 3612
3612
3598
3611
2509
1348 591 526 1413
2618 2551 2551
3565
5058
3614
3612
3391 3106
3611
3598
2591 3598
2557 2590 3612 2548 2550
1901 1901
3618
1348 3612
3617
5007
3615
3598
3612
3615 2618
1901
2591 3565
2417 2865 2070 6035
1901
435 605 532 1413
1348
3611
3598
6034 2029 3029 2028 3964 2357
3598 3612
1496 3068 5534 3693 2696
3598
3565 3565 3565
3598 3612
2591 1901 5070 5143 2780 2071 1940 1985 4794 2780 1939 2309 2969 5066 1985 2780 5066 5146 2969 1985 2071 1939
3591 3612 3591
5825 2918
3598
3598 1348
3598
2863 3393 2864 3394 3412
3612
1901 2591
3888 345 1611
3611
2591 4046
2271 2177
5189 2894 2082 3222 3391 2344 3394 3393
2331 2892
3612
915
3611
3068
1334 1297
2591
1919
3612 3598
3621 3598
3621
3612
3611 3616
3106
3598
3394 3419 1926
3598
3598
3598
3598
3565 3611
1348 1348 1348 1348 1655 1348 3634 1348
3612
2618
2591
3612
3598 3612
526 605
3613
1516 1554 2550 5776
3617 3617 3617 3617 3617
5776 1355 2034 2064 2865 2981
2591
3611
4629 5181 4274 2070
2591 3621
3598
3598
4255 3692 4838 4874 2865 2158 4629 2139
3616 3612
3612
3612
3598
3611
3565
3565
3621
2064 5166 5056 1355 2327 3891 2964 2325 5166 2510
1348 3565 1348 1348
3598
3734 3390 2916 3427 5826 5932 2416
3621 4046
3614
3612
1530 1466 1530
3621 3598
5143 3842 2455
3611
3598
3612
3611
2455
2193 3765 3393 2022
1901
2618
3611 3611
3598
3612
1901
3611
3611
3598 3612
4583
3598
3621
3613
3598
1497 2156 2032
3611
3428 1216 3435 977
3921
3611
5146 1509
3598
3598
3621
3612
3598
2591
3598 3565
1577 2040
330 1148 1530 350 1183
3565 3598
3611
3611
1610
3611
5826 2510
3565
3589
3598
3598 1901 3612
3615
3587 3617
3590
3612
3427 4620 3395 3171
3565
3591
5825 2863 3398
1901
5418
3611
3616
4838 5989
3565
3621 2618
3611
3565 2591
3565
3598 3598 3598
3612
3590
3589
3612
5432 4206
2064 4036 4890
3612 3598
3598 2181 2593
3565
5090
3598
3612
1025 1530
3612
3611
3598 3598 3598 3598 3598 3598 3598 3598 3598 3598 3598 3598 3598 3598 3598 3598 3598 3598 3598 4189 3936
3612 3612
3612
2884 4620 2064
2591
378 984 5979 1219 633
3598
3565
3611
1092 2455 1230 1101
3067
3598
603 526
1348 5039 1530 4662
3611
3598 3598 1348
2612
4052 2591 2568 1872
3565
3598
3589
2070
3611
3598
3612
2591 3612
4661 1355 2859 2309 2438 2969 2139
5529
3612
3612
3565
3565
1550
3612
1565 4858 3793 3390
3611
3612
2644 1923
3614
1348 2618
3611
3598
6032 3765 3391 3766 2317 6032
2476 5501
3565
3565
3598
3611
3598
534 608
3598
1296
5826 1530 5186 2069 4522
5825 3577 4988
3598 1348
3391 4619 2070 4988
4633 3469
528 1530 603
3598
3611
3621 5431
1348
3611
2071 1488
3611
3598
2068 534
3611
3611
3598 5146 2083
3611
343 1530 5157 1514
3612
2863 3598
3598
3612 3598
3598
2603
3611
3612
2591 2064 2548
3611
1530
2591 4863 5223 3158 2863 4890 5056
1348
3598
4901
3611
3565
3612 3611
3611
2064 2981 4988 2863 1355 4630
1901
610 1646
3587
3611
3611
3612
3611
2591
2071 2960 4858 1487 2591
1348
1960 5826
3634 1348
3612
3611
2554 6049 2618 2548 3622
3615
3612 2591
3618
3596
3611
3612
3611
3612 3565
2029
1348 3598
437 2919
3612
2618
4858 1551 2076
1348 3598
3598 2591
3612
3611
2994 1530 4350 4045 230 2036 2994 2978 230 4623 2036 1081 387 622 627 230 230
3598
3611
3611 361 3611
3598
3598
3611
1348 1348
2274 2234
1548 1548 2884
4785
3612 3612
3611
1348
3612 2618
3611 3612
1901
3616 3617
3598
4858 230 3443 4635 230
3067
2445 1355 2064 3780 2071
3611
3598 3598
5792
2591
2591
2325 2030
2591 3574
3173 2070 1952 1535 1355 3394
1901
3612
2591
2919
3611
3598 1348
3423 2070 1543 4619 1576
3598
3598
3634 3598 1348 1348 1348 1348 1348 1348 1348 1348 3634 1348 3598
3598
636 1637 2070 1639
3886
2578 3073 2578 3562 5432 5437 4805 2284 4805 2987
3565
3598
3611
3598
3611
4635
3067
3565
3622
3612
3611
3598
3617
524 5793 3068 5825 5979 531 1646 1530 2162 5825 2426 1962 3067
1348 1348
3611
2618
3598 3612
2591
3589
3598
3612
3611
3612
3598
3611
2071 3891 1585
3611
2591
3612
3565
3598 3598
2954
3611
3612
3224
3612
3746
3565
1926 4522
2908 2894 2894
3612
1348
526
3598
3621
1215 632 983 3598
3565
3598
3611
3622 3598
3611
2618
3612
3598
3621
2591
1901
3598 3598
3612
2560 5808
3613
3621
2484 1626 3598 6014
1498
2879 352 4811 2192 5038
3612
3598
2177 2154 2154 3384 3384
2548
3612
2071
3398 2326 2916 2894 2036 2028
3598
3611
3612
3598
2139 984 4545
3598
2618 2070 5530
3598
2598 2591
3611
1348
3565 3565
1348
3612
3612
3611
3598
2591
3598 2958
3612
4629 2859 1952 3598 3391 2997
2134
3598
2329 2317 2599
4787
1348 3634
3612
3067 2114
3611
1207 3630
2591 3621 3341 3340
3630
3598
3611
3598
2590 3621 3565 4046
3598
2591
3611
2316 3395
1348
2591 1348
3611
3612 3617 1348
3598
609
593 1413 5146 532
4756
4742
3611
1867
3565
3598 5090
1348
2591 3621
3598 1550 3598
3614
3611
2921 3412 5825
3618 3612 3598
3611
3612
3611
3617
2394 2591
2591
5057 2510 1939 3629
5090
2020 2591
2591
3598
1930 1355 3067 3395 2156 4255 5157 2070 2434
3591 3591
3598
1348
3611 3611
3598
2618
2591
3611
4858 4858 4794
3611
2618 1348 3598
2618 3598
2591
2591
3598 3612 3598 3598
3612
2591 3615
3598
3598
3598
3612 2618
3612
3613
1355 2508 3423 2288 2270
3611
3598 3598 3621 3598
3612
3598 3598
3598
3611
3612
2591 3598
2550 3598 1872
3611
3598
4843 3598
3612
3612
3612
2857 6034 4881 5146 6033
3612 2613
3565
3612
4252 2591 3359
3565
3612
2591 2591
2618 3612
3565
2591
1901
3598
3611
3427
3621
3391 2908 2969
3565 1348
2920 2071 1939
1901
3565
3598
3565
1348
2600
3565
3598 3612 2591 3598 3598
1901
3598
5220 2070 1496 6034
3611 2591
2076
6032
2865
1092 3067
3598
4635 3891 6025
5826 1565 2978 2591 3560
3598 3598
3611
2618 3612
2618 3612
3598
343 1514
3612
3611
3598
3611
3611
3459 2436 2331
5426
3611 3598 3587 3611
1476 340
3612
3611
3612
1348
1348 2864 1348 1348 1348
5880 1551
1542
5781
3611
3612
6333 6330 3598
3598 3612
2618 3611
3598
2484
5794 6119
3612
3611
3598 1901
3612
2591
3598
3598 3390
1348 1348
3565 3598
1518 5534 5831 3625 1508 5146 2416 5146 5166 5932
3611
4859
3621 2569 2591 2548 3612
1348
3598
3598 3598
1509 1499
2591
378 3630
3612
3598
3544 2618 3589
524 1502 341
3612
3615
3598 3612
1348
3611
3598
3611
3611
3598
3613
2365
3591 3565
1348 1348 1348
2591
3611
1901
3565
1348 2391 5784
3611
3554 2600
3598 3611 3629 3096 3097 1355 3391 3427 3629
3611
4358 3560 5825
526 1646
1348
3612
2068 5464 5772 1497 5219 4858 1535
3390
2591
4884 2455 2884 2920 1548 1355 2512
3565 2591
3612
3615
1348
6035
2603
3598
3612
1901
3614
2591
2591
3612
3067 2071
2865 2868
3598
3612
3612
3611
3612
5100 5907
3612
1348 1348 1348
3612
3591 3598 3598
3886 2317 3598
3621 3612
4629 1975 5518
2860 2952 3394
3611
1348
3613 2591
2978 2064 5057
3565
3614
2232 2613
5070 2071 1542 230 230 1355
1348 1348 1348 1348 1348
3598
4347 5157 2366 2611 5801 3046 2130 2677 2684 2240 2380 2650 2495 2552 2507 4052 4937 2651 4794 2982 2320 2552 2541
3612
2612 1348
3611
3611
3598
3612
1348 3598
1348
361
3611
2077 2077 2518 2949 2416 2892 2744 5157 3435 5793 2077
3611
3613
3611
3612
1348 1348 1348
3611
3598 3556
1529 3612
3598
973 915 983
3598
3598
3598
3598
3612
2560 2591
2025
1646
2071 4037 3393 915 5930
3598 3613 3611
3612
3611
1348 1348 1348 1502 341 1348 1348
3611
3598 3612
2864 5826
1348
3611
3598
2591
2744
3612
4269 1025 2064
3565
3598 3612
3598
1219
3615
3612
2868 6032 1348
1227 1210 1219 3630
1530 1529
3612 3612
2618
3621 4052 2569 3612 3621 3612 3612 3621
3598
1978 4097 5458
3611
3612
3598 1348
3598
3565
3611
3611
2591
3611
3565
3598 3611
2591
3598
3612
3565
4858
3611 3612
3598 3611 2618
2071 2950
3611
3598
3611
3611
3612
3565 2591 2618
2591
3598
3565
3565
2618
2603 3615 2618
2982 4737
3598
3611
3598
3621
4859 4859
3611 3612
3612
1348
3598
3612
1622 4070 2076 3766 2885 1622 5186 2884 1952 2076 1622 2884 5025 1355 4070 3766 1622
3598 3612 3565
2020
3612
3630 1207
2618 3612 2591
3612
3598
3611 3611
3598 3598
2232 5166 2155
6034
3612
3611
3391 3170
3612
3621
4629 3394 3395 1355 2070 4983
3612
3621
3611
5157 2322 2322 2322 5157
3370
1348 1348 1348
531 435 636 526
3634
3614
3612
3611
3612
2618 2618 3565
3598
3611
3621
3611
1862
3598 3598
3620
4350 1606 5978 2076
3565
3611
3598
3621
3611
3598
3622
2548
3755 5529 3755
1413 1622 435 529 1639 2071
3565 4787 5044
3611
915 1219 378 983
3612
3598 3612
6032
3598
3172 2744
5825 2591 3612
3629 2247 4895
2416 3735 3390 230 5218 230
3587 3598
3611
2618 3598
378 3630 378
3611
5815
1348
1492 2923 3629
988 231 840 231 230 1767 4023 230 977 378 1296 230 230 1767 4018
230 230 1530 1655 1530
1586 2613
1639 636 636 636 1639
2591 2593
2591
1348
1348
1518
378
3565
3401
3612 5966
5826 3394 2344 3629
3629 1590
2130
6025 1637 526
3565 3612
915 1296 1023
4858 4873 2416 3420 2824 2022 3393 3735 3418
3598 3598 1348
3611
3565 1901
3611
1901 3611
3612
3598
3390 2905 3391 3068
3614
3598
3611
3621 3598
2316 6034
2868 2417 2892 2864 2865 3424
3598
3611 3611
2591
3598
3612
3611
3589
3565
3067 2863 3067 1657 2866 3222 5932
5826 2859 4858 1974 5932 3394 2455 3406 2344 3395
3611 3613
1503 342 3598 5793
230 230 4980 6053 6049 6048 230 6053 230 2979 2979 230 1613 230 1621 230 2979 230 1932 1820 230 4110 230 3629 1932 3629 6053
2591
3598 3612
3611
3611
3598 3598
3565 3611
3611
3621
3617
1511
3611
3612 2591
3611
2618 3598
3598
3611
3611
5826 4633 5181 1945 1929 3443
3612
3611
3068 2663 3615 2567 2555
230 230 5143 4890
3598
3598 3598
3612
5456
1626 4875
3598
3598
1348 1348 1348
2432 2864 2872 2866
3611
1348 2263 2139 5008 1348 1563 1348
1901
1348
1639 603 1025 437 1639 435 1530 603 1550 435 1639
5510
3611
3598
2922 5826 3188
3611
3611 3611
2325 1550 1208
3598
2591
3598
3598 3611
3618
3612
1576 5146
3612
3612
3067
3587 3611 3598
3622
3612
3587 3611
3598 3598 2618 3621
3611
3615
2508 2489
3611
2591
230 230
3611
2548 3615
3598 3612
3611
2591
5794
5435
3598
3612 3565
2557
3611
3612 3565
3611 3611
3590
3612
3598
3622
989 378 632 3630
3598
3565
3615
3598
3612 3353 3558
2064
2438
3612 3612
3613
5220
3612
1590
3612
3053 3598 2455 4988
2591 3622
3612 3598
3629 2859 1355 3170 2417 3630 1296 5143 2859 2309 3629 5932 4546 1355
5166 3388 2591 4268 2082 3394
5080
3611
2618 3615
1348
601 626 5825 1901
3598
3613
3598
3611
2618
2618 3598
3885 2222 3598 5776 5776 2155
2070 2612 2371 3911 2627 3598
3068 2256 5994 3068 2256 2256 3068 5157 3068 5157 3068
3598
1348 2546 2565
3612
3541 2618 2557 2618
2591 3598
3565
2416 4873 3174 3398 3394 3393 2344 5218
3598 2591
3618
3605
2849 3565
3611
526 1637 5794 330 350 1149
3615
3574 3598
3612
1348 1348
3612
6032 6032 6032 6032 6032 6032 6032
2550
3591
2455 230 1974 4268 1974 4269 4858
3611
2618 3611
4253
3068 2596
2070 5058 230 230
3611 3612
3611
3598 3612
2509 1530
3611
1348
3612
1475
3611 1487
3565
3612 3598
5028 2076 2859 3765
3611
3598
1901
3598
1348
3411 2481 3412 3008
2618
3598
1639 2455
3611 3612
1348 1348
3598
3598
3612
4858
3612
2950 3405 4872 1576 5028 2885 1930 5831 2512 5979
3598 1348
4201 4046 1595 5794 4638 3621
3611
3611
2591
3598
3598
2234 2329 2193
5826 4794
3598 2591 3614
3598
3612
3598
3611 3598
3598
3565 2591 3567
2426 2455
1348
1222 4593 2886
3611
3402
3598
3565
3598
3621
5793 6032
3612
5527 1940 6034
2806
5143 360
1530
981 983 1216
2591
230 5932 4858 3393 3735
3612
3611
3612
2603
1348
3629 3067 3067
3551
3611
3611
3068 2651 2591 3577
3589
3611
3612
3621
3612
3756
2071 5523
3611
1478 5419 5426 1478
2908 6032
2455
4988
3612
3617
3611
2427 2866
3611
3612
2331 5008 2155 2076
3611 3612
4999 230 2908 230 3389 2417 3067 1355
357 3068
3611
5055 5510 3565
2859 3891 2865 5482
1348
1348 1348 1348
2020
1492 2885 5001 1348 3107
3565
3611
3598
2591
3565
2022 1105
2891 1355 5117 3459 3461 2916 2344 4620 2391 5218 5157
3612 3598 3598
1348 3598 3612
2593
3612
1348 1348 1348
3565
6033
3611
3612
1929 1929 1939 230 230 1939
3612 3611
3611
3614
3598 3598 2550 1872
3611
1348
230 4534
3598
3612
3612
230 5058 3170 230 1497 1575 4795 5156 3629 3067
3598 3612
3598 3598 3598 3598 3598 3598 3598 3598 3598 3598 3598 3598
3489
3598
3612
3612
3612 4046
3598
4045
3598
3611
2567 2611
2618
6034 3346
2965
3565
3598 3611
3612 3598
3612 3612
3611
3598
3612
2618 2070 3598 1901
3612
4635
1901 2618
5166
2618
3611
5146 5146 3622 5146 2139 1355 4619
1496 4875 1535 4881
5070 5143
3618
3613
1348 1348 3634 1348 3598
3611 3611 2591 2611 2612
3612
2865
3612
3598
2611 2618 1348
3621
2591
3565
4620
3617 3617
435 1639 609 2850 2916
3612
3621
2591
3598 3612
5932 5826 3390 4873 4873 3390 3840 3390 3840
3612
2950
3876 2139 2309
2325 3067 5056 3882
3565
2612 3615 2611
3612
3611
1901
3612 2618
3598
3587 3611
3565
1348 1348 1348 1348
3598
1590 361 1555 4806 1554
2416 3411 2455 3393 4858 4757 2438 2344 1974 3395 2920 2268 4873 4268
3565 3618
5558 2650 230 230
3611 3565
230 230 1586 5071 1565
3611
3598 2028
3565
435 584
3068 1622
1348
3612
230 230 1530 2034 3629 3184 2883
230 230 2416 5826 230 3412 2070
1216 3068 2391 5146 2916 2591 4872 5418 5025 6033 2518 5146 2851 1222
2566
3611
3617
4858 3420 5510 1355
3621
3394 2071 3395 2071 4522 2071
3621
2603
3598
3611
3621
1348
1940 3565 2591
3611
3612
2575 3620 3616 3611
3598 3565 2618 3355 3621
3611
5501 2591 1508 5058 5098 4890 5778 1935 5057
3565
2901 2900 3870
2591
3565
3598
3598
4097
3598
2591
1901 3598 2366
2591 1147 5558
3612
3598
3612
3598
3621
3067 2982 1355 3391
3612
3612
2611 5809
3598
3612 5809 2611
2591 1587
3598
3611
3611
3615
3621 3598
3612 3598 3611 3611
3612
3612 3611
3611
3598
2509 2919
3612
3612
1643 1658 1901 3612 1643 1658
5425
1550 1551 1511
3565
2331
3612
1902
3612
3612
5053
3617 3617 3617 3617 3617 3617 3617 3617 3617 3612
3598
2591
3612
3067 1611 5492 1576 2982 2806 1611 3880 3565 2982 1611 5492 3615
3612 5793
3598
3598
2892 2916 2891
3598
3598 3613
1348
3611
2562 3615
3598 1348 3598 3598 3598 3598 3598 3598 3598
3612 3598
3611
2891
3611
5042
5470 4793 2593 3612 2550 2590
3621
3007 3434
361
3611
2455
3611
3565
2618
3598
4890 2158 3629 3629
2591 2064
3612
3598
5995 5985 2232
3565
1646
3612
2618 3574
2591 2591 3598 3598 3598
3612
3617
5814
2363
2908 5157 2908 2908 5157 6034 1590 5157 6034
3612
3565
1511 4787
3618
3565
3565
3598
5826 4912 1982 2082
1901
1348 1348 4761 1585 1348
3598
3598
3611
3565
3188 2426 2510
3630 1222 983 1222 983 3630 3734 3629 2861 3735 3630 983 1222 915 1216 3390 3629 3735 3734 1222 3630 983 1296 983 1222 3630 1219 2860 1992 3629
2596
2590
2618
3612
3611 3612
3621
2437
3611
3598
610 1027
2071
4317
3598 3598
4863
3621
2071
3590 3616 3618 2550 3616 3598 3617 3616
3611
3611 3598
5826 2068
2325 5220
3598
3612
3611
3612
5033 2903 5189 5181
3598
230 230 599 594 1639
1355 230 5033 2314 230 5466 1550 2802 1511 3189 2674 2644 1355 1558 2756 4986 1355 2395
3611
1925
3621
2691 230 1355 230 1550 1550 1355 2318 3188 1511 1550 1480 5033 230 1550 230 2032 3693 230 1550 3389 230
4793 5927 1590
3611 2590
230 1355 2023 230 3876 3067 5157 230 3876 230 1355 3876 3067 1355 5157
2596
1646
3612
3615
4046
3598
1348
2548
3567
3598
6032
2988
3611
1901
230 2240 3170 230
3611
2603
5220
2344 3885 3158 230 5790 2344 230 1355 230 1355 230 3885 4980 230 230 5790 2439 2851 230 230 3428
1222 1226
2858 2025
2455 2068 2069 2858
3621
3612
3565 3611 3611
2070 3226 1938 2468 1944 3974 6033 3067 1623 4133
596 1530
3565
2591
4858
3621
2455 4988 2865 916 1607
3611
3612
3598
3617 3616 3612 3616 3617 3612
3598 3612
1646 2994 3933 1962
2591
3618
4742 4875
3615 2591
3611 3611
2430 3482 2969 2905 2273 2868
1348
3598
3591 3591 3591
230 1613 2455 1571 5098 2268 3395 6048 1925 230 230
3612 3612
3612
5436 2618
3598
3598 3598
3612
3622
3598
3612 3587 3612 3618
3611
230 6032 230
1348 1348
5166
2591
3565
5033
3611
3590
2474 6032
2316 2528 2070
1469 1637 610 3067 3630 3630 606
2071
3565
5156
3611 3612
2325
3612
3068 230 230 2325 3413 3068 230 2313 3629 3629 2851 3067
3611 3612
1585 1606 4766
2611
3611
3611 3587
4976 1348 1348
3598 1348
3611
3598 5825
2591 3598 3611
5071
2618 3598
3612
361
3598
1952 1466 2071 6032
3613
3598
3598 3621
3611
2865 3692 3391
6032 3459
2591
3598
2314 4070 3612 3693
3618
330 1184 350
3598
1348
2591
4204 2591 3621
3598
3886 2028
3611
5527 5790
3612
2618
3598 3598
3598
2591
3612 2591
2613 5816
3598
3621 3621
3612
1222 231 231 1226
3067 2023
626 608 526
2863 3435 230 230 5218
3613
3613
3612
3612 3612 3612
5794
2894
4881
1348 1348 1348
378
3612
1488
3618 3587
1491
3630
3598 3612
3612
3629 6035 4268 3629
6049 2070 6049 3427 2336 2892 230 1549 2025 230 6048 1355 2020
3612
3611
3611
3616
3612
3547
3612
3622
3611
3611 3611 3611
3622 3622
3598 3611
2591
3571 3611
526
2618 3612
4925 2344 4925 5793 5794 6042 6025 6042
230 1930 230 2323 230 1607 5055 3395 230
3611
5432 3615 3566 2592
3598 3598
598 1413 598
3612
3611
2618
2416 4873 2455 3393 3395
2069 1355
3598 3598
2865 3629 5218
3598
2868 1355 3068 5971 1960
3612 3598
3598 3612
5793 2395 230 230 2022
2070 4045 2064 1207 3612
2982
3611
2232
3598
3612 3598
3611
1530
2611
3394 2916 2864 3692
2599 3612
3621
5157 2273 2071
2618
6032 1512 1534 230 1520 1508 2064 230 1516 1534 1512 1518 1508 230
3614
3617
3621
3356 2548 2555 2578 2571 2561 2613 3355
1862
5156
3611
3598
3611
3598
6032 1590 2325 2611 2612 2455 2455
3565
3598 3611
3598
2591 2600 1901 3614 3612
435
2982 3621 5493
1348 1348 1348
2603 3565
2032 2274 3598 1623 1489
3621 2070
1476
1348
6034
3590
3428 6032 2416 3067 230 230 6032 5157 230 5157 230 1208 984 1210 981 230 5416 5157 2070 230 5157 2416 5424 2868 5157 230 5424 230 230 5157 230 6032 2455 3428 2418
1348 1348 1348
3419 1355 5562 4858 1475 2064 4988 4901
3614
3587
3612
3611
3565
3611
3598
3612
3611 1901 3560
838 2851
3630 378 378 3630
3598 2069
3612
3612
531
531
2417 5826 5493 2434 1355 2780 4193
3565
3598
3621
1348 1348
4269 2064 1961
3565
3598
3412
3598
3598
3598
3598 3565 2591
2618
3612
3598
3615
3612
3621
1023 984
1348 1348 1348
1348 3598
3565
3618
5143 5792
3612
3611
3598
2028 2509 3096 3391 5557
3611
1348 1348 1348 1348 1348
1348 1348 1348 1348 1348
2806
1548 5157 2426
2921 5776 2395 4976 6033 5056 3436
3598 3612
3612
3587
3612 3598
3598
2436 2438 2455 5005 2455
2603
2508
1612 2864 5143
3611
1480 3565
3598
3611
3611
3598
3618
3611 3611
3611
3589
3612
1578
3611
3621
2863 6042 6039
4849
3611
3618
3598
3611 3565
1348
3612
3611
3613
1355 3697 6035 3692 3420
3565
3612 3589
2618 1901 3621
2865 2020
230 5544 230 2851 1348 2683 3366 1939 1478 3629 3629
3565 3613
3068 2322
1348
3565 3565
2070
3613
3612
1348 1348 1563 1348
2071 3443 5484
6034 5932 2863 2886 2272 3837 1548 6034 2436 2849 2272 6035 2436
3598
3611 2887 3067
3611
3909
1965 5831 2865
3613
4784 4785
3618
3615
4881 1509 2032
6049
3611
6035 2437 3391
3612
