4016
2312
4643
4030
4040
2884 3978
4016
1656
4029 4643
4016
2904 1656
4029
4016 2883 4643
4643 2893
4030
4016
2883 2893
4029
4029
4643
4016
4016 6225 2695 4643 4016
4643 4029
4643
4030
6724 2889 2883
4030
4016
4643
4029 4016
4029
1656
4016
4643
4034 4035
4016
4016 4016
4040 4643 4016
4030
4033 4033 2883
4643 2882
4016
4643
4643
4016
4016
4643
3978
4016
4003
4643
4030
2904
2883 4016 4643
6539 3969
4016
2312
2883
4029 4016
4016
4016 4643 4016
4016
2884
2484 2405
4030 4016
4016
4016
2893
4016
4029 2904 4016
4029 2904
2904 4031
4030 2084 2866
4016
4029
4035
4029
2883
4030
4030
2883
4643
4643
4643
4040 4643
4016
4029
2646 2868
4016 4016 4016 4643
4643
5502 1664
4016
4016
1656
6805
2883 2883
4029 2882
4005
4030
4030 4029
2482 2883 5404
4643
2883
4029
4029
4016 4643
4003 4029
4643
2883 4016
4016
4643 4016
6189 2588 2695
4016 2883
4007 4007
4016
4643
1700 1786 6222
6199 6803
4036
4036
