4016
2313
6687 2522 2527 2313 3174
5878 6801 2883 1819 1579
3978 4030
6558 3299 3305 6801 3299 6801 3296 2571 6801 4191 3296 3209 6801 3296 2185 3299 4865 3246 3296 3299 2571 4191 6801 3189 3292 3298 3299 3305 3247 2571 6801 2696 2156 2578 3296 3299 3298 6801 3327 6801 3298 3299
2313
2312
1798 2764
2796 2318 4016
1674
4016
700 1695
2313
5794 2918
1748
4030
4030 2883
4016 4036
1319 368 389 4932 1507 1330 1838 1328
3260 1579 1819 703
4029
2893
4016 6225 2695 4643 4016
6121 2522
5176 4016 5714
4030
2911 2848
5453 2085
2884
2306 4033
4016
2904
5502 2450
4437 5214 4525 4029
4029
2904
2882
4029 4029
3978
699 1440
4643 2882
4016
3998
4016
4016 2882
4029
4029 2904 4016
596 2084 6133 1729 1729 1729 5810 2792 596
1498
2312
4016
4003
2904
2904
2904
657 1807 5663 4123 2529 1807 594
4029
4040
4029
4030 4029
4040 2911 2911
260 3552 5515 5204 2207
2884
4030
2648 5572 2883
5404 6160 1758 1664
2484 2405
4029
4016 1498
6241 5502 5494 4005
493 492
4016
4030 2312 4016
4036
4016
1805
4029
3189 3190 2911 4016
2904 4016
4016
5502
4016
4032
4035
4016
2209 1664 4016 1625 1779 6214
6251 4016 3558 488 657 2384
1705 1703
2904
5698 4029 5696
4030 6726
2883 4016 2848 2859
4029
4030
4030
4040 4643
6632
5810 2161
5697 4191 3298
4030
2893 2883
4016
1656
2490 4029 2547 6183 2156
2883 2883
2270 2959 2996
4029 2882
2904
4005
4016
2125
4030
6106
1695 2312
2911
4016 1724 4040
4016
2286 6189 6160
4016
2836
2904 4016
4029 4016 2904
3722 4016 4040
2882
4091
596
2883
4030
2850 2911 2211
4016
4016
4016 2883
4443
4030
4016
2904
4016 4029
2882
3307 3298
1660 5505 1731 1705
4030
4029
3840
4035
2883
1573 3327
2125 4016
596 4767 4030
2904
4007 4007
3189 3190 2772
4016
703 594 1661 2152 1572 5493 1572 3254
4029
4029
5397
4029
4029 4016
2904
4036
3426 3797 5501
4016 4993
6147 1935
4016 1688
4029
702 2911
4036
4036
4029
