1348 1348
3612
3611
3591
3612
3565
3598
5066
3598
3612
3598
3598
3611
3565 5776 3612
1348
3565
3612
3598
1901
3591
1348 1348 1348 1348
1348
3612
3611
1348 1348 2764 1348 3634 1348 1348 1348 1348
1901
3612
1348
3587
3612
1226 1222 2325 633 3068
626 599 532
3611
3565
5978 2069
1902
3598 3598 3598 3598 3598
603
5836 4633 2064 6049 1487
2591 3598 3612
3598
3612
1348 1348 1348 1348 1348
3598
3598
3384
3587
2398
1348
3612
528 311 1530 1530 1952 5826 532 2476 4620 1646
3612
3612
3611
3598
5066 3399 3467 2071 2904 1567
1901
3559
532 1348 1348 1348
3612
2581
3598
1595
1901 2618 3571
2591 1587 3579
3598
3611 3598 1348 3589 3617 3612
3598 3598
3611
2591
1670 5979 526 1670 1491
3611
3622 2550 2618
3565
2603
3565
2567 4965 2559
3389 3735 5932 1348 2455 4880
3598
2603
3612
1348 1348 3612
1348 1348 1348 1348 1348
3598
3611
1901
3598
3615
3598
3611
4875 5558
3565 3612
3612
3565
3621 3565
3612
3611
3612 1348
4097 3607
1901
3611 3612
3611
3612
3598
3591
1503 342 1348 1348
3598
3615
2557 3556 3565 2548 3355 2618
3567
3565
3598
3598
3565
3612 1348 3598
3613
5825
3589
5784 1348
2618 3590
3612
984 984 3393 3435 2064
2591
3611
4883 2391 2139 2851 6053
3598
3611
3565
605 3413 435 1639
3612
3611
3615
3598
3598
1348 1348 1348 1348 1348 1348
3612
1639
3598
1348
3621
1413
3621
3565
524 606 1646 435
3612
3611
1348
1901
3612
3598
2618
1348
3611
3612
3598
524
3611
3618
5057 1978 3173
3598
3612
4859 2416 2711
378
3612
3612
3598
3565
3611
3611
378
1901 3589
3565
3394 5220 3388 3068
1492 3067 2418 1355 2476 2857 2918 2344 2314 4986 4629 3388 2861 3405
3598 3598
3598
1348 1348 1348 1348 1348 1348
3067
3612
3598
3612
3611
4858 3621
3598 3598 3598 3598
3598 3552 3621
3598 1535
3611
4761
4882 1530 4880 3634 1348 3598
2955 2958 1767
3598
1348
3067 2760 3611
1348 3598
3073
3618
634
3594
3617
3598
5825 4275 5007 5007 5007
2919 2068 2921
3614
3598 3598
3565
3615
3565
526 435 605 532 1413
3612
3611 3598 3598
3613
2028 2802 5826 2454 4759 2357 2674 2395 3029 2029 4252 2068 2510 3970 3107 3555 1964 6035 3170 2396 3556 2158 2525 3419 3074 3964 1355 2438 2357 3171 2474 3395 2854 6035 3029 3107 2854 3395 6035 3757
3598
3565 3565
3612
3598
4883 5146 2780 3842 3840 1964 5070 1939
3598
3591 3612 1348
3598
3598
3612
1741 2916 1223 5071 2916 1741
5070
3616 3611
3598
5166 5826 345 1611 1611 1530 345
3389 2863
3611
2155
3589
1611 3598 2591 3565 1637 526 591
2618
3598 2594 1348 3598
3611
4858
2567 2611 2618
1475 5776
3598
4742
3612 3598
4962
3598
3612
3611
3611 3565
1348 1348
3598
3598 3612
3612 1348
2591
3612 3598
3598
3587
2600
3005
3388 2313 3411
3612 2593
3617 3617 3617
1355 1952 4883 2022 3892 3388 3698
3611
4255 3068 2770 2437
2507 1935 437
5776 1635 594 1637 4879 605 636
3068 1956 4630
3598 3598
3612
2618
1348 4194 2077
5793 2904
3598
3613
1500 5157 1496
3611
3612
3612
3598 1348
3621
3612
3615
3612
3611 3598
3611
3612
526 2331 3891 601 3467 1741
1502 341
3612
1348
5188 2863 2068 1491
3598
3615
2070
3621
2618 1901
3598 3611
3611
3621
3157
3611
3598
6327 2964 5932
378
3612
4253 3634 4252 1348 2272 1348 2957 1348 1348 1348 1348 1348 4253 3634 1348 3634 3598 1348
3598
1962
1901
2517
3598
606
3613
3565
3611
1542 6053
3611
3598
1901 3614
3589
3598
3565 3611
3612
3598
3587
3598
6007 1610
3612
3612
3598
1348
1530
3612
3598
3612
3598
3598
3591
1901
3067 378
5967
3611 3620 3616
2316
1355 2395 5056 2510 3687 2517 2139 2309 1355 2510 4743 3411 4546 1497 5826 4743 1497 2309 1355 2517 2396 4880 3693 2139
4046 3621
3598 1901 3611
3611 3598
3591
603 1469
3611
2618
2627 2627
2618
3611
3612
1348 3598
2603
3612
4950 3598 2600
3067
1348 1348 1348 1348
1348
3612
3598 3598 3598 3598
3612
3612
3611
3612 3611
3598
3565
3565
5825
3598
6035 1623 6035 6035
1348
3611
2593 3598
3611
3598
1348
2578
3589 3589
3565
385 1082 628 378
2317 2064 5132
3612
2618
2163
2618
5529
5482
3611
3598
3611
3598
1901
3598
2547
3598 2618 3598 3612
2455 2071
3621 2555
3598
3611
2032 5055 5523 3687
1543
3614
3611 3565
3598
2618
3590
3612
3565
3598
3612
3390 3734 5932 3692 2455
2591
1901
3612 3598
6032 3634
4782
3612 2591
2603 3612
3565
3612
2618
3598 1530 1466 2069 5065
3612 3598
3611 2155 2177 3842 2438
3598
1901
3598 2070 3488 3459
3612 3598
1348 1348 1639 1348 1348 1348
3598
2618
5826
3611
3598 3598
3611
3611
3565
3615 1348
1355
3565
4882
2590 3612
744 725 725 1548 2591 1901 3598
3565
3612
3172 3395 5794 3170 3067 2316
3621 3598 3598 3598
3611
3622
2316 1571
3611
3598
3591
3598
3598
2618
3598 3612 3611
3612
3612
3621
3565
1551 3399 2905 2416 3634 3008 3401
3611
3622 3622
3611
3598
3611
3612
3612
3598 3598 3612
2331 3598
3612
3618
3612
3598
5578
3611
3611
3612
3598
3357
2618
2618 3611
3598 3598
3598
1348
378 3630
1478 5927
3611
3611 3598
1348
3611
3598
3621 2618
2618
3612
1348 3612 3612
3598
3618
433 629 624 1073
5534 4255 5776 3598
3611
3405 1740
3622
3611
3618
2591
3611
5058 2076 4009
2439 2139 3687 4545 2286
1550
3598
3598
3565
1956 1820 1355 5024 2923
2618
3611
3611
3612
3129 2892 2272 3746 2780 5007 5143 5006 5038 2273 2286
3598
1348 1348 1348 1348 3634 3598 1348 1348 1348
3598 1901
3598
3611 3616
3611
3598 3598
1530 529
3612
3613
3598
5492
3598
3598
3598
3598
2591
982 915 984 1530 1530
1901
1348 1348 1348 1348 1348
1601
3612
2618
1901
2438 5072 2313
3565
3612
3598
3612
3598
3598 3598 3598 3598 3598 3598
6035
3611
3598 3598 3598
3598 3598 3598
3598
3612
3598
3598 3598
1501 2391 4633 3766 2662 3598
3598
3612 3598
3611
3411 4635 3412 2482
3612
3612
2618
3598
5492
3598
1348
1348
3611
3611
3611
3615 2591
2071 2906 2806
3598
3598
1820 5167 2036 3382
3612
3598
3621
2071 534 447 3579
3565
3565
2596
3598
3615
4255 2154 3384
3611
3616
3598
3611 3587
2591 3598 1637
3612
2618
3598 2603
3617
3611
2070
3612 2512 5772
3598
3598
3612
3565 3565
4858 3395 3598
6034
3612
2183 3634
3611
3615
3598
2618 2618 2618 3598
3611 3598
3598
1348
3613
3612
2114 2114 3067
3419 2064 5932
3630 378
3621 3621
1554
3565 2618
3411 3766 3765 3412
2325 4278 1355 2070 2490 5932 4278 6048 1355
3598
3598
3615 2593
2618
2314 3693 5001
3611
3612
3598 3598
3405 4879 3459 2071
3571 1348
3184 5146 3435 3427 3407
3612
3611
3612
3598
3612
3612
5065 3068 3173 2849
2068 3693 2892
3611 1348
2591
3598
5071 3598
3598 3598
2083 1741 1741
3611
3612 2618
1901
2455 2218
3598 3612 4879 596 1921 1025 1960 2070 3413 1952 3765 1508 1956 605 593 1543 2528 3970 531 1955 5510 5056 1940 1956 3598
3621
2618 3598
3612 1639
4522 3598 2071
3598
3612 2618
4858
3621
1348 3598
3591
3598
1500 1496 4881 2195 1535
3598
3598
1348
3612
531 2849 1551 2894 2885 2864 4858 2730 3693
3591
3621
1646 5825 2012
3612
3598 2618
4823
3590 2591
3598
3611
3612
2618
1901 3565
3598
4620 2070 2047 2863 2391 4095 5024 3437 5024 2391 2070 3435 4620 2863
2590 3611
3622
3612
2527 2855 230 3734 1549
2320
4844 4843
5825 2591
2908 3221 4901 2049 2688 2686 5826
3611
3612
2550 603 1025 524 606
3598
3565
1901
3612
1901
3565
3611
3598 3598 3598 3598
3598
3605
3613
1990
5456 4633 2082 3598
3611
3612 5157 1348 3612
3598
3613
1901
2618
3598 3598 3598 3598
3565
1348
3598 3611
2070 3388 2155
3565
3598
3612
2064 3598 4999 5098
1207 5991 5831 916 5834 2032 5991 5794 1474 1207 5979 5995 5991 5834 5792
3611
3598 3598
3759
230 651 651
3612
3612 2618
3612
3411
2618
3510 4858 2892
3754 3755 230
3611
2596 2591
3598
3612
3630
3587 3598 3611
2591 3598
3598 1901 3598
1348 1348
2509 3505 4889
3611
3598
2030
1348
1348
3598 3598
1348
5040 3692 5055
3614
3613
3598
3612
1547 2881 2894 6035
3622
3598
3598
3612
3611
3615
3598 1348 3053
5146 2323 2265 3051 2618
3598
3068
1575 4784
3621
1499 1509
3612
3598
3612
378 1210 3630
3598
2860 3393 1535 4858 2070
2323 2904
3612
3612
2596 3693 2317 3388 2438 3157 3394 2022 2918 2883 1355 2391
3598
3612
2591 3598
3612
3612
2618
3587
1348
3565
3611
2618 3598 3611
3611
3612 3612
3598 3612
3598
3598
3598
2489 1857 4268
3598
3565
3598
4858 2670 3598 2765 2760 4759 6053 4988 2855 3173 6025
3565
3611
1348 1348 1348 1348 1348 1348 1348
3598
3598
1348 1348 342 3746 1503
1348 1348
3598
3611
3598
3734 230 3084
3612
3611
1348 1348 1348
3598
3598
3612
3598
3598 3598 3598
3417 2163 4759 4622
3615
3612 3598
1348 3611
2392
2325
591 526
3598
3634 3598
3598
5932 4743 2868 1355 2455
1348
5464 5218 2070
532 1940 5146
2950 2421 2437 2495 5042 5071 2426
3612
1901
3598
5886 4838 4250 2323 4838
3612
1606
3612
3598
3598 3598
3565 3598
3591
3611
2023 4879 5826 6033
3621 1348 3612 3612
3565
3598 3621 3598 1582 2548
3598
4389 4795
3612
3612
3621
2618
3613
3598
3611 2591
3612 2575 3598 2571 3335 2612 5492 2591
1901
3612
3598
3613
3005 3073
4254 4255 2455
1348 1348 2579 1348 1348 1348
3621
4881
3983 3598
3611
2618
3612
361
1227 3630
3611
3598
1939 5146
1348
3621
3612
3598
1901 2591
3598
3611
4883 1348 4890
3611 3611
3598
2064 1646
3598 3598
3611
3565
1901 3598
3611
3598
1348
3541 3615
3615
2323
3612
1348
3612 3598
3612
3598
2459
3598
3598 3598 3598 3598 3598
3629 4983 3870
1567 1590 1500
3621
2569 4052 4883 3598 3612
3611
3612
3629 230 2286 230 2949 230
3611
3611
3612
2591 3612
3598 3611
3611
3612
3613
3565
3565
3598 3618
3612
3598 3612
3612
3611
3612
3612
3611
3565 3598 3598
3565
2611
3618
3611
3598
3612
3611
1348
3598
3565
3612
3612 1223 5071
3598
1348 1348 1348 4882 3634 4880 1348
1639 3029 3068 1413
3611
3621 3598
3621
3612 3598
5033
3598
5046 2891
5056 2509
3617
3565
2071 4879 5066 2865 1355 230 230
1216 983
3612 2591
1348 1348
2593
3598
3612
3611
3598 3621
2426 3067 2891
3611
2618
1348
3598
2548 2550 3621
3612
3612 3598
2569 5419 5157
3612
3598
3611
3598
3612
3612
1348 1348 1348 1348
3612
2612 2548 2550
3598
3598
3611
1542 2070 3469
3598
3598
3049
3598
3611
3612
3612
3618
2618
3541
1413 596 1469
3598
3612
2884 2949 6039 3629
3556
3611
3575
3611
3598 3598
3598
3621
3598
534 626
2986
3598
3621
1498 2455 3067
1963 2076
1635 532
3598
3611
3612
3611
2618 3612
2326 2357 2997 5793 3598 5794
6032 2203
5927 5482 230 1535
3621
3611
3598
3612
3612
3611
3587
2618
3611
3598
3612
3598
6034 2068
3611
5466 230 1497 3630 378
3612 2548
636 1639 591 636 1639
2070
3612
3571
230 1207
1901
5569 3629 5569
230 230
3612 4097
3598
1348 1530 526
3611
3618
3612
2158 1930 2591 3170 1952 3390 3170 3411 3411 1501 1948
3598
3598 3615
2590
3598
230 2464 230 2756
3598
3612
3612
3612
2071 3389
3611
3598
2618
3613
1348
3612
1348 3598
6048 6025 230 6048 230 6048 6025 230 6048 230 230 6048 1820 230 6025 6048 230
2618
4880 2919 2921 2071
3621
3598 3598
3598 3598
3612
626
3598
3611
2426 2927 2320 3598
3611
3598
3598
3598
3611 3611
532
3612
3611 3598
3612
3598
3589
5521 5055 5070 3067 4784 594 603 594 526
3612
2591
378 983 1023 1216
3611
1535 1355 4983 1940 230
3598
3621
3612
3598
3612 3598
3612
3598 3612 3598
2982
4858 4255 230 1207 230 230
3598
3611
3611
2034 6048 3629 1508
3698 5005 2020 230
3612 2603
2618
3611
3612
3393 2314 3735 5932
3598
3598 3565
4879
3598
3611
526 2192 2431 2476 5825
1348 1348
3615
5531 4879 230 230
3591
3611
3611
1348 1348
3611
3565
2421 2439 1639 3008 2064 3598 3842
3598
3611
3565
3565
3613
3611
3621
2618
3612
3612
3587 3611
5033
3621
2858 2866 5166 3735
3598
1901 3624
3612 2618 3598
3598
3611
3612 3598 1348
3598
3611
3598
5417
3565
3591
3612
605 437 437 605 532
2591
2618
3621
3598 3612
3598 3612 3598 3598
3611
1348
3612 1348 3612
3565 3565 3565
3612
3618
3598 3598 2591
3565
2591
2434 3158
5040 2076
3612
1486 4862
1413 1656 3630 1643 3629 5071 2314
3598 1348
2618
3620 3611 3616
2618
3612
3630
3612
3598
2618 3565
3553
3612
4882 3598
3598
1348
3591
3612
2618
1587 2222
4194
4862 5794 2256 5794 5927 2256 2256 5794 3068 5794 2256 5794
3611
3612
2628 2618 2618 3587
3067
5556 3629 5534 230 230
2982
4817 3598 2618
3565
3611
3598 1901 3566 1901
3612
1530
3615 3598
3612
3598
3611
3598 3598 3612
1348 1348 1348 1348 1348
6032 6032 6032 6032 6032 6032 6032 6032 6032 6032 6032 6032 6032 6032
3591
3612
3612
4858 1975 4268
3611
2593
6039 5776
3611
230 2418 3391 230
3598
3612 1901
5927 2331 3412
2618
1348 1348
3621
3634 1348
3598
3598 3612
3598 3612
3598
1348 1348 1348
3612
3598
3611
3556
3611 4046 5143
1348
3598
4635 5181 4872 435 4988 3407 4872 2885 5181 2901 4890
3598
838 378 231 1413 606 526 435
4046 4638 3621 1590 2453 5166 5167 4046 4988 3621 2453 4873 4046 1501 6054 4637 4046 1595 3621 2070 1590 1501 1595
3598 3612
3565
3598 3611
3697 1355 3693
3611
3598 3598 3621 3611
3611
3611
3611
3611
3605
5792 2978
3621
3615
3612 2618
3612
1901
3612
3630 1207 1208 378
6043
2156
1219 378
3621
3565
1223 5071
3614
1348 1348 1348
5166 2850 5456 4890 4883
3617
4880
3611
3615
3068 4132
2591
4873 3068 230 3390 5932 4858 3735 4858 3068 5932 3389 230
1348 1348 1348
3611
3611 3612
1551 2329
1348
2618
1639
3068
3621
1901
3870 230 230 3067
634 1532 230 5493 6032
3612
3612
2591 2601
1901
3611
3611 3598 3611
3598 3598
3616 3620 1348
3612
5543 5098 230
3384
3598
3611
3598 1348
3587 3598
3598
3630 984 378 1208 1219
3598
3612
3617 3617
3611
3611
378 983 1219 915
3613
3406 5006 2071 4880 3765 4883 4983
3612
230 1551 230 2851
3698 2855 2855 3698 2916 1355 2069 2029 2916
5146 230 230 230 2071 5146
5432 2567 2557
3598
2510 3395 5523
1348
3621
3565
3611
3612
3611
3888 2849
5464 2070 1511
3598
3598
3598
3612
3598 3615
1348 1348
2417 2481 4875 2316
1348
5826 1629 3067
2894 3067
3598
3598 3598 3577 3598 2593
3598
3598
2611 2571
3612
1862
3598
3598
5431
3612 3611
3611
3611
2022
3598 3598 3598
3598
1518 1518
4282
2593
2611
3598
2618
3565
230 230 2069 230 5071 1942 230 230
2618
3598
3598
3611
1932
3616 3612
3598
3612 3598
3612
526 3598 591
1348
4858 3621
3611
3613
2618 3614
3571
4620 2309 2391 3766 1355 3105 3693 5146 5143 4070 4619 2139 2591
1901
3598
2849 2309 3468 3598
3634 5532 1348 4877 1348
2662 4622 2076
3565
2618 3612
3612
3598 5927 1509
4633 4039 3565
2239 2232 3621 2239
3612
3566
3612
2618
3611
1587 1489
2596
3598
2850 2850
3598 3565
3613
3611
378
4883 230 3870
2618
3612
3565
3612 3611
2555 3612
3612 3598
3612
2591
3621
3612
1901
3587 3611
1348
3612
1348 1348 3598
3615 5814
3598
3565
3598 2603
230 2997 5558
2618
3598
2595
230 1530 609 1413 230
3611
3598 3612
3598 3612
3612 2611 2612
3565
3612 5802 2550
2064 3487 5973
3598
3611
2618 3612
2070
3612
3612
3612
3598
3612
3598 3598
2593
3598 3620 3611 3616
3621 2612 2611 3351 2618 3352
1901
2071 2344
3613
3565 2591
1348
4879
1901
3598 5051
2591
3598
3611
3614
2618 1576
3465 3106 2029
2618 3611
3611
2618
3598
2618
3067 2180 1543
3612
3598 3598
3598
2067
3565
3598
2590
4620 1768 2885 5792
3598
3612
3598
3621 3618
3598
3611
3611
3637 1348
3565 2591
1226 1222
3612 3611
1740 2916 2070 2866
3068
2618
3612
3612
1466 1530
3587 3611
3598 2327 3598
1502 1502 1502 1502 1502 1502 1550 1502 2064 1502 1502
3612
2069 4269 3891 2952 1355 5543
3621 1901
3411 230
532
3598
3612
3617 3617
3612
2070
1646 1646
3598
5070 1223
2029
3615
3612
3611
3612
3598 1930
3612
2550 3612
378 3630
4099
3598
3565
3611
2916 1974 2068
3615
5431
3598
378 1222
1548 2618
3598
2618
3598
5044 1988
3575
3611
3611
1348
3992
1646 605 525 1655 1634 2071
3598 2618
5784 2484
3634 1348 3634 3598
3598
1756
1219 1217 4858 3612 3693
5098 2479
4269 3406 1974 2330
3598
3598 5814 2548
3621 1902
5157 6034
3598
3612
2618 3598
3612
3618
1187 330 350
3565
3612
2030 2316 5826 2316 2316
3611
3621
3612
1348 1348 1348
3612
524
3598 5534
3598
4983 1962 2421 2071 3399
3630 1219 983 1222 1992 1742 2860 3629 3630 1222 984 1219 1740 3629 2860 1992 983 1219 3630 1222 2860 1992 1740 3629 983 3630 378 1296
3612
3565
4882 4879 3068
3598 3598
2069 2064
3068 1932
2937 3434 6034 3404
3598
3598 3612 3611
3618
2548 3612
4582 3467
3598
3612
230 1995 4882 3629 4863
3612
6034 2512
3618 3616 2611 3590 3616 3618 3616 3617 3616 3590 3618 2550
3612 4103 361
3067 2316 430 624 627 622 1073 629 386 1082
2560
3611 2590
3611
2455 5534
3611
3612
3612
3598
1207 231 3734 4983 231 2139 2683 1355 5073 4976 231 2139 230 1746 4985 1355 4976 4976 3435 2683 231 230 4986
2028 2029
2581
5033 4857 230 5033 2455 230 5569 1935 2455 230 4591 5558 5880 2162 230 4795
1768
2286 2272
3067 2344 5157 1355 3876 1355 5071 3876 1355 3067 5157 230 3870 1355 230 3067 3067 2495 1355 4117 1355 2916 4118 3876 1355 3067 2916 1355
3611
3612
230 2919
3598
3395 5024 3419
3611 2591 3053
3598
6032
3612
3621
3612
3598
3612 3611
3611
3612
3612 3598
3611
230
2509 2859 1355 4629 5025 4629 2916 3067
2426 3390 5886
2618
3614
3916
3612
1901
3611
3598 3611
3612 3611
1635 3598
230 2344 5501 230 5831 230 3885 2851 5489 230 3885 230 230 3434 2140 5489 2344 230 230
4863 3598
378 1496
3621
3612
3598
3613
2591
2885 1535 6034 2951
3598
3612 3598
2230
3611 3611
3612 3565 3587 2383
3612
3598 3611
3611
3612
3621
3611
2618
3611 3611
3611
3591 3591
3068 4890
2879 3629 1548
3612 3611
3611
3611
3614
3612 3612
3598
2474 1935 4045 4743
3611 2548
3612
3612 4054 4937
3612
1348
3612
3598 3598 3598
5033
3598 3598
3616 3611
2064 3402 230 230 230 5000 357 5001
3598
6033 5419
2618 3565 3598
2613 2904 2628 3622
2644 230 3158 230 3068 3870 2919 230 230 2644 230 1355 3158 230 230 2644 3158
3459 5146 5146 3459
2591 3612
3612
3598
3611
3612
3189 230 3189 230 4583 4583 3189
3612
3598
2919 3876 2919 3876
3605
2455
3840
5143 2952
1348
3611
3598 2618
5081 3974 1548
3612 3598
3612 3611
3611
2036 4882 3598 1576 378
5151
3611
3598
3612
3611
3615
3612
3611
1862
605 1530
378 983 1215
1207 1227 1208 1227
3598
5899 5181
3612 2591
3612
3598
3612
3621
3565
378 1223 5071 3598 3621
3598
3842 3842 3068 2884
3621
5070 3629 1940 2036
230 5569 2495 5569
3598
3598 3598
3565
3611
1348 1348 1348 1348 1348
3614
3612
3611
2020 2416 2192 4873 3390
3611
3598
2234
2455 2865 3390 3068
2550
3556
3612
3598
2569 3565 3621
3612
3629 5157 3402 4880
3598
3612
2071 2323 230 2306
442 1637 2314
3612
6042
3598 1901
3611 3611
3612
3622
2863 2864 3629
3598
3611 3612
3612
2320
3611 3598
2232 2180 2232 2180
5416 2274 5039 2178 2277
3612
2868 1492
2611 3621 2612
3612
3612
3565 3598
3630 378 378
1862 5432
3598 3598 3598
4878 4882 5569 5146
3612 2591
3598 4278
3598
231 378
3611
3621
1348 1348 1348 1348
1901
2591
1348 2274 2271
3612
1348
1348 1348 1348 1348 1348
1655 1025 230 526
1348 1348
1348 1348
3612
2325 3401 3097 1576 2868 3176
3598 3621
1348
5972
3402 230 2416 2455 6032 357 230 2163 2070 3173 5526 2416 3067 1742 6032 3428 6032 3735 230 230 6032 2163 3428 2455 3735 1355 230 4630 2036 230 3067 4747 4630 230 230 1607
1348 1348 1348
2618
3598
3612
4098 1348
3612
3598
3598
3106 2525 3074
1348 2618
3598
2597 3053
1612 3746
3598
3616 3598 3611
3612 3598
3612
3598
3612
3598
1587
3598
3598 3598
1348
3611
2618
3598
2618 3565
1646
3561
1348 3598
3612
5466 2885 2068
3598
5482 5466 5464
2865
3598
4487
3598
3598
3585
3598 3611
3612 3612 3612 3612
3565
3598
3612
1348
3565
3618 3598
5143
3565
2562 4879
3612
3598
3611
6032
3598
3611
2554 2618 3565
3630 982
1348 1348 1348
1348 1348 1348 1348 1348 1502 1348 341 1348 1348 1348
3621
6032
1355 6033 2454 5056 2884 6033 3436 2064 2885 1469
3611
3612
3598
2560 3698 1962 5825
3598 1348 3598
1939 3393
3612
2618
2318
3611
4858
3598 1348
3598
437 608 1637 437 605
3621
6034
2030 5826 3565
1348
3621
3565
350 1184 1530 230 230 330
3598 3598 3598 3598 3598 1348 3598 3598 3598
3611
3565
3598 3598 3598
3598
1348 1348
3611
3565
3614
3598 4858
3612 3612 3612
1985 2756 5070 5488 1355 5070 1989 1355 5070 5071 1989 5071
3883 4976 5166
3611
1348 1348 1639
1348
3598
3598 2022
1511 5501 1511 2591 5501
1348 1348
6032 5510
1025 1529 605 437 626
605 1413
1348
5886
3611
3598 3598 3611
3615
3598
3565
3611
2038
3068 4778
3612
3612
