2866
3254 2228 1640
2746 1708 1775
4722 3782 3805 4498 4491 4503
4016 4029
5663 2547 2275 5218 2771
2384 2983 3122 5088 4790
2884
4016
2530 5503
4016
1477 1444 1476 1483
2313
2881
4016 4029
2403 1498 4016 3978 4016
6687 2522 2527 2313 3174
6801
2881
3240 1362 5502
4016 4016
4030 4030 4040
4029
4029
4029
5878 6801 2883 1819 1579
1695
424
2882
3978 4030
4029
2084
2883
2484 5878 4016
6558 3299 3305 6801 3299 6801 3296 2571 6801 4191 3296 3209 6801 3296 2185 3299 4865 3246 3296 3299 2571 4191 6801 3189 3292 3298 3299 3305 3247 2571 6801 2696 2156 2578 3296 3299 3298 6801 3327 6801 3298 3299 6801 3300 3292 2571 3195 3298 3296 3305 6801 4181 3292 3299 2694 6801 3299 3296 3195 2571 6563 6801 3292 4322 3300 3195 4582 1741 3299 3203 6801 3292 2571 2156 5798 3292 3305 4191 3299 3189 3298 6563 2571 3296 6801 3189 3299 6801 3292 3298 3197 6801 3195 3296 3299 3327 4191 3298 2586 6801 3195 2156 2571 2694 6565 2571 6153 2156 6801 5798 3327 3299 3197 2571 3292 3189 3298 6801 3195 6565 4191 6801 3299 3292 3201 6801 2156 3189 1798 3292 5477 6565 1775 3327 4180 3299 3298 1646 4278 6565 3196 3299 1741 6801 3305 3298 4191 2794 3190 3292 2571 6146 5622 3220 6801 6563 2578 3220 6801 3327 6565 2571 3299 5488 2694 6801 3298 4865 6565 3201 6558 2996 5622 3549 3298 4191 3189 3292 2571 6801 3299 3195 5798 3327 6801 3189 3327 2694 3427 6801 6801 1793 3262 3327 3189 3292 2750 1793 1703 2750 6563 3292 3327 1793 6563 3189 3292 4180 6801 4181 3122 3426 3299 6801 5798 6801 3292 3298 3426 3305 6801 3292 3189 3299 5798 3197 5417 2589 3122 5708 4180 6801 3304 3427 4191 3299 3296 3303 3292 3305 6682 6801 6801 6682 2586 3189 3299 3298 6801 6682 6801 3299 2538 5798 3305 2571 6682 1798 6801 3549 6682 369 2589 2571 2571 6801 1713 3303 3305 4189 369 6801
4016 3978
5689 5689 5689
6525
2313
4005 4016 4029 4030 3991 4016 4030
2911 2403 2450 2312 2447 1742 2490
1089 1016 2189 3546
5499 2707 3932 6817 2306
2904
2312 5593
1798 2764
2796 2318 4016
2893
1674
6687 3789 3817 3784
2306
3258 3186 3254 5619 5617 5620 2791 3180 1089 1088
4029 4031 4030 4030
4016
6559
4016 4007 4005 3978 4036 3978
4016 4643 4041
1345 424
4030
4016 4030 4030
2312
700 1695 1358 927 927
2313
2884 2881 2881 4016
5819
1089 1355 1016
5794 2918 1346 844 1355 2736 2736 844 2736
4016
1748
6739 3426
2091 2838 2863
4030
4029
4030 2883
4030 2883 2883
4016 4036
4029 4003 4029 2125 2125 4029
2874
4029 4029 4029
1319 368 389 4932 1507 1330 1838 1328 1284 1269 1319 389 1838 1330 1334 368 1328 1272 1572 1812 671 659 800 4033
4016
1707 2174 2177
3260 1579 1819 703
4036
4030
3805
1345 3189 5504
4016
2578 2572 2578 2572 2578 2572
4029 2904 4016 4029 4029 4029 4029 4029
2904
2908 4040
2169
1695
5665
2893 2904 4016 2893
1649
2147
1695
2904
4016
4016 6225 2695 4643 4016 4016 4016 4016
4029 4029 4029
3738
4016
4016
2904
4286 6527 3258 3260 5215 3260
4030
6540
4016
2147
3552 3553 3260 3254 2277 3426
4031
649 669 692 656 1695 495
6166
1828
4016
4016 4016 4016
6121 2522 6122 6121
5819 5794 2403 2270 424 699
5176 4016 5714 4016
2883
830
4030
4030
2424 5405 2410 2530 6632 3893 2210 2277 345 5752 3867 3279 6558 2169 2266 5713 2273 4016 2794 1361 6559
5566 2091 4029
4029
4031
2881
4030
4016 4029
1660 2275
4016
3756 5496
2181 2185 6558 5698
4030
4029
2911 2848 2844 2841 4040
1498
4016 4030 4016 4030 4030
3015 2586 3247 4557 1748 2908 5641 1717 3029 4557 2773 3203 3240 2713 3239 4030 4557 4288 5836 3246 2313 4280 3327 3244
5453 2085
4016
2884 4030 4030
4029
4029
2306 4033 4030 4033
2745
4016 1777
4016 4029
5306 2205 3259 3788 1793 6687 2410 3189
2882 4016
4016
2904
4016
2904 4016
4030 4030
5502 2450
4003
4437 5214 4525 4029
3219 3298 6563
4016
1507 4210 2326
4029
3254 1714 2207 1695 665 492
4016 4016 4030 3978
2904 3473 3473 4202 2713 3426 4203 5798 4203 4202 5798 3381
2908 2881
4016
2882 4030 1498
396 3218 6559 4271 6559 1708 5405 1507 3237 4271 2745 1707
4030
2125
346 2313 3258 3260
4030
4029 4029 4030 4029 2881
4016 4029
4016
3978
1440 699 1357 924 1092 1358 1084 699 924 3460 1936 3218 3552 3776 1654 2498 699 1088 1356 1084 699 1355 1654 5222
3991 2881
4643 2882 2883 5449 4030 4030 4030
4029
6793 2589 1507 6793 5214 3218 3459 3217 3789 6793
2904 4016
4016
3998 2484 1782 2904 3099 4180 3077 2965 4283 3298 4181 2965 3122 3295 4181
4016 2792 1358 424
4040 2881 4040 2881 4040
3991
4035 6526
2904
1346 1367 1358 699
2904
4016 4030
3978
4016 2908 4041
4016 2882
5877 2310
4030 4030
4029 4029
4029 2904 4016 3978 2883
596 2084 6133 1729 1729 1729 5810 596 2792 1828 4429 6687 3789 1729 6138 5810 5713 5810 1498 6138 1828 5503 588 1729 1729 1729 1729 1729 1733 596 1729 1729 1729 1828 6138 1733
1498
2312 590 590 3764 1695 1572 1812 590 3764 3760 1819 3774 3776
4029 1498
4030
2589 1015 4016
3978
2881
4016 2904 4016
3978
4029 2884 5395
4040
4003 4003 2904 4029 4003 4029 4029 4029 4003 4029 4029
2904
4030
2908
4016 5820 3244 5819 1498 2509 2509 5819 2509 4040 6793 2509 2799 3085 2509 4016 2509 4764 2509
4029 4029 4029
2904
2908 4040 2883 6548 6117 2902
4016 2231 3278 6098
2884 2125
4030
3427
4029 4016
4016
6151 5502 5403 2904 5494 1660
3333 588 3333 6117 4029 3738 3306 3301 1797 4191 3305 5554 2528 2578
4116 2713
2881
4016
4016 4016
4030 2904
1498
4016 2904
2904 1498 4016 2883 4016 4016
1088
4016 6255 3426 2312 3266 3218
4030 1498 4016 4030
657 1807 5663 4123 2529 1807 594 702 2792 3290 6812 2529 2792 4117 2794 2794 2792 5520
4029
4003 4003
4016 4016 4016 4029
4030
4029
4016 1812 2881 368 659 1819
4016 1642
1498
4030
4029
4031
4040 4030 2881 4040
3968
1748 1741 4030 6099 4030 4030
4029 4029 4029 4029 4029 4029
2796 1770 6214
5157 3426 4016
2840 5478 2715 2932
4032 4033
1498
4030 4029 3978 3978 2883
4029
1498
2844
4040 2911 2911 4030 2884
4030
2313 4032 4033 4033
260 3552 5515 5204 2207
2908
2883
2884 4016 2577 2315 2880
4030 4030
2306
3254 6189 3427 3180 5847 6222
2648 5572 2883 4016
5404 6160 1758 1664
2484 2405 4029
4029
2125 2840 4029
4016 6682 4030 4016
4016
1498 4016 1498 1498 3978
2174 2490 2185 2181 5844 3472 1507 2270 3813 3473 2667 2801 4421 3339 2195 3324 3381 3548 3185 4766 6804 2623 3789 2756 3381 5161 3122 1507 3185 4429 3473 6803 2270 2735 4421 3547 4766 3793 2623 4766 2270 1755 1748 3122 3473 2756 3788 6804 2269 4429 2623 2270 5696 5250 3381 2270 3381 1507 6804 3775 3122 6822 3777 4766 4429 2623 6504 3472 2269 3788 2270 2756 2218 2623 2490 2868 3122 2756 3788 2270 5758 2269 6504
4016
4030
5494 6241 5502 4005 3978 4005
4022
493 492 1805 1572 3324 2934 2589 3324 2159 1733 3324 2589 1742 3324
1498
4030
4016 6558
4016 4030
2125
3978 1498 4030 4030
3227 2311 1694 5214 2311 3807 1694
5877 2336 3556 1507 5634 4625 2663 6196 2663 6250 5634 2313 5619 4164 2384 5125 2194 4337 3556 5207 5125 2384 6263 2306 4163 6251 5125 5698 4164 2663 5503 3548 2384 5698 2667 6173 5665 5125 1507 2663 4337 3553 3556 2988 5125 2313 2313 5511 6509 1507 2689 1677 4625 2313 3553 2694 1685 2313 3258 2384 5125 5125 2713 1507 2568 3553 3356 6251 2384
4016
4030 2312 4016 4029
4030
4016
4029 4029 4031 4029
4030
6687 1778
4016
4029
4036 4036
4016
4030
4041
1805 4016 4016
1695 702
4029
5709 1819
3189 3190 2911 4016
4029 4031
5589 4649 4016 4016 4016 1667
4030 3978
2908
4040 4040 4016 4030
2904 4016 2883
2695 5478 3208
4016
4016 2904 4016 1498
5502 2901 4016 2901
5453 5395
2904
4029
2904
4764
4030
6166 6559 5358
6687 3258 2715 5218 6255
4016
4032
3978
4035 2904 4035
4016 4040
4029
4040 2881
2209 1664 4016 1625 1779 6214
6251 4016 3558 488 657 2384 5218 5620 1507 5478 6194 6173 2311 5714
1498 4016
5877
4030
4040
1705 1703 4016
4016 4016 2125 4016
4049 424 842 424 4049 4049 842 424 842 424 4049
4048 4048 3195 4048 5698 5614 4048 4048 1655 4048 4048 1655
4118 4123 4048
3426
3176 5617 2261 2158
2313
4016
6248
1498 2908
3240 4293 4337
2405 6188 5369 4033 3195 4340 4340 2765 3195 5430 6628
4016 4202
4030
1819 6500 1819 6500 1819 6255 1819 1819 6172 1819
5708 4341 6512 2791 5713 6559
4030
4033
4016 4016
3978 3978
1507 2792 6682 2572 1733 2409 5502 2409 2791 6559 5522
2313 4016 4016 2509 4016
2904
5698 4029 5696 4029 4016 4029 4029 4029 4016 4029 4029
4030 6726 4016
2883 2881 1498
2883 4016 2848 2859
4029
4029 4029 4029 4029 4029
2904 4016
3460 6687 5166
4030 4030
3426
1938 2146
2883 2860 2084 2844 4030 3254 2313
4030 4030
1498
4016
4040 4643 2904
3774 2904 2746 402
3978
5496 346 7183
6632
5810 2161
5697 4191 3298 2911 2908
4016 4029 2125
4003
4030 4030 2904 4030 4030 4030
3807
4030 4030
4030
2313
2883
2125
2908 2908 4040
4029
2893 2883
4016
2904 4029 4029
4029
4029 4029
4016
4016 4016
2904
5617
5094 2312
2908
4029 4029 4029 2883
4030 4016 4030
1656
4030 2904
4016
4030
5614 3427
2490 4029 2547 6183 2156 4016 1498 4029 4029 4029 4029 4029
4030 1625 2842 4030 4029
3460 2736 2717 1507 1717 3813 3783
2883 2883 2904
4029
1366 4049
4016 1498
4016
3191 2794 2822 3426
4040 4040 2908 2125
4429 5214 6738 3830
4029 4029
4016 3984 4030 2908 4016
2270 2959 2996 4030
2261 3194 3195 6687 5622 3552 6559 3797 3792 1498 5634 5635
4030
4029 2882 4029 4034 4029
2904
2883 6536
4005 4035 4016 4016
4029
4016
1695 1695
4016
1694
2759
4016
2901
2125 2125 4016 2125
4030 3747
4016
4040
2587 5403 3788 1507 5698 3240
1498 4016
2181 5620 2313
4040
4030
6106
4029
4016
1782 6683 384 2313 1695
3784 2189 2185 2194
3552 2306 3203 6822 5716 2792 2174 2792 3783 6817 1572
1695 2312
5496 2904 4016
4056 1498 2594 4784 3807 2593 2206 2205 4783 5478
4016
4029
4029 2842 2901
4040
2794 3805 6559 3260 3258 2794 2310
2155 3978
4030 4030 4030 4033
5713 6632 5671
2904 4016
2911
4033
6220
4896
4029
2694
4016 1724 4040 4040 2883 4040 4040 2881 4016
830 830
702
4016
4040 2883
5404
1642 1667
424 4118 1358
4016
2881
2904 4016 4016 4016 4016
3978 4016
4016
5643 6526 5798
2286 6189 6160 4166 3199
2904 3978
2741 346
4030
6690 5620 4048 1941 5665 5663 4048 5620 2766 5620 6230 4048 2193 6687 2767 4048 2171 5620 5617 2228 4048 6690 6230 4048 2228 5617 5713 6099 5620 4048 6230 6218 4048 5614 5620 4048 4210 4234 5620 4048 2193 2228 2194 5620 4234 2193 4210 4048 2261 4048 4048 2312
4016
6739 6525
2884 2584
4016
5502 2882
4032 4016
1752
2882 6527
1498 2881
4016 5405 6526 4016 6526
4016
2836
4016
4016
4016
5501 5354 5358 3552 1714 3805
260 2575 5490 5522 2424
2312 1786 5403
5204 3195 2269 2306 924 1015 2264 2189 2499 6687 3196 3799 5716 3799 5205 6687 3194 3196 5204 1507 5622
4029 4029
4016 4030
2904 4016 4016 4016 4016 4016
4029 4016 2904 4029 4029
4030
3182 4016
3722 4016 4040 4016 3722 4040 4016 4040 3722
4016 4016
2313 1498 2269
3788 3822 2808 2181 4016
5708
1782 384
4031
2694 3810 3810 2694 3426 1579 703 2694 2669 5125 6177 3796 2695 3788 3788 5622 3788
4942
2148 4016 2547 4016
3426
5708
4030 2883
1345 4338 1345 6804
5405 2979
2882 4016 4016 4016
5807
4091
596 1579 1812 1729 1812 6687 596 6687 1812
1714 1498 6803 5403 3426 2489
1498
4034 4030
6803 6811 1667 1667
2883 4030 2908
4016
4030 2884 4030
5810 5405
4029
2850 2911 2211 4029 2871 2858 2085 2849 2871 2869 2873 2901 2871 2908 2085 2902 2885 5594 5593
2881
669 1695 672 587
1818 1695
6737
2312
4016
2699 5511
4016
4030
6527
4016
4016
1498
4016
3298
4016 2883 4029 2904 4029
4016
4016
4030 3978 4030 4030 4030 4030 4030 4030 3978 4030
2410 2306 4016 6153 1498
4029 4029 4029 4030
2904 4029 3978
4443 2869 6189 2869 4700 4415 4590 4593
4016 2269 6114 3978 6178 2269 1673 2269 2881 4016 5503 2269 4016 2881 2269 4016 2269 2851 2269 1673 2269 4016 2269
2883 3978
4030
3552 3324 6687 6559 2261 5494 3783 3194 1695 1572 1812 659
4016
2908 4030
2171
2904 4029 4029 4029 4029
5809 5622 1660 1664 1648 5809 6160 6153 2424 1654 6153 5794 5794 5794 1664 6153 6153 5794
6801 1626 1626 6803 6804
3184 2578 1937
4016 4029 4029 4029 4029 4029 4029 4029 4029
2882 4016
3307 3298 4191 3307 3298 3307 3306 3307 4191 3307 3306 3307
4030
4040 4029
4029
1664 6147 4016
4030
3189 4117 3190
2600
1660 5505 1731 1705
4040 6224 2427
4016
4016
4030
4030 4029
6527 6526
3978
2883 2718 6801
4029
2493
3085 2325
2883 2125
4029
1269 1328
3840
4035 4033
1089 1016 1088
4040
5877 4118 1498 4116 3082
4029
6118 4034
4039
2891
2883 4030
4016 4041
2695 2193
1649 6099 5711
6758 6758
1573 3327 1507 6506 3293 2313 5511 3264 1015 5819 3532 1088 1361
2125 4016
2586 2156 5363 1660
4016
596 4767 4030 596 671 671 1807 671 596 1246 1807 671 596 1807 596 1807 671 2148 4767 671 1818 1807 596 1807 671 596 596 1807 671 1818 4030 4029 2881 1330 389 671 1807
4029 4029
4016 4016 4016 4016
4016
2904
2441
4016
3218 1714
3426 2600
4007 4007 2852 4007 4007 4007 2572 2578 4007 4007
4191 369 3306 1717
2334 3782 6687 5207 1015 1089 6559 3785 3859 5641
4029
3189 3190 2772 2904 3189 6251 3189 3189 6199 3131 3189 3748 3190 2772 3189 3190 4016 3190 2772 3240 2769
4029
2883 4016 4029 3991 4029
4016
594 703 1572 1661 2152 1572 5493 3254 1572 703 1572 2152 1572 1133 2152 1579 1572 1572 1579 1579 593 1572 3254 1572 3254 1579 1810 2152 1572 593 2152 1572 1626 2266 593 1572 1626 1626 1828 1828 1572 1626 2156 5714 1362 3258 1572 1572 1572 1828 1626 1626 1572 1828 5493 1572 3239 5836 3195 5836 3195 1572 3254 5836 3254 5836 1572 3254 1572 5836 3254 1572 2266 3254 1133 3254 1572 1572 1572 5836 5836 1133 3195 3254 4292 5845 6683 1133 1828 1626 1572 2225 6685 3254 6685 1572 1572 3254 5836 3254 1572 5845 5845 1572 3254 3254 1626 593 1572 1828
4030
3978
2482 2405 260 2545 2405 260 2482 2402 2482 2403 2402 2405 260 2427 260 2482 2402 4048 4525 2402
4016
2904
4040
4029 4016
5501 5501
4030
4016 4030
4029 4029 4016
5397 4030 4016
4029 4029 4029 4029 4029
3298
4016 2883 4030
4030
5642 2579
4016
4016
6687 2694 3293 1507
4030
4029 4016 4029 4029 4029 4029
4033 2125 3978 4040 4030 4041 2908 2407 2490 3978 3427 4003 5482 6221 4337 4034 4016 3309 4053
4030
3342 5126 3254 3765 6251 3254
4029
3972
2746 2944 3934 6199 3291 2994 5798 1498 3291 2169 5482 2160 2468 5453 3327 2790 2162 2745 5696 2162 4625 2746 2829 2168 2509 2790
4049 424
1498
4030
1742
4016
675 1572 586 657 594 4048 5819 3227 4049 675 3796 4048 3227 4117 588 4049 1694 1629 675 674 4049 588 1810 4049 692 674 1810 675 4049 674 692 4049
2858 2857 4041 4030 3978 2883
2883 4030
4029
4030
2886
4030 4030
4767 2424 2902
4030
4016
6632
4029
6527 2409
2904 4030
4016
2312 4030 2168 3788 2704 2608 2491
5672
4033 4016 4033
4016 2904 4016 4016
4003 4016
3991 4016 4029 4029 4029 2908 3980
2883
4016 4030
1652 5491 3189 1655
3426 2164 6208 6194 3532
4030
3785 5494 6559 1677 6687 2736 3219 4123
4031 4031
4036
1498 1812
1665 2168
4035 4029 4029 4029
6212 2716
3426 3797 5501
4016 4031 1498 4030 4029 4030 4030 4030
4016 4993
6147 1935
2908
4040 4016
593 6818 4429 3426
4016
4016 1688 4016
4029 4016 4029 4029 4029 4016 4029
702 2911 6726 4030 1812 389 2881 6658
6817 2522
4016 3244
1695
1361 4049 929 424 4049 2565 2778 2168 4048 929 1361 4049
3817
4030 2883 4030 2908
4317 2529 4118 4526 5125 4429 2717 6542 5223 2531 3547 5306
4016
4016
4030 4030 4016
2868 4029 2881 3969
2904
1498
4036 2904 4036 6803 4034 4035 4036 4036 3978 2893 4036 3978 4016
3789 2410 2608 2287 2318 3603
1498
6821 2774 6818 3298 6818 2263
2904 4029 4016
3869 5709 3196 3196 5709 3869 3775 3793 3869
1695 5477 2409 6738 6527 2702
2904
4036 4036 4036 4036 4036 4003 4036
4029
3722
4029 4029
2883
2891
4029 4029 4029 4003 4029 4016 4003 4029 4029 4029
2904
3787 2589 2441
4007
4030 4030
1664
