4030
2361 2361
4029
3978
3978
4030 4029
4030
4029
4016
3978
2845
4029
4016 4016
4029
4016
4029
4016 4016 4029
4029
4016
4030
4031
3426
4029
4030
2901 5153
3978
4030
4016
4029
4029
4016
4030
4003 4029
4016
4029
4003
4003 4035
4031
4029
4030
4030
4016
4029
4030
4030 4016
4030
2125 4030
1646 1741
3978
4029 2908
4030
4030 3115
4029
4016
4030
4029
4016 4030
4029
4007
4029
4029
4029
4029
4016 4590 4593
4016
4035
4016
4029 4016
4016 4030
3978
4016
4016 4030
4030
1685 6221 5819
4029
4029
4030
4030
4030
4030
2908
4029
4764 2509
3978
4016
4030
4030 4016
4029
4030
4030 3978
4016 2908 3978 2125
4030
3978
4033
4029
4016
4029
4029
2908 4016 4029
4016
4005
4029
3978
2838
2908 4005
4016
2313 4532 6526 2902 4030 4016
4029
4029
4030 3978
4031
4030 5522
4029 4029
4030
2908 4016
4030
4029
4040 4016
4030
4034
4030
4016 5724 4016
4030
4030
4016
3985
2908
3978
4016 4031
3978
1707
4029
3964 2908
2908 4030
2125
2125
4029
4030
2908 4030 2838
2312 4341
4016
4016 2778 2273
2736
4016 4030
2509 4016
4029
4030
4036
4030
6559
4029
4016
2908
4029
4030
4016
4016
3978
3978 2908
2877
4030
4166 2509 2509 2434 4166 2509 2868 2509 3427
4016
4016
2125 2125
6539
4029
4029
4016
3978 3978
4030
4016
2908
4029
2858 2902 4030
3978
6804
4016
2125
4029
4029
3978
4016
4030
4016
2908
4016
2310 3196 1699
4029 4016
4016
2125
6811
4029
4030 4029
1666 1666 1666 1716 1666 3180 3182
2429 3426
3327 5790 4649 1782 3327
4016
4029
4033
4029 4003
2125
4034 4007
2125
6558
2908 4016
4030
4030
4041
3978
4029
2125
4040
4016
4016
4029
4016
4029
4040
4029
2847
4029
4029
2277 4996 2595 4996 6801 5497
4029
4016 2871
4030
4040 3978
4029 4588
4030
2509
4030
4040
2125 4030 4016
4030
3244
3978
