4029
2881
4016 4029
1498 4016
6801
3427 6801 6801 1793 3262 3327
3978
4005 4016
1089 1016 2189 3546
4030
3978
2881
5819
1355 2736
6739 3426
4029
1707 2174 2177
4029
2169
4030
4016
6122
4031
4030
4029
1498
5641 1717 3029 4557 2773
4033
2745
3219 3298 6563
4016 4016 4030
2908
4030
3991 2881
4030
3991
1729 1729 1729 1729 1729
2589 1015 4016
4040
4029 4003
5819 2509 4040 6793 2509 2799 3085
4030
4029 4016
4016
4016
4003
4030
4029
5157 3426 4016
4030
4016
4029
2125 2840
3789 2756 3381 5161 3122 1507 3185 4429 3473 6803 2270 2735 4421 3547 4766 3793 2623 4766 2270 1755 1748 3122 3473 2756 3788 6804 2269 4429 2623
4030
4022
4030
5125 2313
4016
4030
2901
4048 1655 4048 4048 1655
3426
3176 5617 2261 2158
4340 2765 3195
4030
1819 6255 1819 1819 6172
4030
4033
4029
4029
402
3978
4030
4029
4029
4029
4016 3984 4030 2908
4016
3978
4030
4029
2881
4016
4166 3199
1752
4016
260 2575 5490 5522 2424
1786 5403
4030
4016 4040
3788 3822 2808 2181 4016
4016
4016
1498
4030
5810 5405
2885 5594 5593
6737
3298
4016
2869
4029
3184 2578 1937
4029
4030
2891
6758
1807 671 596
4029
4007
3190
1626 1572 1828 5493 1572 3239 5836 3195 5836 3195 1572 3254 5836 3254 5836 1572 3254 1572 5836
4030
2482 2403 2402 2405 260
4016 4030
3427 4003 5482 6221 4337 4034 4016 3309
4030
4030
2168 3788 2704 2608 2491
4016
4016
6212 2716
3298 6818
4003
4029
4029
