1348
3598
3611
3598 3611
3611
3565 5776
3854 1611
3404 5932 4873 5218 3390
3565
2618 3612
3621 3598
1348 1348 1348 1348 1348
1348
3612
3612
1348 1348 1348
3565 3598
599 626 532 599 532 626 532 599
3598
5978 2069
1901
3612
3611
1348 1348
3384
2398
3612
528 311 1530 1530
5066 3399 3467 2071 2904 1567
3612
5495
3618 3618
3598
3598
2618
3611
2618
1670
2603
3611
2567 4965 2559
1348
1348 1348 1348
3598
3612
2949 2803 4633 2459
916
2391 3411 3598 2069 1952
3565
3621
1348
3591 3591
4097 3607
3598
3598
4873
3598
3615
3567
3598
2618
3577
3612 1348 3598
3612
2593
2618
2618 3590
3612
3612
984 1216 984
4883 2391 2139 2851 6053
3598 3612
1348 3612
3565
2618
3612
3611
1348 1348
2618
1348 1348
3565
1530
3565
524 606 1646 435
1348
3598
1637
3612
720 647 721
3611
2800
1348 1348
1219 3067
1348 1348 1348
3565 3612
3617
3565 3598
3585
3598
3598
3611 3611
4761
2955 2958 1767
1348
1348
1901
3598
2919 2068 2921
2591
2070 6035 2864 2417
1348 3598 1901
526 435 605 532 1413
3612
2028 3970 3107 3687 3395 2289 2029 2178 3964 2854 2674 3074 6035 2156 2395 2357 4252 2028 2802 5826 2454 4759 2357 2674 2395 3029 2029 4252 2068 3107 1964 6035 3170 2396 3970 3556 2158 2525 3419 3074 3964 3555 2510
3565
3612
3612
3612 1741 2921 1992
3616 3611
3611
3611
2591 1611
3565
3598 2594
3618
3612 3598
4962
1901
3612
3611
3611 3611 3565
1655 1466 1348 1348
3598 3612
1348 3598
3598
3693 5518 5501 5510 3692 1355 2047 5569
3618 3617 3617 3617
3611
3617 1646
594 1634 1637 1635
3068 1956 4630
3612 3616
1646 4255
1500 5157 1496
3612
3412
1348 3611 3611
2618 3612 3598
3612
3611
3598 1500 5218 3888 4793 5166 2325 2885 3840
1502 341
1348
3598
1489
3621
2618 1901
3598 3611
2380 3926
3565
633 1216 378 983 378
4253 3634 4252 1348 2272 1348 2957
1901
2618
3611
3598
3589
3598
3611
3612
2618
3612
3612
3612 3612
3598 3612
4097
3565
3598 3612 3611
5967
1348
4046 3621
3611
5552 5510 2071
3621
3611
3565
3598 2603
3067
1348 1348 1348
3565
3611
3612
3611
3067 3427 3411
6035
1348
1413 4633
3598
2593 3598
2117
3565
2591
385 1082 628 378
2163
2618
2438 4661 2860 1355 2969 2139 2310 2644
3622 1596 1600
3612
3598
2969 2436 3419 5055 1355 2495 1355 5456 5028 5825
3598 2618
3565
3612
3612
2618
3612 3598
3565
526 528
2040 4857 5071 2482 2020 4747
3598
3621
3068
6032 3634
3621
2603 3612
1222
1484
2618
4046
3598
3598 1348
3598 1348 2534
3611
3598
1348 1348
2618
3611
3598
3611
3612
1348
3172 3395 5794
2618 3598
3611
3611
3591
3565
3598
3611 3612 3598
3587
3598
3612
3565
3622
3615
3611
3598
4873 2416 230 3634 5826 3389
3612
3612
3068 3359
3611
3612
378 3630
3598
1348
1348
3612 3612
3598 1348
3621 2618
3612
3612
1348 3612 3612
2603
3611
3613
3565
3611
3405 1740
3620
2593
3622
2591
2618
2591
2603
4845
3598
3565
3611
5006 5038 2273 2286 3129 2892 2272 3746 2780 5007 5143
1348 1348 1348
3598
439 524
3598
3598
3565 3615
1348
3598
2534
5492
3565
3598
4046 3560
1348
3598
4039 1542
3612
3067 3747 5501
3598
2593
1348 2618
4858 1939
3598 3598 3598
3611
2916 3390 5826 3892
3611
1348 2455 1348
1348 1348
3611
2618
3611
3612
2618 3598 5470 916 982
916
3612 1348
3612
3621
3565
2591 3612
2596
1901
3598
3611
3692 2234 2162 2163 2158
2850 1639
3598
3577
1348
2591 5419
2591 3598
2618
2070
3612
3565
3611
3621
2618
3611
1348 1348
3560 2115 1480 2302 2114
3612
3630 378
3621
1554
3766 4071 3765
2591
3598
4095 3393 2426 5505 1741 5927 1355
3612
3612
3598
3621
3611 1348
2618 3598 3594
3598
4633 2064 5181
3611
3590 3616
3612
3613
3612 2618
3598
983
3591
1500 1496 4881 2195 1535
3598
3612
2593
3611
1901
3598 1348
3611
3598 3611
534
3611
2527 2855 230 3734 1549
5825
3612
2611
3611
2550
3565
2618
6032 6032 2591
3598
3612
3621 3605
5146 3394 4883 3693
1990
2618
3598 3611
2070
3565
3611
3611
1207 5991 5831 916
2618 3611
725 230 651
3510 4858 2892
3612
1348
1348
2064 2509 3505 4889
5166 437 531 3225
3612
3611
1348
3598
1348
3614
3574
3612
3622
3612
3614
2560 2618 3612
1491 5143
378 1210 3630
3598
3565
3614 3359 2562 1944 4619 5552 5527 1355 4278 3698 2885 3173 2860 3388 4988
3624
2071 230
3611
3612
3598
3591
3598
1348 1348
1901
1348 1348 1348 1348
3734 230 3084
3614
3612 1348
3591
1348
3598 3598 3598
3612
3598 1901
3612
3612
1348
3621
3634 1348 1348
3621
3611
1348
1348
5886 4838
3612
3565
3611
2023
3612
2618 2581
2560
3598
3613
3598
3598
3612
1348
3983
2550 3621 4052
3611
3621
361
3611
3611
5880 5000 3173 3394
3611
3598
1348 3598
1348
1529
3598
3611
3598
3611
3565 3621 2618
3613
6032
1348
3612 3598
3598
2801 3860 2025 1355 2310
378 983 3630
2618
4052 3612
3613
3629
3612
3612
3612
3612
3598
3565
3612
3612
2611
3618
3565
3611 3611
3598 3589
3611
2591
2591
3612
1348
3565
3598
3611 3598
3611
4342 310
2916 3442 2507 6032 3612 2618
4858
5557 4629 1355 4858 4630
3598
2579
1348 3598
3370
1207 378
1348 1348 1348
3611
3598
3598
3598
3630 1227
2618
3598
361
3612
2082 230 5098 230 1520 5544
3565
3598
3616 3611
3587
1498
3611
3611
3390 2864
3612
3693
378 3173 1224
2203 6032 2203
1586 1585 3621
3598
3598
3598
2591 3612
3611
3598
3598 3598
3629 2396 1543 1741
3611
4890 442 230 1530 2071 1355 230 442
5466 230 1497
230 1207
1932 230 230 2997 2744 1930
2618
3565
3612
4255 4045 1952 3390 3170 3170 3411 3411 1501 1948 2158 1930 2591
3611 3598
3598 3615
3611
3565
3598
3612
3621 2618 3598
230 6025 6048 6053 6048 230 230 6048 6025 230 6048 230
3621
3598
1586 4432
3598
5883
3612
626
3611 3612
3611 3611
2426 2927 2320
626 1413
3611 3611
3598 3105
378 983 1023 1216
3598
3615 2618
1222 2482 1221 1023
2591
3611
3598
3612
3598 3612
4893 4883
3598 3598 2550 2618
3598
3565 3565
3611
2663 3068
3629 3068 3403 5005
2591
2618
3611
3612 3598
3598 3565
1348
1348 1348
3598 3612
1348
3565
3565
2864 2020 1496 5470 2865
3611
983
3611
3755 3424
3612
2618
3612
5146
3611
3587 3611
378
3611
230 1634 1530 636 1652 526
3598
1901 3624
5090
6043 2509 230 4633 230
3598
3612 3598 1348
1348
3611
3621
3172 3598 3388 2858
2071 6053
1348
3612
3598 3612
3598 636 605 3598 593 435 605 437
3598 3612
3612
3621
3611
2806 2317 2199 1551
1348
3565 3565
3611 1348
2434 3158
3612 3598 2618
1486 4862
1348
3611 1348
3612
2618 3565
3553
3612
1925 3892
3612
3591
1587 2222
2256 1492 2789 3068 5157 2256 4862 5794 2256 5794 5927 2256
3612
3598
3616 3589
2618 3587 2598 2628
3067
230 3629 5534 230
3598
1530
3615
1348 1348
6032 6032 6032 6032 6032 6032 6032
3591
3611
3611
3612
3611
3617
3598 3598
3612
3598
3618
1348
230 1219 1216 1219 231 1226
1348
3612
5436
3598
230 230 4883 4879 5456
3611 1348
3621
3598 1590 3598 2806 5458 4638 4046 6032 4988 4046 4638 3621 1590 2453 5166 5167 4046 4988 3621 2453 4873 4046
3565
3598 3611
3611
2591
3598 3598 3598
3611
1095 1233 1093 1089 1348 1097
3611
2272
3615
3565
3612 2618
3565
3612
6043
3611
3612
1219 378
1862 3612
1348 1348
1348
3611
4873 3068 230 3390 5932 4858 3735 4858 3068 5932 3389 230
1348
3611
3611
3888 3565
2618
3611
3612
3612 3612
3565
3611
3616 3620 1348
3612
984 3630 1296 378
1478 3612
3565
2071 2476
3598
3612
3617
3611
3613
3621
3406 5006 2071 4880 3765 4883 4983
3612
3170 1355 2395 2139 2395 3170 2139
2855 2322 5146 230 5146 230
3598
5432 2567 2557
2618 4522
1348
3611
3615 1902
3611
1348
3612
1348 1348
1348
3598 3598 3577 3598 2593
3612
3598
3598
5431
3611
1518
2611
2618 3598
2618 2064
3565 3565
2593
3412 230 2509 2894 5068 230 2331 1512 230
3612
2535
1548
3565
4070 2314
2618 3614
3565
4633 4039 3565
2239 2232
3612
2618
3611
2596
3598
3029
2554
4883 230 3870
1901
2139 1858 2139 2954 1858
2618
2590 3611
3612
3611
3612
3587 3611
1348 1348
1348
5439 1479
3598
3611
3612
3565 2618
1530 1413
4858 1655
3598
3556
3598 3551
3612
3612
3598
3620 3611 3616
3612
3612
3565 2591
1901 3598
2618
3611
2591
3598
3611
2618 3611
3598
2916 4985
3598
3612 3621 3621
3611
2534
3637 1348
3222 2439
3620 3613 3616 3598
2593 3598 3612 3598
1502 1502 5218 1511 3598 1502 1502 1502
1355 5040
3611
2618
1348 1348
5053
3617 3617 3617
2070
1646
5070 1223
3611 3616
3612
1872 3598 4430
3611
3598
3598 3612 2548
4099
3589
437 435 2071 534
3611
3618
3612
2234 2178 1995 5504 1646 1530
3598
4633 1348
3612 3612
3615
1646 605 525
5784 2484
3634 1348 3634 3598
983 1216
5098 2479
311 3494 4924 2232
3621 3598
6035
3612
1348
3612
3612
5166 4186 2325 2030 2316 5826
3621 2591
1348
4593 1646
1222 983 3630 1296 2744 1974 2859 3629 3630 1219 983 1222 1992 1742 2860 3629
3565
3598
2069 2064
2937
2927 3176 3387
4793 2507 3891
2548
3612
230 610 1469 1027 526 230 1995 4882
2618 3561 3598
3612
2618
3618 3616 2618 3618 3618 3616
3067 2316
2560
3497 3496 3495 3496 3502 5778 3501 4784 3497 3495 3500 5899
3565 3611
3611
3612
3612
3598
1413 1652 1413 531 2139 1109 3470 3189 3963 1207 231 3734 4983 231 2139 2683
3565
2431 2455 3629 5569
230 5510 5220 230
2581
5033 4857 230 5033 2455
2581
2561 1530
2344 5157 5157 1355 3067 3067 5157 1355 230 3067 1355 5157 3067 2344 5157 1355 3876 1355 5071
3612
1348
3620 3611 3616
3612
3612
2277 2418
3611
4629 1355 3391 3067 2509 2859 1355 4629 5025
2618
988 1217
2618 3612
1901
3008 6053 230 3885 230 2344 3885 230 2344 230 2344 230
603 1637 1506
3067
2316 2892 2439 2995
3612 3565 3587 2383
2590
3621 3565
2591
3591 3591
3598
3611
3612
3621
3565
1348 1348
5033
3598
3598
2903 2064 2858 3621
3411 5146 3459 5146
3612
3598
3598
3598
3611
3598
1637 605 3189 230 3189 230 4583
1348
6053 3469 2756 1355 3963 6053 2310 2670 2674 3870
3587 3611
1348 1348 1348
5008 2988 2309
3565
2618
3612
3611
1901 3612
3598
1927 1219 2036 4882 3598 1576 378
2481
3621 3598
3558
3611
3612
3598
2193
3611
3598 2590
230 2927 1355 3402 3423 5143
2916 2329 3393 2455 3434 2416 2859
230 3483
3612
3622
3621
5058 4872
6033 4045 2865 6033
1930 4254
3611
1348 1348 1348
2593
3611
3565
3612
2567 2036 2569
6032
3598
3612
442 1637 2314
3612
1348
3612
3612
2863 2864 3629
1227
3618
2320
3598 3611
3388 5792
3598 3598 3598
754 4878 5569 4878 4882
3598
1348 5138
2325 5555 230 2464 2313 2868 2884 2064 230
3621
1348 1348 1348
3565
1348 2274 2271
1348 1348 1348 1348 1348
2618
1348
3598
1348 3618 3598 3612
2325 3401 3097 1576 2868 3176
1348 1348
1348 2618 3598 3598
5972
3402 230 2416 2455 6032 357 230 2163 2070 3173 5526 2416 3067 1742
3598
3106
1348 2618
6051 2073
2597 3053
2314
531 1563
3612
1945 2510 3554 3395 5521 4858 3170 5027 4636 2464
3611 3612
3598
2618 3565
1348
2688 5826
3598
3598
3598
1348
3612
5136 5143
2562 4879
2618
3634
3598
1348 1348 1348 1348
1348 1348 1348 1348
4901
3621
2983
2603
1939 2274 2156 2593 1497 4890 5778 2232 4872 2163 5880 1355 2560 3698 1962 5825
1939 3393
1348
3577
2618
2318
3618
3598
3598
3598 3615 2618 3565
437 608 1637 437 605
3612
1348
6040
3598
1935 1348
3620
3598
3598
3464 1488 5157 2756 1480 3870 5074 1985 2756 5070
1348
3612
1511 5501 2064 3621 1511 5033 5501
1348 1348 1348
3616 3590
1025 1529 605 437 626
3571
3621
3598
3612
2560
3565
3068 4778
3598
3612
3565
5090
