1498
4016
3226 3427
4029 4029
3978
4016
3215 5490 2313 3229
4286 5205 3460
4030
4005 4016
4029
1498 1498 1498
2883
4016
1498 1498 1498 1498 1498 1498 1498 1498
1498
3994 2884
1498 1498 1498 1498 1498 1498 1498 1498 1498
4030
5794 1498 1812 1498 5794 1498 5794 1498 1498
3978
1695
1694
590 587 692 5877 3240 692 2156 692 1694
2185 5697 3195 2158 2796
4029
4016
2125
4899
1498 1498 1498 4016 1498
4029
2674 2674 2234
3978
2759 1695 1819 1819 2181 1819 5205
2595 1748
3978
2125 4532 4030
1498 1498 1498 1498 1498
4029
4030 3978
1498 4016
4016
2125 2908
3960
4016
4029
4016 1498
4030 2736 2736 2736
1695 700
4029
5714
3978
432 424 693 688 433
4016 3991
3978 3978
4016 3978
3788
1498
1498 1498 1498 1729 1498 3806 4433 1498 4053 1498 1498 1498 1498 1498 1498 1498 1498
3969
4030
4032
4030
1498 4029
2880 4029
5511 2410 5361 6500
3994
1685 3180 2313
4016
4016
4016
4029 4030
4029
4029
1498 1498 1498 1498 1498 1498 1498
4016
4016
4030
4030
4016
4029
5516 4525
6194
4016
4029
4942 3240 1695
4030
1805 671 1810 671 1572 1812 1695
2883
3213 2313 6817 5620 2384 1507 3196 2778 6822 3215 3191 2778 2384 6822 2306 1507
2883
4030
2838
4029
5343 3807 5635
4029 4029
1498 1498 1498 1498 1498 4053 1498 1498 1498 1498 3785 4203 2884
3978
1498
4029
2263 5214 3817 5635 5842 1507
2883 4029
4029 4029
1498 1498
2881 3978 2883
1572 1695
4016
4016 2883
3196
4030
4030 4030
4030
3189 3194
4029
424
4030
1498 1498 5579 1498 1498 1498 1498 1498 1498 1498 1498 1498 1498 1498 1498 1498
4040
2771 5708 2791 3218 3829
2405 2225
424
4029
4029
2908
3978
3978
3978
1498 4016 1498 1498
5209 5698
3978
2883 4040
4031
5672 6811 6802 5675 5681
1016 4118 2575 1714 3195
2125
6687
594
1819 1819
1016 2269
2883
2125 4035 2891
5758 6255 5754 3788 5244 5245 6803 1507 5243 2868 3181
2589 2312 4525 5403
4029
4040 2883
3978 3978 3978 3978 3978 3978 3978
4030
4032
5877 3784 5794 2608 3460 2164 6687 3813 4163 2694 5348 3459
5214 3427 3260
4029
1675 1782 384 1812 1695
1355 1015
2893 4029
1752 6099
2263 2263 2313
2865 2884
2313 4784 1507 1754 6263
588 6801 3978 2883 4030 2883
3293 2857
4016 2883
5502 1362
2901
3427 1754 3239
6541
4016 1276 1695 368 1695 368 1276 1333
1133 649
4029
4031
3991 4016 2883
5478 3082
1498
1498 1498 1498 1498 1498 1498 1498
4029
4040
4030
2893
1818
3991
6822 4036 1697
4030
2545 6504 657 2715 1810 1629
2402 1654
4029
4029
2891
4016
4030
4016
586 1714 2228 1714 1810 2125 490 3093 1714
2881
4030
4016
3978
2595 2591 5157 4660 1507 2772 2718 3867 2589 2591 5819 2171 2334
4029
4040 2886 3980
5836 3254 2266 5878
3978
5344 1699
4033
4029 4029
4030
4016
4030
4435
4323 4939 2695 3258
4357 4016
4029 2883
4029
3295
2901
1652 3427
3978
2593 6186 2536 3195
1498
4030
4036
4029 4029
5698 1661 2313 2311 3426
4029
3189 5503 2696
1781 1781 1781 1781 1781
1828
4030
4030
5663 3783 3552 3784 5663
4003
4029 4029
4189
4030
4040
4029 2125
4030
5697 1507 3603 2405 2161
4016
396 5205 3807 3801 3215 3459 3460 3800 5204 3196
2881 2881 6194
2893 4016 2125
5696 4016 6208
1498 1498 1498 1498 1498 1498 1498 1498 1498
4029
4030
2125
4029
4030
6559 3828 3817
4029
692 1825
4029
4029 4030
4030
3427 2881
4016
1498
3785
3978
4030
4030 2881 2883
3978
5222
3546 1812 3427 4557 5157 3868 3180
6804
1498
4118 6173 3788 3426 3548 4036
4029
4005 4005 4005
3978
4030
4030
3978
1764 1770 6186 1764 1770 1770 1764 1770
4016 4030
4016
4029 4029
4016
4030
1733 5708
4040
424 1356
4030
4029
4030
4029
4508 5116
2881
3978
1498 5354
4029
3199 3785
384 1782
2125
3978
1358 1440 3795 4793
4030
1646
4029
3994
2772 2313 2591 5842 3796
1088 1016 1357 1356 1357 1015 1358
1507
2194 6803 2261 1360 2261 6803
4029 4029 4016
4030
2959
1695
1498 1498 1498 1498 1498 1498
4016
4016
2125
4030
3978
4029
4016 4029
4040
4016
3782
6822 6717
1498
1714 2881 1714
3805
5708 1660 2590
4016 3324
5736
4029
4030
4016
4029
4036 3978 4016
4029 4029
4030
2883 3978
3978
3978
1654 2313 2313 1649 2154
3978
3978
2125
4030
4029
4030
4029
2313 5877
3978
4029 4029
424 1088 1089 1015 3807 5511 3219
1819 2263 2791 2171 2205 6189 2263 2746 1695 2746 2205
1498
4029 2882
2844
1685 5879 1015 5214
4029
2883 2881
1357 424 1088 4049
3980 2883
4030
3978
4030
2883
1498 1498 1498 1498 1498
4016
4016
4016
4016
4029
4030
4030
2883 4005
4029 4029
5522
2868 4016
4030
3978 3978 3978 3978
4029 2306
4030
3788
4029
5204 1646 1700 3978
1016 1088
1716 1716 1828 1716 1716 1716
3098
2792 6197 6793 1507 3459 5716 3788
4030
4029 4191
3978
1498 1498 1498 1498 1498 1498 1498 4394 1498 4016 1498 4053 1498 1498 1498 1498 1498
1812 1812 1812
4030 4030 4030
588
3978
4030
4016
6549
4033
4030
4016
4029
2881 4041
4016
1498 1498 1498 1498 1498 1498 1498 1498
2125 2881
4029
4029
4030
2893 4034 4035 4035
4029
3784 6802 2881 2313 1507
4030
2881 2125
4016
490 659 2312 588
2306 1819 5819 1724
4016 4016
4030
4016
4330
3471
4016
4030
4030
4029
4016
3549 3227 6801 2704
2886
4031
4029 4029
1695
2881
4030 4030
5511 3242 3546 2313
4029 4029
4016
4031
4029
4034
4040 6682
3973
5404 2983
2441 2169 5676 2736
6545 6547
1498 1498 5504 1665 6632 1498 4053 1498 1498
4016
4016
6804 2169
4029
702 672 2155 588
4702
6527 2169 2405 2441 2794 2796 3427 1655
4030
4030 4029
4029
4029 4016
4557
6221 1685
4030
4016
688 431 408
4029
4035
3533 2156
4016
4016
2125 4016 4030 3978 2883
2908 2917 2883
4030
4035
4029
1819 4016 1695 1498 4016 4053
2883
1089
6527 346 7187
3978 4030 2631
3978
4031
4029
6559 3814 2802 2593 3807 2802 3240 3241
6591 1498 1498
1655 3795 2594 1507 5635 2159
4030
4030
4029
2778 3196 4340 4203 5622
384 1782
1498
4030 4030
4030
4029
2125
4040
2694
6138 2851
4003 4029
3784
4016
4016
4016
4016
4030
2125 2125 2883
4030
4016 2125
3978
4772 2881
4031
2736 1572 1825 1812 1810 1812 4053 379 2736 3828
2893 4030
4029 4029
5782 2965 2384 6195 3093 3552
4029
4016
4557
2125 1498 4016 2125 2883 2125
4029
1717 3185 3227 3868 3784 4557 596 1717 4784 4557
2883
2881 4016 2313 3254 2881 4016
5706
4007
6804
1695 1695 1695
3552 1717 3978 2155 2880 4040 3784 3552 1717
4029
4016
3978
3978
4029 2880
596 1498 702 1805 596 657
2883
1345 4049 1348 1715 4163 4048 3185
5463 5493 3180 5395 5493 3182 2158 2164 3258 5462 3180
4030
4429 1753 4048
2908 2125
6818 6817
2880 4030
3978 3978
1819 1845
5394 2402 5395 5511
4016
4029 3978
2893
4016
2881 2125
4016
4029
2908
2306 2294 4203 4117 3807 3789 3190 1507
4016
2736 5502 3818
2883
1498
1498
1733
4029
2402 2402
4029
4030
4032 4016
2882 4029
2125
4030
2125 4016 3978
3196 4053 3195 1679 382
4029
424 4049 1345
1498
4049 424
6802
5115 3782 2796 3194
2883
4016 3978
1498
1498 1498 1498 1498 1498 1498 1498 1498 1498
2306
3866 4048 3782
4029 4016
4029
4003 4003
3978
649 4203 4557
4016 4016
2908
4016
3978 1498
384 1782 384 1782
3978
4016 1662
4030 4030
1819
4030 2881 2246
1812
3994
5810 6801
4030 4016 1498
3978 2890
5622 3218 2325 4480
4330 2586 5782
4049 424 1346
2883
3978 3978
5698 4053 5696 1664 6808 6801
1498
4016 4374
4005
4030 4016
424 4049
1498 1498
4029 4029
2883
3978
4016 4029 3244
3978
4016
5500 3227
4016
2851 4030
1498 1498 1498
4016 4016
1498 1498 1498 1498 1498 1498 1498 1498 1498 1498 1498 1498 1498
1498 1498 1498 1498 1498 1498
6527
3577 3978
424 1088 1357
594
5344 2441 2310
5361 5363
4016 4016
4030
4016
4029
2881
4048 2263 2193
3978
4030
6803 3789 2185 1664 2715 488 1819
4029
4191
4029
2881 4016
927 1087
4016 4016
2794 5713
1507 5368 5614 6793 5166 3190 1748
1498
4016
3196
2266 5746 6655 6166 4030 4029 2306 3194 4557 1677 4118
1498 1498
3978
3978 2881
4030
3978 4016
4029
5348 3814 4625 6801 3782 3560 3784
2405 5477
1669 4930 2887
4030
2441 6808 1695 6166 2313
3324 2306 1507 3788 4286 2578 2156
4031
4030
2125 2125
4016
4029
1792
1498 1498 1498 1498 1498 1498 1498 1498 1498 1498 1498 1498
4016 5404
4030 4030
1498
4029
4049 1367 1087 4049
3254
5500 6222 1708
4030
4029 4029
4029
3978
1498 4053 4016 1498 1498
2125 2883
4030
3867 3978 5844
4029
4029
4029
1777
4029
4016 4030
6738
4016
4029
1498 1498 1498 1498 1498 1498 1498 1498
4029
2402 6149
1572 671
3196 4040 4016
3978 4029
4029
424
6218
4030
4030
2125
4040 2859 4526 4030 2405 4030 4040 4526 2881 4030 4030 4016 4040 4030 4030 1752 3978 4030 4030 4030 4040 4040 4040
4029
2174 6803
4030 4016
2270 3839 2717 2595
4030
4029
4029
4029
4029
4030
4030
3978 4029 3978
4324
1498
4029 4029
4532
4033
4016
4016
4030 4016
2908
4030
4030 4030
5495 2881 5635 3460 4480
4030
1498
5736
2893
4030
4016
389 368 1838
2881
4029
1700 2881 1660 2881
4030
4030
5810 3331
4016 3978
1498
3978
3985 2125 3985 2125 2908 2883
4030
4030
1695
1498 1498 1498 1498 1498 1498 1498
4016
4016 2840 4029 4030 2838
1819 4016 1821
2441 2447
4029 4016
4029
4030
4030
1819
5432
4049 1360
2886 2883
4030
3978
4030
4029
4029
4030
4049 389 1319 700 4049 1819
4029
4016
4029
702 596 1572
4016
4040
1498
4029
2125
3979
4030
4029
4029
4016
4016 4030
3788
4016
4030
4030 4030
1361
6803 6801 1733
4029
2850 4029
3459 2306 3807 1683 3754 1507
1498
4030
4421 4048 3339
4040 4016 4040 4016
424 4049 1089 1345 424 1089 4049
424 4049 4049 424
4030 4016
4029
1498
4016
2669 4048 2313
4048 1971 4048
4029
1361 4049
424 4049 1345 424 4049
2883
3239 6160
4016
4029
3606 2312 3606 4624 5403 2575 2306
4030 4030
4049 1346 1366 1346 4049 1346 4049
4048 2745
4030
4016
4029 4016
659 5642 4557 1810 664 2185 5620 2181 586 488 1810
4029
2908
3788 2313 4016
4048 6500 6218
2589 5204 3785 5218 2589 3241 4478 4016
4016
1812 594 591 5676
3208
4029
3967 3978
3978
2185 4048 2181
5363 5503 1672 2313
6547 2883
4016
2194 3190 2794
2883
4016
4048 6506
402
4030
4016
4512 5671
4030 2883
2491 6793 2529 4048
3548 4048 2193 2306 2194 2266 1367 4049 1364 3830 4048 2736 2266 2194
4031
4029
667 587 4049
4005 4005 4005 4016
424 3782 6687 3601 6138
4030
4340 2161 4048 4048 2161 4340 3078 4340 4048 4340 4048 4340 4048 4340 4048 4340 4048 4048 4340 4048 4340 1792 1784 4048
4016
2736
1650 5495 1677 4048 5039 6218 4048
4016
2881 5736 3978
4016
4040
4016
4030 4016
5504 2405 3785
424
4016 4030
3978
5640 2589 3323 4048
4030 2893
4346
4029
3956
4029
2125 4016
1498 1498 1498 1498
4030
4048 5878 6222 6225
2306
4029
1498
1498
4029 3978
4029
1498 1498 3978
1660 2313 4784 2595 4016 4122 4784 4122 4784 2591 2174
4029 4030
4016
4029
4029
4016 4029 4030
2125
4016
424 1348
1694 1819
3227 5483 4048 3797 3310 4048
4323 4048 4625 3356 4323 4048 4048 2568 4323 5215 4323 2168 3532 4048 3533 4323 4048 5205 4323 2168 3533 4048 4048 4323 3533 4323 4298 6194 4048 5215 6624 6194 4048 2169 5717 6199 4048
2901 3747 4030 2883 5152 2902
4016
4029 4029
3978
2577 3784 381 1667 2577 3784 3805 3978 2577
4016
2425 6199 3534 5714 5478
4029
4029 4029
2575 2694
4030 4016 4030
6114 2125
1672 1638
4029 4029 4016
4040
4525 4048 1733
4016
3785
4030
671 4016 702 659 389 671 368 4040
3993
1717 6802 3356
1093 4049 424 424 1093 4049 4049 927 1360 424 1093 4049 1346 4049 424 4049 424 1093 424 4049 699 4049 4049 424
1707 1640
4016 1498
1498
5356 3189 3552 3242
838 4586
3199 3194 2269 2694 1652
4016 4030 4030 4016 4032
1752 5403
4040
4029 3978 4029
4016
6218 5714 2586 4048 3295 1507 5794 4048 2384 2669 2695
4029 4029
4029 2881
3978 5736
1498
1729 2667 6591 1810
2539 2901 2902
4030 4016
2125
4016 4202
1655
2125
1713 3427 2509 2509 3427 2937 2509 2937 2509 3327 2509 2480 2509 2509 1655 3327 2509 2509 3427 3387 2871 2509 4166 2937 3094 3196 2509
4030
5622 4048 6225
3356
4033
2881
4029
3978
4048 6218
4030
4016 1498
4030
4029 4016 4029
1498 1498 1498
2886
1498 1498 1498 1498 1498
3978
4016 4189
4030
4030 4029 4030 4029 4030
4030
4029
2883
5671
1498
4048 5798 4048 5798 5798 5483 4048 4048 3796
1498 1498 1498 1498 1498
4030
3426 424
4035
3978
1133 586 1825 4049 588 1572 588 4049 657 586 1810 657 1807 4049
4036
4016 1498 1498 1498 1498 1498 1498 1498 1498 1498
4029
389 1275 4049 368 1694 4049
5833 5692
3978 4033 3978
4040
4016 1498
5620 4048 6801 4048 5614 2174 4048 6801 6801 1507 5348 4048 2266
5497 5744 4048
4031
2273
4033
4016 2891
4030
814
2881
4029 4029 4029 2125
1133 1695 650
665 692 1695
2313 6199 5697
4029
4032
2868
2695 1675 2353 1716 2713
4029 4029
4016
2882 4030
3978
2883 4030
4030
2403
1733
4191
4029 4029
1782 5215 384
2881
502 5798 490 4049 1807 1572 5478 4048 3814 2994 2206
1498 1498
1498
4029 4029
4030
4029 4030
2837
4029
4870
4030
3220 2724 1507
5677 2076 3785 3796
844 4049
3978
4030
4029
2908 2889
1498
4030
4016
2883
2261 4048 4202 4783
4049 424
1640 4030 6102 4532
594 1133 1133 2696
4029
3471 2313
4030
4032
1812 692 596 671 590 1133 488
4029
4030
5503 3426
4029
3974
4029
1498 1498 1498 1498 1498
3219 5635 3473
2893 3978
1708
4030
2908
2311
5495 4117 2586 4784 2694 4557 4016
5522
690 695 407 648 1186 687
4016
1498
2275
1498 1498 1498 1498 1498 1498 1498 1498
5502 5494 5878
2883
2168 6194 4048 4323 4298 4048 6218 4625 4048 3123 3427 6194 6199 4048 2164 6194
4030
3978
488 669 588
1498
4030 3978
6249 2791 2772 4048 3213 4048 6527
3969
2306 2269 2881 2885
4029
6806 3783 5798
6801 4016 5207
4016
2908 2901 2883 4016
1626 1695
6801
3123 3789 4070 2759 2882 6194 5622
4048 5306 4123 1717 3801 2228 1717 4048
4029
3427 3978
4698 4016
4040
4029
5798 1667 3227
1498
4016
4396
3991
4016 4016
4029
3866 3546
3737
2125
3978 3978
4016 4030
1694
2883
1498
3969 3978
3181
1626
3978
1626 1828
4029
4030
2883
4016
4029 4029
4029 2883 4029
4030 4030
4033
4030
4029 4003 4029 4003
4016
1498 1498 1498 1498 1498 1498
6189 2522 2168
4030
424 1089 1016
4016
4016
2936 5798
4030
6727 2851
1441
2312 1695 702
4029
4016
2838
2883 4029
4029 4029
5879 1660 2194 1731
4030
4029
4016
4029
4030
4029
4030
3978
2125 2883 2125
3978 4016
3899
2152 2156 6138 6512 2156 2156 5462 6217 1815
2884
4016
4029
4016 4029
1672
4191 3306
6804
4030
3787
6558 6801
4030
3969 2889 2881
4040 4030
4029
4029
261 4048 5798 1677
4016 2125
4029 4030 4030 4029
4016
4029
2312 5819 1666 1666 1666 1666
4048 3254 3867
3978
1812 6179 1805
4029
2269 5358
3864
3978
5794 2440 2482
692 1810
4030
5819 5478
1819 1819
3978 2125
4203 672
4029 4030
4016
4030
4003
2884 4030
4030
424 4049 1366 1346 1092 1092 1367 1366 4049 1346
1498 1498 1498
5306
4016
2883 3973
424 424
4030 4040
2908
4029
6801
4034
4016
4016 4016 4016
4030 4030
4029 4029
4040
4030
3381
4016
2881
2883
4032
2883
4016
3978 4036
4030
3244 2849 5810 2857 2883 3244
3974 2908
3945
4030
4031 4030 4030
4016
4016 5404 6160 5417
1695 1695 1695
2577 2846 2325 3716 5877 2589 2621 2885 2576 4862 6659 1708 2216 5819 2593 1708 2216 5538 3334 1708 6559
3806 3828 2589
1498 1498 1498 1498 1498 1498 1498 1498
424 3427
1819
594
3784 3190
1358 4049 1088 424 3191 4048 4163 2228 1088 1358 4049 4164 2228 3191 4048 424 4049 1088 1358 3191 2228 4164 4048 1088 4048 424 1358 4049 2228 3192 4164 4048 1358 4049 1088 424 2228 4048 3191 1088 424 4049 1015 1358 3191 4164 2228 4048 1358 4049 1088 424 3191 4048 6570 4164 1440 4049 424 1088 2228 3191 4048 4164
4030 4700
1787 5387 5388
2908
2313
927 1087
4030
4030
6177
2893
2883
3978
5696 3789 4202 2595
4048 5810 2313 1640 2306 5810 4048 4048 5810 2306 4048 1640 5810 6222 2306 1640 5810 2306 6801 4048 1640 2983 2306 4048 5810
1357 698 4049 698 4049 4049 4049
2883 3888
4030
2883
3333 5810 5643
4030
384 1695 1782
2306 6803 2575 3796 4048
1714 5363 2736 3784
5478 5207 5713
4030
4016 1498
2440 4048 4337 6526 4341 2530 4048
4016
4590 4593
4029
2883 4030
4029
4030 2883
4016
4030
4029
2995 3606 2269 3229 671 594 4557
2790
3807 2269
4048 6822 3807 5709 5671 5714 2994 4048 4164 5709 3218 3258 4048 6822 4048 4298 5671
4041
4016
2578 5477 5522
1695
2164 2266 2313 6801 4048 4048 2405 2766 2313 1507 2164 1507 5218 4048 5610 2440 3866 5610 5622 4048 6801 4048 4317
2883 2972 3077 4181
4029 3991
3978
4030
4029
2893
2881 3978
3240 4284 4557
4016 2771 2261
3991
4030
5403
2881
4016
4525 4048
4048 2193 6801 2440 2164 2403 4048 2164 2313 5610 4048 1507 3546 2792 1736 5619 4048 6687 4048 6801 1507 5404 2196 3546 1736 4048 2154
2125 4016
6801 4016
3780 5405 2319
4048 6624 4334 4334 4317 4048 6527
4016
1695
2850 2902
4030 4030
2408 5478 2440
2527 4048
1646 5794
4030
1694
2883 3978
3978
6817 3789 2736 4048 6817 4048 2152 2575 4048 3182 3546 2736 2154 4048 2525 6817 2736 6147 4048 1941 2736 4048
5617 5619 3805 6558 3427
4005
4033 2125
5622 4113 3038 3130 3201 3197 6189 2173
3978 4030
1498
2169 4048
1498 4053 4053 1498 1498 1498 1498 4053
4030
3978 4016
4030 4034
4016 4016 4030 4029
1507 3229 1971 6536 4117 4554 4341
4016
586 1246 1812 1825
2313 3800 3814 6802 6099
2756 6803 6189
3978
2881 4041
4030
2918
5619
4030
4048 2724 2269
3978 4053 6121 2868 1677 1642 5496 1498 1498
4016
4016
4030
1498 1498 1498 1498
6726
4016
4030
4030
5619 5794
5671 5671
2883
3978
5810 6803
4029
3427 3328
3978
4016
2277 2277
4030
3978 4016 2125
4040 4040
4029
3306
6801 3784 3785 3195 3784 3978
3427
424 1088 4049
4029
2901 6107 5218
1498 1498 1498 1498 1498 1498 1498 1498 1498 1498 1498 1498
4030 2888
424 1348 4049
4030
5515
6804 4048 4783
5713 4048 2266 1507 4048 2589 2266 4048 2759 5713 2266 1507 4048 5619 5713 4048 2762 4048 5713 5619 2759 4048 2266 5617
2424 6166 4048 6194 4369 4048 3258 5306 1661 4048
4029
2883
4016 4016
4029
4030
4016
2871
6811 1794
4693 6803 3427
4016
4031
4016
4029
4016
4016 3021
4016
2427 6804 2482 2427 6804 6804 2427 2427 6804
4040
4030
1663
4048 1661 4202 5511 3565 4048 4164 3565 1742
4029 4029
2575 831 2156 2161 2575 1700 831 2156 2152 5503 815 831
4016
2126 4016 4016
3796 2273 4048 2273 3796 6512 4048 4048 1758 2273 3796 4048 5477 2313 3806
3985 3971
1733 6682
4016
3426
3978
4030
1498
4030
2125
1498 1498 1498 1498 1498 3379 386 1498 1498 1498 1498
4016
4029
2908
1753
702 674 594
4016 4016
4030
1498 1498 1498 1498
1498
4030 2883 3434 4016
4016
1498 1498 1498 1498 1498 1498 1498 1498 1498 1498 1498 4053 1498
6801
4029
2886 3974
4031
2850 5810 1716
1498 1498 1498 1498
4029
4589
1088
4048 4122 4202 2983 1793 4556 4048 4203 5348 4048 2667 4048 5348 2667 4048 4557 1793 4556 2983 1793 4048 4048 1793
700 814 440
6208 4048 2410 5713 3821 5483 1507 5714 424 4048 6801
1707 2792 1748 2736 5511 2713
6170 5671
4016
3271 1666 380 380 1666 380 1666 380 1666 380 1666
4030
4016
1810 5344
4029
4030
4016
5462
4030
4029 4029
2893
2125 2917 2908
4016
2791 4784 5714 6194
4030
6149
4016 4029
1498 1498 1498 1498 1498 1498
3427 4784
5495 6178 5622 6189 1752 3130
3978 3978
2893
4040
6801
4349
4016
1498 1498
1498
4016
6801
2735 1507 3219 5696 1507 6802 5696 5522
2881 4030
4016
1507 3258 3189 2745 6559 2205 6559 5478 3131 4284
4029
3532 2736 3195 5878
4030
3978
4032
660 660 596
2125
4029
3978 5736
4016
5469
4016
3978
5810 588 4049 4049 588 657
671 692 1133
1498 1498 1498 1498 1498
4030 2883
4016 2125
6804 1675 6189
2713 3427 1498 1498 1498 1498 1498 1498 1498 1498
3813 4784 2313
2994 6803 2790 6801 2715 2984 3194 6803 3197 4280 6199 4189 2715 3197 2313
2125
3978
2881 6197 2762 3796 4139 2312 3199
5678 1664
2883
2893
3978
4030
2765 4625
4029 4029
