4016
1498 1498
4016
4692 2869 2873
4016
3978 3978
4029
1498 1498
2908
1498
1498 1498 1498 1498 1498
4191 6801 3299 3292 3201 6801 2156 3189 1798 3292 5477 6565 1775 3327 4180 3299 3298 1646 4278 6565 3196 3299 1741 6801 3305 3298 4191 2794 3190 3292 2571 6146 5622 3220 6801 6563 2578
1498 1498 1498 1498 1498 1498
1498
2881
4016
2881
1498 4016
4035 1819
4016
4016
1498
1498 1498 4191 3298
1284 1269 1319 389 1838 1330 1334 368 1328 1272
4030 4030
4036
4029
1498
2908
3978
4016
4030
5847 2228 1660
4016 1498
4030 4016
6682 5395 3437 3978
4016
4030
4016
2883
2908
1498 1498 1498 4053 4016 1498 1498 1498 1498 1498 1498
3978
4016
4034 4035
3426 4181 6189
1498 1498 1498 1498 1498
4029
4029
1498
3181 1812
3099 4180 3077 2965
4029
1498
4016
2125 4016
4029
1498 1498 1498 1498
2908
4030
4029 1498
4036
4997
4029
2666
4007
4016 1498
596
4029
4016
4030 2882
4030
4016
4029
2882 4029
4036
3978
4029 2908
4029
3997
4016
1498
3102 5622 3001 3549 3023 6245 6793 5478 4016 5361 3089
4029
1498
4016
1498
1498
4030 1498
6632 2908 4557 6632 6166
4016
3324 2934
4016
5518 1669
4029
4392
1498 4016
3978
1498 1498 1498 1498
4029
4029
4029
1498
4016
2908
2908
1498 4030
4030 4030
4036
4030
4016
1498
4029
4029
6682 1664 5789 6138
1498 1498 1498 1498 1498 1498 1498
4030
1498 4016
596
4016
4029
4029
3784 3195
1498 1812 588
2881
4016
4770 4525
4016
4029
4016
4029
4029
4030
4030
1498
3978
1498 4029 2893 2881
1498 1498 1498 1498 1498 1498 1498
4030
1498 1498 1498 3978
4016
4029
4029
4016
4029
1498
4040
1498
2893 5404 490 671 1572 4016 702 671 4016 659 488
3978
4016
4016
4030
4016 1498
1498 4029
1498
4016 1794 6801 2261 490 490
4030
3978
4036
4031
2883
4030 2125
1498
1498
4030
4016
4016
4016 2908
4033
4557 2575
3978
2125
4030
3300 5387 2313
2908
3189
260 1695
4003
4029
5810 5534
4029
2908
4036
4016
2885
2881
6178 2269 1673 2269 2881 4016
2908
1498
4029
1695 2908 2851 1695
1498
2577 3227 2718 3340
4016
2908 4040 3978
2450 2441
1805 594 4074 5671 596 702 814
1498
3190 2772 3189
1695
4029
3301 3190 2694
4016
4029
4036
1498
1498
1729
4029
2577 5499 831 5499 6263
3298 4191
1498 1498 1498
4016
4016
2425 2736
1498
1498
1498 1498 1498 1498 1498 1498
5522
4029 2881
6758
4016
1498
3201 4330
6821
3978
3978 3978
6803 2736 5477 2539 6687 3196 3226 2736 6803 6199 2539
4016
