1498 1498
703 1695
4030
2911 2883 4030
4016 1498
1498 1498
1498
2911 2084
1810
4030 4016
1498 1498 1498 1498 1498
4030
814 1498 702 1135
1498 1498 4016 1498 1498
3783
1654 1579 1972 1815 703
4029
4030
4041
3969
1498
1498 1498 1498
1654 3345 2206 5820 5622 3191
4030
3978
2312 4016
1498 1498
2883
2965 2313 2384
5878 6801 2883 1819 1579
3978 2911
4030
2883
4029
1498
4029
1769 1754 6545 1764 1754
1810
1498 4016
1695
669 702 1810
4016
4029
2883 2883 4029
2718 1793 2313 1717 6512 5842 2287 3229 4016 3356 2589 5477
2126 2084
6143 1695 6107 1782 384 2911 1782 384 1754
4029
4030 1654 4429 2480
1498 1498 1498 1498
4030
4030
2263 3867 2226 4429 3229 6245 3552
2196 5504 2084
4030 2883
2911
2883
5798 2764
3978
4029
4029
4040
2883
703 4317
4003
2884 3978
2883
6558 2883 3783
1498 1498 4016 1498 1498 1498 1498
1498
5610 5696
4029
6809 1807 6804 6804 6241
1498 1498 4016 1498
1498
4532 2840 4040 2240 2883
2312
3324 4016 3459 5642 3680 3815
5176 4016 5714
4030
1498 1498 1498 1498 1498 1498 1498 1498
4040
2904 4016
4007
1498
4016 2125 1714
4029
2884
692 1652 5708 588 671
4040
4029
2911 2848
4030
4030 3978
4030
4029
2883
1498
4030
2884
2911
4029
1498
4016
4030
2125 4016 3978
1705 3049
4030
1810 493 1812
4033
4007
4029
2904
3346 3805 2310
2261 2904 4016
4029
4030
2883
3978
2884
4033
3427
5404 2883 5713 2193
3978
1733
2883
2084 1724
2939 2579 5634
4029
4029
596 2084 6133 1729 1729 1729 5810 596 2792
2312
4030
4030
4030
2584 2773 2713 1661 6500 2522 2736 5501 1777 3788
1498 1498 1498 1498
5478 3240 3180 3226 4557 4016 3785 3784 4123 5478 3185
3994 2911 4016 4029
2883
4016 2326 2319 2311
1579 703 1819
692 657 261 596
2125
4040
2883
4029
3744
2194 2159
657 1807 5663 4123 2529 1807 594
4030
2884 2911 4029
2084
1498
4029
3985 4029
3978
4030 4029
4040 2911 2911
1498 1498
4029 4016
260 3552 5515 5204 2207
1498 1498 2313 1498
1498 2313 1498
1498
4030
4029
4029
1498 4016
5836 2193 3218 3189 2270
3978
2790 6687 2694 2790
4030
1845 1697 1579
4016 1498 4053
2261 2696 2164 1742
4031
4030 2883 4016
5404 6220 4031
1498 1812 1498 2696 1498 1498 1498 1498 1498
2911
4031
4016
1498
4030
4036
4029
5798 4293 2707 4030
2883
2904 2904 2312
1498
3601 2736 2736
2685 2689 5176 5878
4029
4016 2312
1754 587
2904
2911 1941 2312
4032
4029
6251 4016 3558 488 657 2384
3355 1819 2587 1507
1654 4016 1812 702 657
2313
4031
1498
5676
1579 3427
260 4317 4317 260 4421 260 5716 260 4016 260 2699 4317 4317 260 2699 4317 260 260 5205 5716 260 260
2883
4029
6235 5344
4030 2884
4030
2883 2883
3766 6241
2306
2883 5478 4784
2884
926 1089 1358 1355
2884
1626 1819
4041
1498
4029
3785 379 1638
4029
2904
1579 2313 6194
4030
4029
2313 1662 6733 1507 3199
4202 3190 2584
6222 260 5478 6559 260 6222
2904 2883
596 1133 692 593 1133 1810
586 1729 1498
2884 1498
1498 1498 1498 1498 1498
1498 4016 1498 1498 1498 1498 1498
2883 4032
260 3547 3181
1498 1498 4053 1498
3781 5713 2792 2173 2181 5500 3781 6559
4030
1579 5789 703 659 586
1579 4118 5698 3195
1695 2312
1579 703
4035
4029
3962
4030
4007
2425
4016
4029
4030
3292 6801 3244
2911
4365 4390 5369 6801
593 672 1629 593 1629 672
1498 1498 1498 4016 1498 1498 1498
5642 1655 3219
2313
4029
4030
4029
1729 1498 1812
3978 2264
4029
5695
2911
4030
3972
3866 2313
1695 703 3978 4029 1819
2883
2911 1694
2911
6148
2904
2313
6151 5877
2125 6098 4016 2717 596
596
2312
2311 6179 594 3551
4030
2911
4030
2850 2911 2211
4993
593 5504 594
4030
4016
1498 1498 1812 1498
5689
5495 5696 6107 5369 1700 5478 6166
6255 2587 2765
2883
702 665 3548
4040
4030
2883
2312
5810 5343 6160 5509 6803 5810 3244 2883 3244
2911
4030
4029
4030
1498 1498 1498 1498
6507 3978 2884
3978
3377 3781 388 5478 2911
3307 3298
4029
4030
2884
1733 2736
4029
260 3783 2384 260 5681 3190
4040
2911 3978
260 593 703 1815 1825 260 2193 6199 5787 2193 4317 260 260 4317 3783
2883
1498
2883 3978
3131 3195 3426 3186 2325
596 1695 659 1133
3840
2911
4035
2911 4040 2884
3978 2883
3982
2883
4029
4030 4016 4029
2883 5842 702
5478 2736 1775
596 4767 4030
2904
1758 2312 1695
1498 4016
4016 1825 1805
4532 4030
590 594 675 1815 1133 1695
3978
3780 3783
703 594 1661 2152 1572 5493 1572 3254
2883
4029
2852
4030
702 1694
1793 2410 3195 2313 6504
1498 1498 1498 1579 1498 4016 1498
4003
1572 2530 671 587
6820 424 3783
4281
4016
1667 381
1507
4029
4016
3978
6230
260 3806
1498 1498 1498 1498 1498 4016 1498
4029 4029
1498 1498 1498
1498 1498 1498 1498 1498 1498
2125
4036
1498 1498 1498 4016 1498
4034 4034 4039 4034 4034 2209 1664 4034
4030
4029
5619 3533 2164 260 4323 1733 4625 260 1507 1733 1792 260 1650 4317 260 2261 6248 1733 2219 260 4317 6758 260 2261 2219 1507 6220 3533 3558 260
1498 1498 1498 1498 1498
2277 3185 3684 2313 2174 4586
4031
1579
1498 1498 1498 1498 1498
4016 1498 1498
4031
4030
1507 2156 6559
4029
2911 3985
1498 702 1825 2736 4783 4118 3227
4030
4030
5460 5469
1498
1498
6248 5358 1498
2988 590 814 2313
4041
4029
3195 5632 3426 6821 3203
