3978
4286 5205 3460
2883
2185 5697 3195 2158 2796
2595 1748
1695 700
3240 1362 5502
4016
2883
424
2771 5708 2791 3218 3829
2405 2225
5209 5698
5675 5681
1819
1016 2269
2883
1089 1088
5214 3427 3260
2893 4029
1345 424
2884
3293 2857
5502 1362
1695 368 1276 1333
4029
2893
2402 1654
4323 4939 2695 3258
2893
4016 2125
4029 4030
4030
6166
4508 5116
1358 1440 3795 4793
3994
2772 2313 2591 5842 3796
1360 2261 6803
4029 4016
3782
424 1088 1089 1015 3807 5511 3219
3788
4016
2306 1819 5819 1724
4330
1084 699 1355 1654 5222
3973
6793
4016
6527 346 7187
1655 3795 2594 1507 5635 2159
2694
1819 3774 3776
2125 2883
2884 5395
2893 4030
4016
6804
2893
2881 2125
4016
424 4049 1345
3866 4048 3782
4016 1662
2796 1770 6214
424 4049
594
488 1819
3784
4016
1087 4049
1752 3978 4030 4030 4030 4040 4040 4040
4030
6687 3258 2715 5218 6255
4049 389 1319 700 4049 1819
1361
4040 4016
424 1089 4049
4049 424
2669 4048 2313
1971 4048
1361 4049
424 4049
4049 1346 1366 1346 4049 1346 4049
4048 2745
4048 6506
1367 4049 1364 3830 4048 2736 2266 2194
4016
424 3782 6687 3601 6138
424
5640 2589 3323 4048
4030
4029 4030
424 1348
1694 1819
4048 4323 3533 4323 4298 6194 4048 5215 6624 6194 4048 2169 5717 6199 4048
5617
424 1093 4049 424 1346 4049 4049 424 1093 424 4049 699 4049 4049 424
2261 3194 3195 6687 5622 3552 6559 3797 3792 1498 5634 5635
389 1275 4049 368 1694 4049
665 692 1695
2594 4784 3807 2593 2206 2205 4783 5478
3220 2724 1507
4049 424
4016
690 695 407 648 1186 687
2275
2168 6194 4048 4323 4298 4048 6218 4625 4048 3123 3427 6194 6199 4048 2164 6194
4016
2882 6194 5622
3801 2228 1717 4048
2125
2883
2883
5798 2936
1441
5405 2979
3899
2884
4040 4030
3978
5794 2440 2482
4030
1092 1367 1366 4049 1346
5306
424
1695
2593 1708 2216 5538 3334 1708 6559
3806 3828 2589
1358 4049 1088 424 2228 4048 3191 1088 424 4049 1015 1358 3191 4164 2228 4048 1358 4049 1088 424 3191 4048 6570 4164 1440 4049 424 1088 3191 4048 4164 2228
4049
3333 5810 5643
2790
3866 5610 5622 4048 4317 6801 4048
2893
2792 1736 5619 4048 3546 5404 6687 4048 6801 1507 2196 3546 1736 4048 2154
3780 5405 2319
1361
6817 3789 2736 4048 6817 4048 2152 3182 3546 2575 4048 2736 2154 4048 2525 2736 6147 4048 1941 6817 2736 4048
4053 1498 1498 1498 1498 4053
3218 1714
4016
4029
424 1088 4049
4016 2883 4030
424 1348 4049
6194 4369 4048 3258 5306 1661 4048
3765 6251 3254
4030
4048 1661 4202 5511 3565 4048 4164 3565 1742
4030 2883 3434 4016
2893
1507 6802 5696 5522
3532 2736 3195 5878
671 692 1133
4139 2312 3199
4029
