2384 2983 3122 5088 4790
4030
3189 3292 4180 6801 4181 3122 3426 3299 6801 5798 6801 3292 3298 3426 3305 6801 3292 3189 3299 5798 3197 5417 2589 3122 5708 4180
5689
6525
6687 3789 3817 3784
927
4016
2091 2838 2863
4003 4029
1572 1812 671 659
2578 2572
4029
4029
4016
4286 6527 3258 3260 5215 3260
649 669 692 656 1695 495
4016
4029
4029
4202 2713 3426 4203 5798 4203 4202 5798 3381
4029 2881
4016
4283 3298 4181
2881
596 1729 1729 1729
590 3764 3760
4764 2509
3278
3306 3301 1797 4191 3305 5554 2528 2578
6812 2529 2792 4117 2794
4030
4029
3978
4033
4016
4029
2270
4005
2589 3324 2159 1733 3324 2589 1742
4016 4030
5511 6509 1507 2689 1677 4625
4031
3978
4040 4016
4016 1498
5453 5395
3978
2125
842 424 4049
4016
5708 4341 6512 2791 5713 6559
4016 4016
2509 4016
4029
2881 1498
4030
1498
4030
3807
2908
4029
1366 4049
4016
4040
1782 6683 384 2313 1695
3784 2189 2185 2194
2792 3783 6817 1572
4040
2881
5716 3799 5205 6687 3194 3196 5204 1507 5622
4029
4016
6177 3796 2695 3788 3788 5622 3788
6811
4030
4030 3978 4030
3978
6189
2269
3189 4117 3190
2600
4040
6527 6526
2493
3085 2325
5877 4118 1498 4116 3082
4041
6758
4030 4029 2881
4191
1015 1089 6559
3991
1572 2225 6685 3254 6685 1572 1572 3254 5836 3254 1572 5845 5845 1572 3254 3254
4016
4016
6687 2694 3293 1507
4029
3342
4049 675 3796 4048 3227 4117
4029
4030
6527 2409
2736 3219 4123
1812
1665 2168
4030
4040
3244
1695
3817
1498
3775 3793 3869
