3598
3611
3614 2593
3598 2156 2158 4881
3611
3614
2690 2481
1348
1348 1348
3611
1355 3386 5056 2029 4753
5143 3634 3634 2865 5143 1348
626 599 532
4890 626 2065
3566
3384
3612 3598
3612
2614
2621
3611
1355 5107 5113
1348
3565
3589
3598
3612
2593
2577
2070
2070
3612
3565
3565
3565
3611
3598
5850 1563 1348
3464 2949 4858 1355 2483 4269
3611 2592
3565
3621
2180
3598
3068 3428 3398 4268 4858
1348
3621
3565
2593 3556 2548
3611
3598
4884 5927
3587 3587
1348
3612
2876 2326 1743 3598
2548 2594
2603
3621 3598
3598
3406 5024 4278 1576 4858 2527 2344 1945 4071 3395 5466
3598
1348 2070
3612
3598
3611
1348 2070 1348
3611 2621
3598
2029 3388 3189
1348
5492 1489
3612
3611
3611
1348
3611
2464 5008 1622 1975 4268 3765 2068 2954
3612 4875 4873
3604
3598 3598
2070
3565
2563 2593
2593
3621
3621 2621
3598
2070 1935
3612
1978
3598
3598
3598
2621
2614
3612
2863 3176 2020
3613
3612
3565 3565 3598
2593
3612
2534
2908 2989
3176 3473 4985
2483 5548 5880 3611
5826 1611 345
2621
5056 5058 3598
2952 2534
3612 2070
3598 3615
2614
1901
3068
3612
2330
3616
3598
3612
1530
3612
1348
2064
3589 2070
4875
3617 3617 2070 3617
2437
3598 5825 4881
4856 2593
2592
2614
1529 2130
3598
2596 2614 2621
4881 1962 3598
3612
2593
3657 3656
3598 3612
3565
2593
3612
5440 3612 5436
2621
2578
3613
3612
2554
2180 2162
1630
3394 2344 2884 3175 1944 3436 3421 4619 3422 2886 3427 3892 4988 3386 4618 4980 3422 5218 2883 3175
3565
3611
3565
3612
1348 1348
2534
3611
3611
310 2071
626 608 525
2065 4370
2065
1348
3611
2614 2067
3598 2265
3613
2162
1610
4633 1741 2854 1355
1348
3615
5538 3587 3598 3617
3612
3611
2594 3571
3590
2593
3591
3611 2614
3612
1901
3598
2592
1939 4873
1329 1321 983 1217 975
3612
2614
3598 2065
3598
3612
1348
1419 1646 2982 1532 626
2416 5558 2851 1613 2865 2025
3234
3612
4880 2621
3598
3612
3612
3615 3598 5809 3598
3613
3612
1222 1208 1219 378 3612
6040 1635 6035
5808
3598
3589
3621
5527 2076
1901
2071
3613
1348
2064 2916 3407 4895 4858 3693 2850 5024
2593
3073 4253
2593
1901
3565
2070
981 2621 1219
1543
2242
2603 3612
2064 2076
1348 3598
2593
2534
2982 2158 2161
3612 3598
2067
3598 2065
3612
6034
1222
2534
2064
3565
3612
2593
3611
3611
3612
3618 3617 3618
1348 2070
2621
3612
2621
2581
3565
3598 3612
2603
1348
2594
3611
4883 2323 4008 4872 3435 2885
835 983 1023
3591
3598
2621 3612
3611
3598
3612
1989 2254 2268 2256 1962 5999
2020 2865 1496
3611
3611 2613
5776
3565
4783
3565
3612
3615
2065
3612
1496 3612 4873 4875 3611
2614
1348
2614
1901
2614
3612
2621
2603
2534 3755 2489
3395
3598
2560 3621
3612 3598
3616 3618
2482 4793
2593
3612 3598
3598
4255 3231
2731 3611 4779
3613
2134
2071
605 526
2534 1607 1615
3598
3598
3621
1348 3598 1348 3634
3565
5529 3975 1480
3073 3073 5441 5420
2621
2547
3613
3565
2621
3612 3612
3611
2534
3617
2065
3598
2621
3598
3598
3565
605 599 442
3067 3396
3611
3612
3612 3565
3565
1348
3612
3621
3297 3278 3598
3565
2071 3611
4436
4274 2892 4070 4890 3400 3419 2316
2614 3598
1348
3598 3598
3621
3598
2071 2964
3615 2983 2433 4858 1500
2614
2612
1499 2870 2887 2031 5489
2593
1751
3611 3587 3598
3611
2578 2068
1901
3612
3976 2269
3598
3598 2593
4967 2256 2365
3611
1576 4888 5470 3598 4870
2592 2064 4257
2921
3564
5065
3613
2395 4988 5070 2273
2114
3598
3062 3621 3621
3612 3598
3598
3612
1639 636 1639 599
3598
3612
756
2071
3611
3598
3598 3172 1978 2593 1496 2858
3612
1501 1920 1492
1862
3612
2595 2596
3598 3612
1866 2560 4765
3598 3611
3613
5157 4882 5057 3395 1355 2434 2070 5527 1606 4880
3615
3590 3616
2904 3692 2891 2849 4858
3612
3598 3612
2593
3612
2612
3598
3067 2744
2065
3612
2621 3598 3598
3857 3856 4875
3598 3612
3598
3598
2614
3612 2592
3388 2756
3611
3621
2548
534 1530 605 636
3598
361 2070
3611
3612
2614
3611
3598
3565 2621
3614
3611 4052
2616
2614
1664 350 532 1664 350
3359
2199 5523
1586
1639 532
3612 2593
4793
3567 2614
2065
3611 3587 3598
2593
2391 1548 2232
3598
3611 2192 2288 2163
2614
3611 4194
2614
2071
1606 2858 4893 6080 2860 4895
2614 3598
3611
3612
3620
3611 3598
2614
3612
3598 3598
5579 1509 1499 2270 5579
2621
3612
3590
2592
6032 5056
2614
3598 3621
3612
3598 3598
3565
4858 4895 2534 2156 4894 5470
1646
2593
3598
2614
2552
3598
4881 1535 2614 4873
3611
1601
1348
3589
3598
5220
1862
3598
3598
3598
3598
4438 3615
3612
3598
3612
3612
3621
2071 2904
5464 5218 6052
2650 5065
3611
1348 5132
3612
2593
3611 5810 1866 2593 2560
5966
4045 2979
2592 3598
6033 1612
3565
2070
3911 1575 2071
1348
5090 3613
1587 2621 2222
3565
2177 1482 2199
3565
3565
3073 5420
3621
3611
1348 1348
3621
3616 3616
3612
2592 3612 3068
3611
983 837
3612 2593
3611
2593 3612
3612
3618
3565 3611
2593 3327 6034 5808
1348
3611
3611 2594
2614
2535
3443 2476 2177 1956
2535
3612 3598
2070 3598
3611
1567
3613
2614
2070 1639 531
3621
2070
3612
2621 3598
3598 2071
529 1530 1529 1529
2431 1208 3598
3598 3612 4046 1585 2569
2621
3556
3615
3591
3611
3621
1940 5056
5056 3612
3612
3565
3565
3611
3621
2535 2535 1762
2593
3612
3612
3621
3598
2621
2070 3598
5056
2593
1419 1530 1646
5219 5186 3394 1355 1509 4070 6035 2076
2621
3598
2621
2558 3612
3598
2614
5510 5033
3611
5157 3387 2418 1554 5157
3598
3612
1348
1348
5966
3611 3598
3598
3611
3598
3598
3565
2614 3614
3601
1480 5538 5537 1482
2534 2803 2139
2611
3612
5220 5489 4781 4988
2865
2534
2065
5932 1576 5065
3598 3611
3598
3611
2071
2070
3598 3598 3598 3598
2595 2592
3611 3587
3611
2065
2535
3977
3612
4766 4784
4372
3611
3598
3388 2270 2861
1208 3630 1208 3630
5519
3598
3611
3437 3434 3459 5826
2071
3611 3565 2065
2603
1767 526
4756 3629 3403
3611 2621
5466 4794 1607 3965 3598
3611
2558 2559 1866
3598 2070
2614 3612
3183 230 3157 3182 230 3870 230 3870 3157
1575
3612
3598
3904 4890 3629 4839
2849 1621 2854 534
3394 4882 3435 1497 3436
2593
2614 3598
3611
3612
1348
3618
5910 4282
3598 1516 3598 5220 2232
4147
3598
3224 2455 3598 5826 4983 2894 2434 2436 5071 1920 2314 5778 2273 3734 2464 1749 2859 3173 2906 5189 2881 5218
1962 5569
2865
3612
3598
3598 3612
5825 1587
3611
3611
2358 2202 2190
5419 3419 5418
3611
3611
3598
1348 1348 1348
1902
2489 2482 230 230
3556 2562 2593
3598
3612
2578
3565
3621
3612
3598
1576 4881 4873
3587
4805
3598
2535
2868 5781 2193 230 5143
3579 3598
2614
378
3611
3598
3384
3611
3618
6027
1901
5441
3598
2614 3611
1348
2417
3598 4794 3598 1567 593 1192 1158 1639
2621
3621 3055
3612
3598
3611
1606 1498 1534 1543
2071 3611
2614 4896
3611
3611
230 5071 1623
2070
4618 2849 2850 1523 2884 3184
3611
3915
3612
3616 3618
3565
2614
3598 2158 2155
4590 4589
3616 3620
2256 5465 2256 3096 2578 2509 3616 3737 2789 2256 3737 2789 3096 2234 3737 2908 2256 3524
3611
1902
2621 3551 2593 3551 3587
3629 1930 2455 5826
2481 4878 3598
2614 2950 2884
3611
3612 3598 3616 2592
3598
3611
3598
3611
6032 6032 6032
1551 5070
1348
2070
2614
3616 3617
3611
2070 2594
3598
3612
2535
3613
5508 3107 3106 3598 2644 3188 2859
1348 1348
3617 3616
2561 2562 2455 2071
3612
1866
3555
2534
1216 984
4188 1501 4988 4052
4858 4253
3598 2070
2593 2596
2071
3612
2438 3388 5132 2904
5070
3617
3611
3611
1500 4793 3565 3612
2070
2070
3598
4052 3611
3916
4052 2560 5431
3612
3598
3612
2614
3598
3554
3611
2612 3621 2621 2548
3542
3612 4881 5927
3617 3616
3611 3598 3587
3565
2064 1926
345 1611 345 1611 342 1503
2076
3612
2071 979 6032 835 1216 6032 4045
2094 3247 2396 1992 606 531 230 2101 3262 2094 2094 4635
2070
2510 3394 5523
1348 1348
3622
2894 2417
2578
3598
3598 2614
1348
3435 3428 230 2412 4545 230 2083 3158
3611 3612
2261
2071
3389 4883 2071 5146
6032 3648 2070 4858 2857 2866 1960 2140 2490
3565 3617 3612
2903 4933
3598
3612
5456
3565 3598
2416 3735 3404 2455 3390 5826 5932
3611
3598 2563
2535
2065 2672
4983 435 2070
3612
637 610
1509 3541
2603
2070
3598
3620 3616
378 1219 983
2614
3598
3565
2265
3598
3598
3598
3611
3621
4795 3766 2886 6032
1413 591 534
2614
2978
5136 5501 5056
3611
3598 3612
3621
2548
230 4858 4894
1567
4858 4883
3598 3598 2621 3598 3598
2557
3611
2464
1505 4793
2265
524
3612 3598
3611
3611
3598
378 984
3612
3611
1901
3598
5420
2065 3598
3565
3565
3598 4888
1642 1923 1642 1642 626 1923 4765 2636
6032 4070
3611
3598 2270 2265
2464 3106 534
2621
3598
3611
2593
4805 5432 5439
2455 2994 2621
2593 4202
3612
3598
3611
5426 5418
4940
4622 2534
2064
1867
3612
3611
3598 2548 2327
3598
2614 3612 2070 3598
378 724
3611
3615 2065
5028 5057 3428 3434 2445 3393
3590
3612
3589
3612
2071
3611 3598
3598 2265
3612 3598 2593
2316 4867 4793
5809 5439 3611 2559
3598
1348 1348
2621
3612
3598 3612
2593
3612 2592
3611
2621 3598
2162 5521 2436 2064 1355 2860 3667 3693
1607 2239 2177
3611
2560
3621
3158 5041 5041 3435
3904 3698 3427 2431 4071 3389 3068 3390
3598
2621 4439
3613
3611
3621
3598 3612
3565
2313 4795 230 1567
2614
2065
2560
4448 3611
3598 2065
3598
2614
2908 6034
3598
2323 3442 2416 230
3618
3612
3565
2593
2593
1348
3612
3611
637 2323
3598
3621
3565
4623 3612
3612
3612
2860 1976 3629 5825 1992 1742 3629 2860 378 983 3630 1219 3074 3629 2860 1992
3543 3598
3598
3412 3434 2509
3612
3598
2558 3598
3598 3598
3598 3612 3598 3598
2614
2534 3598
2593
2476 1355 3469 2851 5556 4630 5556 2756 1355
3611 3587
5143 1567 1567 5143
2593
3611 1348
3612
3612
5037 3849 2621 1980
605 525
3621
1530 526 1025 231 1642 1963 2756 3242 3437 4584 2391 1227 1207
3611
3598
2583
5440 2614 5432 3611
2070
3611
3459 2892 3394 2023 1945 2455 2849 3283
2614
2578 3598
2951 4876 4911
3611 3611
3601 3611
2894 3891 230 3008 230 3876 4985 3188
3612
2534
3612
2495 5143 230 5501 230 4879 1932 2488 1939 230 3870 230 4879 5143 2323 230
3598
3587
2753 2920 2136 2802 2780 2702 6032 3394 5932 4837
2614
3598
3598
3395 2071 3419 2069 3394 3419
2603 2070
4858
2621 2070 3598
3621
2621 3612
1508 2065 5836 1944 2022 2614 3735 2863 5000
2070
1355 2020 230
2593
2070
3611
230 3180 5505 2029 2025 3854 230 2651
2070
2065
3888 1866 2621 2614 1626
3612
5883 5923
3598
3171 3105 2064 2455
2071 3611
2070
3612
1348 1348 1348
3634
2561
3565
2614
230 3452 2064 2036 1355 230 3452 2192 230 1355 3964 1518
3964 2309 230 5558 3068 230
3598
2065 5558 1355 5507 3469 4620
3598 3611
3598
2562 4046
6037 5523
3612
2614
3565 3565
3598
1348
2801 3074 3267 1355 6049 3565 1355 2524 6048 2614 609 1637 3068
5065 1995 2238
3598
3428 4976 230 3067
1348
2614 3611 3598
5041
5432
2071
3469 3387
1939 2239
3598 3598
2437 6033 6033
3614
2149 3040
3611
3565
3612 2070
3621
3008 230
2860 3389 3394 2894
3577
3598 3565
3616 3617
1923 4858 2070
378 977 1216 983 1217
3598
3765 1535 5000 2892 4983
3613
3612
5436
3612
2593
1348
2596 6035 2592
4986 4983 4985
2177 1492 1615 4883
3565
4869
2535 4635
2071 3598
3611
3612
2548 3612 2593
3611
3565
3598
3598
1222 1207 2994 2070 3435 3388 4880 4880 2994 2865 2065 3435
2593
2036 2851 2892
2070
3565
3598
3615
2614
1567
3587
2614 5831 5537 2314 3612
3598
4052 3621
5778 1551 4254 2418 2239 5033
3598
3617
1348 2070
1551 534
4890
1348
230 5143
3612 3598
2065
3565
2476 3870 5529 230 231 2022 3158 230 4985 231 378
230 2139 2139 2092 230
1348
3565
3612
3598 1348
5098 2020 2510 311 2437
1585
1419 634 739
2614 3598
3612
1348 1348
1348
4582 2434 2535
3598 1611
2071
5156 3888
2845 3279 3068
5090 3612
1348 1348 1348
1348 1348 1348 1348
1073 623 627 1047 386 391 366
3565
3621
2621
378
2865 4858 1355 5419 4880 3068
3611
3565
3692 2431 2323 1355 2180
1925 4765
5040
1348
4623 1355 1607 4622 5776
3586
4988 3487 6032
3611
3411 5932 3415
3565
