2866
1656
4035
4030
2893
2600 4333 2584
5478 4030
2850 3978
4643 4016
3411
4016
1656
4016
4016 2904 3978 3978 3978 3978 4016
3978
3978
2904 4030
2874
4029
2904
3969 2883
2904
2883 4030
4029
4016
4033
4030
4007
4030
4016
4643
4030
4016
4643
4016 4029
2904
4016
4643
2904
4040
4040
4016
4016
4003
4016
2883 4040
4016
4030 2883
4030 2904
4016 2904
4643 5502 5496 1700
4029
2904
4003
4016
2904 1660 6153
2844
4643 4030
4643 2838 4029
2893 2883
2904
4029 4016
4031
4643
4040
2904
2904
2904 4035
2883
4030
4030
2904
4005 4005 4005
4016
2904
4643
4016
4016
4031
4029
4643
2904
2883 4016
4029
4030
2307
4030
2883
4040
4030
4029
4030
4029
4029
4029
4003 4433 1717 6682 2736
4030 2883 3978
4029
4030
4016
4016
4029 4643
2904 4036
4036
