1498 1498 1498
4016
4029
3220 3217
4016
2736 3194 3792 2764
4016 4016 4029
4029
1498 4298 1782
4016 4040
2908
1498 1498 1498 1498 1498 1498 1498 1498
1498 1498 1498
1498 1498
1498
1498 1498 1498 1498 2736 587
3240 2313 591 5511 692
1498 1498 1498 1498
2886
1498 4034
4030
6559 2181 2759 5205
346
4035
1810
4030
4016
3868 1354 2168 424 3122
4692 2869 2873
4016
4029
1355 927
1498
2908
2908
4029
1941
4029
3978 3978
4029
1498 4016 1498 1498 1729 1498 1498 1498
4030 3978 1498
1016
4029
4030
1498
4029 4030
4040
1498 1498
1498
1498 1498 1498 1498
4040 4016 2908
6226
4030
2908
4029
4030
2883
4016 2125
2908
1498
4030
596
4029
2904 4029 4016
4016
1498 4030
4030
1498 1498 1498 1498 1498
1498 1498 1498
4029
1695
1572 1805 488 1133
4030
2125
4029
1498 1498
4016
2908
1810
4030
1358 3426
4016 2904
3427 3782
1498 1498 1498 1498 1498 1498
5354 2792 3830 3218
3978 4016
4016
4016
4029
2261 1673 3219 1507 5713 2663 4016
4016
1498
5503 2270 3814 3226
3776 6809 5672
4016 4030
1498
4016 1345 424
4030 2125
2881
1498 4016 2125
2957 2572
2802 4766 3122 6804 3775 2623 4429 3381 3471 2490 3473 4421 2904 1507 3788 3859 2195 2484 5251 2269 2313 2270 5250 4429 3471 4766 2490 4112 3122 4421 6804 5251 2623 3813 2195 3473 2270 2667 3381 2269 4429 3473 4112 3789 2972 2547 3435 6804 2403 2667 2623 4766 2270 2425 4421 3185
6225 3180 4557
3978 3978 3978 3978
4016 2904
4016
4016
2904
1936 3260 2228
1972 384 1782 5344 2529 384 1819 3801 1782 1972
4029
4029 2893
2881
2908 4016
3978
4031
4030
4031
2904 4029
1498 1498 1498 1828 1626 1498 1498 1828 1626
4029
4016 4030 4016
1498 4016
4016
4029
4035 1819
660 1810 702 1807 669 660 1805 1810 1807
4016 2908
4016
4030
1819 4770
4029 1498
1498
3806
1498 4029
2908 4030 4016
2589 4202 2196 4340 591 2663 6248 3189 2663 5218 1936 4338 2590 4337 3219 4284 5819 2589
1498 3978 1498 1498
4030
4016
3978
4016
1498
2650 4375
3972
1498 1498 4191 3298
4016
3190 5622 2312 5496
2908
4030
4016
4040
2904
1360
4030
4029
2091
4030
4029
1781 1498 1781
488 594
4030
4030 4030
4016 4040
4016
3978 4016 4003 4035
2064
4016
2908 4030
1498
4003
4029
1498
4029
6245 6199 2313
3215 1652
4016
4029
4016 4016
2908
1695 665
2840 6547
2893 4016
1498 3377 388 1498 1498 1498 1498 1498
1498
4031
3978
1498
3426 3821 3805
6147
4016 6225 5798
4029
1498
1498 1498
2904
1498 4016
4016
1498
1498
2908
3978
2881
3978 2908
4029
1769 4041 1765 1769
1498
4030
5478 3788 3807
2904
4030
4030
4770
4030 4041
4030 4016
1015 588 590
3427
4030
1498 4016
2904 2482
4016 3974 1646
1089 1346 1088 1345
4016 1498 2821
2893
1498
5798
1498 1498 1498 1498 1498
2908
1498 4016 4016
4030
4016
1498
1498 3971
4029 4016
1498
4030 4016
4016 3978
2893
1498
4016
2904
5847 2228 1660
4029
2765 3426 5344 3788
4016
4016
4016 1498
4532 2908
4003 4003 4003
4016
4016 4016
4016
4029
4016 4030
4032
4029
3747 3427
1498
1498 1498 1498
4030 4016
2125
3980
6682 5395 3437 3978
4030
4016
1498 1498
4030
4030
4030 4016
2893
4016
3956
5680 3805
4029
4016
2883
4029
2908
5464
4016
2035 6558 5716 6197 3220
1498 1498 1498 4053 4016 1498 1498 1498 1498 1498 1498
492 586
3978
4016
2908 4030
1498
4016
4029
1498
2908 2891
3978 4035
4016
424 3324 4041 3747 2409 6558 2193
4016
1498 1498 1498 1498
4005
4030
4514 1707
4034 4035
4029
2893
4016 1498 4030
4016
3426
3426 4181 6189
2908
4040
5478 2168
2228 5711
1088 424 1358
4029
4016
1498 1498 1498 1498 1498
4030 3967
4029
2908
2125
4029
6153 1016 1087
1016
4030
4030
1498
2125
4016
4029
3181 1812
4016 4030
4029
1498
2881 6099
2904 2908
4016
4029
3868 2313 3254
6801
4029
4040
2125 4016
3978 4029 4005
4029
4030
1498 1498 1498 1498
4286 5478 4118 2441 1507 3218
4030
3817 4117 1819 3806 4558 4202 4203
2881
2312 2156 3471 4793 1498 2704 3789 1507
4040
4016 4016
4030
659 5798 1572 4870 3551 5798 3254
4040
4016
4030 3978
4040
4016 1498
2908 4016 2908 4016
4036
4997
5218 2306 5836
3190 6655 3781
4029
2666
1498
4007 4034
1660 5620 1660 2767
4029
3254 5478
1498
2883
4007
4016 1498
1498 4016 4016 1498
4016 4029
596
2904
4029
3084
4557 4770 2171 5504 4783 4122 6500 3182 2801 6249 6166 5251 3180 3254 3258 2546 2534 3605 3185 2530
4016
4030
4016
4016
4030 2882
2719 5695 3190 6559 2490 1755 6570
2901
3978 3974
1694
2125 4016 2908
4029
3972
5798 3788 5504 4118
4030
2904
4029
4029
2882 4029
1636 6753 6801
5708 5798 3408 2917
4016
1089 2883 1358
4016
1498
4029
4036
3978
1498 1498 1828 1498 1498 1498
2792 3219 3916 6149 2306 5522 2306
4016 3194 3196
5819 490 593 3605
4029 2908
4030
4029
4016
4029
3978
3997
1498
4040 1498 488 1812
4016
4030
4032
4030
1498
1654 5794
3978
2173 5204 6245 6218 1507 4793 4123 3219 3549 3191 3782 5622
4016 3978 2908
1498
1498
3102 5622 3001 3549 3023 6245 6793 5478 4016 5361 3089
1498 1498
4016 4016
1498 1498
1498 1498 1498 1498 1498
4029
4032
1498
2318 5622 4202
4016
3978
4029
3260 2156
4016
1498
4016
4016
3978 4016
1498
4016
1498
1498
2908
4030 1498
6632 2908 6632 6166 4557
4016
4033
4016
1666 6801 380 1673 929 4016 5845 3426 1783 6802 6559
4030 4040
3038 2908 2871
5518 1669
1818
2908
4016
4029 2882 1498 1660
4016
3459 2608 3784 3185 3788 2206 4202 6687 3813 3217 5494 3189 2736
4030
1498 1498 1498 1498 1498 1498
4030
5522 2424 1705 1703
2840 4040 4532
4029
4392
4016
4029 3978
1498 4016
3978
1498 1498 1498 1498
3426 3298
1694
4016
2822
4029
1819 671
4029
1707
4029
6801
1498 1498
2125
2904
1498
4163 3259 2577 3259 2577 4163
2269 1673
4016
3121 4306 2266 1507 2569
2908
4030
424 1088 1358 4049 424 1088 4049 424 1088 4049
2908
4040
4040
4030 4016 4030 4040 4532 4030
3785 5798 2696
4029
1498 4030
4029
4005
4030 4030
2893
4036
4036
4030
4016
1498
4029
4030
4030
3978
4029
4016
4016
4040
2908 2821
1498
4029
4029
4016 4029 4016
4033
4049 1345 1367
2883 3991 4029
4030 2904
4030
4049 699 4049 699
6682 1664 5789 6138
4870 345
3218
4016
4016
6250 5214 1507 5478 5215
4030
4016 4030
1088 1357 424
929 4016 1094
2869
4016
4029
1345 424
1498 1498 1498 1498 1498 1498 1498
4030
4030
3978 4033
4016
4016
3978 3978
4049 1367
4016
3955 3978 2908
4033 4016
4030
4029
2325 260 5744 1685 6236
4029
1498 4016
4034 4029
596
4016
4029
4029
3784 3195
1498 1812 588
4029
4029
5744 2410 2530
4030
4029
4032 2904
4029
424 3549 1364
4029
4016
2881
1089 424
2881
2908 4016 4029
2904 4016
424 4049
4029
4016
1936 1708 4048 1655 3871 4048 2669 1708 1936
1367 4049 1086
4029
2881
1498
4359
698 1440 261 2194 4525 5713 260 2161 260 3342 3052 2159
2908
3978
4770 4525
3978
4030
4029
2405
4030
5820 5676 2792 5676 3789 3868
4034
2228 4048 6099 2226
2908
4030
4016
260 6793 6822 6817 6817 260 6822 260 6793 2944 6822 260 6817 6822 260 2577 6793 260 6817 6822 260 6793 260 6817
698 4049 1088
4016
4030
4030 1498
1753 4985
4016
1498 2908
5877 4048 3782 3547
4029
4030
1572 692
3471
4029
4016
1498
4005 4016
424 4030
4033 2908
2759 5714 4879 1361 2765 1360 1131
4030
4029
4016
4030
4016 4030
4030
5514 5504
1498
3978
5622
2958 3427
4525 5642 4048 1683 4048 3427 3797 5640
1498 4029 2893 2881
3978
4029
1498 1498 1498 1498 1498 1498 1498
5696 4048 3558 5533 6189 5533 4048 3548
4016 4030
4049 1361
3866 2306 594 1089 1355
4029
1498
3978
4030
3737
4016
1498 1498 1498 3978
4029
4016
4030
4163 3218 2736
4029
4029
1088
4016 4030
4030
4016
4016
3994 1498 2893
424
4029 4016 4029
3991 2908
5736
4029
4029
260 1660 3553 3196 2261
1498
4029
4040
1498 4016
1498
1498
4029
4298 260 5619 5215 260 5698 5620 4298 5610 260 2790 6196 5499 260 6199 3356 4323
4016 4016 4016 4030
2893 5404 490 671 1572 4016 702 671 4016 659 488
3978
4016
1819 4040
4030
4056 1498
4016
4029 1498
1131 5678 2266
2168
4030 4016 2908
4029
1498 4029
1498
2154 4341
1783 2403
3262 4166 2509 2886 2575 2509 3427 3427 2509 1655 3427 5810 2509 3107
2736 6559 260 260 6225 260
4016
4016 1794 6801 2261 490 490
2125
4030
4016 4030
4040 2903 6542
4016
4029
4030
1498 1498 1498 1498
1498
260 2231
3948 3947
4030
1729
1498 1498
4030
6116
4030
4016
4016
2908
1498 1828 1498
3978
4041
424
4036
4016
2587 3840
1498
4016
4030 4016
260 5504 5500 6138
4036
4031
4016
493 1695 671
4029
2883 4029
2883
2908 4030
4029
2529
4029
4033
4030
3978
4030 2125
2908
1646
1498
1707 1749 1498
1498
4029
4029
1498
3821 3217 2313 3258 2704
4029 4016
2893
4030 4029
4029
4029
2125
4016
4030
3978
4016
3776 4016
424 1440 1089 4049 1440 424 1089 4049
4016
4016 2908 4016
1640 4030
3978
2313 2313 2759
4016
2880
4029
2125
4030
593 1807 672
5504 5798 1507 260 6214 2313 5798 1507 3186 260 3186 2586 5798 260
1498 1498 1498 1498 1498
2857 2850 2838
3805 3196
5879
6801
4029
260 3783 6801 5633 260 5494 2572 3552
2904
1498 1498 1498 1498 1498
4016
4030 4016
6806
1694 2936
4029
2908 4016
4117 5735 2151 4118 1669 2961 2164 2908 2306
4040
6817 1683 260 2595 260 6818 6817 2595 6817 260 4016 2595 3806 260 2792 3229 5711 260
4016 2908
2226 2746
2822
4033
4029 4003
6249
4557 2575
5708
1355 1088
3991
1498 4016 3978 3978
3978
1752
2125
2313 3785 2808 1507 1717 3796 3266
4016
4030
3300 5387 2313
4029
4030
2908
2880 4029
4030
4016
4029
4029 2908
4034 4035
4003 4029
1498 1498 1498
2125
4016 4016
4030
2904
5493 4049 424
3978 2908
2944 5798 2403 6506
3189
6802 5696
260 1695
2904
260 3796 6803 1354 4049 424
4029
6726
4003
4016 3964
4016
1498
4016
4030
2125 4016
4029
4016
5810 5534
2736 3195
3460 3459 5716 3787 2173 3326
4029
4029
2908
3978
6803
4030
4029
4016
2424 3427 5622 4979
4029 4030
1666 5877 1666 4016 1666 1675
4016
1498 1626 1498 1498 1498
4016
5692 5692
4030 6804 4016
4005
1819 1819
3195 6804 5794 4118 3806
4030
1782 4298 5482 1758 4327 2587 1717 3309 1782 3426 5798 3199 1716 4875
1346 4049 1345 1367 1345 4049 1367
1498 1498 1498
6806 3892 5205 1794 1507 5614
2717 2883
4036
2231 6193 1819 1695 2484 2425
4029
4016
5218 1498
6250 5395 2313
2885
2881
4032
2908
4040 4016
5810 3244 6803 5810 5810 6803 5810 6804
1498
4030
2908 4040
2883 389 1819
4016
4029
2273 5535 2876 5819 4687
1498 1498 1498
4023
3978
5176 1819
4049 1088 1355 1361 3190 3553 2194 4048 2207 2206 3192 4048 1355 1361 4049 1088 4163 3188 4164 4048 4049 1361 1355 1088 4048 2228 1936 3191 3830 4164 3782 4048 1088 4049 1440 1361 3052 2205 3190 4048
4016
3266 3552 3781
4016 2845
4030
4029 4016
4030
5165 3869 5165 3869
5394
4030
2908 3974 4016
4030
2908
2736
4029 4016
4029
3978 4029
4030
2125
1626 1825 260 1572 593 1572 593 1825
1689 2277 4032 4016 2908
2709 2736 4048 6263
260 6199 5879
3227 1355 6687 2577 4016
1695 2908 2851 1695
1507 5810 2174 2585 5810 2174 3426 1507 1507 5810 2608 2608 5810 1507 3426 3426 5810 1507 260 3426 1507 5810
3411
2908
1498 1498
1677
1498
2482 5794 5614 260 2736 3822 260 3459 6173 260 1717
2908
3801 3788 3828 5222 3787 1507 5218 3807 2589 5676 3196 4118 2704 2173 3782 2736 5819 3829
1093 1356
2908 4030
2904
4029
2736 5671 3427
5348 260 2736 3356 1507 3182 5619 260 260 2778 4625 2936 260 3356 3796 260 5348 6822 260 3356 260 2608 4334 4334 260 2608 260 2608
3275 1752 669 1810 1670
2908
4029
6687 5798 3254
4030
2577 3227 2718 3340
1088 4016
593 5165
4016
4016
5717 2189 1345 1361
2880
4016
2908 4040 3978
2450 2441
4040
3195
2313 2196
4016
1805 594 4074 5671 596 702 814
5842 5843 5843 5842
6096 4016 3978 1770
4029
5671 5671 5671 5671
6801 260 3182 5635 5622 3218 260 3182 6263 260 2306 1707 260 2441 3218
4016 4016 4016
2778 1733 5820 2764 3333
3291 6099
4030
4016
1810 671
1498
4016
1498 1498 1498 1498
2908
2261 4331 1672 2156 1358
4016
2883
4016
4029
4016 2880
2908
1695
3887 260 1507 2778 1507 3887 260 260 3887
2893
4040
5698 5493
6802 4525 3196
2159 4769
3301 3190 2694
6107 5218 4016 1637
4030 4016
4029
1498 1498 1498 1498
5678
380 1666
4016
1498 1498
4029
1498 4016
4016
4433
4030
2736
1345 2312 424 3339
4036
4029 4016
2427
1498
4040
4030 5673
3782 6525
1729
4029
4029
2577 5499 831 5499 6263
4016
1498 5789
4016 2871
2306 260 2579 2589 6248 260 2746 2572 3199 3218 2306 260
5810
1498 1498 1498
5877 1498
2908
1498
3298 4191
1498 1498 1498
4016
4029
1498
1498 1498
4016
4029
1784 1677
1498 1498 1498 1498 1498 1498
4005
1498
4016
4029
5878 5794
2125 6820 2315
1498
4029
2384 260 1088 1366
4016
2490 593 1729
4016
4016
4029
3471
2908
1498 1498 1498
3978
2425 2736
2908
2402 2424 5403 2318
1498 4040 2838
1498
4053
1498
1498 1498 1498 1498 1498 1498
1498 1498 1498 1498 1498 1498 1498 1498 1498
5522
4030
2263 1654
3328
4032
1786 6506 5356 5709 2193 1778 2168 2531 2403 2883 1661 5511 6506 2482 5493 2410 6624 1507
1498
4029 3978
4016
6758
4016
4036
1498
4030
3978
1498
3201 4330
3978
3978 3978
1498
4039
4016
4030
4040 3978
2313 3258 5207 1507 3787 6504
1498
4030
5394
1675 6189 2306 4040 1675 5671 6189
1498 1498 1498 1498
6803 2736 5477 2539 6687 3196 3226 2736 6803 6199 2539
3985
5502 5522
6803
2227
1498
1498 4016
3978
4016
5683 2403
5736
