2891 3068
3591
3598
3622
3589
1348 1348
3598
4606 5979 4591 2077 5792
3591
1348 1348 1348
2591
3614
3565 3612
1348 1348 1348 1348 1348
3611
3598 3598
3634 2455 1348 2865 1348 3634 5143 1348 1639 1348 5143
3565
1530
531 599 3612 532 626 599
528 525 626 5218 2904
3611 3611
3615
4366
3634 2029 1348 1348 1348
3611
3565
1901
1348
3611
3612
3621
2626 2581
3598
3067
1587
3612
3394 2317 3395
3618 3598 3618 3618 3617 3618 3617
3547
3611
3598 1348
2317
3611
3611
5071
3565
5156
3565
3611
1901
3565
2555 4967
3611
3612
1348 1348 1348 1348 1348 1563 1348
3598 3612
3611
3612 3612
3612
3611
2591
3612
3565 3598
3591
3611
2464
3612
3598
3611
3615
3611
3621
3611
4895 4045
3598
3612
3565
3611
2618
3612
605 524
3598
3114
3734 1548 3389 5932
3598
2879 2071 6048 4986 2139 1355 2865 2495 6053 2881 2860 2495 2139 6053 2064 1355
1901
3612
3612 3612
3598
3612
3611
1348 1348
3565
3612
1348 1348
3611
3591
1348
2591 3565 2593
3611
3611
3612
3598
2578
3611
2325 4045 2325 378
3565 3598 3598 3598 3617
5220 3068 3420
1348 1348 1348 1348 1348 4949 1348
3598
3068 3611 3577 2569
3565
3598 3598 3598 3598 3598
2618
3565
3611
3565
2426 5816 2084 2038 2083 5548 2083
2489
3613
3621
3614
3565
916 3693 2314 1548 2864
3612
3612
3617
5007 5007 2071
532 2883 2886 2489
3840 5826 2068
3611
3611
3621 3565
2593
3598
3611
2028 2083 4252 3029 5111 3910 2357 2156 2234 2802 3945 2510 3964 6035 1355 5111 5562 5107 3394 4654 4655 6034 1355 4653
3611
5991 1355 5977 5071 4858 5995
3621
3565 3565 3565 3565 3565
3612
5143 3388 2426 1985 5066
3598
5218 3390 5143 2344 3097 1935 5932 5932 3419 3734 2416 4747 3096
3598 3611
3598 3598 3598 3598 3598 3598 3598 3598 3598 3598
3611
3611
1216 915 2455 532 3693 1413
3621
1585 5419
526 6032 6032 3565
3611
3611
3611
2611
3068 1587 2903
1901
3598 3598
3611 3616 3611
3612
3598
3612
3598
3612
1348
3611
3611
3612
1901
3565
3598 3613
3613
3617 3617 3617 3617 3617 3617
3611
3577
6053 3618
3565
606 1530 309
3611
3611
2591 2591
3565
1548 1992 524
3611
5994
3598
3612
4633
2331 2327 4574 4161 1355 2489 2439 3465 2325 2327 5166 1942 2090
3612
3513 6032 2916 5181
2455 5143
2591
3615
3611
3611
3591
3598 3612
3614
3611 2593
3611
983 838 1218 1219 983 2851 4983 988 915 4986
3613
2611
3598
3565
2599
2329 5498 2279 2864
3611 3598
3611
5058 1497 2071
3611
3598
1610
3611
2591 3621
3618
3611
3565
3612
2068 2863
3565
3591
3598
5025 3389 3176
3067 378
2020
3587
2988 2331 3468 5493
3611
3612
3692 2139
3612
3566 2455
3611
3612
3612
1355 4988 3765 4882 2070 5057 1355 3224 2158 1932
3565
3598
357 4620 3413 3407 2881 3096 3097 3406 4619 2865
2591
1348
3611
2603
3598
5056 3598 5518
1348 1348 1348
3656 3657 3746
2318 2508
3612
1901
3565
3611
3612
6034
3612
3591 3566
3621
3068
3598
5794 1962 2020 2865 3097 2426
3171 2427
3565
3612
3598
3565
3170 1639 3068 4070 4574 3466 2849
3614
2591
3613 3611
3615
3598 3598
2317 2327 2430 1939 1413 4985 5056 525 526 2071 2417 1469 435 2859 1932
3598
5489 2424 3067 3693
1872 2550
3589
3612
1595 1601 5498
3598 3612
2591
3598
4858
3611
3611 3611
3598
3612
2603
3612
3612
2591
1567 5065
3598
2071 3598 1543
3587
3612
3621
3590
3612
3565
3621
3612
3611
3029
2916 2591
1348 4752
3386
3618
2593
3611
345 1611
3565
2591 3612
3598 1348 3598
3612
1484 1575
3598 3612
983 916 1218 1217
3611
1530 1639
3611
1530
3598 3598
3565
3587 5979
3561
3598
3612
3611 3598
3598 3611
2796
6053
5424 5426 5419
5070
3411
1921
2596
3612 3598
3598 3612 1530 1466
5065 1496 2326
3598 2979
3611
1901 3622
5090
3611
3565
3611
3612
3565 3598
5409 5218 4901
3598
3614
2591 3612
4783 3615
1901
3612
3612
3622 2548 2550 2570
3413
3615
3611
1646 2022 3612
2865 3001 2070
2859 1551
3612
3612
3612
2593 2591
378 3630 1218 378 983 3630
3630 1529
3598
3611
3612
1503 6032 342 3698 1503 3222 4988 2864 2029 4056 5166 342 1503 5181
2591 3611
2593
3611
3598
6048 3389 2858 2509
3598
3598
3613
3612 3612
3611 3611
2591 3598
3598 3615
3611
3598 3589
2578 3598
3565
5426 5426
3611
3384
3611 3611
3598
3598
3612
1550 1550
2071 2356
3598
3612
3611 3598
3611
1348 1348 1348 3634 3598 1348 1348
1639 1639
3612
526
1500
3618
3565
3612
1646
3612
3598
3598
3565
3598
3598
3598
3612
1348 1348
3611
3612
3622
2603 3616 3617
3598
3611
3611 3587
3598 3390 6033 6033 2591 2071 1355
3612
3598
3598
2591 1901
3598
3598 3598
3611
3612 3612
3565
3611
3105
3598
3612
3621
3565
2596
3598 3612
3612
3598
3612
3611
3598
3611
3598
3598 3612
5812 5814
1348
3598
3611
3616
5794 1940 2158 2193 2510 2512 3068 1492
3612
3598
3565
3587 3611 3611
3611
2985
1348 3598
3552 2591
3611
3158 1927
5435
2591 3611
1901
2618
3612
3611
3611
2064
1646 3598 1530
3613
3565
3565 3598 3634 3565
2114
3611
3621 4046
5038 4890 4883 4893 2314
3611 3067 1509
5852 1348
3612
3611
345 1611
3612
2866 1508 4899
3612
3612
3617 3612
3615
3611
3621
3565
3621
3565 3611
3611
3598
3598
3598
1496 4873
2591
2618
3612
3589
4257 2591
3611
2455 1413 1652 1639 1637
3598
2302
3565
3611
3611
5042
5157 2434 3412 1930 2287 2020 2320 1355
3591
3598
1901
1551 2854 2892 3466 3390 4070
2591 3598
2884 3398 2885 2950 5927
3611
1530 1530
3176 1551 3565 1926 2590
3565
3565
3611
1901
3598 3612
3598 3612
2593
3970 3536 4253 5980 1945 1764 1355 5778 4985
1207 3630 1210
4844 4872 2849
3565 2591
3612
3970 1586 3629
2618
5521 5826 5836 5556 1355 4901
3565
4784 2155 4785 4890
3565
3598
3598
3598
3598
3611 3565
3613
3605 4101
3612
3598
2591
3621
3611
5005 3435
2618
3621
2064
3612
2593
2155
1901
6034 2314
3565 3598 3611
3598 3598
3390 5070
3611
2591
3611
1348
5994 2773
1348 1348 1348 1348 1348
2064
583
3598 3598
2618
3611
3598
3612 3612
3613 1901 3566
3612 3598
3565 3612
3629 5994
3612
1901 3612
2329 1524 2329 1590 4805 5470
1348 4858
4988 2884 2082 4011
1509 1508
2551 3598
1611 3068 345
3565
5058 3634 5056
341 3565 1502 1530
3621
3612
5778
3612
3598 3925
1348 1348
3611
3611
3611
2982 4802 4857
2561 3612 2560
3612
3565
3565
4879 2892
3611
3598
2558 2561 3612
1348
3565
3598
2232 3888
1348 1348 1348 1348
3612
3201 3565
1646 525 626 378 983 1218
3611 3611
3612
3591
5072 2864
3587
3598
3598
5792
3612
3611
3598
3598
3565
3611
4443
2591 3565
4873 5024 5826 6032 3395 6034 3395 1956 1500 2436
3611
3611
3612
2510 5070
1355 4765 4980 6025 4583 2859 1582
1348
3565
3612
2064 2163
3598 3598 3598 1348 3598 3598 3598 3598
1348
1348 3634 1348 3746 3634 1348 1348 1348
3565 2591
3612
3611
2593 5831 3621
3591
1502 341 4747 1502 341
1505 4389
2591
1901
2591 3565
3611
2158
3598
1348 1348 1348
3598
3612
361
3612
3598
2312
2916
2070
1466 4985 1646
3612
3598
2077 2809 3403 2077 3735 5157 2077 5792
3598
4766
3612 3598
3611
1348 3634 3598 3598 1348
3465 3565 5188
3611
3598
5978
3611
3611
3613 3613
1210 2070
3611
3621
2865 3621
2378
5146 5792 4070 2952 4045 2071 2780
3611
378
3612 1901
3598
3598 3598
5527
3612
3621 3612 3612 3621 2569 4046 3612 3621 3612 3621 4046 2591 2158 3612 3612
3611
3611 3611
3611 3598
3612
3611
3612
3611
3611
2548 2550
3565 3611
3611
3611
4052
2591
3598
3612 3598
2618
3615
3612
1348
2593 5038 3621
3612
3420 3068 3413
4875
3621
3612
3612
3598
3612
3598
2591
1611
2591
3598
5080 3598
3611
3611
1535 2591
3565
3612
1348 3402 4269 2884 2020
3611 5434
5804 3611
1901 3566
5157 2322 5157 2322
3612
3571
3615
1530
1348 1348
4794
3565
3598
3565
2193 2199
3611 3598
3612
2591
1646
3611
1542
4820
5505
2596
3612 3618
3565
3611
3612
3565
5218
3565
3611
3611
1348
3612
3566
3611
3598 3612
3611
3598
3612
6034
3598
2560
3612
3129
3612
3587
378 378 3630
3611
3612 3598
3612
3611
378 3630 1207
2903 5476
3598
3226
1227 3630
3612
3598
2966
3613
3612
3629 5772 5527 5527
2325 4619 3391
1639 532
1348
3565
3612
3611 1901
3611
3612
3611
3612
3598
3598
1530 3629 1532 3630
4875
3598
3565
3591
3612
3598
4037 5033
3612
2240 6025 2272 3629
3611
2979 5033 3565
3613
1963 2317 5218 3629
3611 3611
2417 3068 3386 3459 3629
3612
3611 3598
3612
2864 2695 5044
3565
3105 1530
3612
3891 3891 3629 5218 5506 3793 3883 3629 3883 1932 3629 3891 2766 3891 3629 1932
4590
3598
1348
3629 3390 3068
5793 3629 4132 2691 1488 4874 1512 3629
3598
2591
2593
3598
3611
3612 3612 3598
2593 3598 3621
3611
4883 2158 3391
3565
3613
5831 3068
3614
2064 3391 1948 3173
3611 3611
3598
3611
3544
3067
5056 3371 3390 3388 2904 4591 2316
2317 5979 3629 1939
2593
3612
3611
1901 3598 3598
1348 1348 1348 1348 1348
3611 3612
5057 2270
3629 5219 5531 5534
3598
3611
1348
3612
5826
3611
3598
3611
3598 3611 3612
3612
1901
3621
3598
2866 2578
3611 3598
3391 5523 6034
3612
3587 3611
3598
3698 4214
3876 3629 4132 3008 3876 3629 3629 2309 3876 4630 3876 1939 3157 3629
3611
3598
3418 2314 2025 5995
3611
2314 2416
3612 3598
5432
3611
4099
3612
1939 2316 2578 2378 1481 6053 2986 2429 5058
1496
3598
3611 3611
3617 3612
3598 636 593 3598 605
3598
3578
1551 6033 3008
988 3630 378
1901 3611 2316
3598 3598
3598
3598 3598 3612 3612 3598
3618
3565
1348
1585 4793
3621
3611
3630 1227 3629 4857 5071 5527 5071 2322 3629 2954 1355 5143 3629 2139 2396 2417
3565
3611 2591
3616 3611 3620 3611
3611
2591
3598
3598
2282 2611 2612
5814 3612
3612
1901
2591 5776 2155
2578 2256 3068 1547 3068 2256
1222
3611 3611
3630 1217 3630 1216
3598
3567 1901 2557
5531 1932 3629 5826 5531 3629
3615
2591
3612
3565
3629 1939
3598 1348
3611 3611 3598
3629 2908 2474 2071 5055 3629 3870
3612
6032 6032 6032 6032 6032 6032 6032
1639 1639 1637 4858
3591
3615
3611
3611 3612
3612
3611
3611 3611
1956 2892 6035
2593
3598 3634
3598
1348
3629 6032 5146 2068
526 1348 1348
3612
3067 378
3612
1025 524 1652 3630 526
3618
1348 3598 1348 1348 1348
2593
5179 5179 5053
3565
3611
4986 3629 4980 6032 3629 6032
4638 3872 4988 1595 4988 1595 4046 2325 4046 3621 2070
3949 3926
3612
3598 2601
3556
3611
3612 3612
739
2591
3611
5825
2071 5510 5057
5432
3612
5056
3611
3611
3579 3598 2596
3756
3614
1348 3634
2591
3611
3611
3612
3611 3612
5143 3888
3612
3613
1348
3621 1348
3621
2618
3611
3598 3612
3611 3598
1478
5466 3068 5979 5220 1548 3442
3612
3612
3611
3618
3611
4882 3067
2850 4070 2858
3629 5070 1607 3629 5527 1615 2047 5527 3629
3611
3611
3612
1901
2510 3394 5523 3629
4875
1348
2885 5001 3107
2603 3565
3611
3611
1901
2591
3612
2618
3622
6037 6037
2555
1348
3589
3565
1348 1348
3598 2550 2556 2547
3612
3598
3611
3598
4391
1216 2082 3629
2618
2803 3395 3649
3621
3565
3611
3611
3068 3565
4197
3442 2864
3612
3598
3565
3565 3565 3591 3565 3565 3565 3565 3598 3565 3565 3565
3612
2426 2426
3577
3598 3598
3170 3464
3612
3349
3611
5219
3395 5932 4985 4633
3620 3616 3613
3598 3634 1348 1348 3634 1348 1348
3611
3067 3388 3468
4633 437 4132 3870
3330 4046
3598 3598
3612
3598 3611
3612
3612
3611
2850
3612 3612
3598 3634
3611
3612
3612
3611
3840 3390
3598
2611
3611
2028 3598
3612
2593
3611
3611
3565
3611 3587
3598
1348 1348 1348 1348
1901 5426 5814
1479
5501 2265 1939
3612
378 984 916
3598
3590
1606 4766
3598
3598
2994 4574 2029
3617
3612
3621
3612
2068 2865 1534
3614
1901
3612
3565
3565
3611
2070
3598
3611
3565
1901
3565 3598
3765 3766 3068
3611
3598
2596 3553 2591
3598 3598 3598
3598 3611
5146 2854 2436 3475 1601
3565
3565
2330 4619 3388 2591
3611
5825 6032 6032
3611
3565
231 3629 5146 1512
3611
2591
3611
3612
3611 3612
3616 3611 3613
3598 3598 3598
2593
2849 2851 2070
3621
2325 4580 5040 1940 1355
3611
3611
3611
3598 3612
3462
3617 3617 3617 3617 3617 3617 3617 3617 2567 3611
2182 3067
3622
626 1637
1646 1646
3611 3612
3611
3598
2550 3612
378 3630 1226 1208 987
3598
3565
5531 2331 3629 3188
5985 2510 2082 5932 3389 3390
3612
3612
2618
6048
3611
2591
3598
3612
3611
3029
3611
3611
2329
3598
2514
3598
3565 3612 3611
3612
3598 3621
2591
3598
3611
3598
4796
3567
2908 2559 5157 2567 2593
3534
3613 3612
3068
6025 1530 1530
3611
3565 3565
2316 2556 2082 3329 5218 2325
3605
1348 1348 1348 1348
6034 2920
3390 2859
378 3630 983 3629 1992 2860 3735 378 3630 983 1219 3734 2860 3629 1992 3630 983 1219 1992 2860 3629 3735
3598 3598
3612 3611
3394 4620 2020 1218 3876 5932 4622 2518 5025 4619 1767 3068 633 916 1952 5008
4858 1925 6033 1590
3390 3393
5056 3395 3765 2331
3630 594 3630 1218 632 3630
5166
2593 3484
3612
2593
4737
3612
3617 3616 3617 3616
3565 2591
3611
5157 2336
2192 3629 3888 5793 3892 2273 3629
2966 1091
3612
3598
3621
3611 3587
3611
3598
3612
3565 3612
1207 1216 3630 632 1207 1216 3630 378 3629 6053 3413 5066 1216 378 1207 3630 5033 5071 2691 3630 378 1207
2591
3598
5880 1550 3629 1207 3630 1222 1550 3629
5883
3565
2983 3598
2603
2560 3612
3620 3611 3616
2591 3565
2969
3598 2488 2020
3612
3598
4045 3629
1962 6032 2192 3629
1901 3598
1331 1334 1297
4805 4840
6032 3598 3598
3611
3629 2495 3067 2344 3629 5880 3885 5794 3885 3870 3629
3598 3611
2560 2612
3617
1484 5143
3617 3612 3616
3612
2593
3598 3565
5143
2591 3615
3621
3617 3616
1348
3589
3612
3611
1601 2591
3614
3005
2317 3565
5098 5778 1509 3629 3629 5778
3359
3598
1355 2894 1767 5803 3692 4067 3892
3598
3612
2071 3406 3420
3565
3598
5146 3459 3459 5146 3459
3612
2627
4985
3565 1348
3629 6053 2395 2139 3629 3870
3612
3611 3587
1348 1348 1348
4605 4986
3598
3612
3629 5070 2921
3614
3613
2064 3986
3613
4985 5143
5033
3611
3621
3565
3590
1025 3883 524
3612
5157 6034
3598
3068 2983
3612
3565
3598
3565
435 526
3598
3612
2171 1498
3621
3611
3565
1222 1222 1222
3621
1646 532 1413
2965
6032 3390 3391 6032
3068
2611 5426 4633
3612
2029 2022 3067 5051
1348 1348 1348 1348
3598 1348
3612 3612 3612 3612
2859 3735 6035 3629
3612
3611
2025 3170 3629 2032 3629 5070 5070 2020 3629 1549 4605 3629 3629 2064
3565 3565
3612
2593
3598 3565 3598 3598
3598 2591 3614
3612
3611 3611 3611 3598
3611
3598
3598
2581
2071
4192 6034 3068
3387 2455 3388 3693 4857
5157 2436
2593
3611
3598
3611
3598
3612
3598
6035 2232
2272
3598
3612
3614
3612 2593
3598
2591
2858 3565 2859
3612
2071
3598
3611
2314 754 2314 1927 1932 2314 1535 754
1902
3067
3612 3612
1901
840
1348 1348
3565
2618
4846 5987
2601
3612
3598
5510 3612
1348
3612 3598
3634 4662 5979 1348 1348 1348 1348
1901
6032
3611
3598
1512 4858 4070
1348 1348
4097
739
3621 2591
528 1413 3630 532 1652 3629 3697 3765 2683 1622 1622 4069 3629
3565
3388 3405
3611
3612
3565
1542 2434 2509 1582 2455 4890
3598
3598
2885
2932
3612
1348
3598
3565 3565 3611
3611
1901 2626
3598
3612
1348
3611
3565
3612
4874 5492 4988 5501 1585 2808
3565
3224
3598 3634
3565 3611
2603
3611 3611
3612 3611
3612
1348 1348 1348
1348 1348
3598
5218 3621
3614
6032
2454 1355 2885 5056
3617
3615
2591
1355 2919 2858 2463 5826 1974
3611
3611
3612
3598
3598 3598
3618
3611 3611
3565 5090
4849
3598
3598
3612
4765
3598
3565
2591 3598
3629 1939 1478 3629 3469 5157
1222 1222
3565
1348
1348 3598 1348 1348 2434 3068 1348
3419 4269 2071
1901
3613
3424 5033 3629 3424 3629 5033
1901
3565
2482 4132
3611
3565
