4016
4005 4016
2674
4030
4016
4016 3991
4016
4029 4030
4029
3991 4016 4030
2908
4036
2901
4030
4016
4040
2125 2125 4029
4029
4029
1781 1781 1781
4029
4016
3978
4029
4016 4030
1646
5736
4016
4029
4029
6549
4016
4029
4029
4030 1498
2125
4030
4029
4034
4016
2908 2917
4030
4030
3978
4016
4030
4030
3978
2908 2125
3978 3978
4016
2908
2883
4030
4030
2908
4030 4016 1498
3978
5698 4053 5696 1664 6808 6801
4016 4029 3244
3978
4016
4016
4016
4016
4016
2125 2125
4016
4030
4030
4029
4029
4030
4532
4030 4016
2908
4030
4030
4016
4029
4764
5810 3331
3985 2125
4016 2840 4029 4030 2838
4029 4016
2886
3978
4030
4016
4030
4016
4030 4016
3606 2312
4016
4016
4030 2883
4031
4029
4030 4016
4029
4029
2125
4029
3978
6114 2125
3978 5736
2539 2901 2902
2908 2125
1713 3427 2509 2509 3427 2937 2509 2937 2509 3327
3978
4029
4030
3978
4016 2891
4029 4029
4029 4030
4033
3978
2908 2889
1640 4030 6102
2694
2908
2908 2901
3427 3978
4029
4030
4016
4029
4030
4016
2125
3978 4016
1667 1667
4029
4016 4029
4029
4029 4030
4016
2312 5819 1666 1666
2908
4029
2908 4030
4016
3974 2908
4029
2908
4029
4016 1498
4590 4593
4029
3978
4029
3991
4030
2125 4016
4016
3978 4016
4030 4034
4016
4016
4030
4016
4040
4016
2883
4029
4030
4016
4016 3021
4016
3978 2883
4016
3426
3978
4030
2125
2908
1753
4030
6801
3980
4589
4016
4030
2125 2917
4016
4016
4030
5495 6178 5622 6189 1752 3130
3978
4030
3722
2125
5678 1664
4029
