1498
2880
1656
1812 5491
1498
2883
2871
2904
1498 1498
4016
1498 1498 1498 1498
1498 1498
4029
1498
1498 1498 1498 1498 1498
3974
2883
2904
4163 3254 2694 1936 2312 2189
424
1498 1498 1498
4029
4029
5205 1819 2181
1498 1498 594
4029
3978
4016
4003
3978
1483 1445 1477 1442
5787 4030
4030
4040
1579 1498
3978
2893 4040 3991
4016 3979
4016
4029
1498
1498 1498
2904 4643
2312 4029
4029
2893
4029
4029 2882 4030 2908 2125
5424 3293 4115 2159
4016
4016 4030 4029
4016
4016
1498 1498
381 1498 2736 1667 1498 1498 1498
2318 3666
2911
5167 2883
1498
2228
4005
4358 2310 2310
1498
1498
4016
1498
5798 4016 1801
1498
4040
2790
2908
2904
4029
1498
5214 3254
3331 5404
4029
3978
1810
4029
5696 4790 5495 5819 3776 3560
4016
1498 1498 1498 3978 1498 1498 1498
3978 4016
2883
2509
1507 3801 5167 5620 2312 3871
4016
2904
2313 588
6247
4029
4016
4030 4016
2125
4016
1498 4016
4029
3991
1507 2270 2547 3789 4429 1752 3185 6803 2195 2193 3556 2218 4421 5251 2623 3381 3122 3471 3473 2667 4766 2318 5192
3978 3978 3978 3978 3978 3978
2312
4030
4029 4016
6558 1782 384 5823 1770 6559
6655
4016
4034
1133
424 4016 4030
2911
1498 4053 1498 1498 1498
4029
2893
4030
2893
4029
4029
3991
1819 1626 2527
4029
1579 4338 2608 488 2589
4016
4030
1714 3859 2771 3644 5500 1507
4118 3292 2984
2883
2904 4016
2904
3426 5879
2312 6149
1498 3978 1498 1498
4016
4029
2125
4030
5640 2595 3190 5493
1498 1498 1498
4016
1498 3445 2312
4029
1781
4016
4030
1498
3978
4029
4033
2904
2306 2904
6768
2884
5620 3191 5714
2893
1498 1498 1498
5503 2156 2313 3784 1754 3556
4030
5511 2306
4030
3978
2904 1498 424
2306
1498 1498 1498
424 1016 5709 1724 2745 1358
2911
1088 1355
4016
6199 3227 5390 3218 4772
2884
4029
3982 3979 1770 1769 5388 1769
2837
5798 3807 5218 3851
4016
4016 4029
2904 4016
2904 4029
4030
1498 4016
3195 3989 3381
4030 4016
4016 4030
3978
5794 3651
2587 5641
2883
3867 6559
4016
4029
4016
2904
424
4030
1498 1579
4016 2904
4029 1498
4040
2313
4016 703 1695
2883
1626 588 692 669 5708
1355 1088
4030
4016
4490 4016
4003 4003 4003
2904
6801 1672
3978
4016 1748
4029
4032
4030
4029
4040
424 4049
4030
4036
4029
1498 1498 1498
2994 2169 5502
4016
3978 1498
2902 6121 4029 2845 1764 2261
4016
4557 2718 4790 6558
1716
1705
4016
3978
5698 2736 5343
1498 1498 1498 2839 4053 6113 1498 1498
1810 493
3978 4029
1498
4029
2883 4016
4035
1498
4770
4035
4030
4016
2883
2904
3338 6687 3782
4005
4005 2883
2155 2883
1438 1480
4016
4016
1700 4016 4053 6149 1498
3978
4016
4031 2904
4030
4030
4029
2696
4770 6733 3782 1507
2904 671 1807 591 2275 1807 3254
4030
2904 4030
4029 4003
4029
4016
1367 1364
3978
3299
4029
3967
2908
1498 1498
5622 6512 4322 4793 1507 5715
4016
4016 4030
1935 6153 2989 3181
4030
3197 2944 2312 2173 3548
4016
1498
2904
1664 5820
4029
4030 4036
2871 2857 2870
2883
1498
1498
4016
4030
4031
1498
1702 1707
593 594 3258 5478 4118 3227 3254 3180 2313
2883
5152
2126
1642
4016 1498
2901
2882 4029
4016
4016
4016
4030
4016
586 6804 2883 5676
2125
1694 1812 1133 671 1572 1694 1812 671 1133 1694 671
2880 4016
3978
4016
2125
4016
2125 4016
2312
4030 3978
6149 3196
2530 1742
1498 844 424
4030
2904
2851 4030 2883 2859 2850
4016
2883
1498 1498
2306 2306
3974
4016
5496 5502 1664 5494 6151
4033
3978
4030
2893
3301 2904 3299 4016
4769 829
2126 2883
1498 1498
4016
5736
4003 4029
6628 6682 2904
596
1498 1498 1498
4016
1667 381 3427 1498 1498 1498
1498 1498
1360 3258 4049 4048 3780 1356
4433 2904 4016 1661 5878
3991
4030
4016
4029
5713 3978 2883 5690 3532
4029
1498
4016
4525 5709 2702
2904
3978
1770 5404
6632
2904
3978 1498
4031
6527 6559 3426 1783
4030
4040 2838
5518
4016
2125 1498
2904
4030
2313
1498 1498 1498 1498 1812
5341
4030
4029
4030 4016
2883
1498 2868 4016
1498
3978 3978 3978
1498 1498
4030
1498 4016
4029
1664 3215
1819 703
3978
1498
4030
1812 2306
4016
4031 3978
4030
4030 3978
4029
1088 4049 4049 1088
2402 2736 3828 3807
4040
2883
4030 4040 4030 4030 4526 4030 2655
3971 2904
4016
4003
4030
4029
2306
2125 2883 4030
4030
2277 5511 3174 4203
4016 2312
4016 4016 4030
2904
4016
1498
4029
6114
1498
2884
1275 389 1695 368
4016 5782 3310
4029
2904
4016
1498 1498 1498
2085 6546 4435
4030
4030
4029
3969
4016
4029
4029
4030 4016
1812 4118 588 2796
596
4029
4030
4029
588 692
669 660
5810 3427 2575
6218 2313 5676
1367
4031
2904
4029 4016 2908
4029
2904
2904 3181 3784 5619 3195 2792
4016
649 3239
5879
1345 4049
3829 6559 3840
4016
3323 5478 4016 3195 2904
2313
4029
1498
2904 3784 5174 2589 4029 5218 3785 2759 5218 2759 3785 2589
1358 4049 424 1088 3182 2957 2736
4030
2270 5676 5676
4016
6194 2193 1498
4029
2472 2313 2402
4016 4016 1498
5610 2699 260 6820 5204 4525 5610 260 6818 2771 5205 260 260 2771 6820 6818 260 6822 6820 6817 260
4030
3978
3254 2695 4048 3558
380 1666 1753
1498
2424 2319 2527 4048 3859 2035 5456 6221 4048
6548
1498
4005
6166 2313 2809
2904 4030
4029
4016
4016 4030 1498
4049 1361 1358 424 1088
2883
4030
4029
4016 1498 4029
4029
1639 1775
4016 4029
1498 3978 1498 1498
4016
4041
1498
424
2704 6624 3356 587 2266
4016 4016
2904
2766 2482 4040 4016
2904
4016 2904
1498
4029
6809 260 6812
2883
1801
3427 1935 1936 3460
5215 4323 260 2790 6263 5698 260 6218 2790 6196 3427 260 2161 6196 4323 2790 260
4016
702 671 4040 490 490
2904
1819 1579
4118 2713 4016 3978 4030
4030
4016
4029
3085
4016
2509 3427 2509 2509 3934 4166 3196
4029 4029
260 5478 1498 6559 6225
4016 3978
4016
3978
2883
4016 2125
2868
5709
4029
4030
2792 3549 5478
3799 2545
1498 2904
4030 4029
1498 1498 1498 1498 1498
2312
703 1579 1720
4030
2904
1498
4016
4033
2883 4035
2532 2531
1498
5695 2585 5500 2736 4048
1579 5478
4029
1498 1498
2847 4031
4040
4016 4016
4016
1794 6559
4031
4016 6193 2219
6138 6248
3978
2403
4029
1498
1695 1729
5495
3381
5477
2911
2904 6801
2911
424 1089 1440 4049
4016
1640 3978
2261 4048 1507 2193 6570 6683
2313 4016 4029
1498 2904
4032
4030 2883
2893
4031
1089 4049
5709
1498 1498
2904
1498
1498 1498 1498
6803
1507 3532 260 3564 260 3310 5794
2313
2904
4030
4016
3985
3237 1716 3816 6109 6108
2216
5164 2595 260
4016 2125
4016
3195 2575
4040
4031
6189 2312
2263
4030
2904
3195
675 1812 1572
2310 3789 5622
4030 2125
3978
2713 3182 3799 5218
1498
4016 4029
4030
424
5478
4030
4016
4029
3242 3240
4030
1498 6104 596 6099 4029
2772 4029 2765
4016
5879
2155 1642 4163 5877 2694 3783
3978
1361
6147 5495 6147 5491 5403 6230 2231
3989 2883
4029
2883
5494 3195 3805 2578 1358 1092
1812
4029
5348 2694
6803 2736
2266 2736
4030 4016
260 4298 6209
2695 3784
3985
4030
4030 4029
4029 4030 2313
1675 1716
3978
4016
4029
1498 1498 1498
5833 5692
4005 3978
1819 1579 1819
4030
3782 5794
3978
4030
1782 1782 1758 3327 1782
2904 4016
2885
2313 4016
5404 5493 260
1498 1498 1498
1733
4029
4016 2904
4030
4030
1080 1357
6500
2904 2313
4029
2904
3244
2164 6250 2311 4298 5522
4036
4016
2904 6218 6199
2273 2872 2875 2869 2273 2796 2273 2273
1498 1498 1498 1498
1498
4030 2883
4029
4180 4191
1440 1088 4048 1361 3190 1936 4048 2228 1088 1358 1361 4049 3191 2228 1937 4048 4049 1088 1440 1361 4048 1937 3191 4049 1361 1088 1088 4049 1361 1358 2205 2207 3192 4048
4030
2306
3664 5503 3310 3851
1752 6179
4036
4016 2908
4030 4016
6222
4029
4030
3356 6194
4016
2158 1572
2792 2904 2715
2908
4016
5355
4340 6506
596
6559 2585 5810 5810 3426 1507 2585
389 1324 368
4016
1498
5879 260 3356 4317 260
2883
4030
2893
2194 5348 260 260 2159 2736 6189 2193 260 5348 2194 5405 260 5698 1661 4317 260 1778 260 3182 2736 1661 5348 5794 260 6189 5348 260
4033
4030
3227 2193 4016 2718 4334 2704 5490 3340
2904
2468
1498
4016
2266
6149 5878 2509
2796 4122
2306
5671 5671
4016
4003
2883
3381 4191
6099
4039 4034
3969
4016
669 1695 591
1498
1717 3227 5642
4030
1498 1579
5678 6506
4003
4203 2699 5678 4557
4016
4016
6138 1089 929
4029
4016
3408 4030
260 1507 3887 4317 3887 1507 260 1507 5716 260 3887 1507 260 2778
4016
2904
5698 260 5493
1498 1498 1498 1498 1498
2126
6275
4029
4029
2893 4016
2904 6500
3978
1666
2904
2904
4036
4016
2904
4029
2527 424 3339 2313 3342 2312 5501 3829 1935 3782
2427 2482
3195 1655
2893
4029 2883
2306 5341 5879
2869
2883
1498 1498 1498
2902
3299
1498 6248 1498 1498
4029
1498 1498
4029
1498
1498 1498 1498 1498
4589
3780 3782 4016
4016
2209 5343 6818 4034
4016
424 4049
1498 1498 1498
2764 5610
4016 1498
3471
3978
1498
4016 2904
4016 4031 1498
4030
1498 1498 1498
4016
4030
2313 2577 1498 1498
4016 4033
4029
3196 2736 2694 3195
3546 6147 2669
1498 1498 1498 1498
3735
1498 1498 1498 1498 1498 1498
4016
2424 1642
5662 1507 4558 2319
3978
2575 5681
4029
4029
4016
660 596 1498 488
4036
2125
4016 1498
5469 5469
4029 4016
4016
1498
4030
3427 4393 5787 596 1498 1498 1498 1498
6802 6199 6803 5878 6687 3215 6804 1675 3195 5695 5879 6199 6801 5714 1717 6804
424 4049 927 1087
1498
4029
1638
3968
