6801 3304 3427 4191 3299 3296 3303 3292 3305 6682 6801 6801 6682 2586 3189 3299 3298 6801 6682 6801 3299 2538 5798 3305
3991 4016 4030
3258 3186 3254 5619 5617 5620 2791 3180
4036
2125 2125 4029
800
3552 3553 3260 3254 2277 3426
4029
4029
4030
4016 1777
1507 4210 2326
2881
4030 1498
2125
4030
4029
2589 1507 6793 5214 3218 3459 3217 3789
4040
4041
3978
1828 6138 1733
4029
6098
4016
1498
4016
4030
2794 2792 5520
4016
3968
2880
3254 6189 3427 3180 5847 6222
4016 6682
3381 1507 3777 4766 4429 2623 6504 3472 2269 3788 2270 2756 6804 3775 3122 6822 2490 2868 3122 2756 3788 2270 5758 2269 6504 2218 2623
3324
4016 6558
4030
2313 3553 2694 1685 2313 3258 2384 5125 5125 2713 1507 2568 3553 3356 6251 2384
5709 1819
4031
4764
4016
4202
3978
5502 2409 2791 6559 5522
4029
346 7183
4029
4016
4029
4029
2908 2125
4030
4016
4030
4040
4016
3260 3258 2794 2310
4033
2694
2881
830
4029
5708
1782 384
4030 2883
4016
1667 1667
4016
4030 4030 4030
2869
4016 2269
2908 4030
4029
1626 6803
4029
3307 3306 3307
6224 2427
1330 389 671 1807
4016
4007
369 3306
3785 3859 5641
4016 3190
4029
4040
4029
4016
4029
5126 3254
588 4049 1694 1629 675 674 4049 588 1810 4049 692 674 1810 675 4049
3978 2883
4030
3980
4031
4016
1498
4036
4029
3722
4029
