4016
4016
4016
4040
2840 4030
2673 2673 2673
2125
3991
3978 4016
2901
3978
4030
4030
3978
4029
1498
4016
4029
1498
4016
4040
4029 4030
2908
4031 2908
4016
4030
4030
2125
4016
4016
4034 4029
4029
4005 4016
4031
4016 4030 4016
4016
4029
4030
4016
4016
4016 3978
4016 4030
4029
4003 4035
4016
1498 4016
4029
4029
4016
4030
4030
4031
4016
1498 2908
4016
4016
4029
4030 4029 4016
4016
4030 4016
4029
2125
4016
4029
4029
4029
2908
4029
4029 2902 6121
4016 1498
4335
4035
2908
4030
3978
2313 4340 1752
4030
4016 4016
4016
2125 4029
4040
2845
4016
4029
4030
3978
4016
4030
4029 4016
4016
5736
2310 1782 4030
4029
2509 4016 2509
3978
4029
4016
4030
4030 2903
3427
2125
4016 4030
4030
2908 4030
4030 4016 4016
4030
3978
2908
3978
4031
4029
4005
6801
4016
2631
4031
4016
4016
4016
4029
4029 3978
4016
4016
2908 4016
1498
4040
3978 2908
4016
4875 5810 2632 2901 6534 3402 2375 2975 2984 2491 2650 2943 2778 2842 2790 4532 5566 2944 5404 3327 2584 2829
4030 2908
4030
4016
4029
4029
1498
4030 4016
4029 4029
4016
4040
3978
4016
4016
4030 4030
4016
4016 4030
4016
4030
4016 4016 3987
2908
4029
4016 4016 4016 1667
4030
4029
4030 4016
4040
3978
4030 4016
4016
2908 3978 4030
4040
4029
2908
4016
4029
6548
4016
4016
4034
4029 4016
4016
4032
4016
4016
4016
4029
2125 4030 2908
4030
2125
4030
4029
4016 4029
4016
3978
4036
4030
2908 2908 4040
2908 4040
4016
4016
1498
2847
4029
4030
4030 4016 2908
4029 4016
4016
4029
4016
3427 2509 2509 3427 5810 3427 5810 3427 6527 2509 3427 2509 3094 6527 3427 4166 4166 2509 3094 3427 6527 4166 2509 3094 2509 5810 2937 2984
3978 4016 2125
2125
4029
4029
4016
4016 1498
4029
6559 5404
4030 2885
2842 2901
4030
4030
4030
4016
4040
4016
4029
1498
4030
4016
2908
4040
2901 2908 1498
2840 4030 2085
4030
4029 3991 2908 4029
4030
4016
3722
2125
4029 3978
4030 2840
4030
4016
4016
4016
2908 2091 2847
2125 4016 2632
6803
4030
4029 2908
4016
4016
4016
4030 4029
1717 1675 5478 1666 5819 5794 2125 1666 1666
4016
4030
4327 1742 3327 3128 1782 3978 3327 1782 6178 4033 1782 1705 4330 3327 1782 3327
4016
4029
4030
4029
3978
2886
2880
2908
4040
4029
4016
4030 4016
4030
4016
4016
4030
4029
3978
4029
4016
4016
3978
4036
4016 4016
5671
4016
4016
2908 4016
4040
3985 4029
4016
4030
5453 3327 2790 2162 2745
4029
2901 2902 2736 6565 6559 2575 5000
2736 2871 1717
2125 2125
1753 1752 6726
6803 6803 6803
4016
4029 2908
4030
4029
4030
4016
4030
4016
2908
4030
4029 4016
3978
4029 3978
4030 4016
4029
3978 4016
4030 4005 4040
2125 4016
2196 6565 3196
4036 4016 1498 4036 3713 3427 6559
4029
