3423 1655 3222 5070 2416 3882 5157 1926 2858
5068 1948 1992 2884 2391 3067 1190 330
3565
3598 2581 2560
2591 1596
4023 4018 4028
5025 2289 2034 4633 2488
3598
2591
5826 2317 2868 1939
3611 3611
3611
1535 3625 4805 1567 2020 2158 2158 2020 3611 1567
3565
3598
838 1348
378
1348 1348 1348 1348 1348
3565 3598
2858 2951 2468 1622 1538 2468 5829
5825 2591 4046 3598
5050
2064
984 916 1960 3170
3611
4961
3612
3611 3972 3611
3612 3612
3598 3598
3598
2591 3598
2455 2455 766
361 3565
3598
3598
3565
4881 4976
1542 1945 1948
2317 2313 2317 2313
3611
2008 3656 1530 2601
3612
1487
3612
3598
3612
3613
3612 3625
2034 5932 2859 2028 2591
3598
3598 3598
3598 2510 1222 5826
3612
2591
2872 2904 2434 2903
1921 1930 5985 2464 5418 2463 5415 5527 2037 3598 2136
3611
6051
3543
2193
3611
3612
3565
3107 3107
3612
2618
2901 3828 1543 5826 4795 1355
4859 5219
3612 3598
3611 3611
3612 3598
3598
3612
2603
2591 3621
3577
2591 3565 3612
3565
1498
3612
3612
1563 1563
1530 1413
2591
3611
3587
2256 2515 2773 2256 3598
3598 3598
5884
3068
3617
3611
2591
3598
3611
3598
330
3612 2591 3621
3612
3611
3614
2550 4858
3612 3598 3612
2109 5166
1348
3611
5803
3598 3612 3598
2316 2073
2064
3598
3612 3598
3613
1901 2550
3621
3613 3613
2802 3107 2474 3394 6035 2028 3970 2357 4252 2029 1588 1582
3598
3612
2071
3611 3611
2437
3612
3598 3612
3612
3598
3598
3598
5090
3611
3598 3565
3598
3598
3356 2567 2569 3621
3618
5218
5501
3630 764 378
2845 4983 2020 1929
4819 5883
1646
3615
1355 2509 5927 2313 1567 2162
3598
3612 3612
3598
361
3598 3611
3598
3598
3598
3565 3598 3611
2618
5794 5219
3611
3598 3611
3612
3097 2455 2438 1355 1551 3419 3389
739 3188 2029 4743 3171 1920
3068
3611
3611
3565 2025
3611 2603
1952 4986 2071
3612
5416 3612 1520
3621
1901 2550
3612
5529
2591
3611
3612
3612
1348
3598
3598 3598
3598
3611
3612
3612
2071 1348 2028
4875 5998 2416 1639 2071 5794
1348
6034
3611
3611 3611
3419 2273 2885
534 2651 5218 606 1530 1530 2891 603 1530 606 525
1645 1530
5977
3598
3565
3598
3612
2591
2579
3598
3565
3727 3605
3611
2982
3587
3611
2966
3598 3612 2593
3598
3612
3541
3598
5995
2591 3611
2322 1927 4761 1496 4762 2455 4875 1500
1635 605 534 534 1635 605 1645
3612
3611
3598
3598
3621
3590 2313 2317
3612
1413 2916 5181 2916 5181 1413 2916 1413 5181 2916 1413 2025
3612
2232 2156 2155 2158 230 230 2180 230 2232 2155 230 3629 4045 2155 3629
3611
5157
5007 2318
2186 5883
3634
2590 3571
3598 3621
3611
593 1646 1637
1348 1348 1348
1576
3598
3598
3612
3612
3612
1348
3611
3612
3598
3611 3598
2591
2885 2028
840 1222 3630
3612 3598
3611
3612
3618
3611
3393 2325 2193
3598
3612
