1498 1498
1498 1498 1498 1498 1498 1498
3994
5794 1498 1812 1498 5794 1498 5794
3978
1695
590 587 692 5877 3240
4029
1498 1498
3978
2759 1695
2125
1498 1498 1498
4029
4029
1498 1498 1498 1729 1498 3806 4433 1498 4053 1498 1498
4030
4030
4029
1498 1498
4030
4029
5516 4525
6194
3978
1498
4029
2883 4029
1498
4030
4029
4030
4029
3978
4031
594
2883
4029
1675 1782 384
2263
3427 1754 3239
1133 649
4031
5478 3082
1498 1498 1498
4029
2545 6504 657 2715 1810 1629
586 1714 2228 1714 1810
2881
4030
3978
2595 2591 5157 4660 1507 2772 2718 3867 2589 2591 5819 2171 2334
4033
4029
4030
4029 2883
2901
2593 6186 2536 3195
1828
4030
4003
4030
4030
2881 2881 6194
1498 1498 1498
4029
692 1825
3427 2881
1498
3978
6804
1764 1770 6186 1764 1770
1733 5708
4029
2881
1498 5354
4030
4030
2959
1498 1498
4016
2125
3978
4029
6822 6717
1498
5708 1660 2590
4029
4030
2125
4030
4030
4029
1819 2263 2791 2171 2205 6189 2263
1498
4029
4030
2883
1498 1498
3978 3978
5204 1646 1700
1016 1088
3098
4029
3978
1812 1812
588
4030
1498 1498 1498
2881
2881 2125
490 659 2312 588
4016 4016
3471
4029
2886
1695
2881
4029 4029
5404 2983
4029
6545 6547
6804 2169
4029
702 672 2155 588
1089
6591 1498 1498
4030
2778 3196 4340 4203 5622
384 1782
4030
4003 4029
1828 6138 1733
3784
4031
2736 1572 1825 1812 1810 1812 4053 379 2736 3828
4029
1717 3185 3227 3868 3784 4557
1695 1695
3978
1345 4049 1348 1715 4163 4048 3185
5463 5493 3180
4029 3978
2306
2125
3196 4053 3195 1679 382
6802
2792 5520 2794
1498 1498 1498
2306
649
3968
1819
4030 2881
4330 2586 5782
4016 4374
4005
1498
1498
1498 1498 1498 1498 1498 1498
1498 1498
5344 2441 2310
5361 5363
4030
4029
4048 2263 2193
4029
1498
3978 2881
4030
4029
1498 1498 1498 1498 1498 1498
2313 3553 2694 1685 2313 3258 2384 5125 5125 2713 1507 2568 3553 3356 6251 2384
4029
6738
1498 1498 1498 1498
4029
1572 671
6218
4029
4029
4033
5709 1819
1498
2881
4030
4030
1819 4016 1821
4030
1819
5432
4029
4029
3788
3239 6160
1812 594
3978
4029
2161 4048 4340 3078 4340 4048 2161 4048 4340 4048 4340 4340 4048
2736
4029
3956
4048 5878 6222 6225
2306
4029
1660 2313 4784 2595 4016 4122 4784
4016
4016
4030 4016
1707 1640
838 4586
4029
1498
5622 4048 6225
1498
2883
1498
4048 5798
1498
1133 586 1825 4049 588 1572 588 4049 657 586 1810 657 1807 4049
4016 1498 1498 1498 1498 1498
5833 5692
4030
814
4032
4029
2403
4191
4029
502 5798 490 4049 1807 1572 5478 4048 3814 2994 2206
1498 1498
4029
4030
594 1133
5503 3426
1498 1498
3219 5635 3473
4030
5522
1498 1498 1498
5502 5494 5878
3978
3969
2306 2269 2885 2881
3546 3866
3737
1498 1498 1498 1498
6189 2522 2168
4030
4030
5708
4030 2883
4029
3978
6804
6558 6801
4030
3969 2889
261 4048 5798 1677
692 1810
5819 5478
1819 1819
4029 4030
2884
1498
2883
4029
4030
3381
2883
3978 4036
3244 2849 5810 2857 2883
4030
4031 4030
1498 1498 1498 1498 1498
1819
594
3784 3190
4030 4700
1787 5387
1626 6803
3307 3306 3307
5696 3789 4202 2595
4048 5810 2313 1640 2306 5810 4048 4048 5810 2306 4048 1640 5810 6222 2306
2883 3888
4030
2883
4030
2440 4048 4337 6526 4341 2530 4048
4048 6822 3807 5709 5671 5714 2994 4048 4164 5709 3218 3258 4048 6822 4048 4298 5671
2881 3978
3240 4284 4557
6801 4016
1695
2850 2902
4030
2408
4005
5622 4113 3038 3130 3201 3197 6189 2173
1498
1330 389 671 1807
1507 3229 1971 6536 4117 4554 4341
2313 3800 3814
2918
5619
1498 1498 1498
369 3306
4029
5619 5794
5810 6803
3427 3328
4040
3978
4029
3306
1498 1498 1498 1498 1498 1498
4030 2888
5515
5713 4048 2266 1507
2871
6811 1794
2427 6804 2482 2427 6804
588 4049 1694 1629 675 674 4049 588 1810 4049 692 674 1810 675 4049
4029
3796 2273 4048 2273 3796 6512 4048
1498 1498 1498
4030
1498 1498 1498
1498
1498 1498 1498 1498 1498
4029
2850 5810 1716
1498
4029
4048 4122 4202 2983 1793 4556 4048 4203 5348 4048 2667 4048 5348 2667 4048 4557 1793 4556 2983 1793 4048
4031
4030
4029
2791 4784 5714 6194
1498 1498 1498
6801
1507 3258 3189 2745 6559 2205 6559 5478 3131 4284
4032
660 660 596
5469
4016
5810 588 4049
4029
1498 1498
2713 3427 1498 1498 1498 1498 1498
