3598
3611
3591
3598
3598
3565
1348
3598
3621 3598
3591
1348 1348 1348 1348
3579
3612 3612
1348 1348
3621
3611
3622
1348 5143
3598 3587
3612
3734 1355 2850 1601 2455 2455 3974 3487 3494 3658 3496 3497
532 599 4743 626 599 626 4743 532
3565
2578 3598
3611
1348 1348
3611
2399 2399
3598
3565
2476 1530
3598 3598
1348 1348
3612
1348 3598
3394 2455
3618 3617 3612 3612
3598
3612
386 378 627 622 387
3598 3577
5792
3611
3620
3571
3598
3394
1348
3412 3974 1348 3634 1348 1348 1348
3611
3611
3612
3614
3612
3612
1348 3611
4890 2163 4759 2163 2163 4759 4759
3579 3612
3621
1901
3598
3598
3611
3611 3612
3611
1348 1348 1348
3598
3615
3612
3612
3589
3598
3611
5505
4399 2904 1530
3612
984
1348
3612
3611
2548
2591
3611
3611 3611 3611
1348 1348 1348 3634 1348
2593
3565
2593 3611
3591
3611
1348
3611
1413 1530
3611
3611
3611 3565
3611
3614
3598
3598
378
3612
3565
1348 1348 1348 1348 1348 1348
1872
2982 2593 3598 3612 2982
4037 5028 4983 3403
2561 2560
378
3611
3611
3565
3598 3598
1348
5065 1567 2083 4875 4873 4873 2083 5065 1567 2593 4881 1995 5816 4873 4785
4624 5058
2593 3335 4820
2593 3621
3598 3598 3598
3611
5034 6042 6033 5037
3611 1348
3592
345 1611 2859 5007 5007 5007
5826 5932 2863
1646
916 2028
3741
3621
3612
3613
2578 2850
2593
2593
5146
3565 3565
3612
3621
5143 1939 2395 5066 4794 1985 5146 5028 3765
3591
3614
3598
3611
1511 1611 345 1639 1530
2591 3612
2603 3611
2022
2575 2594
2071 4269 1355 1587 5569
3611 3611
3565
3618
3612
3598 1151 1530 330 1530 330 1151 1195
1025 583
2612 2611 3612 5816
3616 3611
3613
4858 2770
3598
1348 1348 1348
3598
3612
3598
3617 3617 3617 3617
3622
2082 1355 3437
3565
2561 2613
1532
3622
3598
3598
3612
2287 5776 591 2436 1637 1469
2155
2601
3598
2593
3565
3615
1901
3598
1548 1637 633 1548 1901
2481 4784 2022 3420
2591
3612
3565
3598
3598 3614
3621 2596
4743 1534
3611
1575
3612
3598
3612
3976
3598
3908 3598
3611
3612
1348
4794
3611
3565 2591
2069 3067 525 3612
3612
2858 4882 2418
1610 1610
1655
3612
3612
3565 1348
1901 3611
3612
3612
3611
3612
3591 3591
3390 5025
3621
3611
3754 3754
3612
3612
3621 4046
1901
3611
3611
3612
2627
2591 5505
1348 1348 1348
3565
3612
3612
5826 3434 3423
626 1652
3598 3598 3598 3598
3566 3591
6033
2154 3856 4254 2283
3068 2591
3598
1348
3612
2591 2593
4635
3170 3387 3067 3435
6035
1901
3612
3611 3598 3611
3693 5489 3394 3067 3172 3618
2593
3611
3589
3565
3612
3612
3621 3598
3612
1595 1601 1601 1595
3565
3612
3598
3741
2593 3565
3612 3565
3565
3105
378 1217
3611
4033 4541
2868 3391
2076 2885 2430 2083 5772 1355
3598
1484
2592
1218 915 1219
984 915
1355
1963 6034 2020 3657 1221 2020 6034
3611
350 3598 605 529 330 1158 437
3612
2664
2593
5815
1348 1348 1348
4881 6064 1223
3611 3611
3565
3598
1901
3611
3565
3565
3612 3598 3598
5959
3615
1348
3612
3598
4988 3394
3591 3591
5500 3869 5154
3598 3611 3598 3612
3612
3611
3611
1901 3567
3612
3611 3611
3565
3621 3598
3565
1491 2071
3565
3565
3611
3612 3598
3611
3611
2612
3577
3565
2508 1942 1974 5501 2022
1348
2554
1520 5220 915 4629
3611
3612
3567 2593
1348 1348 1348
3598
3612 3612
1486 1504
3565
3611
3384 3612 2325 3394
4619 1484 1535
1939
3612 3598
983 916
3612
1550 1655 1550
2782
3612 3611 3565
3096 5073 3394 2509 5508 6025 1355
3598 3611 3611
3611
3611
3598 3598
3565
4787 2590 2071 3598
1348 1348 1348 1348 1348
3612
3598
3612
3598
983 983 840 1296 1222
5816
3612
3611
2591 3622
1348 1348 1348 1348
3611
3612
3565
1901
3617
3598
3611
3612 2593
437 593 2070 526
3611
1348
1901
3612
3598
2593 3615
3612
3598
3612
3598
3612
3611
3598
3621 3598 3598
3173 2892 6032 2426
3611
1530
2591
3612
4890 2906 3170 2071
3598
3598
3611 3611
3598
3565
3611
3613
3616
3621
4794 2683
3598
1348
3598
6035 1940 1623
3616
636 606 1926 526
4201
3612 3611
3611
3611
3612
3612 2455 2332
3611
622 385 365
3617
3598
3611 2591
3598
3598 3598
3598
2626 2593
3617
3598
3611
1348 3598 3634
984
2114 2115 2114 3598 3598 3598 3598
1496 2509 5071
3611
3598 3565 2572 3621 5081
5826 3420 2518 2329 3413
1348
3612
1586
3612
3612
3611 3611
3618
2495 2865 3891 3766 4988
1348
3612
3611
1901
3621 3598
3611
3587 3611
3390
3598
3598
4269 5825 5191
3612
1901
3068 1926 1986 1552
3613
1639 3634 340 2455 3434
2603 3612
3565
3612
3589
6033 3029
3613 3587
3591
3611
3598
3598 2312
4070
3612
3611 3598 3598 3611
2593
2071 2916 2591
5063
3590
1901
3611 3611
3621 3390 3176 1551
3565
3612
534
3598
3612
3614
3621
3612
1549 3734 3629 2854
3611
1901
6049 6048
2590 3612
3565
3611
3612
3598
2591 1901
3598
2455 4253
3611
3612
1348
2455 4881 3424
1567
3565
2155
3598
3612
3612
3565
3611
3612
2865 3634 2864 1514 343
3612
378 3630 1207
1901 3611
3630 378
3587 3611 3587 3598 3611
6033
593 636
4540 3388 2512 2863
3666
1348 1348
1348 1348
3464 3629 3388
3611 3598
3587
3565
3766 4070
3611
3565 1348
2591 3565
3565
3612
3598 1498
3612
3598
1646
2591
1639
3612 3598 1348
2591
1348
4805 1567 4873 1590 5470 5466
3611
2548 3612
3882 2322 5132
4785 4784 4784 4901
3611
3630 378 1208
3598 3613
3565
1500 6039 6032
4875 2022
3565
2593
3612
3589
3612 3598
1348
3611
3611
3611
3613
3612
2593
3565
3598 3611 2908
3598 3598 3598
3611
3611
1348
3611
3611
1348 1348 1348 1348 1348
1348 1348 1348
2600
3590
2560 5825
5794
3412 3598 2455 2894
3611
1348
3565
2595
3598 1901 1901
4743 2193 2068
4759 4761
531 1637 532 3391 2969 2455
3615
3067 6032
3612
4097
3598
3629 2022 1962
3598 3634
3598
2590 3611
1491 5504
2591 3598
838 982
3611
3598
3612
3598
2591
3612
2865
3612
2025 5100 5907 5482 3612
1348
3565
1348 1348 1348 1348
3565
3420 4132 6032 3388 3184 3390
3621
3612
1901
2593 3612
3571 3598
3741
1348 1348 1348 1348 1348 1348
4794
1348
3611
3630 1227
3068
3611
3435 3403 2077 5001 2488
5932 4873 4858 3390 1920
1348
3611
3611
3611
3611
3598
1348 1348 1348 1348 1348
3612
1413 605
3611
3613 3611
3611
5419 5416
3621 3598 3612 3612
3611
1945 6034
3612 3598
2083 4793
3611
3612
3611
3612
3598
3565 3565
3877
3617
3611
3615
3611
3612
626 1639
3565
4874 2591 5001 3097 4011
3697 3598
3612
1348
5090
3621
2317 2527 2417 2892 3420
3565 3611
4875 1535
2591 4638 3612
3598
3611
3598
3598
350 330 1664
3598
2591
3598
1496 2591
3612
3051
5157 2986
3598
1348
3611
3611
1901
3598
3612
3612
1348 1348 1348 1348
3598
3598 2550 3611 3612 2548
3611
1646 3598 1648
3611
3611
3612
3598
3629 2064 2069 3630 1221
2593
3605
3612
3612
361
3612 3612
3611
3630 350 1183 634 3630 1646
3611
636 534 1413
4793
3621
3565
1901
3566
1635 1637 605
3598 3598 3598 3598
3394
6032 1567
1565 1567 5409 3629 4901
3611
5219
2744
3612
3964 3629 2994
3587
3621 3598
378 3630 984 1207
3630 378
3372 3629 4872
3598
3629 1767 3629
3611
2070
1652 1652 610 3630 1027 1532 1639 1529 3630 526
2591 3598
3612
3598
3413 3437 5826
3589
3611 3598 3611
593 5007 4070 1637
3598
4633 2325 2905 4009 3598
3598
6051 5466 2050
3598
2591 2593 2593 3611
1348
3611
1956 3629 1952
3598
2593 3565
4761 4882 1508 2071
3565
5814 2593
3612
3612
1963 2859 2510
2313 3888 1355
3629
3612
3591
3598
3612
3612
2593
3172 3629 1962 2064 1963 2025 1227 3630 1224
601 525 3630
3611
3598
3589 3589
3067 3067 378
3611
2158 5033 3068 5033
3612
3891 3629 3891 3629 3891 3629 3629 3891
2455 3621 3598 4590
3612
3598
4480 5527 3629
5090
3621
3598
2591
3611 6039 6053 1348
3612
2591 2591 3614
3598
3611
3598
3629
3598 3612
1348
2037 6032
3598
3613
2064
1348
1348
3611
3612 2593
1348
3598
1496 2071 4269 2331 3598 3697 4269
3611 3612
3598
3598
1348 3598 3611
1639
3598
5146 5146
3612
2603
4881 1576
3612
3587
1529 1646
2892 4863 3629
3158 3876 3629 4620 3876 1939 3158 3629 3629 3876 3158 3876 3854 5505 3629
3598
3611
3565
2178 5510 3159 5071 4858
3611
1901
1508 1476
3611
3621
4045 3629 1567
3598
3634 3598 1348 3634
3391
2082 2313 4253 2155 3614
378 988 3630 3630 838 1221 378 988 3630 378 378 1208 3630
3055
1542 1478
3611
3598 1348 3598
4754 2858 3176 2906
3598 3612
761 4095
3612 3612 3598
3612
3611
4484 4761 2426 2064
3598
3565 5090
1348
3612 3598
2885 3891 4070 3598 3189 4630 4988
2591 3612
1492
3611 3612
2155 5776 2155 5776 5776 2222
5829 5772 2022
3611 3598
2256 3068 2645 2256 2645 2256 2982 2256 2230
3589
3611 3611
2559 2557 2595 3356 2557 2591
4988 3629 5534 3629 5557
4890 3629 2317
1348 3615
3612
2020 2864 4988
3611
1939 3629 5066
3612
3612
3598
3612
1348 1348
6032 6032 6032 6032 6032
1348
3612
3611 3612
3598 3612 3598
5033
1901
3565 3611
3618
3629 5146 3629 5146 5146 3629 3629 5146 5146 5146 3629 3629 5146
1348 1348
3565
3612
1413 526 3630 591 524 1637 591 1635 3630 1637
1348 1348 1348
3634
350 1150 3630 330 1529 3630
3621
3598
1945 3629 6032 6032 3629 2025 6032 1355 4747
4046 1595 5167 4046 3621 2070 4988 4189 4638 4988 1595 6054 4988 4052 1590
383
3612
3611
4876 5098 3629
2595 2596
3598
3611 3616
3611
1025 1530 584
3612
3614
3565
3598
3565
3612
3598
2156
3611
3598
3612
6051
3611 3611
449 5146 437 3630 1635 1413 4858 3629 3420 2691 1975
1348 1348 1348
1348
3611 3611
3612
3577
2304 2865 2863
3611
766 3630
3565
2593 2548
2599
1348
1872 2568 2593
3598 3598
3598
3598 3587
3612 5422
3598
3598 3598
1025 532
3611
3105 2071
3622
1639 626 534 605 528 534 1025 435
3612 3598
3611 3612
4566
1348
1543
2069
3615
3612
4874 3692 2322 4269 2416 4070
3552
4901
624 629 364 582 1075 621
3612
1348
3598
2034
1348 1348 1348 1348
4881 4873 5219
2593
3577
3565
3612
5044 2894
603 526 435
1901 2591 2560 2561
3565 3622
5556 2508 2489 3629 2879 3629 5794
3556
3621
3598
2064 2028 2595 2591
1348
3565
6037 3389 5146
6032 3598 4622
3598
2611
6032
2476 2592 5505 4988
3611
3565 3565
3629 4708 3698 1551 3407 1992 1551 3629
3560
3598
4194
3611
3565 3565 3565 3565
3611
3612
3611
3611 3611
1901
3620 3616 3611
1348 1348 1348 3634
3565
3611
3612
3611
720
3611
3598
3345 3333 3612
3565
1466 1655
3612
3612
3598
3612
3404 2295 3842 3840 2139 2802 2770 2954
2593 3611
3612
3612
3587 3611
3406 2071 2518 2916 3464
3598
1348 1348
5812
5439 4806
2596
3565
3612
3488 3629
3598
2644 5146
3612
3611
5967 2561
1184 330 1150 1184 1150 330 1297
3598
2591
3565 3611
2548
2593 3611
3611
3565 2591 2550
3621
3587 3616
3611
3598
3611
3612
3611
3612
3621 3621
6033 6033 5065
3565 3612
3611
2593
3598
435
3494
5784 1927 1923 1927 5456 1927
2578 1901
2952 1558
3611
6048 4761 2866 1585
6035
3612
3612
3393
2916 2921
3612
3621
3556 2599
3612
2022 3629
3598
3565
2071
3598
3616
3611
3612
2982 5157 1508 1643
3611
5166 1502 1502 1502
3629 2916 3465
3629 2331
601
3617 3617 3617 3617 3617 3617 3617 3617 3617 3617
3598
5166 4858
3565
3766 606
3621
3612
2594
3611 2593
3565
1348 1348
3565
2593 3560
378 378
3612
6032
3598 3598
3611
3393 5456 2766
3611
3621
3612
2593 5439 3612
3612
3611
3565 3612
3612
3612
3565
3598
3612
3612
2593
5816
3565
2593
3565 3618
3561 2618
3630 2273
3611
3612
3598 4794 3598 5476 4806
3612
1530
3565 3565
2325 2355 2595 2315 4335 5911 1543 1982 5166
1348 1348 1348
1901
378 3068
1646
532
378 3630 983 1219 1992 3735 2860 3629 1219 3630 983 3629 378 3735 3629 1992 2861 1219 3630 983 378 1992 3629 2860
3612 4199
1616 4778
1567 3598 3621
3611 4938 4440 3235 2593
2618
3612
838 982
3612
2603
3613
5157 2071 3629 2064 5157 3629 1478 3629 5157 2064 5157 5531 2064 3629 1478 5157 2064 6032 3629 1478
632 3630 3630
2988 5157 5008
2064 6034 2314 3402 3629
3616 3617 3618 3616 3618 3617 3616 3616 3617 3616
3612
3598 1348
5051
4099 4102
3615
3598
3598 3598 3598
3611
2692 3226 2028 2894
3612
3413 2028
1207 378 3629 3735 5066 2884 378 1207 3630 2919 3629 6053 3629 3854 5033 378 1207 3630 3629 6053 3854 1496 1355 3854 5055 3629 6053
2590
3598
2317 4857 4901
526 1652 3630 984
3598
1550 2455 5569 3629 3629 4070 1550 2455
1530
3629 1935 2025 2071 6032 1935 3629 2158 2483 2071 1355 1355 4633 3629 4976 2192
2593
3611
3612
2391 2455 3074 3629 2802
3611
5157 2322 5156
3612
2904 3840 4070
3621
3577
3598
3611
4793
2591
3598
1935 2156 3629 3629 1355 1935 2071 4976 2509 1570 4985 3629 3170
2593 3565
591 534
3612
3598
3598
3598
3629 2034 3365 3366 3629 4577 2766 3629 3366 2064 3365 3629 2686 6049 4582 2395
1530
3617 3616 3598
3612
3612
4329
2161
3617 3616 3612
3612
4633 5006 2851 1952 725
1529
3565
3611
3565
3591 3591 3591
4983 4985 3411 5825 3068
5778 6053
3615 1901
4988 3688 2731 2808 2870 2866 5501 1944
3565 3612
3544
1348
4893 6053
3565
5778 1509 2336 3629 5778 3629 3629 3008 2476 5778 3629 3629 2476
1348 1348 3634 3634 1348 1348 1348 1348
3565 3598
3612 3616
3611 3611
3562
2474
3565
3565
3598
2591 3622
3598
3621
3598
3612
3565 1512 1480 4875 3634 5439 2578
3612
3598
3615
3612 3611
1348
5470
3424 6032 6032
3598
3611 3612
3612
3611 2591
3612
3598 3598 3598
3587 3611
5033
2325
3598
1348
3565
5008 6035 3391 3598 2591
3598
2593
3612
3565
3509 4268 2313 3067
2283
4337 2489
2070 2020
3621
3611
2864 3390 3565
3604
1901 3613
3598
3612
1348 1348 1348 1348 1348
3598 1901 3612
3612 2598
1530
4894
6035 3629 4268
3611
3611
3612
5070 3629 2025 1355 3629 3629 2325 2025
2177 5482 3629 5505 3920 3629 2919
3611
2568 1872
3598 3611
3614
2603
3565
1348 3612
3612 2591
3598
3611
3612
1901
6042 1623
3612 3612
3598
3612
3613
3612
3611 3612
3611
3598
2715
2180 6035 2232 2180 6035 6035 2180
3612
1348 3565
1499
3621
2593
4890 3189 3629 1497 3765
3598
3612
3565 2591
3611
1927 1923 4882 740 754
3611
3598 3598
3402 2032 3629 2032 3402 5784 3629
3571
3611
3598
3541
3565
3612 3612
3598 3598 3598
4928 5191 1948 3390
1348
4046 4187
1348 1348
3598
3598
2983
1586
636 608 532
3598
1348 1348
1348
3598
3612
1348 1348 1348
2593
1348 5005 2272
2596 3561
3613
2560 5157 1550
1348 1348 1348
3611
4098
983
3620
3591
3766 4747 3629 2395 3629 4747 2395 3630 3629 4070 1622 1622 3630 4069 2683 1622 3629 1622
3612
634 739 394
5518 3629 2163 5070 3427 4863 1355
3621
3615
5486 5033
3598
1502 341 341 1502 341 1502
2770 2426 2952 1939 3888 1960
3612
3598 3598 3598
3598
3598
1637 4743
3611
3612
3565
3612
3611
2603
3612
2618
2508 4269 5071 5505
1348 1348 1348
3068 4269
3611
3565
3612 3612
3565
3611
3621
6032
3565
3629 2395 2954
2434 3389 3629
3612 3598
3611
2591
3598
3598
5826 4858 2809 3840
3614
594 594 534
3611
4793
3390 2090 3629
3611
2591 3587
3598
1606
3565 3611
6033 6033
526 3630 3630 378 1207 1226 3630
2322 5156 5157 2336
1348 1348 1348
3612 2593
3598 1901
1348 1348 1348 1348
6034 2507 2691 2436 2684 2863 6032 6034 2866 3836
2591 5508 2479 3402
5040 1500
2593
2603
3612
1639 5420
3598 3598
3611
