4016
4016
4498 4491 4503
4016 2881
4016
2694
424 1356
6525
4033
5218 6800 6801 5218
5713
4512 3254 3548 2771
2270
6804 3219
2881
424
3978 1498 3471 2584
1498
4030
2306 3788 2310
2765 2718
424
4016 3978
6801 3310 3427
424
5847 3427 5093 6570
4016
4031
2695 3196 2312 6804
6803 2270 3381 2269 4421 2623 6804 2623 3788 4421 3185 2270 2269
4041
4016 4030 4016
5845 3229 2325 3601 3785 2608 3788 3787
6559
2595 3227
1015
3293
1483 1441
2881
4016
1089 1355 1016
2736 844 2736
4016 1941 6197 3427
5214 3783
4016
4016
4163 3784 3254 3821 6559 6687 2694
1695 1626
3260 1507 3552 6558
4030
3822 1355 3829 1082
2547 1793 2792
6559 2794
1498
2584 5820
6558 3194 3792
6098
4016 424
2125
1649
2306 4511 5511
4030
3218 5205 2306
424 1089 6739 1358 699
4118 5511 3254 2702 4340 1675
4016
2840 4526
4016
2147
1731 5478 4234 3784
2936 2152
4016
2759 6189 6189
2901
4016
1440
2125
4016 4029
4029
1088 424 2226
4016 2794 1361 6559
4029
3194 4016
2893
2881
4049 424
1660 2275
2181 2185 6558 5698
2655
3339 1695 4879 4525 260 2277 3339 3323 5208 2277 1192 433 688 693 260
1714 3218
2881
4016
6559 1708 5405 1507 3237 4271 2745 1707
3603
2155 5093
3244 3229
4016
4016
6793
2401 3776 3776
4016
4337 6687 3190 5635 4118 3195 2384 2717
5397
3879 5614
1345 4049
3339 4048 4525 4049
4049 4049 927 1345 424
5405 5696 6817
4029
1695 1572 1812
4032 2908
4029
5697 2794 2168 4048 4048 2572 2773 3218 3218 3560 2773 1507 4048 4429 4048
4016
2893
2908
5478 5404
2881
4029
3784 6687 5478 3240 2694 2168
5477 2527 2152 4048
2837
424
2881
3181
1088 1355
6801 6754 2600 2584
5222 4340 6793
2715 2595 3859 2269 2715
6107
4030
4029
4016
424 4049
2125
4048 3459 3460 1507 3785 3821 4048 1507 4048 3460 2161 3459
2270
2883
5404 1700 1361
2270 5696 5250 3381
3196 3199
4335 2578 4016
4040 4030
4016
4029
1650 5204 3789 5844
4030
2881
3052
4933 4899 6746 4898 5758 1737 2546 4943 6197
2125
4049 424
4532 2859 4030 4040 4030 4030 4040 4532 4040 3978 2859 4040 4030 4016 4030
4016
4030
4029
5478
2313 3291
3817 3805 3240 3813 3601
2893 4033 2908 6179 2306
4029
1793 4557 2318 4203 3219 5842 3218 2181 2318 1793 3218 5663 1507 4557 4203
3871 2205 4048 4784 2593
4049 1345
6822
6166 6559 5358
2881 3185 2840
1354 1016 1089
4048 2589 2772 4049
4048 3427 1683 1685 6214 2792
2838
4049 842 424
2908 4016
424 4049 4048
5619 1708 4048
1093 261 929 260 1971 4498 1082 424 1440 260 1971 4491 1367 1348 4049
1507 2193 4048
2908
4030 6726
2306 4335 5207 3240 4016 5218 5208 3785 2773 1498 2595
4053 1498
1507 2792 6682 2572 1733 2409
2577 6803
6559 3190 5478 2205 6687 3788 2736 3800 2608 3789
1675
3955 4016
1355 1088 2193 2531 2716
1812 488 1695 669 1716 488 1812
5495 5478 6624
1346 2085
4016
1094 424 698 4049 424 1093 4049 1093 424 4049 1089
4016
4029
4049 1440 5794 3190 2568 4048 6687 5126 1507
6527 424
6208 4048 1699 6818
3548 4048 3547
594 586 1805 702
1742 5666 3219 2159 6565 2796 6739
2881
4030
3427 2767 3427
2893
4016
4016
4997
4040
1655 6559 2704 2736 3220 2287 3553 3811 3194 5478
587 1810 1133 675 1825 3185
3244 6801
396 3427
3978
3190 4340 3196 6166
702
3226 1507 5765 3859 3863 3254 2608 5205 2663 5877 5810
2979 3194 3256 3229 3797
4049
260 5108
1741 5405 5809 4048 3426 4048
4029
2741 346
6739 6525
4016
6526 4016 6526
4016
5205
1088 2410 1016 1355 2440
2313 1498 2269
488 650
2881 5493 6098 2802 5798 3182 5663 6802 1361
5807
6801
6189 2881 1672 5698 5744 5511 6506 2164 5697
1714 1498 6803 5403 3426 2489
2881
669 1695 672 587
1818 1695
2312
4030
4030
6527
424 1094 1346 4049
424
4040
4016
2881
1695 1572 1812 659
693 1184 1171 688
3978 1695 5620 389 1695
5535 2216 2325 2282 2216
3244 3182 3807 3186 2313 2809 2938 3218
4049 1088 1361 1015 1355 4048 4164 4163 3784 4049 1088 1440 1361 1358 1361 4049 1088 4048 2228 3191 3191 4048 4163 4164 4164 4048 3190 4163 4048 4163 4164 3188 1355 4049 424 1088 4048 3191 4163 4164 4048 2205 3188 3191 4048 4163 4049 1358 1088 1361 3188 4048 2205 2206 4048 3188 4163 4164
4030
4049 698 1366 4049 698
2193 2156 5622 2194 4048
6801 4048 6527 1507 2171 2159 4048 2313 2403 2792 2148 2313 4048 6248 5218
4029 2880
2893
1016 1348 699 1366 424
1016 2595 2189 5619 2173 1015 1716 3603 1675 5676
3182 260 3822 1507 4334 2778 4048 6523
4016
4030
662 1695
3805 2695
2736 5622 3196 1016 1778 2587 1507 5634 5369 5622 927 1086 1016 4337
1498 4056
1819 3339 4382 2193
1507 6506 3293 2313 5511 3264 1015 5819 3532 1088
2708 3886 3310 3241 2530 3199
1498
2736 1737 5744 260 1784 2525 3789 6817 2154 260
4056 1498 4053 1498 1498
4982 6803
4016
4029
6801
1361 261 1366
3547 4048 1742 3459 3052
424
4049
4048 6804 4783
2908 4030
2306 1345 4030
4049 424
3788 3813 5614 2704
5810 2530 2313
2908
6801 1677 1699 260 1685 1672 2306 260 1681 1699 1677 1683 1672
3784 3196 5715 3782 2194
3427 4323 4511 2608
2908
2273 2531 4016 1794 1652
6523
1346 1089 1348 1086 5810 2312 260 6096 5810 260 6104 2736 3822 2696 4048 5810 6801 3426 5810 2696 2312 6801 4048 5810 4048 1642 2694 6801
4016
3122 6199 4770
4049 424 424 4049
4016 2311
4040
1660 2578 3197 1700
2908
2325 1660
3128
4029
2694
929 1361 4049
4317 2529 4118 4526 5125 4429 2717 6542 5223 2531 3547 5306
1783 3195 5794
1089
1697 1695
1695 5477 2409 6738 6527 2702
3196 2261
2313 3840 6168
5809 4048 3192
3787 2589 2441
