1089 1015
6804 3459 3783
4016
3219 2158
650
3776
4029
4016 3548
3227
2881
4016 4029
4016
1498 3978 1498 3978 1498
2306 3229 3196 2313 5477 1507 1778 3549 3240 5218
4016
3811 2736 3427 6107 2704
3994
1089 1016 2189 3546
5495 2447 6558 1361
5678 3776
4030
1498 4016
2881 2125
6558 3256
3788 3813 2155
2881
2881 3426
1355 2736
4016
6504 1507 2275 2306 3196 3326
4770 4117 5454 5495 3196 2405 5214 2384
4030
5222 3789 5218 4789 3828 1737 6804 2189 3813 3788 2310
2908
1661 2403 2273
3266 3829
2269 2547
3821 5205 3789 3547
4030
4029
3830 3817
4029
2312
1498
4016
3978
4016
1498 4016 3330
4016
2310 596
2608 3788
2306 3326 5622 3194 1507 5215
1498
671 1695
5218 3219 2318 2663 5617 3188 3190
490 3258
4016
2745
2724 1507 2306 4217 2313
2318
4016
4016
2409 6558 2704 2193 3426
2168 3291 3195
1695 6208 2796 2715 1507 1661 5511
4016
698 1088 1354
5511
3787 3188 2704 3194
3776 2401 2424 2401
2313
6801
1498
4016
4049 1345
1655 2194 5622 4793 2159 2812 2312 1655 2312
260 3796 5500
4030
4016 2261 2881
4033
2881
2881 4030
2890
6525
4030
4029
5157 3426 4016
4016 3784
384 1782
1080 4049 1356 1507 3460 3459 4048 2716 2161 3459 3460 4048 1507 2715 3460 3459 4048
844
4030
3978 2881
2893
3789 2756 3381 5161 3122 1507 3185 4429 3473 6803 2270 2735 4421 3547 4766 3793 2623 4766 2270 1755 1748 3122 3473 2756 3788 6804 2269 4429 2623
6802 5348
5214 2206 6208
3191 3293 3788
4769 4048 2736
2885
4016
5478 6803 1498 4016
1345
2193 2736 2306
1358
1367 1348 1358 4049
4030 4030 4030 2881 4532 2859 4040 1507 4040 4040 4016 4040
2764 1642 5810 4048
4030
5819 3258 5696 1507 2334 2318 3601
4029
3822 2695 4783 2608 3789 3784
5622 3548 3427 3788
1345 4049
2901
4030
4016 2881
6089 4048 1685 6235 1683
3800 3859
1367
4048 2498 5516
4048 1655 4048 4048 1655
1655 3262 4048
6559 3788 2608 4048
3871 4048 3868 2185 2181 3870 4048
4030
260 3258
5478 3552 2261 3196 3553 2575 3194 3195
1356 424 4016 698
3194 3426 2851 6687 5502
3807 3427 3546 4048 260 4790 3548
2318 5511
2125
1695 1273 368 1812 669 1133 490
4030
2589
2881
2425 3182 3195 3185 3227
1660 3785 6687 5494 2736 4048
5369 1498 4053 4016 4036
4048 3190 1507 3546 2695
3244 4048 3829
424
5493 5847 5666 5493 2735 5493 3799 5798 3291 3799 5493
1498 4030 4016
2125
5676
4029
2908
260 5404 5493
3182
2313
1093 4049 424 1358
4029
2881
6526 6525 6746 5798
4029
5642
4016
1752
1786 5403
4040
4030
3788 3822 2808 2181 4016
4016
3123 5663 5478 1355 3427 2663 5798 3254
2908
1358 1473
3426 3327 1507 3785
5810 5405
1770
2792 3258
1346 424 4049 1092 424 1345 1092 4049
4030
1708 5538 2577 6559
2205 3192 4048 1361 4049 1088 1355 2194 4048 3191 1361 1088 1440 4049 4048 2228 3191 4049 1361 1355 1088 4163 4164 4048 3787 4049 1361 1088 1361 1088 4049 4048 3192 4164 4163
5794 4016
2736 2568 260 3806
4016
4030 4016
4016
4030
424 1346 1092 4049 1358
2385 260 6565 5744 260 2608 260 2491 3546
260 2587 5634 3783 5497 260 5877 2765 261 1366 260 4334 4625 2608 4334 3533 260 2608 260 1507 6523 260 4334 5614 1507 260 6523 2718
4040
2891
6559 1695
3339 5819
6504 1695 6197 2185 5343 490
2159 2595 260 1507 5610 4625 2261 260
260 6248 5794 5610 260 5744 2164 4766 2736 1941 260 260 1737 5782 2164
6221 6220
1507 260 2936 3532 2936 260 3532
5711 6096 5708 2663
2306
2893 4029
1357
4029
2773 1758 4048 5713
3978
3427
6099 2881 5218 6107 4016
6687 3784 5494 5478
4030
260 2159 2587 260 1778 5695 3789
2694 5494 2736 3787 3789
1695 1797 3323 1675 3427 5726 5348 5466 3427 3323 1507 396 2736
3195 4048 3196 3194 4048 3196 3195
3194 2527 3829 2312 2312 424 3342 844 2312 4525
5878 1498 5798
3788 3254 3195 4117
6687 3784 5494 1660 2261
2177 1753 5516 3459 3801 5514 3185
4030
4016
2168 3788 2704 2608 2491
6738
2736 2410 3426 260 1777 6801 6801 260 5363 6801 260 260 6801 6104 260 1507 6801 260 3356 3426 5363 2736 2694 3822 6801
424 1355
927 3182
2650
261 1348
4040
1366 3426
2306 5842 1507 3839 4793
6804 2716 3785
