5070 1551
4216 3388 3411
3598
5854
2234 5219
2957 3756 2510 2859 2951 5463 4988 2886 6032 2312 5829 2317 6032 2982 2886 5831 2312
5825 3621
5050
3612
3611
3598
1488
3598
3598 2552 3612
5807
2028 2851
3598
3489 1979 2036 310 5106 3465 2940 5825 1940 2025 5070 2032
3598 3612
5418 2969 2177 2528 2483 2464 2416 1965
2618
3598
3598
2618
3612
3612 3612
3598
1348 5456 1655
3375
3612
3565
3611 3611
2618
3598 2618
3621
983
3598 5562 3067 2070 2927 2884
3611
3611
5808
3611
3612 3611
3598
6032
1348
3598
5493
3621
3598 3612
3598
1500 5470
3621 2591
3612
3621
3629 5058
3598
3612
2904 3849 3888
3612
3598 3611
3598
4875
2618
3611 3616
3598
3598 1348
5432
3611
3612
3611
1530
3611
1548
3637 1348
3612
3598 3611 3587
3612
378 3693 1219
3612
3598 4795
3382
3611
3611
5441
2248 5932 2865 3405
2071 2416 2071 1639
2416 2396 4545
2178
2581 2579
2421 4890
3598
3598
4882 2028
3611 3587
5923
3621 3611
3598
3611
3612 2591 3598
3615
361
3622
3598
605 534 1127 1635 605 534 1635
3598
3612
1466 1655
2158 230 2232 2155
6004
3612
2596
5034
4742 4742 2982
365 1081 387 622
2594
3611
3611
2618
3612 2618
3611 2591 3556
3618
