5070 1551
2273 4882
3598
3598
3598
3611
3616 3612
1348 1348
1355 2916 1741 5189 2071
3611
2234 5219
5831 2312 6032 2982 2886 4337 5831 2870 5825 4867 2416 6032 2957 6032 2958 2982 2957 3756 2858 2951 2312 6032 2958 2864 5146 2693 4988 3173 6032 2858 2982 2416
5790 2982
3621
3612
3613
3611
3589
3598 3612
3612 3612
2591
1208 766
3598
3598
3611
3565
605
3598
2618 3621
5027
3598
3598 2552 3612
3611
5807
2028 2851 2858 2417 2028 2894 1741 2982
753
3612
3612 2618
3612
2618
5418 3892 2464 2950 1965
3598
3618
3612
3611
2611 2612
1567 2070
3598 3611
4857 2265
3598 3611
2979
3598 2509 1219 378
3612
1219 633 1208 1227
3612
5218 2068
2436 2064 5558 3395
4882 526
2591
3565
3611
3612 3598
2256
3611
3621 2618 3621
3611 3598
2591 3615
6103
3612
3598
2591
3612
3611
3615
2618 3618
3611
5808 5804 2203 2986
3598
3612 3611
3612 3598
1348 3565
1355 2029 3419 3107 2395 2517 3964 2994 1964 2979 3029 3172 2854 4252 6035 2357 3106
3565
3565
3612
3598
1348
3598
2892 2069 1529
3612
2618 2590
5493
3612
2618
3577
3611
3611
2603
3565
2591
3611
1348 3598
3612 3598
3612
3612
4980 3629
3598
311 3503
1348
3612 3612
3611 3611
3598
3611
3598
2591 2611
2618
3611 3616
1901
3598
3598
3612
3612
3611
3598
3621
1348
3611
3611
3598
3598
1548
3598
3637 1348
5416 3612 5530
3621
2064 1956 1348 2489 1542 3413
1926
3612
3611 3598
3612
4363
3611 3587
3621
3598
3611
3612
3612
3611
3611 3598
4880 4752 4756 3176 1548 3411
2591
2590
3621
2071 2416 2071 1639
3067
5932 1639
2178
2583 2611 2581 2618 1867 2612
3598
3598
3598
4882 2028
3176 2979 5932 5826 2020 4873 3389 2863
3587 3611
5923
3611
5884
3611
3612
3612 2591 3598
2593 2439 6032
3598
3611
1348
4097 3067
3621
2618 3621
3598
3612
3598
3598
3611
3598
534 1635 605 1921 4253 605 1645 1635 534
3598
2591
2591 3574 3611
5776
3590
3612 2090 3388 5932 4622
1466 1655 1655 1413 1466 1927 5071 1223 2919 1413 1413 1413 1655 1466
2195 1500
3565
4880 4880
2957
3611
6000 1570 3423
3611
3612
3615 1901 3565 3621 3612 3622 2618 2160 2239 3565
1348 2950 1940 4862 1931 2218
1348
3611
230 3177
3612
2596
5886
3611
1529 230
5034
3615
3611
3612
2910 5162 1627 1939 6035
3587
2594
3598
3565
3598 1348
2495 1939 3629 2306
3612 2618
3556
3618 3565
3395 2163 2344 2046 2076 3224
3612
2491 6049
3612
2612 2548 2611 2559
3618
3590
3611 3598 3587
3554
