2880
2746 1708 1775
4016
4029 4016
2904
4016
2882
4029
3978
4016
4016 3979
4016
4029 2882 4030 2908 2125
4016 4030 4029
4016
4016
4016
4005
1498
4016
4029
2908
4029
3331 5404
4016
2509
4016
2904
4029
4016
4030 4016
4016
4016
4029 4016
4016 4016
4034
2908 4532 2902
4016 4031
2911
4029
4030
4030
4029
4029
4029
2883
4016
4016
4029
1781
4016
4005 1498
4030
3978
4016
4016 4029 2904
2306 2904
4016 4016
2313 4030 3292 3196 4016
4016
2306
2911
4029
2837
4016
4016 4029
2904 4016
2904 4029
1498 4016
4016
4030 4016
4016 4030
3759 1708
4029
4030
4016 2904
4029 1498
2904
4016
3978
4029
4030
4030
2902 6121 4029 2845 1764 2261
4025
4016
4016 4035
1498
4016
4029
4016
4029
4016
2125
4030
2904
2904 4030
4016
5599 2857
4016
2908
4016
4016 4030
4030
4016
2904
4030 4036
1498
4016
1498
2904 2901
2882 4029
4016
4016
2125
2880 4016
4016
2125
4016 4030
4016
2125 4016
4030 3978
2904
4016 4016
4030 1498
3426 2812 2746
4016 1642
4016
5496 5502 1664 5494 6151
4029
3978
4030
4029
4016
6628 6682 2904
4016
4016
4029
4029
6592
4016
6114
4016 6595 4040 2838
2883 2125 1498
2883 5341 5002 5341
4030 4016
1498 2868 4016
4029 1498
4030
1498 4016
4030
5522 5879 4030
4029
4016
4031 3978
4030 3978
4040
4030 4016
4030
2306
4016 4016 4030
4016
4029
4016 5782 3310
4029
2904
4016
2746 2765
2838 4030 2901 4016 2085 6546 4435
4016
4029
4029
3969
4016
4030 4016
4041
5810 3427 2575
4031
4016
4029 4016 2908
4029
2904
2306 4016 3979
5879
4016
3978
1498
4034 4029
4016 4016 1498
3978
2901 4016 4040
2313 4016
6548
4029 1498
4016
2904 4016 4030 1498
4030
4016 4029
3774 2904 2746
4029 4016
4016
2904
2766 2482 4040 4016
4029
2883 3977
1801
2312 4031 3434 2746 5879
4016
2881
4016
4040
4016 2882
2509 2868 2509 2509 3427 2509 2509 3934 4166 3196
4016
4030
4016 2125
4029
4029
2312
4030
2904
2901
2125
4030
3978
4036
4029 4016 3978 4016 4016
4016
4030 4016 4029
4030
4029
2911
2911
6727 1640 3978
1498 2904
4016
2904
4030
4016
3985
4016 2125
4016
2904
4030 2125
4016
4016 4029
4030
4030
4016
4029
2904 4016
4030
4016
2772 4029 2765
4016
3978
4029
4030 4029
1675 1716
4016
4005 3978
6116
4030
4994 3381 4016 1782 2577 1782 1782 1758 3327 1782
2904 4016
2313 4016
4029
4016 2904
4030
4016
2313 4030 2883
2306
4030
2904 4030 4016
4029
1664 6147
4016 2908
6222
4029
4030
4030
2908
4016
2125 4016
4016
2904
4030
4033
2125 4016
4030
1498
4016
6149 5878 2509
4036 4030 2904
5671 5671
4016
4003
4016
4016
4030
4016
4016
4029
4030
4016
4016
4040
4030
1778 5397 2450
4029
4029
4016 3978
2746 2944 3934 6199 3291 2994 5798
4029 2883
4041
2306 5341 5879
2871 2869
4767 2424 2902
2902
1707 4016
4016
4029
3978
4016 2904
4029
4589
4016
4029
4016 2904
4016 4031 1498
4030
4016 4030
4016
2424 1642
4029
4030
2125
4029 4016
4030 4016
4016
4029
1498
4007
