1190 330
3565
3598 2581 2560
2591 1596
4023 4018 4028
5025 2289 2034 4633 2488
3598
3598
3611 3611
2158 2020 3611 1567
3565 3598
2591
3598 5356 4896
838 1348
1348
378 3565 3598
1901
1348 1348 1348
4275
2858 2951 2468 1622 1538 2468 5829 2951 2982 1622 5829
5825 2591 4046 3598 2076 1588 3598
5050
3611 3612
2064
3611
4961
3612
3611 3972 3611
3565
3612 3611
3612
3598
5826
5421
3598 2071 4795
3598
984 1216 916
2455 2455 766 2455
3565
3598
3611
3565
1942 4070
2317 2313 2317 2313
3611
2008 3656 1530 2601
2270 2507
3612
1487
3612
3598
3611
3598
1920
3611
3613
3612 3625
3617
2034 5932 2859 2028 2591 532 599 1532 605 2591 1413 2919 636
3598
3598
3598 2510 1222 5826
3612
2591
1496 2034
1952 1956 5825 5058
2872 2904 2434 2903
3616
5418 5985 1921 1930 2464 5527 2136 2463 5415 2037 3598 2463 5527 2076 2426 1921 2037 2762
3611
3612
6051
1534
3612
3543
2193
3611
3565
3107 3107
3612
2901 3828 1543 5826 4795 1355 1542 2463
4859 5219 3598 3598
3611
3612 3598
3598
6025
5510
3612
3598 2550
2591 3621
3617 5793
2591 3565 3612
1498
3612
3565
1567
1530 1413 1639
2591
3611
5218 3629 4278 4795
3598
3565 2596
2256 3598 2256
2593 3598
3598 3598
3611
2028
5884
3068
3617
5435 3611 3350
4545 2071
2591
3621 2591 3598
3611
3598
330 593 1646
3613
3612 2591 3621
3612
3611
3614
2550 4858
3612
2109 5166
1348
2796
3611
5803
3598 3612 3598
3611
2593
2316 2073
2064
3611
3613
3621
3613 3613
5056 4660 3029 2029
3612 3598 3598
3598
3612
3598
3612
3598
2071
3611 3611
3611
3598 3612 1901
3618
2437
3612
3622
3598 3612 1901
3612
3598
3611
3612
3613
3611
3598 3598 3598 1503
3598
3598
5090 5090
3611
3598 3565
5482 5826 4756
3598
3598
3621
3614
3356 2567 2569 3621
3618
3612
5218
3598 3598 3598 3598 3598 3598
3630 764 378
5157 2322 2320 2322 2320 2322 5157 2320
4819 5883
1646
1355 2509 5927 2313 1567 2162
3598
3612
3598
4039
3097 5932 4583
3598
3598
3621
3598
3598 3598 3611
3598 3611
3598
3598
3598
3612
2618 2618 3621
3598
5794 5219
3565
3598
3611
3612
3612
3611
3097 2455 2438 1355 1551 3419 3389
739 3188 2029 4743 3171 1920
3068
3598 3598 3598
3611
2025
2591
3612
3598
1952 4986 2071
3612
3589
5416 3612 1520
2552 2611
3621
3590
3612
3611 3611 3598
3611
5529
3617
753
636
3611
3598
3611
3612
2459 311
5979 5792
3612
3598
1939 2863 3693 2426 3390
1348
5793 3598 5793
3611
3598
3598
3612
3611
2155 2158 2156 2232
3612
3612 2590
3598
3335
2071 1348 2028
5998 2416 1639 2071 5794
3613
3598
5154
1348
1548 1348 1548 6034 4793 3067 2238
6034
3598
3611
3611 3611
3419 2273 2885
534 2651 5218 606 1530 1530 2891 603 1530 606 525
1645 1530
2070
5794
3598 3598 3598 3598 3598 3598
3598
4806
3565
3612
2591
3598 2591
3565
1530 1413 1639 593
3605
2591 2612
3611
2591 3621
3587
3611
2966 2965 2966 3756
3598
3598 3612 2593
3612 3598
3612
3611
5219
3598
3612
2326 3393
3541
3598
3598
3598
3598
3598 3612
2591 3611
1355 5778 2952 2071 4890 2925 915 5166 3157 983
2322 1927 4761 1496 4762 2455 4875 1500
2509 5994 1348
534 1635 605 1645
3612
3598
3598
3598
3611
2313 2317 3590 1921
3598
3612 2591 1867 2611
2916 1413 2025 2916 1025 2916 1413 1413 1413 5181 5181 1025 2864 2916 3848 5189 5928 1025 1655 1466
2180 230 2232 2155 230 3629 4045 2155 3629
3611
3611
5157
5007 2318
3173 5189 5181 3435
3634
2590 3571
3611
4837 2982 2507 1933 2463
593 1646 1637 3630 378
1348 1348
3067 3469 4619
1576
3629 5166 2892
3598 3567
3598
3612
3598
3598
3612
3598
3611 2618
3885 6035 1551 6035 4129
5058
3067 1935 5518 5505 3157
3612
2591
1348
3611
3612
2618
3598
3598
5886 3892 4095 3974 4999 2562 1867 2611
3611 3598
2591 5910
2885 2028
3598 3598
3612
3598 3611
840 1222 3630
3870 2272 3693 4046 4545 3970 2438 5809 4636 2274 3171 4708
3598
3612 3598
3612
2603
3598
1348 3637
1530 4857 2162 5978 5794 2424
3618
3611
3393 2325 2193
3598
3612
3612
