4881
361
3611
5426 1500
1655 394 1529
3226 5219 1622 1622 3611 5146 1622 1995 4793 1622 5793 5166 1622 1622
3611
1348 1348 1348 1348
2481 2416 378 2069
6032 2963 3068 3756 2958 2955 2962 2951 2964 5927 6032 6032 5927 2322 2858 2958 2957 6032 5927 6032 2958 2281 5146 2964
2591 4046
3611
3577 3598 3612 3598
3611
3598
3565 3612 2593
3611 3611
2919 2855 2916 4985 4983 4986 2508 2849
3612
3618
1530 1639 435 605
3611
3598
2591
1901 1901 3611
3611
725
1920
2114 2115
3598
5784 3395 1355
3176 3177 2921 2916 2036 3067
3612
3611
3611
2950 5058 3068
3612
3612
4060
3612
3611
6049
3615
3598 1606
1355 3773 2083
2591
3612 1348 1348
3611
3612
1901
3615
3612
3612
3611
2325 1355 6025 4629 2884 3096 2883 3395
361
3565
3621
3598
3612
1867 4344 3598
3612 3598
3622
3565
1655 5456 1567
3611
3612
2591
3589
3598
5418
5424 5415
3614
3598
3565
1348 1348
3598
3612
2509 4899 2510
3611
3598 3598
3555
5826 2919 3437 2920 3437 2916 3436 2069 3402 2090 3436 5826 2509 1355
3611
3598
3598
3611
2590
2916 5501 3068 2849 5191 5531
3598 3598 5927
3029 1355 4252 3970 2357 5776 3106 2028 3394 2029 2474 6035 3383 2802 6053 3385 2578 2802 2474 3394 2029 5111 2028 5776 1984 2357 2239
2979
3598
1901
3598 5825
3612 3598
3612
3612
3565
2071 1520 2071 2919 2139 4545 3177 2416 3611 1355 2309 3177 3008 4545 5558 2139 2434
1497 3389
3611
3611
3565
5066 1646
3613
4250
3612
3598
3611
3612
3765
3565
4881 2162 2508 5826 4901
3612
3611
3598
311 6329
3616 3611
3611
3598
3611
3611
3598
3611
610 3630
2618 1901
3611
3612
3565
3598
3598
3612
3612
3621
1901
3598
3598
3598
2921 2919 2510 2068
3611
3615
2366 3570
3611 3611
3612
2416
2591
753
1637 2646
3612
3614
3611
2510 6048 4624
3612
3611 3611 3598
3579
3611
5065
1611 345
3612 2593
3598
3612
1503 1503
3598
2232 1481 2070
3543
3598
3612 3612 3612
3598
2579
3598 2028
2618 3612
1478 1523
2314
5470
3611
1575
3614
2232 4858
1466 6034
3611
2966 2965 2966
5533 2180
2591 3612
3612
3598
3388 3387 2437
3598
3621 2030 4131
3613
3615
3612
5157
3612
3579
5967
1192 350 605 1635
3598
3612
3598 3598
3427 3840 2997
1901
2560 2612 3590 3384 3590 2455
331 2965
3612 3391 3459 5006
3598 2859
3611
3598
2581
3612
3621
3611
5434
3598
3611
4546 2916
1901
526 3630 1529 1469 609 608 3630 526 1637 3630 626 608 1637 609 3630
3565 2593
1901
1488 3370
3612
3611
1480
3567
1995 1995
2591
3613
3598
3611
3621
3612
1348
3618
603 1530
3612
3611
3335
3598
3611
3612
