2746 1708 1775
1477 1444 1476 1483
4016
4030
2882
2883
3189 3299 6801 3292 3298 3197 6801 3195 3296 3299 3327 4191 3298 2586 6801 3195 2156 2571 2694 6565 2571 6153 2156 6801 5798 3327 3299 3197 2571 3292 3189 3298 6801 3195 6565
2403 2450 2312 2447 1742
5499 2707 3932 6817 2306
2904
2893
4029
4016 4643
2312
1358 927
4030
4016 4029
2904
4016
4016
4016
3738
2424 5405 2410 2530 6632
4029
4030
4003
3460 1936 1654 3776 2498 3218 3552
2883
2904
2904
2904
4030
4029
1729 6138 5810 5713
590 590
2904 4029 4003
1498
4029
2231
2884 2125
4116 2713
4030 1498
4016
1812
4016 1642
1498
1748 1741 4030 6099
4032
4029
1805 1572
2125
4337 3556 5207 5125 2384 6263 2306 4163 6251 5125 5698 4164 2663 5503 3548 2384
4030
4029
4030
2883
2695 5478 3208
2901
4016
4048 4048 3195
4118 4123 4048
6248
2405
1819 6500
3978
2313 4016
4030
3774 2904 2746
2911
4003
4030
2904 4029
4029
5614 3427
1625 2842 4030
4016
4040
4429 5214 6738 3830
4030
4035
1695
4016
1694
2759
2901
2125
5496 2904 4016
4029
4029
2794 3805 6559
5713 6632 5671
2904 4016
4040 2883
5404
4016
4016
2904 3978
6230 6218 4048 5614 5620 4048 4210 4234 5620 4048 2193 2228 2194 5620 4234 2193 4210 4048 2261 4048 4048 2312
5502 2882
4016
4016
4016 4030
4016
4016
4942
1729 1812 6687 596
2410 2306 4016 6153 1498
4029
4029
2269 6114 3978
4029
4191 3307 3298
1664 6147
4016
3978
1089 1016 1088
4034
4016
2852
4029
3189 3189 6199 3131 3189 3748
4029
1579 1572 1579 593 1572 3254 1579 1810 2152 1572 3254
2904
4030
4030
4029
2746 2944 3934 6199 3291 2994 5798
675 1572
4041
4030
4767 2424 2902
4016
4016 2904
4029
2883
4029
4030 1812 389
4030
6803 4034 4035
4036
4029
2883
4029
2904
4007
