3859
1498 4016 1498
4029
2194 2312 3564
1498
4016 1498 1498
1498
2884
3978 1579 1694
2883
4016
1498 1498 594 1572 1498 1498
1695 5203 6189 2181 5696 2311 1819 5205 6189 5205 2181
1695 672 588 1133 2312 1695 1810
1498 1498 1498 1498 1498
338 368 389
5478
3298
4029
703 1660 5502 5819 488
4029
1498 1498 1498
2312 5714
4030 1815 665 1810
1716 3931 3196
1498 3978 3978 1498 3978 1498
2312
2884
4016
4030 4030
1498
1770 1769
2084
1810
1498 1498
2911
4029
4029
2125
1498
2883
2883
4030 2313
6225
3978
4029
1695 1675 384 1782 384 1782 6559 384 2280 2440 1782 2441
4029
4031
4029
1498 1498 1498 1498 1498 1498
2904 2313
1805 5662 657 1810
2884 4029
3978
2883
4030
4557 2306 6189 4016 5205
703 1498 1498
2694 2736 2155 3787 5494 1507 2572
2852 2902
2883
2859
2125
4030
2904 6541 4030 4016
2883
1498 1498 1498
1695
4041
4030
4016
4040
4016
4029
1498 1498 4016
4770 5369 3218 3229 2155
1770 1764 1770 1764
4016 2312 2904 1498
1828 1626 1828 1626
5713
1498 1498 1498 1498 6118 1498 1498
2091 2884
5713 4341
6563 6568
2883
4040 2091
4003
4030
2844 2841
6194 4335
4029
1498 1498
4692 4016
4030
2883 6160
2904
2883
3978 3978
4384 2904
2313 4029
702 1812 493 1812 493 1812 2904 493 1812
4005
6682 2154 1660
1758 5879
3254 1714 2207
703 671 594 495 659
2884 2904 4016 2480
2904 2901 4029
671 500 3866 665 669 1815 1695
5715 5218 3426
4016 2313
2904
4016
6166 5496
4016 3978
1828 4429 6687 3789
4016
4029
1498
4029
2709 3427
4118 1717 1810 3254
2883 4030
4016
2883
6249 5695 3601 4016 3189 2695 1507 6504 6559
2307
4985
2269 5663 5642 4557
3333 588 3333
4030
3553 2663 2522 4202
2883
702 2792 3290
4016 2911
4003
1498 1498 4016 4363 1498 4053
2792
596 1572 657
5809 588
4016
5879 3427
2883
1498
2883 2126
2794 3805 6189 6559 6624 1507 2736 4783
4030 2884
1498 1498 1498 1498 3978 1498
3978
3991
1498 1498
1498 1498 1498 1498 1667 381 1498
1498 1498
2312 4040 2904
4029
2884
4029
4016
1498
5174 2269 3870
3978
4016
3978
1729 1498
1498 1498 1498 1498 1498
4030
5877 2336 3556 1507 5634 4625 2663 6196 2663 6250 5634 2313 5619 4164 2384 5125 2194
4029 2883
1498 1498
4029
2312
5798 4289 4286
4005
3767
3978
4016
1498 1498 1498
1579 2736 379 1638 2736
4029
2884 2883
2904
5348 2189 2904
1748 2405 1753 2410
4016
4030
2848 2091 2858
4029
4016
4029
5218
4029
4029
2313 5511
4016 3978
1498 4348
3548 3831 6559 3840
1507 2270 3190 3867 2185
588 5676 5820 5676 588 671 346
2838 2091 4030
260 5610 260 5610 4525 260 260 5204 5205 5617 5620 5619 4317 260 2181 260 3560 260
4016 5086 2736
2883
1819 6500
4029
4401
2425 2410
2883 2860 2084 2844 4030
4033
4032
2883
6515 4365
4029
1649 1683 4767 4770
4016
1579
5222
4016
4040
2125 2883
2883
703 1695
4035
5500 5504
2790 3427 3182 3674 3185
1498
2883 6536
4030
3777 3775
5157 2695 5165 5348 2534
4030
1498 1498 1498 1498 1498
3606 1716 6687 2577 2694
1498 1498
1498 1498 2376
4029
4030 5877 1716
4016
1695 590 490 591
3552 2306 3203 6822
4029
4029
2409
4029
4029
6801 5789
4029 2156
3978
1498 1498 1498 1498 1498
6153
4040 2883
4029
1498 1498 1498 1498 1498
4889
6809
6133
1579
4029
2884 2584
2904
1498
2126
5671 3788 1507 3196 3810 3789 1812 703 5671 669 1810
3427 1705 1654
1934 3196
4040
2882
6173 3565 260
1695
2860 2857 3747 2864
2694 3810 3810 2694 3426 1579 703
4029 4016 3978
1498
3627 3196
3978 2883
1579 1812
4030
4016
5794 2736 5404 3955 2736 2585 2736 4387 5794
2884
2694
4029 2871 2858 2085 2849
2883
594 346
2883
703 1498 1579 814 1498 1498
5689
5692
2884
1819
4029
4030
2883
2589 490 4317
4016 1498 1498 1498
4030
2759 3785 2590 3548
4029
1819 1579 2261 6818
2883
2883
2883 4030
4029 5002 4992 4029 3074 3427
2883
4029
1498 4016 1498 1498 703 1579 1498 1498 1498
4029
3427
3298
4005
1094
4031
4030
260 3258 5620
4033
4029
4030
3807 5614 5203
260 2972 3807 3427 260 3435 5671 5204
1792 6251 260 6189
1695
2623 260 2193 4317 2193 260 4317
1498
2883
3426
4040
4030
4029
6118
4030
4039
260 3471 4323
3993
2883 4030
1812 2904 2883
596 671
6657 5845
596 675 1694 260
1498
2408 2480
4016 2883
4030
4030
4016
5635 3203 2167 2211
1572 2152 703 1572 1133 2152 1572 1572 1579
4040
1819 669 593 1572
2883
2883
2883
4016
1793
1088
1778 2773 2205
1498 1498 1498 1498 1498
4030
4029
3978
1673 5405 6221
3835 2694 3839 2173 2608 3789 3840
2883
4030
4007
4029
4030
4030
3978
1498
4029
1498 1498 1498 1498 1498
1498 1498 1498 1498 1498
5794 260
2871
3787 5478 1717 3218 3219 4118 3217
5404 2309
2384
4016
4029
6793
593 6818 4429 3426
2883
1498 1498 1498 1498
4078
1648 3627
2853
6817 2522
2312 1819
4030 2883
4029
2736 2756
1695 674 596 2704 1807 660 1498 649 1498
4029
2578 3839 6812 3805 3801
588 1695 657
1498 1498 1498
1498 1498
3547 6189 1675 6189 4016 5394
1498 1498 1498
3978
4030
1660 1742 5671 5496
