2578 3197
1498 1498 1498 1498 1498 1498 1498
4016
4016
2155
2917 2871
2125
3978
4029
3189 3292 4180 6801 4181 3122 3426 3299 6801 5798 6801 3292 3298 3426 3305 6801 3292 3189 3299 5798 3197 5417 2589 3122 5708 4180
1498 1498 1498 1498 1498 1498
4029
1695 1695 6818 1936 4035 1819 1695 5395 3437 1695 2313 1819
4016
2091 2838 2863
3196
1572 1812 671 659
2578 2572
4016
4053 4365
2979 3547 3547 2705
3978
4016
4016
6089 5877 5522
4029
3978
2881
2881
1716
1498 1498 1498 1498 1498 4053 4016
4030
2881
4034 4035
4029 2881
4029 4016
4016 4030
4016
4030
4283 3298 4181
4003 4029
4016
4016 3978 4016 4053
2881
1498
2881 3978 3197
4007 2883 4016
4016
2881
3278
4016
3978
4029 2881
2881
5879 5879
2857 2847 2848
4016
5798 2881 3298 5810 4053
4029
3259 3196
3955
1673 2269 6166 6166 6217 5820 4331 2306 2410
2589 3324 2159 1733 3324 2589 1742
4030
4030
4029
5369
4030
4029
1498
4029
3196
4030
4016
4029
4016 1498
4030
1498 1498 1498 1498 1498 1498 1498
4029
4030
1498 3979
4030
1812 3189 3548
4016
4016
5496
4016 4016
2881 1498
3969
1752
3978
4030
1498
4016
1498 1498 1498
4030
4029
1498
4016 4016
4029
4016
4029
4030
4016
4016 4040
4029
3978 2881
1498
4016
4029
4033
4016 4016
2881
4036
4040
1498
1660
1498
4031
2881 4030
2126
6114
2881 4030
1729
5820 1660
4040
6559 3195 3199 3292
4016
2881
2589 3227 5726 3254 4284 3196 2812
3978 2881
1812 671 1133 3181
4016 4053
4030
3978
4029
2881
4016
2790 2154 5491 3122 2623 1729 4016 1683 4698
3978
4030
4030 3978 4030
3978
2269
2887
4030
4016
4029
2886
4030
3189 4117 3190
5401
4030
384 1782
3978 1498
3991
4040 4016
4016
4016
4016
4016
4030
4016
4029
4030 3978
4029
4016
4030 2883
1699
4016
596 702 675
4016
1498
4016
4016 4016
702 2794 2792 1805 2792
1498 1498
4016
4016
4029
3324 5501 5503 5503 5798 5501
