1498
4030
1498
1498 1498
1498
2884
4030
1498 1498
1694
692 2156 692 1694
2125
1498 4016 1498
1819 1819 2181 1819 5205
4532 4030
1498 1498
1498 1498 1498 1498 1498 1498
1685 3180 2313
1498 1498 1498 1498 1498
4040
4030
4029
4029
4029
2883
5343 3807 5635
2263 5214 3817 5635 5842 1507
1498
3196
4030
4030
4040
4029
2883 4040
2125
2125 4035 2891
4032
1812 1695
2263 2313
2313 4784 1507 1754 6263
6541
1498 1498 1498 1498
1818
2125 490 3093 1714
5836 3254 2266 5878
4029
4030
3295
1652 3427
4030
1498 1498 1498 1498 1498 1498
3785
4030
1498
4118 6173 3788 3426 3548 4036
4030
1770 1764 1770
4029
4029
4029
1498 1498 1498 1498
4016
4030
1714 2881 1714
4030
4029
4029
4040
4030 4557 4288 5836 3246 2313 4280 3327 3244
2313 5877
3978
4029
2746 1695 2746 2205
4030
1498 1498 1498
4029
4030
2883 4005
4030
3978 3978
3978
4030
4191
1812
4033
4030
1498 1498 1498 1498 1498
2125 2881
4029
4030
346 2313 3258 3260
3549 3227 6801 2704
4031
4029
2883
4031
6559 3814 2802 2593 3807 2802 3240 3241
1498
4030
4016 2125
3978
4029
4557
596 1717 4784 4557
1695
4029
4016
4040 2883 6548 6117 2902
5395 5493 3182 2158 2164 3258 5462 3180
1819 1845
2294 4203 4117 3807 3789 3190 1507
4029
4029
4016 3978
1498 1498 1498 1498 1498 1498
4203 4557
4029
3978
2246
3994
5810 6801
2715 2932
3978 2890
3978 2883
1498
4030 4016
1498
2883
3978
1498 1498
1498 1498 1498 1498 1498 1498 1498
1498 1498 1498 1498
3978
4191
1498
3978
2405 5477
4030
2441 6808 1695 6166 2313
3324 2306 1507 3788 4286 2578 2156
4031
1792
1498 1498 1498 1498 1498 1498
5214 2311 3807 1694
4030
4016 4030
4016
1498 1498 1498 1498
4030
2270 3839 2717 2595
4029
1498
5495 2881 5635 3460 4480
4030
4030
4040
4029
1498
4029
2883
4029
659 5642 4557 1810 664 2185 5620 2181 586 488 1810
591 5676
3967 3978
6547 2883
2194 3190 2794
2883
4030
667 587 4049
4048 4340 4340 4048 4340 4048 4048 4340 4048 1792 1784
4040
3978
4030
1498
4029 3978
4122 4784 2591 2174
4029
4030
1672 1638
3978 4029
1729 2667 6591 1810
4030
3356
4030
1498 1498
3978
4030
4048 5798 5798 5483 4048 4048 3796
1498 1498 1498 1498
1498 1498 1498 1498
4040
2273
4029
2868
2695 1675 2353 1716 2713
4029
2882 4030
1733
4029
1782 5215 384
4030
2837
4870
5677 2076 3785 3796
4030
2883
2261 4048 4202 4783
1133 2696
4029
4032
4030
3974
4029
1498 1498 1498
1498 1498 1498 1498 1498
4030
1498
4029
6801
4040
5798 1667 3227
4016
1694
1626
4029
1498 1498
5879 1660 2194 1731
4030
4191 3306
4030
2881
2881
3978
1812 6179 1805
2269 5358
4203 672
4030
4003
4030
4030
1498 1498
3973
4034
4030
4030
4030
3244
4030
1498 1498 1498
5388
6804
4030
2883
4030
1640 5810 2306 6801 4048 1640 2983 2306 4048 5810
4030
384 1695 1782
1714 5363 2736 3784
5478 5207 5713
2883 4030
4030 2883
3807 2269
1695
4030
4040
4030
5478 2440
1694
3978 4030
2169 4048
6802 6099
4030
4048 2724 2269
1498
1717
1626 593 1572 1828
2277 2277
4016 2125
1498 1498 1498 1498 1498 1498
4030
4048 2589 2266 4048 2759 5713 2266 1507 4048 5619 5713 4048 2762 4048 5713 5619 2759 4048 2266 5617
4029
4029
6804 2427 2427 6804
4040
674 692 4049
4029
4016
4048 1758 2273 3796 4048 5477 2313 3806
1733 6682
4030
1498 1498 3379 386 1498 1498 1498 1498
1498
1498 1498 1498 1498 1498 1498 4053 1498
1498 1498 1498
4048 1793
4029
4029
6149
1498 1498 1498
3427 4784
4349
4049 588 657
1498 1498 1498
6804 1675 6189
1498 1498 1498
2883
