5478 5494 6687 2261 3783 3196 5634 5348
1358 657 488
2384 2983 3122 5088 4790
2979 5214 6687 3783 1775 4312 6251 5798 2225 3784 1507 4164 2694 3785
2881
2206 2724 3258 4163
3189 2410 4784
2881
6527 3810 2708
1498 4056
4163 1714 3783 6687
4029
4030
5062 3180
6525
2589 4525 424
2881
6687 3789 3817 3784
2269 2326 4766 3381 5758 4359 2623 2403 2484 3122 4398 2794 4421 6804 1507
5218 3785 3859 2713
4930 1777 1744 2715 4429
2181 3190 3189 2704
927
4117 3789 4118 3813 6558 5160
3199 4202 2261 3191 4341 5204 1507 3459
3258 3254 3219
2185 6559 5356 2152 5183 1752 1507 3807 5635 2312 1661 3229
3796 2313 5522
3784 2736 5496
3426 424
2261
3979 2736
4016 2893
3991
4031
5495 2159
4286 6527 3258 3260 5215 3260
649 669 692 656 1695 495
3240 2724 6559 2717 5619 3785
1819 1805
2759 2168 2994
1015 1498
4016
4016
4016
2148
4016 3426
2403 5495 3955
4049 1440 1477 4049 1695 1695 676 408 688 432 424 4049 424 4049
2881
4029
3776 2312
1440 1088 424 929 1089
4784 1714 2715
1695 6558 3427
2736 3264 2704 3553 4784 3190 3194
3196 4118 3800
4016 2881
6758 5690 3759 6524 2575
4016 3788 5877 6559 2577
6104 4118
488 1572
5676 5511 5504 5514 2575
4163 2694 4048 3787 5877 3342 5713 5356 4048 5356 4048
5798 1355
4040
2313 6756
590 3764 3760
4029
4016
6803 2594
2881
5878 1636 6803 2575
5882
4016
6527 3818 6746 5511 3194 6739
2589 2577
4056 1498
3435 4048 2194 3227 4048 6756
4029
424 4049
6624 5713 3427 2572
3460 4048 3459
5093 1088
3978
5878 3813 5662 3788 6803
2270
3460 4180 4284
3327 6804 1758
4040 4016
4030
1498
3262 3218 5820
4016
1348 5617 3552 5847 1345 1358
2318 3787
3899
5522 3220
4040 4030 4040 4030 4040
2893
4030
2838 2840
2881 4029 4016
3260 4784 2310 6504 5404 2589 2796 4335
4033
5453 5395
1088
3219 3189
6739
6194
4048 3324
927 424
6908
842 424 4049
1708 5619 4048 2312
1367 4049
4048 5713 1507
4029
4029
2663
4048 2589
3324 5671
3195 2998 5683
3471
4029
4048 3784 3427
5697 2527
4030
3807
1355
2893
4123 4720
3812 2575 2266 6758
6801
4049 424 1093 4049 424 1093 1089 1089 4049 1093 424 424 4049 1093 4049 1361 1093 1660 4048
3189 3784 2424
4783 4286
5794 4048 5714 4049 1367 4048 5477 5714
1366 4049
4029 4030
1742 3427 4048 4298 4048 2312 4048 3244 2756 2313 5695 4048 4317
5714 4770
5690 3238
7070
3784 2189 2185 2194
3782 5369 4118 3195 3052 2409 2765 1507 3787 2943 3784
2881 4557 5125 2195 1507 5798 2713
6149 3427 6739 5879 1714 3839
3782 5204 3196 5205 2663 3254 5810 5713 1507
488 1133 1695
2266 5344 5356 4286 1507 5676 5640
2608 2261 3805 5622 3788 3196 5478 3226
4933
2151 1507 2759 3147 3146 2306 3153 3326
2881 2125
3978
5716 3799 5205 6687 3194 3196 5204 1507 5622
4049 1345 699
2195 3866 3427
2193 3759 1498 1777 5369
3427 1361
5204 5619
2231 6739 2266
4030
4049 1346 1361 1094
5222
424 4049
6793
4163 4164 3191 4048 1088 1358 4049 424 2205 3191 4048 1361 1088 1355 4049 4163 4048 3191 4164 4163 4164 4048 3191 1440 424 1088 4049 3191 2228 4048 1358 1088 424 4049 1088 4049 424 1355 1440 4049 1088 424 4049 1088 4164 3191 4048 2228
1087 1358
4049
424 396 6802
2600
6527 6526
4048 6801 2164 5610 1507 2313
4173
2893
4048 2704 4048 2704 2736
3979
1361 1345
2888
6189 4048 4334 4048 2275 2275 4048 4048 2718 2161 2778 3426 2608 4048
5744 5794 4793 2410 4123
2169
2694 2593
1753 4766 4048 2313
1498
1015 1089 6559
4049 1440
2371 6804
2312 4048 5698 3195
3978
3190 4164 6804 4048
1786 1655 1661 4048 6166
1498 4056
3342
2125
4048 3565 3552 2261 3780
3185 2313 3195
929
4122 3227
4030
6527 2409
6149 5404
4049 424 4048 2156 424 4049
2736 3219 4123
3902
3603 4048 1507 3258 2277
1695
4030 6147
3817
6756
3775 3793 3869
