1498 1498 1498
2736 3194 3792 2764
1498 4298 1782
1498 1498 1498 1498 1498 1498 1498 1498
1498 1498 1498
1498 1498 1498 1498 2736 587
3240 2313 591 5511 692
1498 1498 1498 1498
4030
6559 2181 2759 5205
1810
4029
4029
1941
4029
4029
1498 4016 1498 1498 1729 1498 1498 1498
4030
4040
1498
1498 1498 1498 1498
4029
2883
4030
596
2904 4029 4016
1498 1498 1498
4029
1695
1572 1805 488 1133
4030
1498 1498
5689
1810
4030
2490
3427 3782
4029
2261 1673 3219 1507 5713 2663 4016
4030 2125
2957 2572
6225 3180 4557
1972 384 1782 5344 2529 384 1819 3801 1782 1972
4031
1498 1498 1498 1828 1626 1498 1828 1626 1498
660 1810 702 1807 669 660 1805 1810 1807
1819 4770
3806
1498 4029
4029
3189 2589 4202 2196 4340 591 2663 6248 2590 4337 2663 5218 1936 4338 5819 2589 3219 4284
1498 3978 1498 1498
2650 4375
4030
4040
4030
4030
488 594
4016 4040
4003
1498
3215 1652
2908
1695 665
2840 6547
1498 3377 388 1498 1498 1498 1498 1498
3426 3821 3805
6147
1498 1498
2881
3978 2908
1769 4041 1765 1769
4030
5478 3788 3807
4016 1498 2821
2883
1498 1498 1498 1498 1498
2908
1498 4016 4016
4030
1498
1498
4532 2908
4003 4003 4003
3015 2586 3247 4557 1748
1498 1498 1498
2125
4030
1498 1498
2893
5680 3805
4029
5464
492 586
1498 1498 1498 1498
4005
1695 665 492
2908
5478 2168
2228 5711
4029
4030 3967
4030
4030
3868 2313 3254
4286 5478 4118 2441 1507 3218
3817 4117 1819 3806 4558 4202 4203
2881
4030
5810 1498 6138 1828
5218 2306 5836
4030
3254 5478
1498
1498 4016 4016 1498
2908
4770 2171 5504 4783 4122 6500 3182 2801 6249 6166 5251 3180 3254 3258 2546 2534 3605 3185 2530 4557
2719 5695 3190 6559 2490 1755 6570
3978 3974
1694
5798 3788 5504 4118
4029
5708 5798 3408 2917
1498
1498 1498 1828 1498 1498 1498
2792 3219 3916 6149 2306 5522 2306
5819 490 593 3605
3978
4040 1498 488 1812
4032
1498
4016 3978 2908
1498
1498 1498
1498 1498
1498 1498 1498 1498 1498
2318 5622 4202
3978
2908
4033
1818
4029 2882 1498 1660
1498 1498 1498 1498 1498 1498
4030
3426 3298
5698 2667 6173 5665 5125 1507 2663 4337 3553 3556 2988
1694
2822
1819 671
1707
1498 1498
2125
6687 1778
4030
4040
3785 5798 2696
4029
4005
2908 2821
1498
4033
2883 3991 4029
6250 5214 1507 5478 5215
4030
4029
4030
4029
4029
4040 2881
5620 1507 5478 6194 6173 2311 5714
4029
5744 2410 2530
4040
4029
4029
2908
3978
5820 5676 2792 5676 3789 3868
3240 4293 4337
6188 5369 4033 3195 4340
2908
260 6793 6822 6817 6817 260 6822 260 6793 2944 6822 260 6817 6822 260 2577 6793 260 6817 6822 260 6793 260 6817
1753 4985
4030
4029
5514 5504
5622
3254 2313
2958 3427
3866 2306 594 1089 1355
1498
3978
4029
3991 2908
4029
1498
4030 4016
1819 4040
4056 1498
4029
1498
1783 2403
2736 6559 260 260 6225 260
1498 1498 1498 1498
1498
4029
3948 3947
1729
1498 1498
4016
2908
1498 1828 1498
1498
1498 4016
493 1695 671
5716 2792 2174
2883 4029
2908 4030
4029
4033
4030
3978
2908
4029
1498
4029
4029
2125
3978
3978
2880
4029
2125
4030
593 1807 672
1498 1498 1498 1498 1498
2857 2850 2838
3805 3196
4029
1498 1498 1498 1498 1498
6806
1694 2936
6817 1683 260 2595 260 6818 6817 2595 6817 260 4016 2595 3806 260 2792 3229 5711 260
2822
5708
2880 4029
4030
4034 4035
1498 1498 1498
3978 2908
6726
2694 2669 5125
1498
4030
4016
2736 3195
3460 3459 5716 3787 2173 3326
3978
2871 2869
6803
4030
2699 5511
1498 1626 1498 1498 1498
5692 5692
1819 1819
3195 6804 5794 4118 3806
4030
1498 1498 1498
5218 1498
6250 5395 2313
4029
4032
5810 3244 6803 5810 5810 6803 5810 6804
4030
2908 4040
1498 1498 1498
3978
5176 1819
6801 1626
5165 3869 5165 3869
5394
4030
4030
2908
4029 4016
4029
1626 1825 260 1572 593 1572 593 1825
2908
1498 1498
1677
2908
4033
2908
4030
4030
593 5165
2880
5842 5843 5843 5842
4029
671 1807 671 596 1246 1807 671 596 1807
3291 6099
4030
1810 671
4016
1498 1498 1498 1498
1572 593 2152 1572 1626 2266 593 1572 1626
2883
2482 2405 260 2545 2405 260 2482 2402
2908
5698 5493
6802 4525 3196
1498 1498 1498 1498
5678
1498 1498
2736
2427
4040
586 657 594
5810
1498 1498 1498
1498
4029
1498
1498 1498
4029
1784 1677
1498 1498 1498 1498 1498 1498
4005
1498
5878 5794
4029
2384 260 1088 1366
2490 593 1729
4031
4016
4029
1498 1498 1498
2908
4053
4030
2263 1654
3328
1786 6506 5356 5709 2193 1778 2168 2531 2403 2883 1661 5511 6506 2482 5493 2410 6624 1507
4030
1498
4039
4016
4030
1498
5394
1675 6189 2306 4040 1675 5671 6189
1498 1498 1498 1498
3985
5502 5522
6803
2227
1498
3978
5683 2403
