3598
1348 1348
3612 3565
5578 5418
3611
3591 3591
3565
2618
3611
3598 3598 3598
3634 1348 3598
3598
3598
983 1216
2950 4976
3598
3611
3634
3622
3598
3598 3612
3565
2313
3565
1348
3598
3598
3598
2591 1901
2591 3598 3621
3591
1348 1348
1348 1348 1348
2560 1867 2591
3612
3621
3611 2593 3612
3611
1348 1348
3621
2430 3964 534 5191
1348 1348 1348 2455 3634 3634 1348
3598 2591
3587 3587
626 599 626 599 532 3612 3612 626 599 532
1219 1497 378 1217 378 4880
3565
626 1646 1530 1530 1413 1646 528 591
2416 5530
378 1217
1348 3616
4046
3598
3612
5792
1348 1348 1348
2550 3612
3615
2398 2398 2398
3598
5166 4629 3184 3173 4278 5218 2455 5007 3403
4633 6031 6032 4633
5070
2603 2591
3565
4037 2916 3172 2488
4873
2029
1348 1348
1348
3598
1901
3621
2591 5792 3618 5792 3579 5495 1601
2550 3618 3617 3617
3598
3411 5932 2863 2864
3598 3612 2455 4858 2033 2033
3621
3469
6035 2885
1530 3598 5979 5979 5979
3577
2438 2988 2865
3598 3598 3611
5826 4766 3387 3106 1558
2591
3565
3611
3613
378
3413 3598 3598 3598 3598 3598 3598 3598
3598
3598
3615
3565
3565 1348 3105 2320
1348 345 1611 1348
3611
3611
3621
2618
2591 2603 2591
3565 3612 3565
3618
3612
1576 2163 2158
3612
3611
2591
3612
3611
2591 3621
3598
3611
1211 1975
3612
1348
1348
2964 5794 2952 2919 2415 3870
1348
2611
2591
2561
2512 5793
3612
3598
1348 1348 1348
3612
3598
3598 3598
3611
3611
2455 2905 3629 3435 3629
3565
1348
3621
3612
3598
3612
3565
3621
3612 2591
2064 3394 2068
2482 2439
984 1216 915
1348
3590
3598
3611
3612
3612
3611
3598
3565
4630 2861 2436 2071 5794 5189
3598
3611
3612
1348 1348 1348 2591
2591
1348
3598
1348
3565
4858 3394 2437 3394 2023 3399 4274 5484
526
3591
3727
2509 3394
532 605 442
3611
1348 1348
1901
1348
3598 1348
1348
3611
2591
3598
3618
3611
3598 3598
3355 5810 4052
3598 3565
3621
6032 6032 2969 3068
1901
5181 5932 2032 3413 2064
3598
4278 2864 2858 2416 4761 2437 3388 1480
3598 3612
378
5166 3388
3598
1348 1348 1348 1348 1348 1348 1348 1348 1348
2591 2591
3587
3068 1901 3611 5191 3068 4522 5836 3611
2618
1348
3598
3598
2591
3613 2618
2455 5793 3735 3394 2344 3390 2318 5826 5932 5793 977 916
3598
3612
3598
3612
3611
1348
3611
2551 2551 2035 4052
3612
2591
5058
3612
3612
5979 5825 1530 1466 3611 3598
3613
3391 3106
3611
2591 3598
1901 1901
3589
3618
1348 3612
3617
5007 2071 5007
3598
3612
1901
2417 2865 2070 6035
1901
3598 3621
3611
3598
6034 2029 3029 2028 3964 2357 6035 2357 3394 3964 2854 2029 2028
4988 2090 4858 2858 1355 5056 4858 5991
3598 3612
3622
5534 3693 2696 3068 1496
3598
3565 3565 3565 1901
3598
3598 3612 3598
1939 2309 2969 5066 1985 2780 2969 1985 2071 1939 2780 5066 5146
3591 3565
3598
3598 1348
3598
2863 3393 2864 3394 3412 2892 2891 916 979 1219
3612
1901 2591
3614
3616 3611
345 3883 1611 1530 1530 2327
4046
3611
3612 3598
2271 2177
5189 2894 2082 3222 3391 2344 3394 3393
2865 2076
3589 3598
2331 2892
3598
3612
915
3612
2952
3615
3611
3598
3613
1334 1297
2591
1767 3388 4629
1919
3598 3612
3621 3598
3621
3612
3611 3616
5907
2591
1348
3598
3598
3598
3598
3565 3611
1348 1655 1348 3634 1348 1348
3612
4097
2591
3612
3598 3612 3598
526 605
3620 3613
3598
3617 3617 3617 3617 3617 3617
2591
4274 2070 4629 5181
2591 3621
1530 1530
3598 1746 5508 3068
3598
4629 3389
3616 3612
3598
3612
3612
3612
3598
3611
1646 2036 2865 2317
3611
3924
3612
3611
3612
3598
3621
5056 1355 2327 3891 2964 2325 5166 2510 1500 3598 2325 4574 2064 3598 3886 2064 1547 1355 2331 2327 2512 3469
1348 1348
3598
3734 3390 2916 3427 5826 5932 2416
3612
3621 4046
3614
1530 1466 1530
3598
2982
5143 3842 2455
3611
3611
1639 526
3612
3598
3611
2455
2029 3097 3436
2193 3765 3393 2022
3598
3611
2921 1355 3176 5825
3598
3612
3614
3611
3611
3612 3598
3598 3612
4857 2916 3411 3394 2070 3387
4583
3067 526
3612
3613
3598
1530 1639
3611
3428 1216 3435 977
3611
3612
3598
3621
3598
3389
2591
3598 3565
3598 3612
3598
3611
3611
626 526 593 2289 1622 2509 1622
3612
3611
3612
5826 2510
3565
3598
915 2476 5146
1348
3587 3617
3565
3612
3598
2320 5167
3590 3598
1348 3598
3612
2865 3068
3565
3591
5825 2863 3398
1901
5418
3598 378
3611
3565
3611
2886
4838 5989
1901
3565
1901
3621 2618
3611
3565 2591
3564
3565 1901
3598 3598 3598
3612
4070 4581 2438 4257 2894 4863 1355
3589
3612
3612
5432 4206
2064 4036 4890
1348 1348
3612 3598
3598 2181 2593
3565
3598
3612
3598
3612
3612
1025 1530
3612
3612
3611
4189 3936
3612 3612
2317
3598
3611
2593 3611
2884 4620 2064
2591
378 984 5979 1219 633
3598
3565
3611
3589 3618
3598
1092 2455 1230 1101
3067
3693 4890 2916 2424 3891 1511
1348 5039 1530 4662
1348 3598 3598
3616 3611
3598 1348 3598
2550 4046
1530 1532
2612 5793 3598
2982 3598 3598
4052 2591 2568 1872
3565
3612
3598
3589
3598
3611
2591
4661 1355 2859 2309 2438 2969 2139
5529
2591
4778 5554
3612
3612
3565
3611 2590
3612
1565 4858 3793 3390
3598
3565
3611
3598
3612
3565
5523 2032 5055 3765
2644 1923
3612
3614
1348 2618
3611
4046 3590
3565
3598
3598
3598
3765 3391 3766 2317 6032
3598 3598
2591
2476 5501 5501
3598
2611
3613
3611
3611
3598
534 608
378 378 378
3598
5146
1296
1901
2978
5826 1530 5186 2069 4522
5825 3577 4988
3598 1348
3598 3598
3391 4619 2070 4988
4633 3469
528 1530 603
3598 3611
3611
983 378 1990
1348 1348
3611
3611
1901
3612
3565
3598
3590
3611
3611
2083 2082
3611
343 1530 5157 1514
3611
3615
3612 3611 3598
3611
2863 3598
3598
3612 3598
3598
2603
3615
3598 3598 3598 3598 3598 3598 3598
2068 3067
3611
3173
3598 3617
2618 3598
2548
3611
2591 4863 5223 3158 2863 4890 5056
3067 4045
1348
3598 3565
3598
2455 4858 3657 5219 2076 2071 2064 2071 3464 3068
1643
3614
3598
3611
3591
3565
3612 3611
3630 378
3598
1901
1901
610 1646
3598
3587
3611
3611
3612
3598 4875 5466 5218
3612
2591
2591
4858 1487 2071 2960 2591
1348
1960 5826
1901
3611
3634 1348
3611
3615
3634 591 1413
3612
2071 3883 2490 3395
2591
3618
3068 2071
3596
3598
2385
4052
3611
3612
3611
1348 3598 1348
3612
3612
2618
4858 1551 2076
1901
3565
3612
2591
3611
230 2036 2994 2978 230 2994 1530 4350 4045 1081 387 622 627 230 230 4623 2036
3629 2916 1920
3598
3611
3611
3598
3611
3614
2591
3611
3611
1348 1348 1348 1348
2274 2234 2438 3224
1548 1548 2884
3598
3612 3612
3611
1348 3614 3598 3598 3598
1348
2618
3589 2591
3611
1901
3616 3617
3598
4858 230 3443 4635 230
3565 3565
3067
4983 3394 2071
3611 2612 5439
3598 3598
2591
2591 2591
2325 2030
2591 3574 3565
3611
4097
3598 1348
1901
3612
2591
1550 2064
2919
5928 1590 1413 3598 1500 5928 1590
1481 1606 2400
3612 2590
3598 1348
3423 2070 1543 4619 1576 2618
3598
3598
1348 1348 1348 1348 1348 1348 3634 1348 3598 1348 1348 1348 1348 1348 1348
636 1637 2070 1639
3886
5432 5437 4805 2284 4805 2987 2455 5166
3565 3616 3611
3598
1901
1567 2267 3490
3598 1348
3611
3598
3621
4635
3598
3598
3565
3622
3611
3598
3617
1348 1348
2069 4624
3589 3589
3611
2618
3598 3612
1588
3598
1348
1500 5470 1925
3612
3611
3612
3598
3611
4761 1565 5220 5466 1496 2070 1496 5466 1516 5220
2071 3891 1585
3612
2591
2591 3612 3598
2070 2455 5057 3390
3612
3565 5078
3598 3598
3611
3612
3224
3612
3746
2046 3634
3565
3612 2618
1926 4522 2158
2512 3067 2463 2512
2908 2894 2894
1348
526 5166 5426
3170 4620
3598
3621 3598 3621 361
3598
3611
3622 3598
3611
3611
3598
2618
3611 1901
3621
3598
1901 3611
3621
2591 3598 2591
1901
3621
3598 3598
3612 1901
2560 5808
3613
3598
3598
3621
1626 3598 2484 6014 2562 2560
1498
3598
3615
2879 352 4811 2192 5038
3612
754 2982 2591 2982 5501 5829
3587
3598
1348
2154 3384 3384
2548
1348
3616
3727
3621 3335
3398 2326 2916 2894 2036 2028
3598
2591
3598
2139 984 4545
3598
1348
2070 5530
3598
2598 2591 2332
3565 3565
3611
3888 5932 2859 5001 3693 2864 2139 2438
1639 1025 603
3612
3612
3611
2455 2866 2903
2591
2958 2958
2555
3598
3598
2329 2317 2599
4787
1348 3634
3612
5792 1530 3902
2591
2114
3475 4980
3612
3698 3395 2232 3842 2436
3611
1207 3630
4045 2994 3629 3629 3630
2591 3621 3341 3340 4198 3598 3598
2891 5167 2270 2865 3067
3630 3630 838 1207 378
3598
3611
3598
4795 5056 6048
3598
2591
3565
2591
3611
2591 3611 1348
2316 3395
2568 1535
1348 1348
3612
3612
2591 1348
3612
3612 3617 1348
3598
4756
4742
3611
3611 3598
1348 1348
2591 3621
3598 1550 3598 3614 2618
3598
3611
2921 3412 5825
3598
2591
3612
3612
3611
3617
2591 2394
3611
2591
3598
5057 2510 1939 3629 3629 2313 3629 2490 2884 2884 3184 2490 1355 3629 3970 3629
3612
5090
2068 1611 3612
3565
5179 5122
3611
4858
2591
3598
2455 4633
3591 3591
3598
2603
1348
1348 1348
3611
3598
2952 5073 3434 4980 4545 3184 3746
2618
2591
3611
6034
4858 4858 4794
2591
2618 3598 2071 2866
3615
3598 3612 3598 3598
3612
2591 3615
3598
3598
3565
2591 5146 2919 5146
3612 2618
3612 3611
3613
1355 2508 3423 2288 2270
3611
3612
3598
3598 3598
2591 3598
3612
2591 3598
3612
2550 3598 1872
3611
3598
3612
3598
3612 2591
3612
3390 5932 4858 2904 2416 1939 4858
3612
4857 2270 1923 3629
2857 6034 4881 5146 6033 3417 6033 1355
3612 2613
3565 3611
3612 594 3067 1646 1646 3067 594
4252 2591 3359
5793
3611
3612
2547
2591 2591
3612
3589 378
2020
3565
2560 2548
2591 3553
1901
3598 3611
3598
3611
3427
3621
4132
2920 2071 1939
3611
1901
3565 2591
3598 3612
3615
3565
3612
2850
983 1216
4988
3598 3612 2591 3598 3598
1901
3598
5220 2070 1496 6034
3611 2591
2076
6032 5992 2336 2320
1092 3067
4635 3891 6025
5826 1565 2978 2591 3560 3176 5826 3629 3629 5220 1565 5074 3630 651 638 725
3598 3598
3612
3611
2618 3612
2618 3612
3612 3598 3598
3612
3598
3611
3598
3611
2436 2331 3459 2028 2436
5426
3587 3611
1476 340
3612
3565
1348
1348 1348 1348
3611
3394 3388 1607 3008 4794 2316
3611
2618
3598 3598 3598
3565
1542
3634
3611
3612
6333 6330 3598 1520 1498 5439 5531
2618 3611
2484
3565
5219 1646
3598 3598
3612
3611
1901 3622
3621 1348
3617
3598
3612
3598
3612
3598
2591
3598
3625 1508 5146 2416 5146 5166 5932
3611
1901
4859
3611 3611
2569 2591 2548 3612
1348 1348 1348
3598
3598 3598
1509
2591
2344 3395
378 3630
3612
3598
2591
3589
6032
524 1502 341
3622
3621
532 636 608
3612
3598 3612
1348 1348 1348
3611
3598
3598
3611
3611
3598
3612
3612
2365
3591 3565
1348 1348 1348
1655 1529 1466 2155 2070 1530
2591
3613
3611
3067
3611
3907
3611
3598
1901
3618
1348 1348
3621 3060
3611
3598 2593 3612
3629 3096 3097 1355 3391 3427 3629 1355 3629 3097 1932 3096
3611
4358 3560 5825
3598
526 1646
2029
3598
3598 3598
3612
3591
3598 2591 3598
3612
4794 1535 1222
5219 4858 1535
3390
5983 2064
2591
3612
3611
3598 3611
3611
3612
3611 3611
2025 3698
5794
3611 3565
3612
2593
3598
6035
3611
3598
3615
3612
3612
5070 378
3614
3612
3565
3612 3598
3598
2618 3598
3885 5146 2268 6032 5999 4838 3423 2863 2858
2865 2868
3598
3612
3612
2591
2029 2029 3566
2548 3612 3360 2591
3612
5482 5907 5100
2859
3612
1348
3612
3612
3598 3565
3591 3598 3598
3886 2317 3598
3621 3612
3598 1535
5051 2331
2163
3611
1348
3613 2591
2978 2064 5057 4045 2416 435 1637 2064
3621
3565 2618
3614
3598
2583
2232 2613
3598
5070 2071 1542 230 230 1355
1348 1348 1348 1348 1348 1348 1348 1348
4052 4937 2651 4794 2982 2320 2240 2552 2541 4347 5157 2366 2611 5801 3046 2130 2677 2684 2380 2650 2495 2552 2507
3612
3611
3612
3598 3612
3598
3612 2618
2611
3611
3611
361
3611
4985 1530 1646 5090 1216 2025
3598
2077 2077 2518 2949 2416 2892 2744 5157 3435 5793 2077 3435 1962 2077 2892
3611
3611
3611
4097 3565 2590
3611
1348 1348 1348 1348 1348
2854 4593
3611
3598 3556
1529 3612
1901
4857
973 915 983
3598
3565
3598
3598
3611
2025 3621
5066 2988 1962 2430 2949
1646
2071 4037 3393 915 5930 2071 1413 1639 6042
3613 3611
3612
3611
1348 1502 341 1348 1348 1348
3611
1348
1488 4619 3395 5188
3613
3612 3598
3611 3611
1348
3612
3598
3621
3611
2591
2744
3612
3565
4391 4366 5985 4391 4365 5111 1571 2288 4400 5508
3598 3612
3598
3598
3615 1901
2025 3868
3598
2076
3612
2868 6032 1348
1496 3598 1576 4805
1530 1529
3630 378
3612 3612
2618
3559
4052 2569 3612 3621 3612 3612 3621 4052 3621 3565 2569 3621 3612 3598 3612
3598
2320 2192 2488 2488 3629 3629 3773 2155 2894 1985 2481 1355 2155 3782 3629 3629
3614 3565
2232 1576 6032
3611
3598
1978 4097 5458
3611
3612
1521
3598
3598 3612
3598
3612
3565
3612
3611
3612
3611
3611 3565
3565
3611
3598 3611
3598
838 3598 1227
4858
3612
3598 3611 2618
2071 2950
3611
3598
3611 2591
3611
3612
3423 3411 2904 3419 3222
2618 2591
2591
3598
3598 3598 3573
6032
3565
2618
2603 3615 2618 5493 2064
1348
3612
3598
3611
3598
3621
4859
4881
3598
3612
4099
3612
1348
3598
3612
1901 3598
1622 4070 2076 3766 2885 1622 5186 2884 1952 2076 1622 2884 5025 1355 4070 3766 1622
1974 3629 4269 2329 3469
3598 3612 3565
2020
3612
3630 1207
3612 2591 3612
3612
3598
3565
3611
3598 3598 3598
1092 1098
2232 5166 2155
6034
3612 3598
1509 1480
3391 3170
3048
3621
6053
3395 1355 2070 4983 4629 3394
5157 3621 2128 1537 4070 4988
2455
3612 3598
3621 3621
3565
3611
5157 2322
2265 2046
3611 2591
3612
1348 1348 1348 1348
526 531 435 636
3634
3612 3598
3614
2591
3612
2591 2854 2550
3611
3598
3611
1215 916 916 984
3629 3629 2325 2489 3630
3612 3618
2618 3565 3612
3394 2885
3611
2591
3621
3611
3611 3565
1862
3611
1518 1520 5523 2509 3629 3068
3611
636 524
3587
2512
1498 3067 4859 3068
3611
3611 3634
2618
3598
3598
2495
3612
3611
3622
2548
3755 5529 3755
3612 3611
526 1646
3621
3611
3565 4787 5044
3611 3598
3611
3598
3612
6032
3565
3598 3598
3172 2744
3612
3612 4863 2341
2416 3735 3390 230 5218 230
3611
2618 3598
378 3630 378 3629
3611
5815
3598
4985 1543 3629
988 231 840 231 230 1767 4023 230 977 378 1296 230 230 1767 4018 1227 1210 3630
230 230 1530 1655 1530
378 2344
636 1639 1639 636
3598
1355 1962 3629
2591
2591 2593
2591 3614
1348
1348
3617
3612
3565 3589
1518
378
2618
3565
2618
3598
3401
3612 5966
3565
2064 3886 4622 2904 3598 4633 4623 3391 2490 1348 2331
3598
3612
2130
6025 1637 526 526 526
3565 3612
915 1296 1023
2824 2022 3393 3735 3418
3616
2591
3611
3611
838 1023 3630 3630
3621
1901 3611
3565
3611 3598
2591
3612
3634 1348
3598
3390 2905 3391 3068
3614
3614 3598
3591
3612 2562 3598 2591
3565
3611
3621 3598
3629 3598 6025 3629 4890 4255 1820 3393 3735 2455 6025 2289 3629 5932 2287 3629 3630 647 721
3630 1655 594 3630 3630 3629 3630 626 1413 1613 3630 1652 1655 1529 392 1500 532
2316 6034
3598
2868 2417 2892 2864 2865 3424
3611 3611
2591
2591 3612
3612
3611
3589 3598 3589 3598 3589 3589
3565
3067 2863 3067 1657 2866 3222 5932 1294 1328 3598 1334 3067 5776 1530
5826 2859 4858 1974 5932 3394 2455 3406 2344 3395
3611 3613 3611
2455 3068
1503 342 3598 5793
2979 230 1613 230 1621 230 2979 1820 230 1932 230 4110 230 6053 3629 1932 3629 3629 1932 6053 3629 2651 1932 3629 3891 2651 1932 3629
2591
3611
3611
3612
3611
3565 3611
1511
1901 3612 2618
3611
3612 2591
3598
3612
3543 3598
3611
3598
2618 3598
3598
3611
3612
5826 4633 5181 1945 1929 3443
5038 5039 3518 5187 5042 5009 3222 3225 5046 5189 3393 4873 5044 2416 2314
3611
1901
3566
3598
3612
3611
3615 2555 2567
230 230 5143 4890
3612
3598
3612
3598
3611
3693 2329 4269 1975 2849 3419 3629
3612
5456 2591
5556 2859
1626 4875
3598
3598 1216 983 1962 2274 2437
4778
1348 1348 1348 1348 1348 1348 1348
3598
2432 2864 2872 2866
2591 3621 2612 5431
1348
1348 1348 1348 1348
1639 435 1530 603 1550 435 1639
5510
3598
3565
4874 4858 5880 4858
3611
3598
2922 5826 3188
3565 3591
3611
3611 3611
2591
3611
3565
1550 1208 1867
3598
2591
378 1216 983
3598
3618
2591 2548 3598 3615
3612
3612 2596
3598 1348
1576 5146 5146
3612
3067
3622
3612
3611 3587
3598 3598
2618 3621
3612
3611
3615
3611
3598 3634
3598
3598
2111
3598
1348
3611
2548 3615
3611
5794
5435
3598
2603
3612 3565
2557
3611
3612 3565
3598
3590
3612
3005
605 2591 526 593 1639 5910 605
3598
989 378 632 3630 378 988 3630 988 378 3630 984
3598 3621
3565
3598
3611
3612 3353 3558
2064
2438
3612 3612
3612
3613
5220
1590
3053 3598 2455 4988
2591 3622
3621
4858
3412 2331
3621
3598 2618 3612
3630 1296 5143 2859 2309 3629 5932 4546 1355
5166 3388 2591 4268 2082 3394
3611 3598
1551 1498 4858
5080
3611
3615 1901
1348 1348 1348 3598 1348
601 626 5825 1901
2325 5137 2313
3598
3612
3612 2591
3598
3611
2618
2618 3598 2591
3598
3612 3612
1613 5219
5776 2155 2222 5776 3885 5776
3068 5476
3068 2256 2256 3068 5157 3068 5157 3068 5794 2256 3068 2781 5794 3068 3737 2256 2781 3068 5794 3737 2256 3737 2256 2781 2256 5157 2645 2684
3598 3598
1348 2546 2565
3598
3612
2618 2618
5826
2591 3598
3565
2416 4873 3174 3398 3394 3393 2344 5218
3611
3598 2591 3598 3598
3618
3605
3565 3598 1901
3611
5794 330 350 1149
5778 5886 3629
3615
5794 378
3574 3598
1901
3611
1348
3612
6032 6032 6032 6032 6032 6032 6032 6032 6032 6032 3067 6032 6032 6032 6032 6032
2550
3591
2455 230 1974 4268 1974 4269 4858
3611
3612 3622
3611
3565
4253
3068 2596
2070 5058 230 230
3612
3611
3612
3598
3598
2509 1530
3611
3612
3617 3612
3612
3611
1475
3611 1487
5040 5793
3565 2591
3612 3598
5028 2076 2859 3765
3598
3618
5146 5146 5146 5146 1590 5219 4857 3629 5038 3629
1348 1348
5518 3629 1534 6049
3565
3612
3598 3598 3598 3598
3565
3411 2481 3412 3008
2618
3172 3629 3171
3598
3611 3612
3634
1348 1348 1348
3598
3598
3612
4858
3612
383 1348
3612
532 524 1634 636
1576 5028 2885 1930 5831 2512 5979
3598 1348
3611
3621
1595 5794 4638 3621 4046 5167 1590 3226 4988 1595 4637 3598 4988 2570 2453 2070 4046 2070 5794 1595
3611
3611
2591
3598
3598
2234 2329 2193
5826 4794
3598 2591 3614
3598 3579
3630 606 1520 3630
3612
3598
3611 3598
2591
5465
3391 4629
3611
1348
4103 361
1222 4593 2886
5167 2455 3698 3459 3097
1921
3611
5792
3402
1348
3598
3615
3612
2591
3612 2595
721 651
3612
3068 2484 3068
5793 6032
3565
3612
5527 1940 6034
3612
1348 1348
5157
2479
3053
3611
3615
981 983 1216
2591
230 5932 4858 3393 3735 3413 4858 3629 3629 2691 1974 4858 3629 5146 4268 1974
1348 1348
3612
3611
2603
3598
2439 2950
1348
3611
3598
3067
3551
2288 3413 5527 3840 4874
3621
2591 3612
3611
3611
2591 3577
4443
3612
3565
3589
3598
2591
3621
3612
5825 2325 3629
3756
2071 5523
1492 5826 2426 2455 2886 2046 3177 3417 2863 4858 4858
3611
1637 1025 609 1652 2854 525
3621
2908 6032
3598
3630 1530 3630 1655 1655 1530 3630 1646 1655 3630
3612
3615
4988
3612
3598
3617 3620
3611
2427 2866
3611
3611
2331 5008 2155 2076
3611 3612
3067 1355 3389 2417 3386 2047 3629 3068 5191
5039 3106
2318
357 3068
3598 3598
5055 5510 3565
2859 3891 2865 5482
3612
1348
3612
1348 1348 1348
2020
1492 2885 5001 1348 3107 1492 5007 2885
1543
2595
3590
1585
3611
3598
2591
3598
3565
2022 1105
2891 1355 5117 3459 3461 2916 2344 4620 2391 5218 5157
3614
3612
2679 2863 2918 2894 3403
1348 1348 1348
3565
6033
3598 3565 3598
3611
3612 3612
2591
3630
3611
3611
3614
2550 1872 2591 2158 2155
3611
1348
230 4534
2598 2593
1348
3598
3612
3612
1575 4795 5156 3629 3067 3629
3598 3612
3598 3598 3598 3598 3598 3598 3598 3598 3598 3598 3598 3598
3611
3556 4859
3598
3612
3598
3612
2069 2064
3612 4046
3598
3598
378 3067
3611
3611
2618
6034 3346
3621
3611
3612
3618
3598 3611
3612 3598 2358 5157
3612 3598
3611
1348
3565 3565 3565 3565 3565 3565 3565 3591 3565 3565 3565
2590 3621
4635
3598 3598
1901 2618
3598
2618
3565
3598
5146 5146 3622 5146 2139 1355 4619
4875 1535 4881 1496 1498 1509
5070 5143
2916
3613
1348 1348 3598 3634 1348
5973 3390 3437
3611 2591 2611 2612
3598
1355 3598 3417 3067 3464 2434
5792
3612
2239 2163
3612
2601 3611
3598
2611 2618 1348
3621
2591
3565
4620
3617 3617 3617 3617
2550 3612 1867 2550
2850 2916
1901
3612
3598
3565
2591
5792 3565 3565
3598 3612
5932 5826 3390 4873 4873 3390 3840 3390 3840 3390 3840
3612
3612
3612
2950
983 2163 916 1216 2192
2325 3067 5056 3882
3565
3612 3612
3611 3577 2618 3611
3612
3598
1901
3587 3611
3612 1530 1530
3565 3612
1348 1348 1348 1348
5426 2591 5415 4968 2591 5492
3598
1901
1555 4806 1554 4806
2416 3411 2455 3393 4858 4757 2438 2344 1974 3395 2920 2268 4873 4268
3565 3618
5558 2650 230 230
3611 3565
3611
2314 5932 3629 3735 3629 3391
5836 4754
3612 2550
230 230 1586 5071 1565
3611
2028
3565
435 584
3068 1622
1348
2591 4872 5418 5025 6033 2518 5146 2851 1222
2566
3617 3598
3612
3565
3621
3394 2071 3395 2071 4522 2071
2603
3598
3612
3611
3621
4045 3173 2289 3107 2474
1940 3565 2591
2593
3611
3598
3587
3612
6032 6032
3612
3611
3598
5501 2591 1508 5058 5098 4890 5778 1935 5057
3565 3612 2591
2591
3598 3634
2618 1872 2557
1862 1567
2591
4097 3598
3598
2591
1901 3598 2366
2591 1147 5558 5562 1413 2476 350 1664 5138 5098 5098 5098
3612
3598
3612
531 599 5146 534 2029 3106 2029 5146 5555 3464
3598
3621
3611 2618
1626
3612
3598 2591
1348 3598
2611 5809
3565
3611
3598
2591 1587
3598
3611
3611
3598
4929
3621 3598
3612 3598 3611 3611
3611
3612 3611
3611
3598
1465 2070 4337 2156 5829
3598
1643 1658 1901 3612 1643 1658
5425 2591 2327
1551 1511 4858 1502 5166 5143 1901 1502 1502
3565
2331 3629 2331 2651
3611
3612
1902
3612
3612
5053 5053
3598
4858 3892
3617 3617 3617 3617 3617 3617 3612 3617 3617
3395 2020 2344 3394 2863 2437 4988 3398
3598
3612
2591 3598
3565 3598
4795 5886
2590
3598 1901
3612 3612
1576 2982 2806 1611 3880 3565 2982 1611 5492 3615 1611 1540 3882 2982 2982 1611
3612 5793
2550 3598
378 989 1208 3630
2025
3612
3598 2591
2892 2916 2891
3598
3598 3613
3611
2562 3615
3560
378
3587
3598
3612
3612 3598
2891
2591 1548 1548 4883
2591
3611
5042
5470 4793 2593 3612 2550 2590
3621
361
3611
2591
2455
2591 3590
3611
3611
2618
3598
4890 2158 3629 3629
2591 2064
3598
3598
3612
3565
5995 5985 2232
3565
3612
3612
1646
3612
4873 2591
3612
2591 2591 3598 3598 3598
3612
5814
3612
2363 3598 2591
2908 5157 6034 1590 5157 6034 2908 5157
3612
3565
3565
1511 4787
3618
3598 3598 3612
627 1073 1060 622 3565
3565 1530 4986 350 1530
3611
3565
3598
4912 1982 2082 2041 1982 2672 2041 2033
1901
1571 3634 2163 2180
4761 1585 1348 1348
2908 2851 3413 2855 2071 2525 2646 2884
3598
3612
1219 988 838 988
3611 1901
2591 3621
3565
915 1216 3630 983 1222 3390 3629 3735 3734 983 1296 1222 3630 3630 1222 983 1219 1992 2860 3629 3734 3735 2860 3629 3734 2859 3735 3629 3735 2857 3629 3734 983 1216 3630 378 3735 3734 3629 2860 2857 1974 3629 3734 2860 3629 1219 983 1222 3630 3629 1974 1975 2857 3734 2857 3735 3629
3565
3629 5569 1767 1767 3629 5501
2596
2590
2618
3612
3611 3612
3612
3621
2437
3565
3611
3598
3611
610 1027 3630 632 1226 3630 632
2071
4317
3598 3598
3611
4863
3598 3612
2071
3617 3616 3590 2590 3617 3616 3616 3618
3388 2316 3394
3611
3613
3611
5826 2068 627 1082 378 622 386 628
2325 5220
3611
3611
3612 3598
3598
2596
3611
3612
3617
5994
602 603
5033 2903 5189 5181
3598
3598
3388 2978 3007 1984
1550 2802 1511 3189 1355 2674 2644 1558 2756 4986 1355 2395
3629 3068 3402 2434 3629 5825
3598
3611
1925
3621
3598
1480 1550 5033 230 1550 230 3693 2032 230 1550 3389 230 3629 3629 6032 1550 3629 1550 3629 3693 1550 3629 6032 3390 3629 2780 2455 5489 2674 1550
1962 1927 4988 1963 3629
4793 5927 1590
3598
6032 3629 5794 1355 3629 1942 1930 3629 3629 2071 2156 2509 1921 2071 3629 5555 3629 4633
3611 2590
3876 3067 1355 5157 5157 1355 2070 3629 3876
2596
1646
3612
3615 3598
3612
4046
6049
2603
3612
1348
4619
3620 3616 3611
3598
2548
3598
3612
916 1210 633 1226 378 1226 1210
6032
3612
3598
3611
3611
3612
3391 3406
1901
3611
3611
916 2331 1960 4985 1944 915 1550 1550 3224 1511 5038
2603
5220
2851 230 230 3428 1355 3885 2495 3629 5790
3598
1222 1226
3598
2858 2025
3598
1961 3068 2916
2858 3629 3629 2068
3565
3598
3621
3612
3613
3598 3612 5814
3611
2070 3226 1938 2468 1944 3974 6033 3067 1623 4133
3598
596 1530
3565
2071
3612
3598 3612
2872 5535 1547
2591 3612
4858
3411 2417
3621
2455 4988 2865 916 1607 2323 1355 5000 4766 4988 838 981 916 3888
3598 3611
3611
3612
3598
3598
3616 3617 3612
1348 3637 1348 3637
3598 3612
1646 2994 3933 1962
3612
3565
2591
3618
4742 4875
3615 2591
3611 3611
2430 3482 2969 2905 2273 2868
3598
1348
3598
2748
3591 3591 3591 3591
2455 1571 5098 230 1613 2268 3395 6048 1925 230 230
3611
3565
3612
3612
5436 2618
3598
3598 3598
5794
5000 5521 2028 2287 3067
3598 3598
3612 3618 3618 3612
3611
5914
3615 2068 6053
5219 2238 3067 3402 4787 2894 3629 2455
1348 3637 1348 1348 1348 3634 1348 1348
2591
3558
5033
3598
3611
2591
4430 6034
2982 2464 5419
3598
2474 6032 2474
3598
3598
3630 3630 606
3598
3565 1348 3565 1348
3611
5156
3611 3612
3612
1635 5038 4278 4274 603
2325 3413 3068 230 2313 3629 3629 2851 3067 2855 3068
3611 3612
3611
2068
1530
3611
3611 3587
1348
3616 3590
3611
3611
5959
2591 3598 3611
5071
2618 3598
3618 3618
3612 3598
3598
1952 1466 2071 6032
3613
3598 3621
3611
2865 3692 3391
6032 3459
2591
3598
330 1184 350
3598
1348
3932 3565
2591
4204 2591 3621
3598
3886 2028
3611
5527 5790
3612
3612
2618 5816
5505
3598
2618
3622
3612
6032
2613 5816
3565
3598
3621
3612
1222 231 231 1226
4890 3629
2070 1639
3067 2023 1611 345 3068
3171 3629 1576 3096 3629 2744
6049 739
2863 3435 230 230 5218 2863 3435 3629 3184
3613
3598
3612
3612 3612 3612
5794
2894
4881
1348 1348 1348 1348 1348 1348
378
3612
3612
3618 3587
3622
1491
3630
3598 3612
3612
3629 6035 4268 3629
6049 3427 2336 2892 230 1549 2025 230 6048 1355 2020 3427 2020 6049 2020 6049 3189 3387 2020
3612
3611
3611
2773 2591
3612
3616
2770 4545
3612
3622
3611
3611 3611 3611
3612
3612
3622 3622
3598 3611
2591
3571 3611
526
2618 3612
4925 2344 4925 5793 5794 6042 6025 6042
5435
3598
3598 3598
598 1413 598
3598 3622 3598 3598
3612
3611
3611
2557 4566 3612
2069 1355
1348 2601 1530
2591
3598
524 5166
2868 1355 3068 5971 1960
3629 3629 2868 2863 2865
3612 3598
5793 2395 230 230 2022
3612
1974 2464 2482
3611
2064 1207 3612
2982
3611
2232 2180 2232
3598
3611
1530
1576
2611
2599 3612
3394 3419 4980 2426
1586 3598
2949 5189
5157 2273 2071
2618
2426 6048
6032 1512 1534 230 1520 1508 1518 1508 230 2064 230 1516 1534 1512
3598
4778
3390 2865 5072 3388 1963
3766
3068 2593 2313
3621
1611 1355 345 1923 6032
3356 2548 2555 2578 2571 2561 2613 3355
1862
3598 3598 3598
3068 3876 4036 2344
3402 2034 3629
2591 3612
3611
3598 1348
2611 2612 2455 2455 5831 5826 2314 4446
2455 2581 1551
3565
3598 3611
2618
2139 4661 3629 3629 5157 2474 4661 3629
3598 3598 3598 3598 3598 3598 3598
1901 1901
2591 2600 1901 3614 3612 4629 1606
435
2982 3621 5493 4046 1929
1348 1348 1348 1348
3565 3565
2032 2274 3598 1623 1489
1586 1585 5966
3621 2070
1476
3598
1348 1348
1348 1348 1348
5790
3612
5070
1348
6034 6034 6034
3621
3565
230 5157 230 1208 984 1210 981 5157 2070 230 5157 2416 5424 2868 230 5416 5157 230 5424 230 230 5157 230 6032 2455 3428 2418 3629 5157 6032 3067 5157 2418 2070 2070 6032 3629 3629 3629 6032 5157 5157 3629 1480 3629 2416 6032
1348 1348 1348 1348
3419 1355 5562 4858 1475 2064 4988 4901
3614
3587
3598
3615
3612
3611
3565
3611 2575 4961
2618 3565
3598
3612
3598 2591
3598
2802 5510 4255
3598
3630 378 378 3630
3598 2069
3598
3612
3612
531
531
4756 2323 1355 3222 5146
3565
2417 5826 5493 2434 1355 2780 4193
3612
3621
1348 1348 1348
2265 2905 2064 2892
3598
3565
3412
3598
3598
3565
2860 3393 2479 2416 4980 1948 2028 2020 2076 3459 2644 4873
1496 2317 2866 1535
3598
3612
2618
3598
3615
3612
1023 984
1348 1348 1348 1348 1348
3598 3598
3611
3565
3618
5143 5792 5792
3612
1548 2023 3394 4858 2417 3174
3611
3598
3598
2618
3611
3068
2082 1496 2510 4742 1496
1348 1348 1348 1348 1348 1348 1348
1348 1348 1348 1348 1348 1348
2806
1548 5157 2426
2593 3621
5794 2455
3173 3391 2032
3611
3611
1552
3612
3587
2416
3598 3571 3565 3565
3598
5218 2416 4873 3106 3398
3618 4858 2591
2436 2438 2455 5005 2455
2603
1612 2864 5143
3611
3611 3565
1480 3565
3598
3611
3611
3598
5794
2163 6034
3598
2192 1551 1551 5488
3611 3611
3611
3589
984
3616 3620 3598 3620 3616 3613
1532 1530
3612
1578
3611
3565 3598
3621
2863 6042 6039
4849
3611
3618
3598 3598
3612
3611
3613
1355 3697 6035 3692 3420
3565
5040
3612 3589 3621
3611
2593
2618 1901 3621
2865 2020
1348 2683 3366 1939 1478 3629 3629 3629 3067 2851 4623 2851 2756
3565
3565 3613
3068 2322
1582 3411 2071 4623 3394 4633 1355 4622
3565 3565
1348
3565 3565
2070
3612
1348 1348 1563 1348 1655
2071 3443 5484
2272 6035 2436 2028 6034 2265 2436 2855
3598
3611 3067 2887
2595
3611
1901 3598
3598
3909
1965 5831 2865
3613
3634 1348
3618 3598 1348 3598 3618 3598 3598 3598 3326 3068 5826
5056 3068 1637 1529 596 3630 3629 5156 3629 2861
3964 3424 3629 2908 6032 3412 3629
3615
4881 1509 2032
1476 1476
3565
3565 5090 2591
3598
3612
1639 4269 2421
