3598
3598
3665 5218
3598
2591
5356 4896
1348
1348 1348
3565 3598
1901
4275
5829 2951 2982 1622 2858 2951
2076 1588 3598
2591 1901
3611 3612
3565
3612 3611
5826
5421
838
2071 4795
984 1216 916
2455
3611
3565
1942 4070
2270 2507
3611
3598
1920
3611
3617
532 599 1532 605 2591 1413 2919 636
3612
1496 2034
1952 1956 5825 5058
3616
5527 2076 2426 1921 2037 2762 2463
3612
1534
3612
3598 3598
1542 2463
3598 3598
3611
6025
5510
3598 2550
3617 5793
3565
3612
1567
1639 528
5218 3629 4278 4795
3598
3565 2596
2256
2593 3598
3611
2028
5435 3611 3350
4545 2071
3621 2591 3598
6043 2272
593 1646
3613
3611
3565
2796
3611
3611
2593
3611
2029 5056 4660 3029
3612 3598 3598
3598
3612
3598
3598
3611
3598 3612 1901
3618
3622
1901
2591
3611
3612
3613
3611
3598 3598 1503
3598
5090
5482 5826 4756
3621
3614 2591
3612
6018
3598 3598 3598 3598 3598 3598 1901
5157 2322 2320 2322 2320 2322 5157 2320
3565
3598
4039
3097 5932 4583
3598
3598
1348
3621
3598
3598 3598 3611
4097
3612
3621 2618
3598
3565
3598
3612
3612
3611
3621
3598 3598 3598
2591
3598
3612
3598
3598
3612
3589
2552 2611
3590
3611 3611 3598
3611
3615
3617
753
636
3611
3598
2459 311
5979 5792
3598
1939 2863 3693 2426 3390
2591
3598 5793 5793
3611
3598
3612
2155 2158 2156 2232
3612 2590
3598
3335
2071
3613
3598
5154
1548 1348 1548 6034 4793 3067 2238
6042
3598
2070
3612
5794
3598 3598 3598 3598 3598 3598
4806
2591
1530 1413 1639 593
2591 2612
2591 3621
2965 2966 3756
3598
3612 3598
3612
3611
5219
3612
2326 3393 4794 2326
3598
3598
3598
3598 3612
1355 5778 2952 2071 4890 2925 915 5166 3157 983
3598
2509 5994 1348
3598
3611
3590 1921
3756
3598
2591 1867 2611
2916 1025 2916 1413 1413 1413 5181 5181 1025 2864 2916 3848 5189 5928 1025 1655 1466
5430
3611
3611
3173 5189 5181 3435
2997
4837 2982 2507 1933 2463
3630 378
3067 3469 4619
3629 5166 2892
3567
3611
3598
3612
3598
3598
3611 2618
3885 6035 1551 6035 4129 6035 3611
5058
3611 2591
3067 1935 5518 5505 3157
2591
2618
3621
3598
5886 3892 4095 3974 4999 2562 1867 2611
5910
3598 3598
3612
3598 3611
3870 2272 3693 4046 4545 3970 2438 5809 4636 2274 3171 4708
3598
2603
3598
3612
1348 3637
1530 4857 2162 5978 5794 2424
3612
