1348 1348 1348
3598
1583 1500
3611
2886 2883
3598
2455 2863 3398 2481
3598 3598 3611
3598
3611
3391
1348 3854 1611
3598 3621
3612
3404 5932 4873 5218 3390
3598
2618
2618 3615
3621 3598
3591
1348 1348 1348 1348 1348 1348 1348 1348
1348 1348 1348
3612
3612
1348 1348
1348
3621
3611
1348 1348 1348 1348 2455 525
3598 3587 3587
3598
3621
3565 3598
3612 531 599 532 599 532 599 599 3612 532 531 599 1543 599 626 532 599 532 626 532 599
2904 2071 529 4890 626
3621 3598 3598
3598
3611
3612
1348
1901
3612
3611
1530 1027 637
1348 1348 1348 1348
2596
1348 3616
3612
5826 1952 2476 4620
2064
311
3598
1862
3617
3598
1637
3612
3598
3466 1215 1939 378 2802
4191 2579 2583
3614
5495
1348
3621
3618 3589 3618 3618
3598
3611
3612
2618
3598
1216 838 1348
1902
1348
2618
2618
2885 2436 1944 3393 2534 1944 1945 2438 3389 2344 2344 1348 3395
3611
1746
3611
3598
1348
3565 3565
3611
3611
2416 3390 5218 4873
1348 3598 1348 1348 1563 1348 1348 1348
3612 1348 3565
3598
3612
3612
3612
3621
3598
2949 2803 4633 2459
916
2391 3411 3598 2069 1952
3611
3612
3598
3612
2618 1348 3598
1348
3591 3591
3611 3612
3611
3598
3598
3598
3621
1348 1348 1348
1348
3591 4873
3598
1348 1348 1348 1348
3621 3598 2618
3615
3612
5535
3612
3394 3176 1955 3427 2479
3612
2618
3611
3611
3577
3615
3614
3612
2593
3598 1901
2618
1348
3612
534
3693 5143 3388 5057 2434 3459 5505 3419
3611
3598
3612
3611
984 1216
3612 3598
2614 3611 3598
3598
3598 3612
1348 3612
3621
2618
3612
3598
1348 1348 1348 1348 1348
2618
3621
3577
1348 1348 1348
3565
3611
1530
1413 1634 435 1025
3591
3612
1901
3611
1348 1348
1901
3598
2618
3598
3611
3612 1637
3612
3612 3612
3611
3611
3612
3565 2603
720 647 721
3611
2800
1348 1348 1348 1348
1503 342 1530 1219 3067
3598 2614
3068 3388
1348 1348 1348 1348 1348 1348
3612
4752 2509 3436 2884
3612 3565
3617
3598
3565 3598
3565
2614
3598
1413 593 526
5991 5985
3585
3598
3598
3611
3611
2020 1509 2885 1355 5070 2391 3598
3598
3612
2618
3611
3598
1348
1940 1939 3201 4046
3612
4882 2029 3420 2891
3384 6040 5034
3611 3611
3598 3612
1348
3598 1207 378
3612 1901
3598
3612
3617
2859 5825 2884 5007 1348 5007 5007
4009 5826
2591
3598
3621
2070 6035 2864 2417
1348 3598 1901
3611
2662 2313
2518 4252 2802 6035 3383 2357 3970 3029 3105 2239 3107 3964 2614 1355 3394 3459 1964 2234 4661 2028 2071 2029 4660 3970 3105 4252 2239 3687 2802 3964 6035 4661 2357 3419 1964 3107 2029 2395 3029 2028 3970 3107 3687 3395 4252 2674 2289 3074 6035 2156 2395 2357 2029 2178 3964 2854
2614
5534 2849 4070
3565 3565 3565 3565
3598 2614
3598
3612
5556 5146 2517 4490 2994 2662
3598
3591
3612
2614
2614
1741 2916 3612 1741 2921 1992
2614
1348
1768 345 1611 4743 2272 345 1646 3407 1611 1768
3611
3598 4046
3611 2603
3598
2591
2618 3598
3565
1348
4046
3613
3598
3612
3611
2618
3598 3598 3598 3618
3612
3611
5825 5470 2417
534
1901
3616 3611
2614
3613
3612
2614 3611
3598
3612
2614
3611
3611
2068
1348 1348 1348 1655 1466 1348 1655 1466 1348
3611
3598 3612 3598
1348 3598
2614
3589 3611
3598
3692 3693 1355 2047 5569 5518 5501 5510
2591
3617 3617 3617 3617 3617 3617 3617 3617 3618 3617 3617
3611
3617 1646
594 1637 636 1635 603 594 1634 1637 1635
1956 3765 3068 3401 1497 636
3598 2618
3617
3598
3616 3612
3612
3612
1646 4255
3611 1348
1348
2591 2591 2591
4843
1901
1903 3556
3412
1348 3611 3611
3614
2618 3612 3598
3565
3598 1348
2325 3765 1965 3891 529 2391 5555 2858 3888 2391 4633 1741 3889 2326 3598 1500 5218 3888 4793 2325 2885 3840 5166
5219
1348 3565 1348 1348
3612 3612
3598
3612
1489
3565
1925 3068
3615
3612
3611
3598
3565
1348
3611
3598
2380 3926
3559
3565
3598 3598
633 1216 378 983 378
1348 1348 3756 2957 3756
2614
3598
2859 4988 2070 4875
2865 2068
3614
3598 2618
2618
3611
3612 3598
3613
3615
2618
3612
3598
3621
3617
2614
1221
3612
3611
983 3222
1872
2618
3611
3612
3611
1610 1348 1610
3598 2618
435 532
3612
3612 3612
3598 3612
3611
3598 3621
3615
4097
3598
3565 3598 3587 3617
3565
2614
4988 2881 2490 2455
1846
3598 3590
3611
3598 3612 3611
2618 3612
1348
3611
3591 3591
3587
3611
3612
1348
1901
2603
3611
3611
3598
5552 5510 2071
3621
3612 3598
3565
3598
3621
3594 3612
1901
2881 1489
3598
2626
3611
3598 3598
2618
3612
2593 3565
1530 599
3612
2550 5814
3598
2603 3598
3615
1348 3025 349 1348 1348 1348 1348 1348
3565
1348
3613
3612
3565
3565
3612
3611
3611 3612
3565 3612 3591
1348
3391 1492 3411
2593 3612
3910 3622
3067 3427 3411
5464
3598
3611
3598 5534 5146
3611
3598
1348
1348 1348
2614
3612
1413 4633
1348 3598
3598
1348
2117 2117
1348
3598 2578
2618
3565
2591
3598
3613
2593
2438 4661 2860 1355 2969 2139 2310 2644
2614 3384
3565 2618
3611
1600 3622 1596 1600
3591
1348
3612
2969 2436 3419 5055 1355 2495 1355 5456 5028 5825
4858 3394 3413
5058 5501
3611
2614
4805
3612
3565
3612
3612
3612
4255
3611
3612 3622
2614
3612 3598
3611
915 526 528
2040 4857 5071 2482 2020 4747
3621
4097
3612 3598
3068
3612
3598
3598 2614
1348 3634
1348 3598
3611
3618
3612
2614
2614 2232
3612 2591
3621
1222 1210 3598 1222 2693 1646 1222
3598
3565 3612
3598 3561 1484
1984
984 1208 983 1207
4046
2317 2313 3171 3459
3565
3598
3598 1348
3612
3598 1348 2534
2603
3598
1348
5146
3598
3577 5432 2593
1348 1348 1348 1348 1348
2618
3613
3611
1348 3598 3598
3612
3611
3598
1348
1348 3558
3598 3611
1348
3611
3621
3612 3598
3598 3565
2603
1348
3598
2614
1348
3170 3395
2618 3598
5191 1992 1496
3612 3611
3598
3611
2482 3067 4743 3394
3598
3598
3598
3591
3565
3598 1348
3612 3611
4052 2618
3621
3587 3587 3587
3598
3598 3611
2614
3612
3598 3598
3611
3615
3598
3611
3598 3612
3598
4873 2416 230 3634 5826 3389
3413 5826 5886 1355 5778 2865 4988 1550
3612
3612
3598 2593 3615
2590 3577
3614
3611
3068 3359
2618
2535 2614
5578 3598 3622 3621
3611
2591
1348
1348 1348 1348
3612 3598
3612
2483 5143 3068 5501
3613
1901
3611
3612
3567
2316 2870
5927 4785 3076 3565
3612
3598
3598
1348 1348
3612 3612
3565
3598 1348
3612
3612 3612
3611
3459 4858 342 2320 1503
3612 3598
2603
3611
3598
3613
3544
3612
3565
5041 3411
5970
3611
3598
3620
2593
2591
2618
3437 5181
3598
3612
3611
1634 2603
3598
2618
4845
3598
1820 5825 5073 5508 2886
3598
3611
2590
2614
1348 1348 1348 3634 3598 1348 1348 1348 1348 1348 1348
3598
439 524
3565
3598
3073 2587 2587
3611
3618
2618 3612
3565 3615
1348
3598
592 1530 605
2534
3611
1348
2618 2601
3611 3565
3565 3617
5090
3598
378 2979 3622 3359 2162 5825 1962 4046 3560
3565
3598
1348 1348 1348 1348
3589
3612 3598
3598
3612
4039 1542
3616 3617
3611
2603
3598 1348 3612
3598
3067
3067 3747 5501
2593
2618
3621
1348 2618
6032 6032
3565 4858 1939
1992 5068
3565
2614
2158 2806
3612
3611
3612
3612 3598
3612
3565
3106
983 378 1219
2916 3390 5826 3892
3612
3598 3612
3615
3611
1348 2455 1348
2560 3579 2561 3612
3598
3612
1348 1348 1348 1348 1348
2603
3612 3554
3611
2618
1901
3611
3612
3598 2618 2618 3598 5470 916 982
916
3621
3612
3612 3612 1348
3612
2614
2591 3612
2559 2557
1348
1901
3598
3611
3611
3692 2234 2162 2163 2158
2614
2850 1639
3598 3612
3598
3577
3611
1348
2591 5419
2614 2618
3598
3611
3612
3612
3611
3466 2071 2916
6032
3598
3611
3611
3621
1901 3598
3565 3611 3589
3598
3611
3611
3612
1348 1348 1348 1348
3598
2114 2114 2115 2115 2114 2114 3560 2115 1480 2302
3842 4858 3693 2193 1355 2884
3612
1348
3611
3621 2571 3565 3621
1942 3224
3423 3692 1646 3412 3766 4071 3765
3611 1348
2591
1355 2070 1927 3105 4278 1348 2426 3395
3621
3598 3598
1348 3419 3394 5896 2868
4095 3393 2426 5505 1741 5927 1355
3612
3612
3612
4705 1645 3613
593 5146 1413 4342 3175 5146 2916 3612
3621
3611
838
3598
4795
3612 3565
3621
5440
1216 378
3598 1348
2618 3598 2618 3598 3594
3618
4443
2618 3053 2591 2595
4633 2064 5181
3612
5501
3611 3598
3612
2859 5907 3387
3611
3622
3612
2394
1348
3590 3616
2560 2561
3612
6033 1355 3395 5001 4629 3598
3565
3612
3613
1496 4986 1496 2484
3598
983
3611 2614
3613
3591
1348
3598
3611
3621
3611
3621 3335
4858 2916
1348
2593
3590
3882 2288 2313 2234
3615
2455
3598 1348
1348 3598 3598 1348
1348
3611
3598 3611
3622
3598
534
2614
3615
1548
3611
2603
3612
2772
5426
2919 2288 2277 2849 3225 2854 2273 4070 4255 1942 4883 4268 3697 5772 2851 2517 5556 5482 4661 2916
3598
3612
3612
3598
3598
3612 2592
2440 5055 2859 5826 2239 1588 5836
2611
3565 3561
1529 984 984 1216 4794 1741 2904 5466 2071 5793
3565
3612 4046
1901 3598 2618
3611
3598
2806 4878
6032 6032 2591
3598
3559
3372
3612
3598 3611
3621
3621
2535
4282
5146 3394 4883 3693
3615
3611
3612
2614
3598
3598
3611
3598
2618
3611
3611
3612
3611
2592 3611
3612
1474 5991 6032
3621
2618
3598 3598 3598
5065 5146 3051 2626
725
3598
5146 5219 230 4794
984 2593 1219
3598
2534 4895
3598
3587 3611
1348
4863
3613
3611
3618
1348
3565
3565
1348 1348 1655 1348 1348 1348
3622
2509 2885 3509 5466 2064 4901 2064
2603
2344 5470 2020 3413 1974 2868 3394 3413 3174 1496 2863 2329
3598 3598 2863 2865
5166 437 531 3225
3611 2618
3612
3611
3598
2603
3611
3565
3612
3574
3582
3612
720 378
3611 3598
1348
3621 1348 3621 2476 3870 435 1639
3598
3612
3565
2590 4204 3565
3614
3612
2082 5776
2560 2618 3612
1348
1499 2618 1509
1491 5143
230 364 624 433
3612 3598 3612
1530 2618 1413 591
3565
3068 2986 3614 3359 2562 4619 5552 5527 1355 4278 3698 2885 3173 2860 3388 4988 1944
3624
3598
3612
3598 3565 2618
2071 230
1348
3611
3611
3611
3611
1348
3611
3591
2785 4988 2698 3173 2717 5552 6025 4858 3598 4759 2776
626 601 528 1639 1413 532 1652
3598
3612
3612
3611
1348 1348
1901
3598 3598
3565
5090
1348 1348
1348 1348 1348 1348 1348
3611
3068 3525
3614
4879 2455 3412 3394
3611
3612 1348
3402 2317 5932 3067
1348
3591
3613 3565 2614 3598
4869
1348
3598 3598
2618 3598
3612
3598 1901
2076 4988 3765
3598
1901
4766 3465 3171 3565
3611
3611
3612
3612
3611 3611
2921 1927
3598
1348
3598
3598
2561 2568
3621
3598
3634 3634 1348 1348
3565 3598
3612
3615
1348
3598
3621
5464 5476 2316 2071
3611
1348
1348
2618
3612
3612 1348
5886 2618 4070 5886 5482
3598
3615
1348 1348 3634 1348 1348 1348
3612
3693 5221
3598
840 1502 6032 341 1509 3598 5189 3598 3067 1612 6033 5826
3612 3621 3612
2076 2286 4980
3598
3612
2731 2618 2581
2614 2591
4897 1505
1645
2510 4253 2154 2130 5492 2560
2618
5090
3598
3611 2592 1348 1348 1496
3598
3598
2614 3598 1480 5425 3976
3096 2344 3390 2854 3394 1975 3765 5932 3419 2883 4873 2858 2455
3598
3612
3621
3598
1348 1348 1348 1348 1348 1348
3612
4901 2177 1540 1538
2550 3621 4052
2560
3611
3621
3940
3611
3611
3598
5880 5000 3173 3394
3611
3611
3611 3565
1348 3598
3565
3598
1348 1348 1348 1348
3067 2957
3611
1529
3598
3598 2309
3611
2535
3611
1646 605
3611
3612 3598
3621 3565 2618 3565 3621 2618
3613
1542
3560 916 1218 378 977 1530 435
3611
6032
3612
1348 1348
3613
1901
3621
2561 3621
2614
3613
1613 3068 1497 1348
3598
1348
4592 4858 2517 4070 2952
3734 2920 2316 2920 2316 3734
2028 1509
3598
2801 3860 2025 1355 2310
2618
3598
3612
378 983 1219 3630 378 983 3630 378 983 3630
2618
5531 1607 1496 3629 4787
3621
3621
3612
3612 3598 3612 3621 4052 3612
3611
3598
3613
3391 5146 2418
2894 230 2320 5539
4890 5793 230 4890 5826 5927
3611
3598
3612
1348 3612
3611
5966
3611
3612
3612
3589
3612 3612
2603
3618
3618
3615
3612
3612
3598
1348
3611
3611
3612
3612
3565
3611
3621
3598 3611 3598 3611
3598 3589
3611
3611
3201 3565 2591
2590
5220
3611
3598
3598
2591
3621
3565
2618 2534
1348
3621
3611
2614
3612
3617 3598
3598
3611
3598 3611 3598
2618
3614
3615
3630 1207 1227
2593 3577 3611
3612 2614
3598
3612 3598 2603
3612
3630 633 3630 633
3598
3611
5927 1500 5138 5456
4342 310
3622
2884
3598
1348 2916 3442 2507 6032 3612 2618
4858
3622
3617
3598
5557 4629 1355 4858 4630
3612
2593
5966
3598 3612
3051
1469 532 983 1218 378
5966
840 3598 989
2322 5157
2579
2593 3556
3598
1348 3598
3611
3370
1207 378
1348 1348 1348 1348 1348 1348 1348
3612
3612
3565 3615
3598
3598
1623
3565 3565
3611
2591
3612
3630 1227
3598
3612 1348
3543 3565 2618
3615 3598
3612
3565
3612
5803 361
3611
3611
3105 1520 6048 230 4976 2082 230 5098 230 1520 5544
3611
3565 3565
1348 3598 3598
3616 3611
534
5501
3587
3068
3598
3611
4795 1488
3611
3390 2864
1348 1639 526
3693
3611
3611
5098 2163 2273
3612
3611
3614 2614
3611
378 3173 1224
2203
2593 1901
1586 1585
3611
3598
3565 3611
2591
378 984
3598
2578
2591
3612
3933
2618 3598 3611 3598
3598 1348
2614 3598
378 3630
3611
3614
3598
1741 1543 3629 1492 3469 3629 2396 1543 1741
1227 3630 981
3611
2591
4890 442 230 1530 2071 1355 230 442
1348
3621
3910
230 1509 1586 1585
632 1296 231 1963 4045 5070 230 1932 230 230 2997 2744 1930
2618
3565
3612
1348
4255 4045
3598 3611 3598
3565
3612
3598
3611
2158
3612
5167 5038 2509 5038 3395 3466
2591 3565 3611 3565
3616
1348
1348
3565
1992 3629 5419 1990
3598 3598 3598
3598
3613
1901
3598 3611
2618
3612
3598
3621 2618 3598
6053 6048 6025 230 6048 230 230 6053 6025 6053 230 2651 6048 6053 230 2316 6025 230 230 6025 6048 6053 6048 230 230
632 3630 983
3009 6049
3613
3598
3612
3612 1348
1586 4432
3591
3598
5883
5033
1348 2618
3611 3612
5218 3629 3388 3171
3611
610 230 1655 1529 622 230 365 379 386
2591
3611
3612
1413 626
3565
3105
3612
3611 3611
3459 3423
3611
3598
1348
3612
3589 3598
3598
378 3612 3598 3105
3565
3598
3615 2618
230 3068 3412
2476 5071 4350 1222 2482 1221 1023
2591
3612
3611
3598
1329 1329
3612
3598
3598 3612
3612
4893 4883
3598 3598 3598 2550 2618
1348
3565 3565
3616
4988
2663 3068
4045 5007 3629 1518 3629 3068 3403 5005
1348 3611 2603 2591
3612
3598
3612
3565
2587
1348 3598
3612
3598 3565
2614 3598
1348
3611
1348 1348 1348 1348 1348 1348 1348
3612
3611
5056 3629 3182 4910 5056 3068 1601 5501 4910 3629 3172
3598 3612
3630 1222
2064 2903 3464 2064 532 984 1216 3466 2064 2916
230
3613
3611
1348
3565
3612
3587
3349
3598 3598
1348 1348 1348 3565
3611
3611
3598
3565
2864 2020 1496 5470 2865
3612
3734 2884 2455 3904
3611
3611
3611
983
3612 2618
3755 3424
3598 3612
3598
3612
1901
5146
3611
2614
3612
3587 3611
3598
3598 3598
3579 1348 2603
378
3611 3598 3611
5146
230 1634 1530 636 1652 526
3565 3565 3565 3565
3577 2618
5090
6043 2509 230 4633 230
2614 3598
3905 5072 2064 5157 3854
4308
3598
5501 1646 2978
3611
3611
2865 1496 2020 230 3177
1348
3612
3611
3621
3172 3598 3388 2858
3434 230
1348 3598
1901
1348
2071 6053
1348
3612
3598 3612
3611
3854 230 4985 4630 230 5058 4986 3854 4976 230 2507 5507 4878 230 5510 3008 3876
3615
3598 3598 3598 3612
4873
2603 4794 437 605 1413 3598 636 605 3598 593 435
3598 3621
3055
3565
2614
3612
3598
1646 3621
2806 2317 2199 1551
3612
3612
3565 3565 3565 3565
3637 1348
3598
3611 1348
3598 2614
3565 3611
1023 5040 2025
1939
3612 3598 2618
3611
3598
3612 2614 2618
1348
1348 3611
3612 1348
3612
3565
3611 3598 2618
1348
1925 3892
3565
3612
3611
1612 2156
3591
2232 2222
2923 3737 2256 2596 3068 2314 2256 3068 2256 1492 2789 3068 5157 2256
3611
3598
3616 3589
2593 2557 3598 2618 3587 2598
2455 5826 230 230 3629 5534 230
3598
2073 5055 3693
3565
3598
3611
3598 1623 6032 2020 437 437
1901
3612
3598 3612
5778 2865
1348
3621 2613 5809
3598
3611
3612
1348 1348 1348 1348
3611 2593
6032 6032 6032 6032 6032 6032 6032 6032 6032 6032 6032 6032 6032
5057 1939
1348
3591 3591
3598
3598
1995 230
3611
3615
3611
3537 3536
3612
3612
3613
1563
3612 2614 3598
3611
1348 1348
3612
3617
3565
3611
5434
4099
3612 3598 3598
3612
1348
3598
3598
3598
2859 4985 2809 3870
3618
2618
1348 1655 1348
3565
3622
378
3565
3618
3598 2455
3612
3598 3598
230 1219 1216 1219 231 1226
1585 3886 230 3419 2323 3443
1348
3598 3598 3598
3598 3612
5436
3565
3598
916
3612 3598
230 230 4883 4879 5456
3611 1348
3621
2535 6033 6033
1501 4638 4988 5167 3981 6034 4637 1590 4988 3982 3598 1590 3598 2806 5458 4638 4046 6032 4988
3618
3613
3598
2618
2591
3598 3598 3598
3611
440 1530 605
1095 1233 1093 1089 1348 1097
3598
3611
3612
2593 3611
2593
3621
3612
3611
2618 3612
3611
2272
3611
3565
3615
3612
3565
3612 1901
3565
2618
3611
1902
3612
3590
3541
3612
3188 3405 2950
1484
1862 3612
1901
1348
1542 1583 1348
1348
1348
3611
3611
1348
3427 2883 2071 2919 2426 2919
3611 3598
2603
3598
3612 3611
1551 3888 3565
3611
3611
3611
6032 6032 4890 230
3611
1901
3598
3598
3612 3612
3565
3598
5436 5436
3612
3384 3598
378 1296 984 3630 984 3630 1296 378
3598
3598 2618 3598
1478 3612
3565
3621 3598
2071 2071 2476
3598
3615
2590
3611
3611
3611
3612
3612
1901
2885 3386
3621
3612
1990 3243 1355 2139 230 4546 1990 2395 1355 4546 3963 2309 1992 2139 2395 2802 2293 3389 531 1635 531 606 3170 1355 2395 2139 2395 3170 2139
4883 5146 1355 230 5523 2071 5146 1355 2855 230 2855 2322 5146 230
3611
3598
4522 2618
3442 3398 2894 2919
1348
1348 1348 1348 1348 1348
3598 3615 1902
3611
2567 2560 2548
2593
4933 2071
3612 2618 2567 2569
1348
3411 2865
5220
6032
3611
230 3389 6032 4999 230 4873 2313 3176
2614
1348 1348 1348 1348 1348
2614
3612
3598
3612 3598
3565
3612
3598 3612 3598
3611
3612
2594
6037
3598
3598
1529 2644
3616 3617
3598
3611
3598
1348
2618 3598
3692 5089 1922 3693 1505 2666 1935 2618 2064
3621
3565 3565
3618
2593
6048 1518 230 2331 230 1512 2331 1355 6049 6048 230 6049 6048 2331 6048 230 3598 2331 3412 230 2509 2894 2331 1512 5068 230
3598 2618
5578
3611
1990 2464
3612
2535
1548
1348
3615
3565 3565
3587 3611
5556
4070 2314
5065
1216 983
3577
5146 3172 2139 5146
1509 4873 4881
3616 3613 3620
1348 3598 3565 3565
3565
1585
1901
2614
2177
2601 3612
3617 3617 3617 3617
2071 3391 2524 1355 1551 3402 2927
2560
3598
3598
3612
3612 3618
3565
2959 4778 2071
3611
3029
3621 2554
2614 1901
3612
2139 1858 3180 2139 1858 2139 2954 1858
2618
2590 3611
3612
3598
3613
3611
3613
3611 2618
3616 3617
3612
3598
3587 3611
3612
1348 1348 1348
5426 5418 5814
2593 1348
1901
1479 5138 5439 1479
3598 3598
3611
3622
3612
2614
4872 3630 378
3598
3565 2618
2651 5146 2156 5778
2858
3611 2618
1530 1413
4858 1655
6033 5056
3612
230 1530
2614
230 3402 6034 1215 3630 378
3598
3611
3611
3598
5966
3556
3587
3598 3551
3598
1348
3612
3611
3598
3620 3611 3616
5809 1901 3355 2560 3621
3598
3611 3611
3612
3612
3612
1901 3598
2618
3611
3598
3598
5157 4911
3611
3598
2455 2864
3097 3096 5073 3393 1944 2981
3612
3611
3611
3106 2534 2029 5146 532 2029 531 2525 3421 2855 5146 3106 5146 2029
2618
3598
2618
3565
3611
3577 3598
3621
4620 2919 4619 2919 4633 2916 4619 2919 2916 4985
6034
3612
3892 2482
3617 3616 3612 3612 3621
3611
3598
2618
2534
1348 6039
3621 3598 2618
2177 3068 4988 4427
3222 2439
4873
3598 3612 3611
3611 3612
3620 3613 3616 3598
2591
3620 3616 3611
1945 3097 647 651 724
2892 3612
3067 5982
3611 2534 3587
2593 3598 3612
1502 1502 5218 1511 3598 1502
3598
1652 1576 2438 528 2323 1532 1025 5886 524
2071 3598 2950 4793 5548
1355 5040
2891
3611
2618
1348 1348 1466 1348 1348 1348
3598
5053 5053
3617 3617 3617 3617 3617 3611 3617 3617
3612 6035 3598
3589
1646 1646
3565
4268 2071 3394 2920 5826 4269
3598
2864 6035 5143 3693 3412
1348
3598
916 840
3611 3616
3612
1611 3854 4862 1590 3880 2323 1551 2968 1611 3067 5146 2868 1550 4347
1872 3598 4430
3598 3612 2548
1208 3630 1207 1227 1207 1207 3630 1227 610 1655 230 1466 1529
3589
1348 1348 1348
3488 4620 1623 1355 4980 6037 534 437 435 2071
3611
2438 2593
3618
3612
2234 2178 1995 5504 1646 1530
3611
3565
3611
3611
4793 3612
3612
3598
435 4633 1348
3598
5557 4785 2071
2595
3612 3612
3615
2591
3611 3612 3598
2438 3735 3395 3419 2240
3614
2614
1491 4275 2437 1492 6032 6032 4591 2071 3405 2329 5482
3612
3612
2618
3612
3693
2455
983 1216
3598
311 3494 4924 2232
3621 3598
2908 5157 5157 6034 5157 5157 6034 6035
3612
1348
3565
3598
3612
2618 3621
3612 3612
2418 3465 2234 5058 2064
3612
2070
2593 350 1646
2614
3598
3611
3612
2032 4912 4257 1886 2585 2325 5910 2586 5166 4186 2325
3621 2591
1348 1348 1348
3605
3637 1348
3565
4593 1646
1222 3630 983 1216 1963 3629 2859 3177 3629 1976 1975 2861 1216 1222 3630 983 3734 2857 3735 3629 983 3630 1222 1216 2860 3629 1992 1741 3388 3629 3436 3735 1222 983 3630 1296 2744 1974 2859 3629
3565
3598 3598 3598
3598
2927 3176 3387
4793 2507 3891
3598 2555
3612
3611 3598
3612
4582 4582 3467 4582 3467
3598 3598 3598
3598 3611
1637 4882 230 1652 1469 230 610 1469 1027 526
3612
4784
3612
230 526 606
2618 3561 3598
3612
2618
2455
3605
3618 3616 3618 3616 3618 3616 3618 3618 3616 2618 3616 3618
3611 3598
2509
3497 3496 3495 3496 3502 5778 3501 4784 3497 3495 3500 5899
3611
3565 3611
3067
5883
3612
3611
3612
1901
3618
3612
3621
231 1207 1466 1652 230 1413 531 1355 3963 3172 2674 6053 1109 1355 2851 6053 6053 1355 3963 2674 3074 2851 1109 1413 531 1413 1652 1109 3470 2139 3963 3189
3565
1524 2036 3614 3598 2618
725
6034 5098
2431 2455 3629 5569
230 5510 5220 230
2892 1216 5932 2316 3598 1216
5033 2455 1901
2581
1530 2618 2561 1530
1355 5157 1945 2321 5157 1945 3067 1355 2344 1355 5157 2344 5157 5157 1355 3067 3067 5157 1355 230 3067 1355 5157
3053
230 2482 3170 3170 1355 2395 2802 3170 3173 2395 1355 3963 6053 2310
2618
5581
1348 1348
3620 3611 3616
1512
1348
3598 2277 2418
3598 3612 3611
3621
3598
2232 5143 4980 230 2455 3428 230 3096 5489 230 1551
4629 1355 3391 3067
3598
2618
3407 3394 3434 4635 3393 1355 4633 3413 2325 5038 2865 3693 2426 1944 3388 2455 5166 3435
1901 531
2587
988 1217
2618 3612
2614
3611
2455 5033 3068
4747 230 2455 3008 1355 2851 4985 230 230 2495 4132 2644 3402 230 3008 230 4747 3008 6053 230 230 2344 3885 3885 230 2344 230 2344
2936 1585 603 1637 1506
2618
3598
3611 3598
3598 3598
3598
3565
3617
3611
5932 5146 2916 3067
3598 3613
3612
3565
3068 2289 3176 5143 2851
3612
2316 2892 2439 2995
983 3598
3598
3621 3612 3612
3611 3611
3611 3611
531 4582
3598
3616 3612 3616 3617 3620
3598
5074 1960 1207 1222 983
2590
3615
3598
2618 3621 3565
2201 2193
3561 2591
3611 3611
3621
3598
2591
3591 3591 3591
3617 3616 3612
2863 6053 6057 3587 3616
3598
2864
2071 1965
3598
4875
1634 532 3653 5033 534 636 739
3612
3611
3621
5186 5187 5187 5186
5416 3598 3565 1601
3611
4045
3565
3612
1348 1348
5033 5033 5033 5033
3611
6032 230 2851 5001 4988 2884 230 2851 5569 230 2064 1542 230 2193 2884
3598 3598 3598
3598
5167 2481 1567 2988 2495
3598
2950 5419
6032
3598
2071 2569 2903 2064 2858 3621
3621
2904 5146 3411 5146
3598 1348
3598
3598
3612
3598
1637 605
1348
2593 2596
1355 3290 3467 6048 2916 6049 3074 2518 2756 2919 6053 3469 2756 1355 3963 6053 2310 2670 2674 3870
3587 3616
3612
3598
3587 3611
3598
3598
1348 1348 1348 1348
5008 2988 2309
3565
3598
2618
3612
3611
3612 1901 3612
3611
1901
3598
2020 3883 1508 1927 1219
2481
3612
3611
3598
3621 3598
3558
2593
3598
3598 3598
2297
3612
3598
2193
3565
3598
983
3611
3612 3594
1543 6035
3611 3598
3598 2590
2618
230 2927 1355 3402 3423 5143
2916 2329 3393 2455 3434 2416 2859
1530
3483 230 1355 2495 1355 3483 230 230 3483
3612
3622
3598
2599
2603
3612
3598 3565
2614
3621
4890 5058 5058 4872
2193
3612 3201
3598
6033 4045 2865 6033
2614 3171 5056 3097 1930 4254
2960 2859 2416
3611
5426 4633 3598 1475
3612 3611
3612 3598
3611
1348 1348 1348 1348
3614
2593
3611
3517
3598
5040
2593
3565
341 1502
3620 1500
3598
3611
2618 3613
2868 2885 3387 1548
1348 1348
2591
3611 3611
3612
2569 4873 2567 2036
3611
3611
6032
3612
1348 3598
3598
3974
3612
1348
3612
3598
3612
3598 3612 3355 3357 2591
3565
2455
3598 3598
3543 3068 5967 4795 4390 3068
1227
3621
1207 2070 378 2994
3618
1419 1025 1646 532 230 593 3390 3734 5932 2314 230 230 3411 4793 2418
3611 3598
2180
1348
3612
3621
3598
3612 5035
3611 3565
230 3105
2594
3388 5792
3612
3611
3611
4882 4879 1497
3565
1563
3611
3611
1348 3615
3598
2316 4878 754 4878 5569
3598
1586
3611
1348 5138
3598 2581
2064 230 2318 2325 5555 230 2464 2313 2868 2884 2064 230
5157
2562 2982 3565 2982 2982 4795
1348 1348 1348
3611
3565
5218 1348
2618
1348
2957 3756
3598
1348 1348 1348
2618
3598
3611
1348
1348 1348
3598 2614 3611
3598
1348 3618 3598 3612
3611
1613 1512
1348 1348 1348 1348 1348 1348
3598
1348 2618 3598 3598
3589
1348
3598
6049 2867 5552 3612
1348
3611
5219 5143
1901 6051 2073
3598 1348
2548
3598
2314
1348
3067 1497 1963 5484 5071
3554 2555 2567
3611
3622
2139 230 983 230 1226
3598
2239 531 1563
1945 2510 3554 3395 5521 4858 3170 5027 4636 2464
3611 3612
3613
3587 3615
3598
3598
3612
3611
5218 1496 4742 3069 2688 5826
3105
2618
2591
3585
3565
1348 1348 1348
3612
3612
3565
3618 3598
2455 5143 1551 5136
3611
1348
3359 4817
2178 2455
3618
2618
2155 2177 4793 2076
1348 3621 2548
1348
3634
1348
1348 1348 1348 1348 1348 1348
1348 1348 1348 1348 1348 1348 1348 1348 1348
1514 343
4901
3612
2022 1491
3612
3611
2983
2603
5090
3598
2614 3598
3614
1615 5778 4754 5066 1962 1607 1939 2274 2156 2593 1497 4890 5778 2232 4872 2163 5880 1355
3612 3612
1348
3565 3565
2279
2591 5436 3554 3577
3611 3565
3590
3598
3598
3611
3618
5995
3598
3611
3598 3615 2618 3565
3598
3618
2567 2555 2591
1348
3612
3565
1348
2870 3882
3171 5555
3565
6040 6039 6040
3612 3621
3565 3565
3598
1348
1935 1348
3620
3598
3598
3598
3612
3612
4858 2455 2265
3611
5157 5531 5552 3870 5157 1989 5552 3464 1488 5157 2756 1480 3870 5074
3621 3565
2071 2919 4622 1355 3393 5776 4633 4015 3393
3621
3565 2591
1348
3612
3565
4784
4858 5970 5966
1511 5501 2064 3621 1511 5033 5501
1348 1348 1348 1348
3616 3590
437 1644
6034 2455 4857 2282 5932 2865 2891 2455 6034 5510 2282
3571
3598 3611
4881 4901
3612
6034
2614
3611 3598
1991
1348
3622 3622
1540
1497 5220
3621
3611
1348 3598
3612
2560
3565
3598
2614 3612
5044 2156
3565
5090
