1498
4016
2908 2871
1355 424
1498
1498
1498
2908 2886
2695 1498 1498
3189 1714 3188 3327
1695 2881
2908
1498 1498 1498
2794 4331 2578 2269 2312 1971
1695
1498 1498 1498 1498 1498
3195 2261 3552
4030
1498 1498 1498 1498 1498 1498 1498
4030
6801
4040 2881
1498
4029
1498
2908
1498
6247 6178
1810 671 1572
1498
4030
2125
4016
5344 3427 5478 4525
2125 4029 2125
2881 3978
3427 4430 6225 4115 2999 1660
4032
4030
5820 5819 384 2792 1782 384 1782 5877 4337 384 1782
2762 5617 5619
4016
5819
1498 1498 1498 1498 1498
2908
5500 2263 1714 2125 4112
2177 2318 2745 3867
2306 5819
3978 1498 1498 1498 3978
3295 3082
596 488
4029 2125
4370
5798 1673
4040
3239 3426 1778 2539
2908
1707 2174 2177
4029
2908
2881 2840
1498 1498
4029
2736 692 5500
6804 6804
669 588
4030
4016 3978
3818 6809 3240
3982 1769
1498
3978
3195 3194
1626 2881 2595 3339
6559 2766 1695
2908
1498 1498
2313 1650
4429
2908
1714
2881 2306
4030
4030
5522
4029
4029
4032
5641 1717 3029 4557 2773
4030
4030
2844 6818 2908 2838 4041
2883 4030
4029
2270
4016 2881
2125
3978
6525
3549 2312 2181 1700 1507 3788
1812 1810 702
4029
1498 1498 1498
2313 5215 5478
4005
1971 6526 5695
4005
3219 3298 6563
2908
3295
1498
2313 1819
4031
4031
3967
4033
3991 2881
3781
4029
3991
4016
4202 3805 1717 4203
675
1729 1729 1729 1729 1729
3978
4770 5810 2312 2713 2159 1507 3426 3789 2403
3971
4029
4016
1626 1819
3182 5490 4122 2169 4123 2965 6500 3185 3180 4116 5511 5306 3605 2715 2168 2801 5387 4557 4016 5462
2908
2881
2572 5676
3785
3196
1679 382 382 1679
3969 1498
4003
4030
1498 1498 1498 1498 3195 1498
3605 4016 1812 4030 702
6509
4029
1498
1498
4030
1498 1498 2663 6512
4029
1088 2310 6147 6500 1661
5505 2736 3218 3259 1714 1507 2796
2125
2881
4030
4022
2796 4790 5167 2589
3978
5798
4030
4029
4029 4016
2983 1498 1498 1498 1498 1498 1498 1498 1498 1498
3978
5125 2313
4016
4030
2850 2881
1498 1498 1498 1498
4031
4005
1744 4870
4016 1498
5690
1498
2908
4029
2838
4031 2908
4030
3978
5478 5403
4029
4029
4030
1572 1793 488 591 1812 2313
6558 2881
4016 5697 2174 3811 3427 3789
2908
1498
588 5676
5478 5494 2694 3814
4030
4340 2765 3195
1819 6255 1819 1819 6172
4031
4033
4030
4016
3324 260 4117 4117 4525 260 3324 260 2288 3356 260 3324 260 5614 6822 6818 6817 260 6822 3324
4029
4035
4029
4029
3978 3427 2958
6138 4040
3978
4041
1498 1729 2384 1498 1498 2519 2384 5643 1498 1729
3356 2306 2174 586 4331 669 5344 2306 4331 586 5635 669 3356 2718 2699 2306 587 3356 669
4030
5494 6801 2736 6687 3784
260
4016 4030
1638 2736 3195
4030
6222 260
1133 588 1810
1498 1498 1498
2908
4029
5478 5878
1498 1498
1812 2736
1498 1498
384 1782 1716
4030
4029
4030
1782 384
4030
2608 2736 3605 3788 1507 2716 3189 3190
260
2881
2736
4016
1498 1498
1498 6509 1498 2491 4053 4433 1498 1498 1498
4030
4016
3893
6609 5671
3306
3974
260 2575 5490 5522 2424
4323 2384 2568
4030
1498 1498 1498 1498 1498 1498
260 1695
4016
2312 3240
596 6099
1498
2908
4030
4016
4030
2885 5594 5593
4997
260 1677 3471
6737
4030
3978
3805 2595 260 2595
5692 2885 5833
490 588 1695
4030 2908
4029
1080
4030
4029
2883 4030
1498 1498
1714 5504 1714 2881 6138
3298
2225 1133 672 1812
3227 3800 4117
2310 2312
4035
5810 3244 3244
4030
1498 1498 1498
2125
6817 1708 2169
3564 2704 2794
2908
4016
4040
4030
4029 4016
5744 3871
3978
2736 588 260 488
2736 260 5671 260 6624 5671 2440
260 3218 2306 6808
4030
260 692 1807 593 495
4030
3978 4029
6758
5635 1742 1737 3218
2908
1498
1807 671 596
3306
5622 2318
5820 692 490 591 1629 1810 676 3426
2313
2983 4783 3426
4034 4029
1498 2491 6509 4433 4053 5610 1498
5306
4016 6558
2881
1626 1572 1828 5493 1572 3239 5836 3195 5836 3195 1572 3254 5836 3254 5836 1572 3254 1572 5836
2482 2403 2402 2405 260
4016
2903
4016
1498 1498 1498 1498 1498
6194 2530
2908
2125
4029
4030
4036
1655 3199 2269
4030
4016
4030
1498 1498 1498 1498 1498 1498
1498
1498
1498
2908 4007
1498 1498 1498 1498 1498
4030
1367 260 1345 1366 844 1089
2908
2869
6504 4142 4346 3899
4784 2306 2190
4031
4029
4016 3978 2881
3813 2575 2402
5696 2778 2313 5348 2577
1498 1498
1498 1498
6189 1675
4029
1498 1498 1498
6818
