3565
3611
3598
1348
1216 378
984 915
3621
3598 361
3565
1348
1348
3565
3598 3591
1348
1348
3612
3888 5143 3612
2593
1348 1348 1348 1348
3615
5404 2863
2417 1348 1348
1530 2591
3598
3612 532 599 626 584 532 626 598 442 532
2618
3598
3598
3598
3565
1530 3067 1348
584
4052 3565
1348 1348 1348
3384
2510 3883 2317 2028 2070 1767
5001
3611
3598 3172
1348 1348 1348 1348
3611
3565
1901
3598 1901
3612
4095 3395 3394
3589 3618 3617
2587
4858
3598 3598 3598 3598 3598 3598
2618 3055
3598
5166 2891 5456 3222
2549
1348 3598
3612
4872 4890
3565
3611
3598
3615
3614
1348 3565 1348 3565 1348
1348 1348 1348 1348 1348 1348
3565
3598
2591
3612
4623 2489
3611
3435 2069 3402 5072 230 2509 230 3067 4268 230
3598
3591
4046 2618
2064 2894 2865 2071 4857 1355 1607 3173 2904 4633
3612 3598
3612
1348 1348
2591
1348
3598 3598 3612 3598 3598 5810
3615
3611
378 725 651
1348
1901
2618
3611
3612
1901
3612
3589
3612
1901 1901
3411
2860 2982 6053 2139 2865 2391
3579
3565
3598
3598
3611
3612
2548 3577 3622
1348 1348 1348 1348
3612
3612
3601
3612
526 1413
3611
1348
3616 3611
2618
3612
3611
3611
3598
3621
3565
3565
3612 2618
3612
3612
2508 2064 2426 1355 5181 3386
3611
4633 5927 3395 4633
2560 3615 5063
1348 1348 1348 1348 1348
3612
2612 2611 3612 3598 3617
3565
3611
3598
3598 3612 3598
3567
1901
3391 5146 1500 4872 1487
3611
3611
3598
2618 3567
365 1068 622 384
5040 3384
2618 3621
5058 3067 3611 3621
1901
4743 3068 4858 4045
3598 3618
1901 3611 3611
3612
3617
3598
3598
5007
3598
1348 3598
2591 3622
3598 3598 3598
3611
1492 2071
3612
3068 3971 5534 3690 2696 1496
3565 3565 3565
5146 1985 1939 2071 1964 3158
3614
3612
3598
3598
3611 3616 3598
5167 5166 345 2509 1611 345 1611 5218
3612
3579
3612
3611
3612
3613
3612
3560
1901
3617
2479 4983 4985
5501 4870 1930 1963 2071
3616 3611
3598
1348
3611 3598
2591 3067
1348 1348
3611
3598 3612
3611
3611
3612
3598
3598
3617 3617 3617 3617
1348
3611
2082 2139 1355
1956
3598 2618
3612
2864 5167
3611
3612
3612
3571
3611
3587 3616
2076 1590
2618
3598
4879 2022 1548 1901 3687
3612
3611
3612
1948 2076 1948 2463 3465
3598 3886 5831 5166
3565 1348 1348
5932 5932 2860 2858
3419 1960 4635 4274 3394 3395 2068 4633 4274 3434 1571 6035
2455 2437 3394
3611 3612
2180 2239
1348
3611
2954 2770
3612
534 435
3565
3598 1348
3614
2780
3611 1901
3611
311
3611
2927 3435
3598
1348
3613
3598 3615
3598 3598 2618
3612
3621
3598
2903 3067 1607 3067 2282
2618
3611
2028 2289
3598
6004 1610
3612
3611
3598
3612
4097
3598
3587 3617 3598
3611
2618
3590
3598 3611
3612
1627 2070
3565
3611
2560 1872
3591
2593
3611
3611
1481 2561 2611 2562
3612
2618
1587
3612
3589
3598
3612 5826 1962
1901
2591 2550
2618
2070 5778
1348 1348
3611
3611
2591 3612
2591
3612
3611
3436 3423
3611
3611
3598
3612
2455 626 4879
3621
3598
3598
3612
3598
6035 6035
3611
3615
3612 3612
3598
3611
3565
3611
3598 3565
3424 6040 2904
2070
1348
3611
3612
3565
3569 1600
3565
3598
3598
2455
1872 3598 1348 3598 3611
2618
1348
3621
3612
3612
3612
3612
3565
3565
3612
3598
3350 3387 6032
3621
3611
3621 2591
3565
3598
3611
3615
3612
3612
1348 3598 2985
3613
1348
3565
1466 2591 2331 2994
2481 1920 1960 5157
5826 2483 1530
3598
2618
3598
725 378
5431 3612
3612
3575
2068
1348 1348
3970
2550 2548 2561 2562 2560
3587 3611
2618
3611
5218 1926 5058 2916 2438 3170
3598 3611 2618
594 1646
1548
2344 3394
1348 3598
3612
3598
3565
3598
3598
3591
2475 5500 2336
3598
3612 3611
3611
3614
3611
3611
3598
3612
3612
2593
3615
605 1530 3467 2068
3612
3612
3605
3067 2865 4630 2068
3612
3621 3579 4633 2885 2076 2391 4983 2857 2859
2618 3598
2593
1469 1639 593
2618
3611
4629 2885 2950 2071
3612
3598
3612
3621 3598
3612
1901
3621
4976 2916 3385 2069 2071 1355
3621 3598
3612
984 1219 378
3611
3598
3598
3612 3612
3611
3611 3598
3598 1348
3565
3613
3598
3612
1509 5426
1901 2591
2618
3611
3598
3598 3598
3612 3616
3612
3598
3598
3612 3565 3565
1550 1550
3758 4640 3761
2076
1348 1348 1348 1348 1348 1348 1348
1639 1637 636
3612
3598
3073
3611
3565
3612
2326 1532 2316 4282 2318 5218
3611
3598 2618 3598
3617 1901
1348 1348 1348
2071 4630 4858
3589
3611
3598
2590 3611
3565 3598 1767 5793 5055
3616 3617 3616
1939 2950 2864
1901 3565 3611
1643
3598 3598
3616 3611
3598 3634
3390 3391 3420 3411
3565
532 1413
3598
3612
4708 4805 5156 2806
1530 5518 2512 2436 1355 1497 4890
3612 3598
1348
1348
3611
3565
3613
2071 1646
3611 3598 3598 3565 2618 3598
1509
3621
3565
3611
3611
3613
1348
5090
4890
3612
3612
3613
3598
3554
1348
3614
3615
2591
3612
3598
3612
1348
1901 3612
1901 3589
5808
3384 2154
3615
3622 4820
3612
3598
3598 3615 2313
3587
3611
6032
2618
3387
3598
4636 3411 2489 3442 1940 2028 2316
3598 3611
3611
2958
2618
3611
3611 3598
3587
3613
2550
2115
3413 2064
3630 1207
3611
3411 1551 3766 3765
3611
1492 1963 4988 4278 1930 2528 2070 1492 2070
1348
3612
3602
915 2022
3613
3565
1901
3612
4519 3598
3598
2591 2591 2597
3612
3598
230 3402 4879 230 1530 1466 1530
3598
3612
3611
3565
3617
3612
3612
3598
3565
1413
3613
3558
3615
3611
3598
6034
5143 1939 1491
3598
2591
2618 3598 2618
2593
2591 2591
3611
1348
3612
3611 2590
3622
3611
3565 3614
1466 1646
2561 2548
3612
2849 4869 3691 4890 4708 3225 2436 1939 2517 4778 4070 2851 3697 1940 3698 2670 5772 2854
1542 2618
2618
3612
5826 3067
2591
1586
3611 3565
2591 3612
3611
2313 5038 2313
3598
3622
3598 3598
1646 2068
3598
3612
3613
3611
3611
2618
3598
3611
1348
3565
3598 3565
3611
2548 3612
1348
3611
3614
4881
3613
3598
3611
4347 2112 5146
3598 3611 5476 2455
5792
2232 2314
3612
3612
3612
3611 2591
3598
2591
2560
3598 3598 3598
2591
3598
1514 343
2618
1567
3611
3598 3598 3598 3598
3598
3556 1348
1348 1348 1348
2329
3225 3598 1639 3612 636
3611
3598
3598
3412 2591 2591 3611
3611
3612
3068
3598 3612
2591 3611
2029 2919 1601 2481
591 1639 1637
5146 5932
3612
361 1509 1499
1348
3611
3565
6032
1514 343 1530
3621
350 1152 350 330 1151 330 1196 608 532 636
1348
1348
3611
345 1611
3612
3612
3613
3598
3598 3611 3598
1348
3614
3565
3611
3611
3598
3598
975 3630 1217 1355 3097 3096 3629 2437 1932 3096 3097 3629 1355 2436 3097 3096 3629
3611
3565
1551
3565
983
3398 532 3428 2455 3734 2438 3391 2416 2918 4986
3611
3598
3612 3598
766
2591
3611
3612
3615
3612
3598
3598
2082 2455 4794
3612
3621
3565
3387 2455 2417 4743
636 5562 524
3565
3612
3612
3565 3565 3611
3598
3612
5058
3611
3612
2512 4275 4584 2325
4843
3565
5146
1348 3634 3634 1348
2593
3565
3591 3598 3591
3612 3621 3621
3611
3437 2884 2327
1606 2560
230 1576 5781
3615
3614
3598
3590
3611 3598
3565
4254 3629 2455
3598
2683 1348 1348 1348 1348 1348 1348 1348 1348
3598
2177 2550
3612
3611
3611
3612
3612
3612
3565
2595
3611
2591
3611
3598
1348 1348
1901
610 1530 3598 3613
3598 3598 3598
6034 1348 3598 3598 4858
3612
3612
1348 1348
3613
3612
3611
1348
3613
3598
1207
1962 2455 2064
3613
5166 3612 5167
3612 3616 3620
3612 3612 3612 4052 2569 2591 3621 1355 3621 3598 3621
3611
2481 1480 5157 3629 5157 230 2481 2488 1480 3970 2488 230
3611
5166 2919 5056 1355 2090 2076 3222
2596
3611
3589
1578 4342
3612
3565
3598 3612 3612
3611
3587 3587
3598
3611
3428 2417 4268 2344 3428 3395 3390
2591
3615 3612
3611
4988 3172 3068 3394
3598 3598 3611
3598 3598
3612
3612
1348 3598
3611
3565 3612
3598 2618
3611 3565
3598 3577
3598 3612
5051
3612
1348
3565
3598
3598
3598
4988 2863 3406 3437
3611
1348
3598
3598 3612
3068 3612
2591
1207 3630
2070
2618
2591
3612
2548
3067 5791
3562
2603
2859 5181 2569
3611
3598
3565
3611
3598
2618 3611 3611
3613 2618
3615
3612
3598 1348
2025
1348
3353 3347 3359 3621
3565
3598
3598 2591 3598 3598 3598
3565
3611
3598
4858 4793
1348
3611
2591
2025
3611 3611
4873
3611
3612 2618
2618
3577
3598 3612
361 3073
3611
3598
3611
3611
3068
3611
3611
2591 3574
3612
3611
3406 3459
1227 230 1645
3621
3621 1348
3613
5826 230 5932 3391 3734 230
3598
230 230 1532
3612
3611
3611
3598 5057 1945 3417 3068 3395
4820 3598
636 1639 636 1639
5883
1222 1207 230 1222 230
3571
2618
1348
2591
3612
1348
3612
3598
3611
3612
526 5038
3565 3612 3598
3612
6033 5033
4794 2155 3427 2892 2180 2331
1348
3469 3629 3466 1956 1952 3468 3629
3598
2618
5146 1552 5167
3598
230 230 2919
4858 3176 2020 2865 3177 2314 2863 2864
3613
3591
361
378 378 1217 378 3598 632
2982
2916
1529 610 1655
3598
3611 3611
3612
3598 3598 3598 3598 3598 3598
3611 3611 2612 2613
3564
3612
3589 3589
3598 3598 3598
2863 3067 2561 5932 4881
5033 2156
2979 230 230 3692 3692 4045 230 230 2979 230 230 2047 3008 230 2979 230
2318 5531 1963 2156
3612
3612
4151
5090
3565
3611
3612
3598
3612
1348
2591
3611
3565
6035
3612
3598 3612
3565 3598
3615
2618
3611
3611
3598
3598
3598
5456 3621
3598
1348 1348 1348
3413 3068 3170 3629 230 230 4275 3172 230 1355 3172 230 3067 230 1935 1646 610
3612
2076 4890
2064 5024 4278
3612
3622
1348 1563 2139 1348 1348
3611
3612
1348 1348
3565
1530 1148 330
524 3883 603 4743 3008 2064 1945 3883 524 5001 603 3008 2064 2439 2421 2064 525 3008 603
3611
3612
3611
3565
1491
3598
1348 3598
531 1645
5146 2325 3612 5146
3612
3612
3611
4250 1571
1901 3612
3919 5033
4873 6032 2455 5932 3390
3611
3598 3598 3598
3621
3598
2178 2851 2864 2854 2892
3611
3565 2618
1496 3391 5932 4873 2455 3629
1476 2455 2864
230 230 2490 2978 2476
5434
3598
3611
2590
605 437 605
3612
1639 2071 1992 1025
3598 3621
3598
2591
3612 3598
3598
5534
2618
3598
1901 3565
3620 3616 3613
3634 3618 4766 1348 3634 3634 3598
3565
2593 3621
1348 3634 1530
2863 2864 2509 4858 3406
3611 3598
3565
3610
3598
3612
1590 2325 1511 2317 1355 3412 4489
2591
3612
3402 3693 230 230
3591
1542
1226 1227 1224
5794 2256 5794 2256 3068 2256 2581 3598 2579 2256 2256
3598
1512
3611
3598
3612
3612
5531 230 230 5531 1549 3629
3598
3611
3598
1550
3612 3598 1348
1322 988 1025
3611 3598
1901
3598
2336 230 230 2919
1348
3611
5098 6048 5794
6032 6032 6032 6032 6032 6032 6032 6032 6032 6032 6032
230 230 5006
3591
1531 1355 1995 1355 230 230 1995 1531
3611
3611
3612 3598
2618
5181 1543 1939
3614
3565
3598
6032 2036
3598
3598 3617
2908 3629 3435
4858 5219
3598
1348 1348
378
2603 2591
983 632
3621
3612
1348
3598
2591 2561
3598 1348
4872 5191 5028 4872 2454 4872 3405 5146
4638 6050 4988 4988 4046 3892
345 1611 1550
1348 1348
3612
3598
3612
3611
5441
1348
2603
1348 3612 3598
3611 3587
3598
3611
2860 3459 4118 3692
1104 1090 1349 1091 3598 1232 1105
3598 3598
3565
3612
3614
2587
1611 345
3611
3611
1989 3598 1615
3612
1348
3611
3613
3611
3612
3616 3617
1901
5038
3611
3611
3598
3067 1355 230 230
3611
3611
5166
3565
3612
2548 2613 2612 3621
2618
2344 2455 3225 3394 1355 2437 2858 2859
2618
3611
230 230 5039 230 230 2240 1940 6035
3612
2591
230 230 4794 4872
2591
3587 3611 3611
2851
2618 3598
2071
3612
3612
988 3630 378 1219
5051 5146 2331
3611
1466
1932 230 2997 2978
2352 5090
2744
3598
2626
1348
1348
3612
3611
3565 2593 3565
3611
1231 5057
1348 3067 4578
3598
3612
2591
3611
3598
1348 5781 1348 2240 3634 3974 1348 1348
230 2483 1576 1413 230 6032 610 6053 1529
2028 5932 2857
3611
5793 5792 5985 5146
3612
1862
3611
3598
3611
5007
2591
3611
2548 3612 1872
3612
2417 4858
3611
3598
3612
3614
5866 5033
3611 3598
3565
2618
3561
3621
3611
3621
5825
1498
3598
3995
3613 3620 3616 3840
1348 1348 1348 1348 1348
3565
3565
2618
3158 1469 531 1530 597 5028 1741 2069 5025 3395 4633
3612
5166 5167
3612 3611
3611
3621
3611
1639
3598 3598
435 532 1025 1639
3612
3612
3598
725 3598
3598
3612
1595
3612
3598
3648 3504 5146 2920 2863 5794 5979 3648 3504
2618
3621
2591
3612
3611
1901
3598
3612
3611 3587
3598
1348 1348 1348 1348
5426
1479 5434
3611
3598
3612
1567 3388 6034
1586 230 2010 230
3598
3611
3611
3598 3068 5978
3598
2892 1500 2894 2416 3629
435
4095 4095 4539
3612
3598 3598
2070 2904
5533 5825 2464
3598
2803 5025 4858 3842 5146
2455
2618
3612
3598
3611
3621
3419
2022 4633 4857 3222 5501 6054 5880 2418 2022
3067 5066 5065
3612
3621 3565
534 5419
3612
3611
1219 1325
3566 3567
2071 5219
2618
3612
3612
4873 4787
3612 3624 5790 5356
2591 3613
3621
1567
3598
3621
3612
3565 2591
3615
4837 2288 4858 2455
4443
2611 3589
3612
3598
230 1512 3105 230
3611
3598
1601
3611
1537
3616 3620 3598 3613
3598
3565
1643
2548 3598
2064 1502
1901 2849
916 838 3411 2331 230 2331 230
3611
3611
5053 2595 5179
3617 3617 3617 3617 3617 3617
2318 2314 1656
437 526 1530
3612 2618
3611
3613
3621
975
3611
1540 1611 5526 2982 2314
2618
3611
3611
2593 3612
3612 4821
1208 378 3630 987 378 378 1207 987 3630
3598
1348
3911
3612
2618 2611 2612
1548 4883 1548 2591 5456
3765 4095
3611
3611
3611
3435 3420 3390 3437 5826 3067 2885 3434 2068
3612
2023 3394 5167 5166
3598 1348
3611 3611
3611
3587
1989 1025 606 1639
2070
2892 3406 3692
2068 2070
3616
3612
3760 3759
3565
3612
1543 2316 4915
1348
3598 3565
1901
3622
3565
6048 1543 1940
1222 3630 983 1216 1963 3629 2860 1222 983 1296 3630 1992 2860 3629 1222 1216 983 3630 3735 3629 3393 3734
230 1469 608 1646 230
2618
3611
3067
5143 3598
1901 3598
3598
2455 2309 230 3412 230 230 626 230 610
3598
3590 3616 3618 3616 3616 3618
3612 3598
5098 3469
3598
3611 2590
3611
3598
3612
3565
3612
230 435 230 2455 526 3170 5033 2691 1355 2644 2981 230 2756 230 2674 1109 5033 2047 1355
3612
2064 2455 5521 2455
3565
2455 5508 5880 3892 5508 230 5033 2455 230 2455 5518 1222 230 5033 2192 230 230 5880 230 5033 230 2455 1355
230 2884 2064 6039 230
5899
3612
230 626 1635 531 230 442
3618
378 1208 987 3630 1219
3621
3611 3612
3612
3611
2478 2618
5098 230 2344 230
3598
3598
3611
3611
3598
2587
3598
3611
3612
3611
5218 2482 230 4876 230 231 1226 231 4132 230 230 3885
3615 3598
3598
3612
5985
2481 1542 5781 1543 2064
3612
3621
3337 4357
3565 3611
3598
3612
1901 2593
3598
3611
3612
5826 1530
2994 5166
3611 3611
3612
3612 3616 3565
2036
2464 3598
5776 1530 5508 1956 4742 437
3612 3611
3598
2591 3598
3611
1930 2331 230 1355 4976 4132 2020 230 230
3612
3611
3591
230 5555 5143 4976 230 230 5098 1935 4252 2455 1746 230 230 230 1571 5132 1935
3612
5040
1576 1571 5001 2884
2618
5530 5529
1348
3413 2331 2916 5825
5569 230 5543 5526
1348 1348 1348
2618
3565 3598
5033
3598
3611 3616
2965
3612
2474
4988 2076
2064 2067
1355 230 2644 3157 230 2644 230 230 3157
5068 5416 5065 2391
3598
3611
3598
5167 626 437 529
3565 2591
2683 4268 3067 1355
3611 3612
2064
3612
3616 3611
3611 3587
1348 2240 5781 3974 3634
3598
5825 230 230
5808
608 636 4756 531 532 636
3611
4708
3598
3612
2603 3611
4795 5167 3612 5166
3598
1862
3611 3598
5033
3598
2591
3565
3598
230 230 6032 4869 4875
3598
3612 4070 3693 4070 3693 5065 4070 3693
1218
3612
3611
2591
2613
3598
3621
3611
2618
3629 5070 2490 1590
3565
2591
3068
3612
2591 4633 5426 3598 5419
5167 2070 2020 2314
1348 1348 1348 1348 1348
5505 2273
3611
5932 3390 4873 4858
3611
3598 2957 3353 3612 3349
3611
2618
5065 4873
1901
230 230 1567
3612
3612
3598 3565
5063 2612 3343 3612 2566
2618
2884 2040
1530 1626 2978 1511 3068 4847 3068 2978 1355 357 2455 5081 4747
2864 3629 2865 2863 3629 2865 2864
3565
3618
3612
3611
2863 2270 3435 2070 2070 378 2997 766
3612
2864 5220 2020 230 230 5055 3754 4999 3629 2865 2020
1492 2868 2028
5219 1348 5146
2591 3621
5932 3390 4873 1496 2020
2313 2418
5040 1923
3598
3598 3598 3598 3598
3611
2611 3615 2618
2591 3612
3612
2618
3598
1590 1576 2036
3612
1948 1586 4895 1948 3096 3407 4893 2854
3612
2591 3621
1348 1348 1348 1348 1348
1901
2618
3598
3542
3598
1348 1348 1348 1348
3598
1348
1348
1348
6034 6034 6032
3598
3565
5978
2618
2455 2163 3067 230 1606 6032 230 6032 230 3170 230 3434 4761 2455 230 6032 230 6032 230 230 2416 6032 230 3389 4761 6032 230 230 230 6032 230 5424 230 1355 230 6032 2036 2455 2416 230 230 3008 3067 4761 230 2455
1348 1348 1348 1348
3598
4098
3621
4737 5046 5181 2070 2416 3892
3565
1348 3598
3612
378 1216
3612
3611
1216
3598
5071 2509 5189 5527 1497
2380
3598
1227 230 1207 1226 766 230 984 230 2139 230
2618
2464
2474 3388 5058
3394 1585 2020 4708 2438
5776 3714 3897 3494
1348
3620 3616
2591
2603 2590
3565
2325 1549 3883
3886 5219
3598 3612
2317
3613
3611
2887 2082 3618 4737
3612
1348 3598
3565
3068 3436
3598
2618
1530 1529
3611
3598
3612
3598
3618 3598 3419 2314 2155
5143
3611
3621 1901 2618
3621
1348
3611 3598
1530 3494 534
231 1210 231
1348
1348 1348 1348
3401 1548 5157
3621
3611
3598
2599
3598 3598
1606
3598 4875
5056 2495 2071 4747 2316
3598
2618
3598 2982
2595
3598
3611
3611
3565
1348 2591
3622
3611
3611
3612
2618 3565
3611
3598 2773 3598
3565
3612
3598
1348 1348
3615
1226 3067
2756 3475 230 3468 230 5544 3068
2591 3565
1348
3565
3621
3612 2618
5501 1511
1348 1348 1348
2064 5186 1355 3442 4278
3598
3565
3598
3565
2864
3598
5056 5806 5804
3612
