1498 1498
4034
5478 5494 6687 2261 3783 3196 5634 5348
2881
1358 657 488
4029
2578 3197
1498
4029
1498 1498 1498 1498 1498 1498 1498
2979 5214 6687 3783 1775 4312 6251 5798 2225 3784 1507 4164 2694 3785
1498 1498
4016
2881
4053 2270 1498 1498
4030
2361 2361
4029
5205 1819 2181 2181 1133 594 1819
4016
3978
2155
4163 2206 2724 3258
2917 2871
3978
3426
2578
4029
3189 2410 4784
2881
6739 488 593 6739
5809
2125
3978
4029
4029
1498 1498
4030
4030 4029
6527 3810 2708
1498 4056
5125 2972 5191 2716
3427 2529
4030
4030
2881
4029
2756
4029
4016
3978
4163 1714 3783 6687
4029
4029
3978
4030
2845
4029
4029
4030
4016 4016
1498 1498
5062 3180
4029
1498
4016
2589 4525 424
1498 1498 1498 1498 1498 1498
6526
4029
4029
5176 4053 5174
4032
2589 3258 1507 3866
2881
2125
2269 2326 4766 3381 5758 4359 2623 2403 2484 3122 4398 2794 4421 6804 1507
3978 3978
5218 3785 3859 2713
4930 1777 1744 2715 4429
4016 4016 4029
4029
4030
4016
5214 2771 3807 4784
4030
4031
2181 3190 3189 2704
1498
2125
3792 3196 2716 2695
4030
3426
1498 1498
4029
4030
2901 5153
3978
4030
4117 3789 4118 3813 6558 5160
4003
4029
3199 4202 2261 3191 4341 5204 1507 3459
1695 1695 6818 1936 4035 1819 1695 5395 3437 1695 2313 1819
4030
4016
4029
3258 3254 3219
5176 3814 2306 2694 1507 5176 3254 2881 2306
4016
1714 5878 4112 5666
4030
4030 4030 4030 4030 4030
3978 2881
2185 6559 5356 2152 5183 1752 1507 3807 5635 2312 1661 3229
3796 2313 5522
2883
3196
3784 2736 5496
3805 5204 4783 5610 2694 3219 3427 2893 2589 5620
4030
4029
4016
2889
4029 4016
4029
4003
4003 4035
4031
4030
4016
3426 424
2261
4029
4053 4365
3979 2736
4030
2851
4016 2893
1498 1498 1498
3991
4030
4029
4030
3427
2979 3547 3547 2705
4030
4031
5495 2159
4029
3978
4030
5882 3782 3603 3240 2716 5511 2313 3785
3978 3471 4118
4030
4030 4016
4769
2881
4030
3240 2724 6559 2717 5619 3785
1819 1805
2759 2168 2994
3381
3254
2125 4030
1015 1498
1646 1741
3258 3254
4016
4016
4016
3978
3974
4016
4030
4007
4029 2908
4030
4030 3115
1714
2148
2886
4029
4016
4016
4003 4030
3978
4030
4029
4016 4030
6089 5877 5522
4029
4030
4029
4030
4041 2838 2840 2860
4016 3426
3805 3859 2696 3796
4036
2403 5495 3955
4029
6248 2746 2306 6563
4030
4030
4049 1440 1477 4049 1695 1695 676 408 688 432 424 4049 424 4049
1667 2873 2881 5632 1717 1667 6801
2881
3978
4029
2881
4007
4016 4005
3978
4029
2881
4029
3776 2312
4029
1440 1088 424 929 1089
4784 1714 2715
1716
3098
4031
1695 6558 3427
1498 1498 1498 1498 1498 4053 4016
586
4030
4016 4590 4593
2736 3264 2704 3553 4784 3190 3194
1819
4016
4016
4035
2881
1498
4034 4035
4016
4029 4016
4016 4030
2881
3196 4118 3800
4005
3978
4016 2881
6758 5690 3759 6524 2575
2589 2802 2185 3227 2181
4029 4016
2881
1355 1016 1356
4016 4030
4016 4030
4030
4029
4016
4031
4016 3788 5877 6559 2577
3989
4030
4030
6104 4118
4003 4029
6107 6098
4016
1685 6221 5819
4029
1498 4016
488 1572
3978
4016 3978 4016 4053
4029
2484 4337 3093 2965 2313
5676 5511 5504 5514 2575
4163 2694 4048 3787 5877 3342 5713 5356 4048 5356 4048
4030
5798 1355
4040
2313 6756
4030
4030
4030
4029
6525
2908
2881
4029
1498
5810 2713 3806 2159 2545 2261 2584 1507
2125
1498
3026
4030
4029
4016
2881 3978 3197
4007 2883 4016
4030
4016
6803 2594
2881
6212 6559 6570 6249 1507 5522
3978
4016
4016
5635 5405 1660 4793
4030
2881
3978
4030
4030 4016
4029
4016
4164 2575 6687 3798
4029 2881
5878 1636 6803 2575
5882
4030
2881
2125
4016
4030 3978
1498 1498
2306
6527 3818 6746 5511 3194 6739
2589 2577
2575 2194
4016 2908 3978 2125
2736 4330
5879 5879
4030
4056 1498
3435 4048 2194 3227 4048 6756
4030
3969 2881
4030
424 4049
3978
6624 5713 3427 2572
4016
1498
5877 3785 2792 1717 3789 3782 3788
4029
2857 2847 2848
1498
1498 1498
4016
2881 4040
3460 4048 3459
4793
5715 3195
5093 1088
2593 5403
4029
4016
2589
2908 4016 4029
3978
4029
5878 3813 5662 3788 6803
5798 2881 3298 5810 4053
4029
4016
3259 3196
3460 4180 4284
3955
1673 2269 6166 6166 6217 5820 4331 2306 2410
1498
4030
4029
3327 6804 1758
4040 4016
4030
1498
2266 1356 6793 2713
4031
4030
1572 3565 5634 3195 1715
1498
3978
3262 3218 5820
2838
4030
4029
2908 4005
4016
5369
2313 4532 6526 2902 4030 4016
4029
4030
4029
1498
4016
1348 5617 3552 5847 1345 1358
4029
2125
4030 3978
4029
2881
4029
4030 5522
3199
3196
2318 3787
3899
3220 5522
4030
4040 4030 4040 4030 4040
4029 2880
4029
4029
2893
4029 4029
4030
4030
4030
4016
2838 2840
6189 4016 6801
2881 4029 4016
4031
4029
2908 4016
4007
3260 4784 2310 6504 5404 2589 2796 4335
4030
1498
1498
424 1357 1016
4029
4029
4030
3978
4030
4034
2881
4030
4016 5724 4016
4033
4030
4029
4030
4030
1088
4030
2125 3979
4030
4016
3985
1498 1498 1498 1498 1498 1498 1498
2908
3219 3189
3978
6739
4016 4031
2881
5405 6806
1707
6194
4048 3324
4030
4029
4029
3964 2908
4029
4030
1498 3979
927 424
2908 4030
6908
4029
4030
6687 4163 4048 2575 3792
2125
4029
4030
1708 5619 4048 2312
2908 4030 2838
2312 4341
1367 4049
4048 5713 1507
2881
4016
1498
1812 3189 3548
588
4016
1498
3978
4029
4029
2663
5496
4048 2589
4016 2778 2273
2736
3324 5671
4016 4030
2531 6166 4048
3195 2998 5683
4005
2881
3471
4030
2161 4340 2944 4048 2288 4048 5877 3324 1792 4048 3324 2288 4048 5222 4340 2944 4048 4340 2161 2943 4048 3078 4340 4048 4331 6195 3324 4340 4048 5877 6195 4331 4234 4048
4036
4029
4048 3784 3427
424 4049 6526 4048 4625 2994
3295
3969
4030
1752
3978
6565 3427
2883 4033 2851 6547
4016
5696 3760 3784 3782 3240 5174 2577
1800
1498 1498 1498
5697 2527
2306
2858
1498 3356 3355 1498
4030
4030
4029
2999 5494 2696 2700 3426 4203 2172
1498
4016 4016
6559
4029
1355
424 1089
4030
4016
4041
2893
4123 4720
4029
4029
4030
3812 2575 2266 6758
4016
6801
4016
3978
4029
4030
4016 4040
4016
4016
4049 424 1093 4049 424 1093 1089 1089 4049 1093 424 424 4049 1093 4049 1361 1093 1660 4048
4016
1498
3978
4029
3978 2908
3189 3784 2424
2877
4783 4286
5794 4048 5714 4049 1367 4048 5477 5714
6199 3339 5666 2161
3978 3978
3978 2881
1498
1498
4030
2842
1819
4166 2509 2509 2434 4166 2509 2868 2509 3427
4016
4029
4016
4033
4016
2125 2125
6539
4048 2168
4029 4030
4029
1498 1498 4016
1742 3427 4048 4298 4048 2312 4048 3244 2756 2313 5695 4048 4317
4030
4016 4016
4029
4029
4029
5714 4770
4016
1498 1498 588
2881
4036
6800 4048
1498 1498
5833
5690 3238
3305 4331 5877 3296 4341
1498
1660
7070
1498
4031
3978 3978
2881 4030
2126
4030
6558 5634 3227 3306
6114
4030
4016
4029
2881 4030
2881
1729
4029
4029
4030
4030
4029
4030
4029
5820 1660
3782 5369 4118 3195 3052 2409 2765 1507 3787 2943 3784
2908
4029
2881 4557 5125 2195 1507 5798 2713
2858 2902 4030
6149 3427 6739 5879 1714 3839
4036
4029
4040
4029
4029
4048 1672 6214 6559 3788
2881
3782 5204 3196 5205 2663 3254 5810 5713 1507
6559 3195 3199 3292
488 1133 1695
3978 2125
2266 5344 5356 4286 1507 5676 5640
3978
1498 1498 1498
4016
6726 6632 2410
2608 2261 3805 5622 3788 3196 5478 3226
6804
4933
4040
1355 2325 4048
2151 1507 2759 3147 3146 2306 3153 3326
4016
5610 3471 3473 1498 3780 2577 3783 2482 1696 2608 4330
588 1629 657
2881 2125
2589 3227 5726 3254 4284 3196 2812
3978 2881
2125
1812 671 1133 3181
4016 4053
4030
3978
3978
4029
3978
1498 1498 1498 1498
4049 1345 699
2195 3866 3427
4030
4029
4016
2908
2193 3759 1498 1777 5369
4030
4016
6559 3787 3426 4048
3427 1361
1812
2310 3196 1699
4029
4029
2881
4030
4029 4016
4016
4016
2125
4029
2790 2154 5491 3122 2623 1729 4016 1683 4698
5204 5619
4029
2312 3813
4030
4030 4029
2881 5001
1666 1666 1666 1716 1666 3180 3182
2589 5163 5678 2169 1507
2231 6739 2266
3978
3978
5847
2429 3426
4029
3327 5790 4649 1782 3327
4029
4049 1346 1361 1094
5222
6222 2595 4048 3564
1498 1498
4016
4030
2881 5504 3811 1714
1685 6504
4029
4016
424 4049
2887
4030
4029
4016
3980
3945 2270 4056 1498
4030
3427
6793
4029
2125
1498 1498
4032
4033
4163 4164 3191 4048 1358 4049 424 1088 3191 4048 2205 1088 1355 4049 1361 3191 4164 4163 4048 3191 4163 4164 4048 1088 1440 4049 424 2228 4048 3191 1088 424 4049 1358 1355 1088 4049 424 4049 1088 1440 424 4049 1088 3191 4048 2228 4164
1971 4048 3190
1087 1358
4049
5819
2886
424 396 6802
4030
2881
4030 4016
4029 4003
2125
4030
4040
1825 4049 1810 1133 1695 692 1825 4049 1695
5401
2881
4048 6801 2164 5610 1507 2313
4173
4034 4007
3821 5716 4048
2125
4030
2893
3978
6558
2908 4016
4048 2704 4048 2704 2736
3979
1361 1345
4030
2888
6189 4048 4334 4048 2275 2275 4048 4048 2718 2161 2778 3426 2608 4048
4030
5214 6559 1507 4048 4048 2694 5494 2736 3783
3295
5744 5794 4793 2410 4123
4035
5478 2408
3978
2169
2694 2593
4029
2125
5794
4040
1498 1498
1753 4766 4048 2313
384 1782
4016
1498
4016
3747
3381 5207
4016
4030
2181 3190 1703 6099 6802
4029
3978
1819 4049
3978 1498
4029 4034
1498 1498
4016
2883 4040
4040 4016
4016
4016
4016
3295
4029
4040
4049 1440
2371 6804
2312 4048 5698 3195
1498
3978
1498 5810 2586
4030
3190 4164 6804 4048
4030
1786 1655 1661 4048 6166
4029
4030
4016
1498 4056
1660
4029
4016
4029
4030 3978
4029
4016
3978
2847
4030
4029
6804 2482
4030 2883
2881
2125
4048 3565 3552 2261 3780
3185 2313 3195
1699
4029
4029
4016
5502
2277 4996 2595 4996 6801 5497
4016 2871
4040
4030
929
1498
5465 6749
4122 3227
675 596 702
6199
4040 3978
1498 4016 1498 4053 5252 6739 1498
4029 2881
4016
1498 1498
4029 4588
4048 5348 2667 590 1572 4049 594 1825
6149 5404
4030
4049 424 4048 2156 424 4049
3219
4421 2695 4048 4048 1717 2695 3194
1498
2509
4016
4016 4016
5836 3240
2125 4030 4016
702 2794 2792 1805 2792
4030
6682
1498 1498
3902
4016 1135 1695 1572 814
3603 4048 1507 3258 2277
1498 1498
1498 1498 1498 1498
1664
4030 6147
4016
6756
3323
4036
4016
671 1694 4049 588
1498
1675 6189 6804
1498 1498 1498 4016 1498
3978
4029
2125
3324 5501 5503 5503 5798 5501
