3859
1498 1498
2904 4643
3787 3785
3788 2174 2275 2608
3782 2168 6104
3038
4016
4016
4029 4016
4030
3299 3298
1498 1498 1498
4016 2772
1498 1498 4016 4053 6116 2845 5494
2904 2882
4035
1579 1694
1498 594 1572 1498 1498 1498 1498
3776
4030
6189 5205 2181
2589
3978
1498 1498 1498
6104 6106
2904
3967
4030 4016
4016 2125
4040
3781 3426
5478 4030
4029
4029
5819 488 1818 1695
1672 1662
4030
2704 3784 3782
1498
1742 6222 1660
2312 5714
4040 2911
4016
4030 1815 665 1810
2904
6199 2809 3254
3978 3978 1498 1498 3978 3978 1498 3978
3219 2174
2694 1714 6687 2579 2709 2608
2884
4016
4016
4030
1498 6113
4030
4029
3082 2546
4030
4016
4029
1498 1498
1498
5798 1507 3781 5663 4202 2943
1770 1769
1810
2313 2248
4030
4029
1498
2904
1640
3411
4030
3128 5671 6817 2593 6565
4016
1498 1498 1498 1498 1498 1498 1498 1498
4016 4040
4030
4029
4016
4016
2883
2125 4030
2464 1777 1646 1778
2904
3978 4016
4030 2313
702 1572 594 671
2219 3472 2771 1507 3122 2270 4421 3775 3381 6248 5108 4317 2733 3789 1753 3556 2623 5358 3185
3978 3978 4016 3978
4016
3978
2883 3969 4016
384 1782 6559 384 2280 2440 1782 2441
4029
4016 4005 4016
4040
4030 2884 3978 2904
2908 4532 2902
4016 4031
4016
1356 1015 1082 1440
6218 6687 3219 3782 4123
4031
4029
2313 5696
1498 1498 1498 1498 703 1626
4016 2883
2125
1358
2904
4030
2312 4016
1805 5662 657 1810
2500 6212 2313 3259
2904
4029
3190 2194 1507 5619 5218
2171 4202 4338 2590 1626 2568 1579 3867 3553
4919
3978
5878 3813 2311 2904 3782 396
4040
424 1699 1936 5878 1089 1358 1661 3788
2313
2904
4016
1089
4030
3186 4053 1498 1498 1731 3181 3180 3182 1498 1498 1498 1498 1498 1498 1498 1498 1498
4016
4016 4016 4016
4016
4030
4557 2306 6189 4016 5205
2882
1498
2904 1752 4016
2694 2736 2155 3787 5494 1507 2572
4005
2852 2902
4029 3978
2792 2944 3426
1781
2904 4016
2859
4003 4035 4005
3978
4030
2904
4030 4016
4030
4016
4016 4029
2904
4016
4030 4016 4016 4016
4030 2313 4030 3292 3196 4016
2883
2883 2125
693 431 433 688 1184 1186 1179 434
1498 1498
4029
4030
2904
4030
6225 4016
4030
4016
4016
4040
4016
1498 4016 1498
2312 2904
4016
4016
4698
4029
4007
4030
4016
4770 5369 3218 3229 2155
1770 1764
2904
4016
4030 4016
3978
3577
5503 2273
4032
591 590
3551 2577 3262 3185 2306 3258 3256 3549 2173 2904
4016
4793
3759 1708
1828 1626 3266 5713 3254
2904
4029
4030
1498 6118 1498 1498 1498 1498 1812
5713 4341 4016
2904
4016 3978
4016 4030
2904
6563 6568
4643
3978 3980
1640 6682 3190
5662 5663
2904 4016
3977 3978
4016
4030
4003
2904
4036
4029
4030
2904
4029
4016
4030
6194 4335
1498
2736 2993 6223
2883
671 702 594
4030
3978
2468 2427
4025
4016
2125
1716 588 1810
1705
1724 2851
3977 1088 1356 5810
2313 4029
1695
1498 1498 1498
493 1812
4030
4030
2125
4643
4029
4035 3969 2125 4016
6726
2312
4034 4035
2884 3978
4029
6147
2893
4016
703 671 594 495 659
4016
2904 4030
3784
4030
4029
4030
1498 1498 1498 1498
2125
4031
5503 5504 4016
2533 4016 2532
5715 5218 3426
4029
2882 2904
3426
4016
3038 4016
4016
3299 5148 4016
5599 2857
6758 2152
4029
4016
4029
4016
4049 424
3851 6512 2156 4793 1507 4793 6107 1705 3851 5499 1708 5635 1507 4793 5214 2312 1507 3851 5622
2904
4029
1733 4202 1935 5348 3181
2992
4040
4029
4016 2893
4016
4029
4016
4029
2904
1498
4035
6113 5622
4016 4016 2883
4118 1717 1810 3254 3785 1717 3229 4118 3185
2883 4040
4007 2884 4016
4016 4643
2904
1498
4016
2883
4016
2882 4030
6249 5695 3601 4016 3189 2695 1507 6504 6559
6687
4016
4016 4033
4016 4030
4030
3866 3829 3805
2883
4016 4029
2306 2904 5496 2589
4016
4029
5502 5496 1700
4029
4035 3426 2812 2746
4363 1498 4053
2792
4003
4032
4557 2718 3189
5809 588
2312
5678 1695 4558 5695 3785
4029
5787
4030
4016 1733
3258 6178 2270
5879 3427
4029
4434 6220
1660 6153
2794 3805 6189 6559 6624 1507 2736 4783
1498 3978 1498 3978 1498
2904
2904 4016
3978
3980
4031
5500 2736 3276
2306
6179 5708
1498 1498
1498 1667 381 1498
2313 5404 5877
1498 1498 1498
4118 4184 4317 4183
4016 4030
4029
1654 4016
3426 3797 3978
4016
3840 6138 5478
2884
3196 2702 3785 2709
4029 4016
4643 4030
1498
4016 6592
4041
6114
2313 2882
2904 4016
1660
3978
4772
4016
3254 3553 3822 3220
2911
4016
4016
4016
929
4016 6595
594 4016
1729 1498
2159 588 1742 2325 3290 2306
4030
4029
2883
4016
1819
1498 1498 1498 1498
5341 5341 6565 5341 2883 5341 5002
4030
4030
4029
4030
1364 1361 5617
4030
2893 2883
4030
4029
4016
1498 1498 1498
4029
4016
5348 3240
4029
1498
5522 5879
2901 2903 4029
4029
2904 3978
2312
4049 1088
4049 1367
4030 4532 4040
2764 2957 2584 4048
6527
4030 4016
4029 4016
3254 5478 4030
4031
4029
4016
4031
1673
4030
2904
3978
4016
703 1579 3426 1695 1697
2882
1498 4016 1498 1498
4643
1131
5522
1810 1572 1716 2695
4016 3978
4029
1498
4016
1498
2884
2883 2883
1749 1755
4029
2904
4016
3787 4202 4557 6804 3559
4392 3427 1498 1498 1498
2746 2765
2838 4030 2901 4016
4016
4029
2904 4016
4030
2904
2893
594
4029
4032 3985 4016
4041
4030
4016
4029
4029
4031
4048 3821
4029
2306 4016 3979
2312
2313 5511 2736 5405 1708
5713 4525 2313 2790
4029 2904 4016
2883
1346 424 4049
4016 3978
2893
3978
4016
1367 1346 1345
3978
2904
4016
671 346
4034 4029
2838 2091 4030
4030
5619 4317 260 2181 260 3560 260 260 260 260
4016 5086 2736
4016
1088 1016 1357 5798
2125 2883
2901 4016 4040
4016
1507 2529 4048 2035 2491 5877 4163 2035 3784 4048 6687
4029
2882
4029
2868
4005 4005
4030
2904
5878 2287
4016
2904
4030
4029 2904
2425 2410
4030 2882 4016 2904
2904 4016
2883
1088
424 4049
4016
4030
3978
4016 2313
2312
1498 1498 1498 1498 1498
5714 3240 2219
2904
4029 4016
4016 1498 1498
4016
4029
1006
4016 2312
4041
4016
6565 6803
260 3195 3229
2125
4029
4030
2883 3977
5810
4029
4029 2904
1649 1683 4767 4770
4016
4029
4016
2904 2312
260 3356 5215 5696 260 5698 6263 4323 1758 6218 260 6196 5696 2790 260 4323 1742 5698 5698 3356 6196 260 6209 3356 5698 260
2312 4031 3434 2746 5879
4016
6100 5362
4016
2868
5222
2911
2881
1498
424 927 1354 4049
4029
4016
4040
4035
4016 2882
4030
2509 2868 2509
4016
2193 260 6222 5478 4016 6559
4029 2904 4016
1695 1812
4016
1498
2593 2169 5495
1707 1708 4033
2125
4029
4029
4030
4016
1498
4030 4016
3978 1498
6222 5798 1788
4030
2307
5157 2695 5165 5348 2534
1498 1498
3606 1716 6687 2577 2694
1498
4040
4036 4034
2911 4016
2904
1498 2376
2883
2424 2403 2405
2884
4030
1015 1355 1131 1006 1089
4016 3978
5845 1708 4770 6559 6527 5368 5355
4036
4029
586 4032 5819 1697
4029 4016 3978
4016
1695 590 490 591
1758 6197
4016
4030 4016 4029
4030
1498
4029
4040
3426 3787 6559 4117 4784 4122 4334 3776 1777 3259 3774 4330 2306 3217 1646 3892 2694 3237 2491 3806 1507 3891 5369 3759 1714 3190 5404 3218 2512 3761 4115
4030
1695
4029 4029
4030 2883
2409
4016 2125
1077
4029
4016 2883
4338
1184 425 690 695 486 3815 1507 3220
4040
4016
4029 2156
3783 5714 6531 2808 5494 1971 5511 6559 3185 2694
6107 2125 6727
5633 3190 5877 3195
698 1089 1355 1006 1088 1357
5714 2313
2904 4016 2595 1695 586 2219 6245 5634
4016
1498 1498 1498
4030
6153
1498 1498
1498 1498 1498 1498
4090
6808 5404
6133
4029
2765
3426 6241 1778 3241 2161 4118
3426 1466 1483 424
4029
4016
4029
4016 2884
6245 3131 2381 2287 4117 2767 6261 3131 2164 2168
2904
2595 260
2126
5671 3788 1507 3196 3810 3789 1812 703 5671 669 1810
2904
2402 2403
3330
4016
2313
5355 2584 3254 2904
2904 4016
4029
5698 2589 5478 5794
4030
488 675 1812 488 587 675
4016
1498
2447 2402 4029 5879
4030
703 1777 1579
4007
1695 2125
593
4029
4003 4433 1717 6682 2736 4003 4029
4016
2904
2209 5496 1660 5502 5494
4016
1742 6806 1794 5714
4029
2261 5404
2904 4016
4029
4016 3978
3627 3196
4016
4040
4016
1815 3122 1815 1815 1815 1815 1815 5845 1815 1828 1815 1815 6147 2154 1815 1815 1815 1815 6147 5495 2154
2736 4387 5794
4016 4029
2857 5341 4029
4016 2883
2883
2904
2882 4029
3978
2883
4016
1498
3196
2883
3978
2904 4016
6193 4386
4016 4029
2306 4030
703 1498 1579 814 1498 1498
5689
2904
5692
5493 5454
4005
6116
4029
2577 5477 1972 3427 2509 1782 1758 1782 2577 2944 2577 4649 2699 1758 4994 3381 4016 1782 2577
4029
4016
2318 2402 2405
1498
2125
4036
4030
4016 2736 3427 6803
4016 3979 2125
4029
3310 3258 260 3310 1507
2759 3785 2590 3548
4032
5404 2904 1669 1664
4030
2883
4030
3196 3788
2883 4030
2904
4992 4029 3074 3427 4710
4016
4040 4016
2883
1579 703 2716 4016 2904 5810 2125
1325
2904
4029 1640
2876 2872 2107
4030
1498 1498 1498
2904
4016 1652
2277 4705 2589 1507 5695 6104 5174 4893 2572 3793 2717
2313
3427 3978
1088 424 1440 4049 3191 4048 2228 1355 4049 1088 424 4048 3190 3782 4049 1354 1361 1088 3191 3782 4048
4030
4005
5782 927 5671
2904 4030 4016
2893
6565 3427 1716
4590
6099 2312
2938 5695
4031
2853
4016
4767
2845
1805 260 3258
4033
6194 2904
2904
4030
3807 5614 5203
4016
1360 1357
1695
2585 1507 3128 2311 2174 260 3426 2585 5810 2189 1507 3128 5810 2585 6563 2174 1507 2585 5810
2125
4016
1498
2883
3532
1345 1361 1366
4016
4016
5348 4323 260 4612 260 5358 2534 1507 5698 260 3356
2904
2904
4030
2883
3891 2718 260 260 1507 2994 6565 3244 260 6189 260 2164 5633 5348 260
4016
4030
2125 4016
2904
4030
2193 2718 3227 2313 4016
6153 4016
3244 2450 6559
3993
3851 2275 260 396
4030
2313 2269 6149 4340
5642 3459 2154 3546 260 1935 2164 260 2736 2154
1015 424 1088 924 1089 1354
4029
6104 6221 3978
4029
1498 1498
5819 4030 5404 4036 4030 2904
5671
4611 1935 3293 260 2313 3829
2884 2904 4016
1498
1655 2313
4033 2883
2904
4016
1498
5678 4557 2491 5641
4016
4030
2218
4030
4016
6559 2155
4040
2904 4040
6541
1819 669 593 1572
2883 4029
4692
3549 4478 260 2994 5610 260 5368 3532 260 5610 1507
4016
4040
1088
6107 5218 6107 6099
1498 1498 1498
4016
1640
4030
1778 5397 2450
3298 4016
4029
5782
4016
4016
4029
3978
3776 3190 2572
4029
4016
2883
2904
4016
4007
831 6153 831 1758
4030
2871
4030
4525 260 6166 3190 2736 2696
4016
4016 2883
1707 4016
4016
1498
4029
3978
1498 1498
2884
3296 4016
1498 1498 1498 1498
3459 4784 5622 4016 3547 3785 2702 3185
4016 4589
3969
2871
2309
4048 6251
2587 5622 1507 3797
3254
4016
1695
1498 4016
4029
2904
3974 2883
4032
1498 1498 1498 1498 1498
4016
3984 4016
4016 4030
588 1810 1629
1498
2904
1648 3627
1498 1498 1498
1498 4016 1498 1498 1498 1498 1498 1498
2312 1819
5879 2904
4029 4643
3298 2959 6244 1498 1718 1675 1498 6244 2715
4029
2736 2756
2409 6806
2904
1694
4016 2904
4030 3978
588 1695 657
1498 1498
4030 4016
2904
1088 1016
1498
1675 6189 4016 5394
1498 1498 1498 1498 1498
2904 4889 3471 2306 5842
6153 6803 6199 2904
6803
3978
4016
3978
4016
1742 2167 2209
1498
4298 6170
4030
