3240 1362 5502
4040
4029
4029
4016
6801 3299 3296 3303 3292 3305 3304 3427 4191 6801 6682 6801 6682 3299 3298 6801 6682 2586 3189 3299 2538 5798 3305 6801 6801 3549 2571 6682 1798 6682 369 2589 2571 3303 2571 6801 1713 4189 369 6801 3305
3991 4016 4030
3258 3186 3254 5619 5617 5620 2791 3180 1089 1088
4036 3978
4041
1345 424
4030
2125 2125 4029
4029
800 4033
4016
4029
2893
3552 3553 3260 3254 2277 3426
6166
6121
4029
4029
3756 5496
4030
4040
4030 4557 4288 5836 3246 2313 4280 3327 3244
4016 1777
4016
1507 4210 2326
2881
4030 1498
4030
2125
346 2313 3258 3260
1084 699 1355 1654 5222
4030
4029
2589 1507 6793 5214 3218 3459 3217 3789 6793
2965 3122 3295 4181
4040
4041
3978 2883
1828 6138 1733
1819 3774 3776
4016
2884 5395
4029 4029
4040 2883 6548 6117 2902
6098
4016
1498
4016
4030
2794 2792 5520
4029
4016 4029
4029
3968
2796 1770 6214
2715 2932
3978 2883
2908
2880
4030
3254 6189 3427 3180 5847 6222
4016 6682 4030 4016
3381 1507 3777 4766 4429 2623 6504 3472 2269 3788 2270 2756 6804 3775 3122 6822 2490 2868 3122 2756 3788 2270 5758 2269 6504 2218 2623
3324
1498
4016 6558
4030
5214 2311 3807 1694
2313 3553 2694 1685 2313 3258 2384 5125 5125 2713 1507 2568 3553 3356 6251 2384
4029
4030
4016
1695 702
5709 1819
4031
4030
4764
6687 3258 2715 5218 6255
4016
2908
4202
3978
5502 2409 2791 6559 5522
4029
4016
4029
346 7183
2125
4030
4029
4016
5617
4029 2883
4029 4029
4029
2908 2125
4016
4030
2261 3194 3195 6687 5622 3552 6559 3797 3792 1498 5634 5635
4034 4029
4016
2125
4030 3747
4040
2594 4784 3807 2593 2206 2205 4783 5478
4016
3260 3258 2794 2310
4033
2694
2881 4016
830
1642 1667
4016
4029 4029
4029
4016
5708
1782 384
5708
4030 2883
5405 2979
4016
4034 4030
1667 1667
4016
2881
4030 4030 4030 4030 4030 3978 4030
2869 4700 4415 4590 4593
4016 2269 2851 2269 1673 2269 4016 2269
2908 4030
4029
5809 5622 1660 1664 1648 5809 6160 6153 2424 1654 6153 5794 5794 5794 1664 6153 6153 5794
1626 6803 6804
4029
3307 3306 3307
4030
6224 2427
4040
1361
1330 389 671 1807
4016
2441
3218 1714
4007
369 3306 1717
3785 3859 5641
4016 3190 2772 3240 2769
4029
4029
1626 593 1572 1828
4040
4029
4016 2883 4030
4016
4029
5126 3254 3765 6251 3254
5696 2162 4625 2746 2829 2168 2509 2790
588 4049 1694 1629 675 674 4049 588 1810 4049 692 674 1810 675 4049 674 692 4049
3978 2883
4030
3980
1652 5491 3189 1655
4031
4030
4016
4029
1498
4036 3978 4016
2263
4029
3722
4029
1664
