1498 1498 1498 1498
4029
2880
5819 3226 6138 3601
3978 3978
2881
1498 1498 1498
4016 4029
3978
1498 1498 1498 1498 1498 1498
3427 6801 6801 1793 3262 3327
588 1572
4016
4016
4031
1498 1498 1498 1498 1498 1498 1498 1498
2792
1498 657 588 1572
2908 3980
408 1179 688 430
488 671 594 1572
4016
4029
4016
1498
1498
4029
4029
4016
4016
4029
4030
4016
4016
2908
4016
1716 1716
1498 1498 1498 1498 1498 1498 1498 4016 4053 1498 1498
4030
4034 4035 4034 2881
4016
4030
1673
4030
4016
4029
3299 4016
2085
4029
2666
4016
2908 4016 2908
2881 2881
2881
1498
4029 3978
2908
4029
4029 2881
4016
2908
3806 2881 2881 4029
2881 4029
389 1277 368 1276 1334 674 594 702
3978
4016
1498
5462 5746 6655
2883
3978
1777 2850
4030
4029
1498 4016
1498
2881
4029
1498 1498 1498
676 1695 4016 4031
1498
4016
4016
4003
2881
4033 4030 2881
2881
1498 4016
4029
1498
2908
1498
3978
2881
4016
4029
4029
2881 3988
702 1812 702 1812 1812 702
3176 5617 2261 2158
5798 1718 5820
4016
3254
4029
5736
4029
4016
4030
4030
4029
1498 1498 1498 1498
1498 1498
4368 5671
4029
2881
671 490 671
4016
3978
4016
2881
4016
4016
4035 2893 2881
4040
4016 1498
1498
4016
1498
1695
4029
3978
5819
4030
2917
3978
2269 6687 3188
4030
4040
4029
3978
4030 4029
1812
488 594 1133 1812 488 1812 675
2908
4029
4016
2881
3978 2881
4016
4030
2908 3988
2312
4016 3978
3184 2578 1937
6646
2881 4016
4029
5678
1636 2756 2756
3978 2881
4016 1498
6541
4030
3190
5671
4016
4030
2881
4016 4030
2881
2881
4016 3298 3741 4030 3737
4016 4030
4029
2579 831
2881 4030
4016
1498 1498 1498 1498
3978
4016
1498
6212 2716
2578
1695 1694
1498
1498 1498
4016 5496
1498 2881
4029
3298 6818
2908 3978
6803 6687 3194 3220 2529 4281 1714 6803 2715 3180
3195
4016
