3240 1362 5502
4040
4029
4029
4016
2571 6682 1798 6801 3549 6682 369 2589 2571 2571 6801 1713 3303 3305 4189 369 6801
1089 1088
3978
4041
1345 424
4030
4029
4033
4016
4029
2893
6166
6121
3756 5496
4040
4030 4557 4288 5836 3246 2313 4280 3327 3244
4016
4030
346 2313 3258 3260
1084 699 1355 1654 5222
6793
2965 3122 3295 4181
2883
1819 3774 3776
4016
2884 5395
4029
4040 2883 6548 6117 2902
4029
4029
4029
2796 1770 6214
2715 2932
3978 2883
2908
4030
4030 4016
1498
5214 2311 3807 1694
4029
4030
4016
1695 702
4030
6687 3258 2715 5218 6255
2908
4029
4016
2125
4030
5617
4029 2883
4029
4016
2261 3194 3195 6687 5622 3552 6559 3797 3792 1498 5634 5635
4034 4029
2125
3747
2594 4784 3807 2593 2206 2205 4783 5478
4016
1642 1667
4016
4029
4029
4016
5708
5405 2979
4034 4030
2881
4030 4030 3978 4030
4700 4415 4590 4593
2851 2269 1673 2269 4016 2269
5809 5622 1664 1660 1648 5809 6160 6153 2424 1654 6153 5794 5794 1664 6153 5794 5794 6153
6804
4030
4040
1361
2441
3218 1714
1717
2772 3240 2769
4029
1626 593 1572 1828
4016 2883 4030
3765 6251 3254
5696 2162 4625 2746 2829 2168 2509 2790
674 692 4049
1652 5491 3189 1655
4030
4029
3978 4016
2263
1664
