1498 1498
2908
4016
1088 1355
3291 5610
3978
1498
5663 2547 2275 5218 2771
4016
1498 1498
1498 1498 1498
2850 2085 2881
4029
2708 4421 596 5847
1498 1498 1498 2736 4053 1498
1498 1498 1498
1498
1498
3805 6687 3194 3195
1695 4016 6739 6739 6739
1498 384 1782 1498
4040
3978 4030 3978
2881
2881
1498
1498
4029
1498
4016
4030 2881
4029
1498
588
2792 3788
1498 1498
1498
5689
3743 6543 4532
5819 3782
2881 2881
4003
1498
2881
3785 3472
2125 2125
4036
1660 3427 6225 4118 2999
2125 2881
384 4331 1782 1695 1695 2591
1971 3782 5214
2144
1498 1828 1498 4053 1498 1498
588 671
4030
2277 1819
5696 1507 2591 4340 3305 2589 5819 2794 2589 5157 2306 4016 1507 2595 2591 2796 3871
1498 1498
4030
2736
2270 3460 3830
3426 588
3783
4029
4030
5454 6751
4557 5164 2717 4772 3229 5483 1507
4030
1498 1498
4016
1133 1695
4029
1498 5677 1695 5252
4034 4029
4029
2881
5387 6247
4030
3978
4031
4029
5798
6559 1695 5842 2311 5093
4016
1498 1498
4030
4007
4029
382 1695 5810 1679
4016
2310 3426
4029
2838
2881
4003
3203 3240 2713 3239
1498
2125
2313 4331 2773 3789
2881
4029
1498 4016 1498
4029
4030
4032
2881
4029
1498 1498 1498 1498
2717 3603
4005 2881
5478 260 3840 5222
3978 3978
4016 1498
3258
2908
702 1810 2312 1812
4029
4030
1498 1498
4005 4005
4029
1498
3473 3473
2312 2736 5697 3784
4030
4029
588 5819 6107
4016
2125
4033
4016
4030
4035 6526
4123 3789 2482 4286 2715
2577 3789
1498 1498
4030
4030
4029
1733
1498 1498
4029
2881
5833 5770
1498 1498
2881
4029
4016
1507 2791 3817 2546 2527
3188 6803 5502 5798 6802
4030 660 3426 1819 1819 3426 660
6526
2850 2838
6117 4029 3738
3259 2313 2168
3978 2881
2318
2908 4030
4029
1638 379
1498 1498 1498
3788 3782 1778 3356 5404 2577
4016
7188 7184 4016
2767
5878 1819
4040 1498
2840 5478
4029
1498 1498 1498
4016 4030
1498 1498 1498
4029
1498 1498
4029
2883
4030
4030
4016 1700
5690 2595
3323 2306 5697 4525 2694 488 1810 2306
1498 1498 1498 1498 1498 1498 1498 1498
2694 3227 2319 2802 3290 3227 3829 2193 2319
2313
1694 4030
2125
1819
1498 1666 380 1498 1498 1498
4029
3972
4036
4032 3978
4041
1686
4030
1498
4030
1498
4030
4030 2881 4030
6803
4030
4030
4040
4029
4029
4029
5877
4029
4030 5483 2605
1498
1498
3978
3795
6793 1810 588 588 588
2881
5430 6628
1819
4030
1792 3324 260 1784 260 3324 2035 2161 260 4602 6822 4048 2161 4048 2161 6822 2944 2161 4048 4340 2944 2161 4048
4029
3460 6687 5166
4029
4033 2845 2857
6138 2881
5387
1498
424 1355 1088
4030 2886
4041
4029
4016
2306
5478
3460 2736 2717 1507 1717 3813 3783
1717 1662 5478
1498 1498 4016 1498
667 692 6558 2125
4030
6559
2881 4016
3978
2694 5494 3550 3792 3788 3787 2608 5877
6527 368 389 1274
1498
4030
4030
1758 5878 5477 4048 5676
1498 1498
4030
3978
1498 1498 1498
4029
4049 672 1685
1361 5176 3220
6525
3796
1498
4030
3411
1498 1498
4040
3978
4191
5622
6220
4029
4016
1498 1498 1498
1655 3219 5635 1498 3473 1655 5642 3219
1708
1498 1498 1498
2840 2091 2881 2405 2402
1498
2888 2883
3969 5479
2311 2306
4029
1498
5222
2713 1507 4016 3811 3426 3866
2125
1695
1498 1498 1498 1498
3978 4036
4031
2881
4016
4029
4030
5692 5692
5478 4341
4030
3227 3254 3226
4029
3973
2881 1714 5504
4029
2881
2881 4007
4030
2881 2306
6758 6746 2482
4030
3978
4030
2629
3244 5810 6803 1758 5810 6803 3244 5810
3978
1675 5397
4036
1498 1498
1358 1093 927
4048 6263 1971
3307 3306 3307 4191
4016
2313
3782 3323 3355 2218
2154
4048 6801 1716
5403 6682 1758
2886
1819
6818
1498
5204
2838
4016
4030
4029
2313
3203 6226 1713
2586 2156 5363 1660
6118 2908
4016
4029
6662
596 1807 671 1818
3971
2881
3327 2746 6099
4049 672
4030
1695
4029
1498
3196 4117 3785
3254 1572 2266 3254 1133 3254 1572 1572 1572 5836 5836 1133 3195 3254 4292 5845 6683 1133 1828 1626
2427 260 2482 2402 4048 4525 2402
4030
2903 6549
2312 1812
6818 814
3229
1498 1498 1498 1498 1498 1498
4041
4030
3227 260 1715 2266
4030
4029
5642 2579
4030
4041
4029
588
5551 2608 6526 6527 6811 6793
1498 2891 1695
2482 2427 2482
1742
4048 5819 3227
3796 2275 4048
2384 5251 4048 4048 5810 2756 5251
488
1498 1498 1498 1498
1638
1498 1498
1498 1498
5713
1498
1498 1498 1498 1498
4029
3426 2164 6208 6194 3532
4030
593
593
4030
1498
3806
1498 1498 1498 1498 1498
1714 2264 3788 5478 2695 3550
3427
6527 2736
5877 2694 5494 3472 3792
2410 6803
2440 1717 6172
4005
5469
4030
4031
3978 4031
1498
1498 1729 1498 1498 1828
2885
4358
4030
1812 4784 2699
