1498
4029
3978
3215 5490 2313 3229
4286 5205 3460
4030
4029
1498
2883
4016
1498 1498
1498
2884
1498 1498 1498 1498
4030
1498 1498
1694
692 2156 692 1694
2185 5697 3195 2158 2796
4016
2125
1498 4016 1498
4029
2674 2234
1819 1819 2181 1819 5205
2595 1748
4532 4030
1498 1498
3978
2125 2908
4016
2736 2736 2736
1695 700
3978
3978
3788
1498 1498 1498 1498 1498 1498
3969
4032
4029
2880 4029
6500
1685 3180 2313
4016
4016
4029
1498 1498 1498 1498 1498
4016
4016
4030
4029
1805 671 1810 671 1572 1812 1695
2883
2883
2838
4029
5343 3807 5635
4029
1498 1498 1498 1498 3785 4203 2884
2263 5214 3817 5635 5842 1507
4029
1498
4016
4016 2883
3196
4030
4030
4030
3189 3194
424
1498 1498 1498 1498 1498 1498
4040
2771 5708 2791 3218 3829
2405 2225
4029
1498 4016 1498 1498
5209 5698
3978
2883 4040
5675 5681
2125
6687
1819
1016 2269
2125 4035 2891
2589 2312 4525 5403
2883
3978 3978
4030
4032
5214 3427 3260
4029
1812 1695
2893 4029
2263 2313
2884
2313 4784 1507 1754 6263
2883 4030 2883
3293 2857
4016 2883
5502 1362
6541
1695 368 1276 1333
4029
3991 4016 2883
1498
1498 1498 1498 1498
4040
2893
1818
2402 1654
4029
4029
4016
4030
4016
2125 490 3093 1714
4029
2886 3980
5836 3254 2266 5878
3978
4029
4030
4016
4323 4939 2695 3258
4029
3295
1652 3427
1498
4030
4036
4029
1781 1781
4029
4040
2125
4016 2125
1498 1498 1498 1498 1498 1498
4029
4030
4030
4029
4029
4029 4030
4030
3785
4030
1498
4118 6173 3788 3426 3548 4036
4005 4005
4030
4030
3978
1770 1764 1770
4016
4016
4030
4029
4508 5116
3978
4029
2125
1358 1440 3795 4793
4029
3994
2772 2313 2591 5842 3796
1360 2261 6803
4029 4016
1498 1498 1498 1498
4016
4030
4029
4040
4016
3782
1714 2881 1714
4029
4030
4016
4029
4036 3978 4016
4029
2883 3978
3978
3978
2313 1649 2154
3978
3978
4029
4029
2313 5877
3978
4029
424 1088 1089 1015 3807 5511 3219
2746 1695 2746 2205
4029 2882
3978
4030
1498 1498 1498
4029
4030
4030
2883 4005
4029
5522
4030
3978 3978
2306
4030
3788
3978
1716 1716
4030
4191
1498 4394 1498 4016 1498 4053 1498 1498 1498 1498 1498
1812
4030
3978
4016
4033
4030
4029
4016
1498 1498 1498 1498 1498
2125 2881
4029
4030
4030
2306 1819 5819 1724
4030
4330
4030
3549 3227 6801 2704
4031
4029
4030
5511 3242 3546 2313
4040 6682
3973
2441 2169 5676 2736
1498 6632 1498 4053 5504 1665 1498 1498
4016
4030
4029
4029
4016
4557
6221 1685
4016
4029
4016
4016 4030 3978 2883
2883
2883
6527 346 7187
3978 4030 2631
4031
4029
6559 3814 2802 2593 3807 2802 3240 3241
1655 3795 2594 1507 5635 2159
1498
4030
4029
2125
2694
6138 2851
4016
2125 2883
4016 2125
3978
2893 4030
4029
5782 2965 2384 6195 3093 3552
4029
4016
4557
1498 4016 2125 2883 2125
4029
596 1717 4784 4557
4016
6804
1695
4029
4016
4029 2880
1498 702 1805 596 657
5395 5493 3182 2158 2164 3258 5462 3180
1819 1845
2893
4016
2881 2125
2294 4203 4117 3807 3789 3190 1507
4016
1498
1498
4029
4029
4032 4016
2882 4029
2125 4016 3978
4029
424 4049 1345
2883
4016 3978
1498 1498 1498 1498 1498 1498
3866 4048 3782
4029
4003
3978
4203 4557
4016
384 1782 384 1782
3978
4016 1662
4030
2246
1812
3994
5810 6801
3978 2890
2883
3978
1498
4030 4016
424 4049
1498
4029
2883
3978
1498 1498
4016
1498 1498 1498 1498 1498 1498 1498
1498 1498 1498 1498
594
4016
3978
4030
488 1819
4191
4016
4016
4016
3196
4029 2306 3194 4557 1677 4118
1498
3978
4016
4029
3784
2405 5477
2887
4030
2441 6808 1695 6166 2313
3324 2306 1507 3788 4286 2578 2156
4031
4016
1792
1498 1498 1498 1498 1498 1498
5404
4030
1087 4049
5500 6222 1708
4029
4029
3978
2125 2883
4030
1777
4016 4030
4016
1498 1498 1498 1498
2402 6149
4016
3978 4029
4030
2125
1752 3978 4030 4030 4030 4040 4040 4040
4030 4016
2270 3839 2717 2595
4029
4029
4029
4030
4030
3978
1498
4029
4016
4030
5495 2881 5635 3460 4480
2893
4030
4030
3978
3978
3985 2125 2908 2883
1498 1498
4029
4030
2883
4030
4030
4029
4049 389 1319 700 4049 1819
4016
702 596 1572
4016
4040
4029
4029
4016
4030
4030
1361
4029
4029
3459 2306 3807 1683 3754 1507
1498
4040 4016
424 1089 4049
4049 424
4029
1498
2669 4048 2313
1971 4048
4029
1361 4049
424 4049
2883
4029
3606 4624 5403 2575 2306
4030
4049 1346 1366 1346 4049 1346 4049
4048 2745
659 5642 4557 1810 664 2185 5620 2181 586 488 1810
4029
2908
3788 2313 4016
591 5676
3208
4029
3967 3978
6547 2883
2194 3190 2794
2883
4048 6506
402
4030
1367 4049 1364 3830 4048 2736 2266 2194
667 587 4049
4005 4005 4016
424 3782 6687 3601 6138
4030
4048 4340 4340 4048 4340 4048 4048 4340 4048 1792 1784
4016
5736 3978
4016
4040
424
4016 4030
3978
5640 2589 3323 4048
4030 2893
4346
4030
1498
4029 3978
3978
4122 4784 2591 2174
4029 4030
4029
424 1348
1694 1819
3797 3310 4048
4048 4323 3533 4323 4298 6194 4048 5215 6624 6194 4048 2169 5717 6199 4048
2901 3747 4030 2883 5152 2902
4016
4029
2577 3784 381 1667 2577 3784 3805 3978 2577
4029
4029
4030
1672 1638
4029 4016
4040
3785
4030
389 671 368 4040
424 1093 4049 424 1346 4049 4049 424 1093 424 4049 699 4049 4049 424
1498
5356 3189 3552 3242
3199 3194 2269 2694 1652
4032
3978 4029
4029 4029
1729 2667 6591 1810
2125
4016 4202
2509 2480 2509 2509 1655 3327 2509 2509 3427 3387 2871 2509 4166 2937 3094 3196 2509
4030
3356
4033
4048 6218
4030
4029
1498 1498
2886
1498 1498 1498 1498
3978
4016 4189
4030 4029 4030
4030
4048 5798 4048 3796 5798 5483 4048
1498 1498 1498 1498
4035
1498 1498 1498 1498
4029
389 1275 4049 368 1694 4049
4033 3978
4040
4016 1498
4031
2273
4033
4029 2125
665 692 1695
4029
2868
2695 1675 2353 1716 2713
4029
4016
2882 4030
3978
2883 4030
1733
4029
1782 5215 384
4029
4030
2837
4870
3220 2724 1507
5677 2076 3785 3796
4030
4029
1498
4030
4016
2883
2261 4048 4202 4783
4049 424
4532
1133 2696
4029
4030
4032
4030
4029
3974
4029
1498 1498 1498
2311
4016
690 695 407 648 1186 687
4016
2275
1498 1498 1498 1498 1498
2883
2168 6194 4048 4323 4298 4048 6218 4625 4048 3123 3427 6194 6199 4048 2164 6194
4030
1498
3978
4029
4016
2883 4016
1626 1695
6801
2882 6194 5622
3801 2228 1717 4048
4040
5798 1667 3227
1498
4016
4396
4029
2125
3978 3978
4016 4030
1694
2883
1498
3969 3978
3181
1626
4029
4030
2883
4029
2883 4029
4030
4033
4029 4003
1498 1498
5798 2936
1441
2312 1695 702
4029
4029
5879 1660 2194 1731
4030
2883 2125
3899
5462 6217 1815
2884
1672
4191 3306
4030
2881
4040 4030
4029
4016 2125
4030 4029
1666 1666
4048 3254 3867
3978
1812 6179 1805
2269 5358
3978
5794 2440 2482
4030
3978 2125
4203 672
4030
4003
4030
4030
1092 1367 1366 4049 1346
1498 1498
5306
4016
3973
424
4040
6801
4034
4016
4016
4030
4029
4030
4016
4032
4030
3244
4030
4016
6160 5417
1695
2593 1708 2216 5538 3334 1708 6559
3806 3828 2589
1498 1498 1498
1088 424 1358 4049 3191 2228 4048 1015 1358 1088 424 4049 3191 4164 2228 4048 4049 1088 424 1358 3191 4048 6570 4164 4049 424 1088 1440 2228 3191 4048 4164
5388
2313
4030
6177
2883
3978
6801 4048 1640 5810 2306 5810 1640 2983 2306 4048
4049
3333 5810 5643
4030
384 1695 1782
1714 5363 2736 3784
5478 5207 5713
4029
2883 4030
4030 2883
4016
4030
671 594 4557
2790
3807 2269
4041
2578 5477 5522
1695
3866 5610 5622 4048 4317 6801 4048
2883 2972 3077 4181
3991
4030
2893
4016
2792 1736 5619 4048 3546 5404 6687 4048 6801 1507 2196 3546 1736 4048 2154
3780 5405 2319
4030
5478 2440
2527 4048
4030
1694
6817 3789 2736 4048 6817 4048 2152 3182 3546 2575 4048 2736 2154 4048 2525 2736 6147 4048 1941 6817 2736 4048
4033 2125
3978 4030
2169 4048
4053 1498 1498 1498 1498 4053
4030
4016 4030 4029
1812 1825 586 1246
6802 6099
6803 6189
3978
4030
4048 2724 2269
1498 1498
4016
1498
6726
4030
2883
3978
4029
2277 2277
4016 2125
4040
424 1088 4049
4029
1498 1498 1498 1498 1498 1498
424 1348 4049
4030
4048 2589 2266 4048 2759 5713 2266 1507 4048 5619 5713 4048 2762 4048 5713 5619 2759 4048 2266 5617
6194 4369 4048 3258 5306 1661 4048
4029
4029
4016
4016
4016
4029
6804 2427 2427 6804
4040
4030
4048 1661 4202 5511 3565 4048 4164 3565 1742
4029
815 831
4016
4016
4048 1758 2273 3796 4048 5477 2313 3806
3971
1733 6682
4030
1498
1498 1498 3379 386 1498 1498 1498 1498
4029
702 674 594
1498
4030 2883 3434 4016
1498 1498 1498 1498 1498 1498 4053 1498
2886 3974
4031
1498 1498 1498
4048 1793
5714 424 4048 6801
6170 5671
380 1666 380 1666 380 1666 380 1666
4029
4016
5462
4029
2893
2908
6149
4016 4029
1498 1498 1498
3427 4784
3978
4349
4016
1507 6802 5696 5522
4030
3532 2736 3195 5878
3978
2125
4016
3978
4049 588 657
671 692 1133
1498 1498 1498
4030 2883
6804 1675 6189
1498 1498 1498
6199 4189 2715 3197 2313
3978
4139 2312 3199
2883
4029
