1498 1498
4034
2881
4029
1498
4029
1498 1498
4053 2270 1498 1498
5205 1819 2181 2181 1133 594 1819
4029
6739 488 593 6739
4029
1498 1498
4030
5125 2972 5191 2716
3427 2529
4030
4030
2881
4029
2756
4029
3978
1498 1498
1498
5689
5176 4053 5174
4032
2589 3258 1507 3866
2125
4030
5214 2771 3807 4784
1498
2695 3792 3196 2716
4030
1498 1498
4003
5176 3814 2306 2694 1507 5176 3254 2881 2306
1714 5878 4112 5666
4030 4030 4030 4030 4030
2883
2694 3219 3427 4783 2893 2589 5620 3805 5204 5610
4030
2851
1498 1498 1498
4030
4029
3427
5882 3782 3603 3240 2716 5511 2313 3785
3978 3471 4118
4769
3381
3254
3258 3254
3974
4030
4007
1714
2886
4016
4003 4030
4030
4030
4041 2838 2840 2860
3805 3859 2696 3796
4029
6248 2746 2306 6563
4030
4030
1667 2873 2881 5632 1717 1667 6801
4029
3978
3098
4031
586
1819
1498
2881
4202 2713 3426 4203 5798 4203 4202 5798 3381
4005
2589 2802 2185 3227 2181
1355 1016 1356
4030
4029
1498 4016
2484 4337 3093 2965 2313
4029
596 1729 1729 1729
6525
2261 2584 1507 5810 2713 3806 2159 2545
2125
1498
3026
4030
6212 6559 6570 6249 1507 5522
5635 5405 1660 4793
3306 3301 1797 4191 3305 5554 2528 2578
4030
4016
4164 2575 6687 3798
6812 2529 2792 4117 2794
1498 1498
2306
2736 4330
4030
3969 2881
4030
3978
4016
1498
1498
1498 1498
2881 4040
4793
5715 3195
2593 5403
4016
2589
4029
1498
4030
1498
2266 1356 6793 2713
4031
1572 3565 5634 3195 1715
5511 6509 1507 2689 1677 4625
2125
2881
4029
3199
4030
4029 2880
4029
6189 4016 6801
1498
1498
4029
4030
3978
2881
4029
4030
2881
5405 6806
4030
4029
4029
1498
588
1498
3978
5708 4341 6512 2791 5713 6559
2531 6166 4048
2881
2161 4340 2944 4048 2288 4048 5877 3324 1792 4048 3324 2288 4048 5222 4340 2944 4048 4340 2161 2943 4048 3078 4340 4048 4331 6195 3324 4340 4048 5877 6195 4331 4234 4048
3295
6565 3427
2883 4033 2851 6547
5696 3760 3784 3782 3240 5174 2577
1800
2306
2858
1498 3356 3355 1498
4030
2999 5494 2696 2700 3426 4203 2172
424 1089
4030
4041
4016
1498
4029
6199 3339 5666 2161
3978 3978
1498
2842
1819
1498 1498 4016
4030
4016
1498 1498 588
1498 1498
5833
3305 4331 5877 3296 4341
4030
2792 3783 6817 1572
6558 5634 3227 3306
4029
2881
4029
4030
4030
4029
4030
4029
4036
4029
4040
4029
4029
4048 1672 6214 6559 3788
3978 2125
1498 1498 1498
6726 6632 2410
4040
5610 3471 3473 1498 3780 2577 3783 2482 1696 2608 4330
588 1629 657
1498 1498 1498 1498
4030
6559 3787 3426 4048
1812
6177 3796 2695 3788 3788 5622 3788
4029
4029
4029
4030
2881 5001
2589 5163 5678 2169 1507
3978
5847
4029
4029
6222 2595 4048 3564
1498 1498
2881 5504 3811 1714
1685 6504
4016
4029
3980
4030
3427
2125
1498 1498
4032
1971 4048 3190
5819
4030 4016
4030
4040
1825 4049 1810 1133 1695 692 1825 4049 1695
3085 2325
2881
3821 5716 4048
3978
5877 4118 1498 4116 3082
3295
4035
5478 2408
6758
5794
1498 1498
4030 4029 2881
3747
3381 5207
4016
2181 3190 1703 6099 6802
3978
1819 4049
4029 4034
1498 1498
4191
1572 2225 6685 3254 6685 1572 1572 3254 5836 3254 1572 5845 5845 1572 3254 3254
2883 4040
4016
3295
1498
1498 5810 2586
4030
4029
6687 2694 3293 1507
3978
4030
6804 2482
2881
4049 675 3796 4048 3227 4117
4029
5502
4040
1498
6199
1498 4016 1498 4053 5252 6739 1498
4029 2881
1498 1498
4048 5348 2667 590 1572 4049 594 1825
3219
1812
1665 2168
5836 3240
6682
1498 1498
4016 1135 1695 1572 814
3323
4036
1498
671 1694 4049 588
1498
1675 6189 6804
1498 1498 1498 4016 1498
2125
