1498 1498
5496 2174 3226 5717 6559 3229
4030
4003 3727 4016
4030
4016
4016
4016
1498
1498
6817 6148 6820
2084 2911
1810
4643
4030 4016
424
650 702
4040
4016
1498 1498 1498 1498
4016 2911 4030
4030
4016
814 1498 702 1135
4016
1498 1498 4016 1498 1498
4029 4016
4040
3783
1815
2904
2884 3978
4040
4016 2882
2883 4030
4016
3969
1498
1498 1498
1654 3345 2206 5820 5622 3191
5786 5494
2883
3978
4016
4029 4030
2312 4016
1656
2883
1498 1498
4016
4016
2883
2965 2313 2384
3195 3196 4030
2911
1498
4030
2883
2853
4029
6548
1936 2745 2746 2312 2965 6802 2590 699 2264 424
4029
4029
1498 1498 1498 1498 1498 1498
4016
1498
4029
2882 4016
1764 1754
1810
2904
4029
1498 4016
4016
4029
2883 4643
2802 6559 2663 3868
3427 2904 2772 2522 2956 2794
1695
2313
669 702 1810
1498 1498 1498
1345 424
2882
4016
2911 4016
2904
2882
4029
4016
3049 2975 3091
2904 4016 4770 4767
4016 2911
4016
2883
1717 1793 6512 5842 2718 2313 2287 3229 4016 3356 2589 5477
3473 2270 4115 5610 3813 4421 3472 2802 2623 2996 3381 2318 3559 3186 4182 3473 3789 4118 3185 3559 2623 4112 4421
4643 2893
4016
2313
4030
6143 1695 6107 1782 384 2911 1782 384
4016
4016 4029
5696 5794
2882
4031
4029
1498 1498 1498
4029
1642
4016
3194 2184 3991 4341 5404
4016
4029
2312
4016 1695
2312
2882 4030
5494
1483 1470
4016
4029
4029
2528 5405
4030
4030 4016
4030
4016
4030
3964
2893
1683 6189
3776
2792
6189 2159
4016
4029
2911
1498 1498 1498 1498
4016 2871
2884
6209
5798 2764
2882
4040
4016 4005
4029
4029
1781
2911
4040
2883
2312
703 4317
4016
2904
4003
2904
4643
2884 3978
2883
4030
2904
6558 2883 3783
1498 4016 1498 1498 1498
1498
2312
4016
4030 4016
2904 4016
4016
4643 4029
4030 4454 4030 6781
4029
4643
2904
6809 1807 6804 6804 6241
1498 1498 4016 1498
4016
4030
2911
4036
4016
2240
6724 2889 2883
3296 3188
2868 4016
6687 2273 4557 6214
4016
4040
4016
4030
4016
2883
2306
2402 3190 3785
4016
1361 424 1348
2312
5665 3473 3195
3962
2882
2313
4030
1498 1498 1498 1498 1498 1498
4040
2904 4016
4643
6565 2545
4029 4016
4016 2125 1714
4016
4029
692 1652 5708 588 671
4016 4029
3427
4016 2904 2241 5534
4040
4029
4036 3978
5713 5215 3219 5843 1688 1507 5663 2306 3339
5369 1748
4016
4016
3978
4016 1660 4030 1661
4016
4932
3978
4029
4030
3829 3181
4029
2883
2911
4029
1498
2585 5877 5789
4016
4643
4030
4034 4035
3974
2125
4016
4016
4016
4016
5511
1716 4030 1716
4030
1498 1498 1498 4016 1498 1498 1498
1810 493 1812
4016
4016 2911 4030
4016
4016 4029
4016
4029
4035
2427 2193 1717
2911
4016
4016
4016
4030
4643 4016
4016
2264 5160 2312 5505 1695
3346 3805 2310
4016 4030
2759
424
4030
2904
1498 1498
4030
2883
4016 2882
4016
4016 4030
2884
4033
3978 4016
4016 4029
4643
594
2911 4029
2891
4016
1498 4016 1498 4030 4053 4016 1498
3978
3789 1752 4118
6241 5878
2883
4030 1642 1644 2395
4029 2904
2939 2579 5634
4016
4030
4029
4016 2883
4016
4643
2209
3978
6209
2312
2579 4016 2589 5404
4030
4016
1131
2904 2307
4643
2584 2773 2713 1661 6500 2522 2736 5501 1777 3788
4030
1498 1498 1498
2883 4016 4643
5478 3240 3180 3226 4557 4016 3785 3784 4123 5478 3185
2882 4030
2911
3197 2173 4016 3240 6175 2883
4007 4007
3994 2911 4016 4029
4016
4016
4016
2161 5810
4016
4030 2882
4030 6113 2902 2901
4029
2125
1498
6117 6121
4040
2313
2883
2904
4029
4016
2883
2313 2843
2312
5496 2578
4029
1642 3759 4016 1741
4016
2901
2194 2159
5502 6199 2904
6632 4997
4016 2904
6527 1752 5798 4016
5463
2884
4029 4016
4016
1498
4016
4048 4770
4016
488
4016 4030 1640 2306
2883 4030
4885 3426 815 3806
3985 4029
4030
2313 5794
4016
3978
2904
4016
4337 1507 2704 2164
2911 5494
2868
4016 594 674 702
4016
1498 1498
4016 2904 3978 4030
4016
4031
2699 3549 2590 3075 3065 3186 6176 6822 5478 3064 6793 6176 2590 3001 6199 5478 5622 2965 4016 5361 3089
1498 2313 1498
1498 2313 1498
1498
2125
4030
831
4180 5478
2883
4029
4029
2384 4123
2882
3978 4016 2883 4016
2883
1131 1079 1089 424
1498 1498
3978
4030 4016
3295 4767 4512
2790 6687 2694 2790
4030
4016
4016 4040 4030 4040
4030 4016
1845 1697 1579
3969
2261 2696 2164 1742
4031
5404 6220 4031
4016
6682
1498 2696 1812 1498 1498 1498 1498
1703 1705 4030 1703
4030
4030
4029 4016
2911
4030
4029
4029
2312 4016
4029 2883
2882
4016
2522
4029 4016
4209
1498
4016
4016
2312
4030
4040
2893
1361
4016
1507 2389 3121 4306 5665
2084
4030
4040
4030
4532 4040
4029
5798 4293 2707 4030
4029 2904
4016
4036
4016 2313
2904 4031
2312
4016
2694 3213
4030 2084 2866
4016
2883
4016 4029
4033 4016
2792
2904 2312
1498
3601 2736 2736
4016
4030 4016
4608 4557 1673 5842 6804 2318 3236
1498
3427 2313
5724
2883 1717 2482 4016 4029
4764 1977
4016
4016 2312
1664
1754 587
3978
4016
2904
4030 2838 4016
2911 1941 2312
4029 4016
4029
4016
1707 4016 3038
4029 2904 3978
4029
4016 4016
2312
4016 2911
4030
3189 4016 5343
4029 4016
1729
1800
2312
1131 1089 1016 424 1355 4016 1131 424 1088 1356
2312
3355 1819 2587 1507
1654 4016 1812 702 657
424 4049
6199 5405 4016
4016
2882
4030 4030
1358 4049 4799
4031
2883
4030
1346 4049 1345
2883
1498
4029 4016
4031 4029 4016
4016
4030
5676
2575 5503 1777
2848 4034 2904 4029
4016 2868
1579 3427
2125 4016 2883
2904
4421 260 4016 5716 260 260 2699 4317 2699 4317 260 4317 260 260
2312
2313
2882
4029 4016
2312
2313
3426
4048 5511 2035 4049 1360
3324 3822 2575
2883
4016
2904
4030
4030 2911
4030 2312
4016 702 1812 659
6235 5344
4016
4643
3969 3427 6194 3978
4016
4643
4030
4030
6558 1754 1752 6558 3298 3299 4191
4016
2883
4029 2883
1699 6104
3766 6241
5696 3323
1498 1498 1498 1498 1498 1498
3196 3788 3323
2883 5478 4784
4029
2884
2904
2646 2868
1498 1498
1345 424
2312
424
4016 4016 4016 4643
2884
2312
1626 1819
2228 3471
2156
4643
5502 1664
1498
1348 1361
4016
4029
3785 379 1638
2125
4029
4016
2904
490 671 594
4030 6726 2883 4016
1579 2313 6194
2901
5405
4016 2704 3782
4030
2911
4029
4366
1753 1672
6805
4202 3190 2584
3195 1715 5810 3227
3427 2509 4166
6222 260 5478 6559 260 6222
4016
4016
2904 2883
4016 4030
4041 2883 2084
692 593 596 1133 1133 1810
4016
2209
586 1729 1498
1498 1498 1498 2312 4053
2904
4029
2884 1498
1361
4016
1498 1498 1498
5708 4030 1648 1758
4016
1498 1498 1498
2306
424
2883 4032
4799
2904 2312
260 3547 3181
1498 4053
2353
3781 5713 2792 2173 2181 5500 3781 6559
1579 5789 703 659 586
5635 6803 5698
1697 1579 703 1697 4030
2886
1579 4118 5698 3195
1579 703
2312
4035
4036
3962
4030
4764
4007
2425
4016 2313
4643
4016
4029
3244 424 1345 2147
2902
4016
4029
6632 1665
4029
4030 2904 4016
5494 5502 1664 5496 2904
3292 6801 3244
2211
3327 2410 4016 2575
1639 4040
4029
3427 3290 2759
3381 380 382 1679 1782 384
2883 4016
593 672 1629
596 490
1498 1498 4016 1498 1498 1498
5642 1655 3219
2313
2169
1498 1498 1498
4030
4029
1729 1498 1812
2312
3355 2983 2587 3552 260 3356 260
2312
4016 2313
3978 2264
2904
4029
2911
6262
4029
3801 4123
1971 4016 1973 4030
5695
4030
4016
2883
2911
6222 699 2231 6570
4030
3979
3972
1688
1812 671 488
1367 2884 6729 1367
3195
4643
3866 2313
2883 4016
1695 703 3978
4029
6209
4029
4029 2911
2883
4016
4003 4029
2312
4030 4016
4030
4016
4029
2883
2911
6148
1354 4049
2904
4030 2911
4029
2313
2405 6804
4016
6151 5877
4016
4030
2125
5490 1642
2904
5405
4016 3978
2312
5744 1815 6255 1815 5744 1815 5744 4423 1815 5744 5511 2156 6235 1815 1815 1815 1815 5744 1815 1815 1815 1815 1815
2311 6179 594 3551
4016
4016 4029
4016
2911
4030
4016
4016 3971
4040
1080
3978
593 5504 594
4030
2853 2911
424
1131 424
4029
2313
1498 1498 1812
5689
1672 2480 2410
5495 5696 6107 5369 1700 5478 6166
6255 2587 2765
4643 4016
1345 424
424
4016
4016
2883
6189 2588 2695
4029 2509
702 665 3548
4040
4016
2883
6160 5509 6803 5810 3244 2883 3244
2882
2911
4030
2882
4029
4016
4016
4335 1708
4030
1498 1498 1498
1015
6507 3978 2884
3978
1358 4049 424 1088 4048 3190 3219 2792 3191 2207 4048 4048 3191 3780 1088 1358 4049 424 3190 4048 3782
1358 1080
3377 3781 388 5478 2911
2911
4016
4030
1358 1093
4030
5453 4764
260 3783 2384 260 5681 3190
260 6212 2932 593 671 1695 260
3426 2522
4029 2313 3784
2911
2911 3978
6116 6122
5497 1686 5402
2662
5810 260 6559 2585 2189 1507 1507 6559 2585 2174 260 5810 6559 2174 1507 5810 2585 5810 2585 6559 1507 5810 2585 2189 1507 6559 260 2585 5810 1507 6559
2125
2904
260 593 703 1815 1825 260 2193 6199 5787 2193 4317 260 260 4317 3783
2883 3978
3131 3195 3426 3186 2325
260 3238 5163 3356 260
2911
2911 4040 2884
260 6173 3356 2718 2587 260 2595 5358 260 5355 5354 2595 2587 5358 260 5358 260 260 6506 2168 260 6263 2765 6565 6263 2778 260 2736 260 2169 3356
6179 2270
4016
3982
4016 5496
2882
2868
4030
5502 5494
260 3182 2736 6153 260 1941 2736 2525 2164 5610 2736 260 2736 6251 260 1507
4016
4030
4030 4016 4029
2736
4030 4016
1498
2883
260 4879 1507 2790
6183 1358 2883 2227 424 1089
4016
3978
260 5511 4317 260 2736 2694 3783
6509
4029
2125
2313
1758 2312 1695
1498 4016
4016 1825 1805
6534
4532 4030
590 594 675 1815 1133 1695
2306 2885 4029 2883
3978
5344 5787
3780 3783
4016
2883
4016
2893 2911
4016
4030
1507 3887 2384 260 260 3356 260 1507 3356 4317 5348 1507 260 260 3887
2852
4029
1793 2410 3195 2313 6504
6220 6221 6228
1498 1498 1579 1498 4016 1498
4003
6820 424 3783
1667 381
5491 4031 4301 4016 2450
1507
4016
4030
4030 4016
4016
4040
4029
4029 4016
4016
4643
4049
6235 4625 6235 6241 5502 5787
6230
2911
2871
2904
2169 260 2275 2694 2169 260 2277
4016
1498 1498 1498 1498
4122
3301 2313 1775 4077
1498 1498 1498 1498 1498 1498
4029 4029
1498 1498
1498 1498 1498 1498 1498
2911
4036
1498 1498 1498 4016
4589
4016
4016
4034 4034 4039 4034 4034 2209 1664 4034
4030
1507 1733 1792 260 1650 4317 260 2261 6248 1733 2219 260 4317 6758 260 2261 2219 1507 6220
1498 1498 1498 1498
2168 6687 1507 1661 4557 2189 3548 2306
2904
4016
2277 3185 3684 2313 2174 4586
4031
4016
1579
2883
1498 1498 1498 1498
2883
6114 6229
4016 1498 1498
4031
4030
1700 1786 6222
2904 5086
2306 5678 4016
1498 1498 1498 1498
1498 1498 1498 1498
4016
1367
4030
1507 2156 6559
1498
4016 4029
6199 6803
2883
4036
2911 3985
1498 702 1825 2736 4783 4118 3227
4030
4030
2125
5460
1498
1498
4029
6248 5358 1498
2988 590 814 2313
6801 5622
1006 424 1016 1089
3195 5632 3426 6821 3203
1016 1358
