1348
3611
3591 3591
3611
3565
3621
2881 4869 2071 2894
3842 4620 3097
3634
3612
2612 4046 3359 2571
3611
5776 3612
3565
648
1348
3612 2593
603 435
3598
3577
3591
1348 1348
1348
3612
2594
1348 1348 1348 1348
3612
2593
3622
1348 1348
3587
3615
3598
1529
4743 532 599 626 3612 599 532 599 626 599 626 532 532 3612 626 599
626 1927 626 1529
1956 5057 2864 1929 2512
3612
1530
3598
2578 3598 4052
3598
1901
1348 1348 3598 1348
3611
3611
2399 1998
3598 3598
1646 1646 1952 1646 4620
2331 1582
4052 3612
1348 1348
3565
1901 2618
2592
3612
3612 3612 3618 3612 3612
3598
3621
2455 2455 2455
1530 634
2593
2316 2612 2562 2560
3565
3565
3394
3614
3634 3598
1348 1348 1348 1348 1348 1348
3612
3611
3611
3598
1646
3612 3598
3612 2593
3556
3614
3612 3614
3611
2590 3611
5772
1520 2849 2071
3598
3621
3612
3598
3611
3612 2603
3612
3611
1348 1348 1348 1348 1348
3598
3615
1348
3598
3612
3612
3611
3565
1634 605 1637 605 1413 1639 1530
3598
3611
2593
2593
1901
2548
3615
3598
1348
3611
4742 3413 5001
3611
1348 1348 1348 1348 3391 3766 2594
3621
3615
2920 2455 2859
2022 4629 3423 5001 5186 1355
3587
3591
3611
1348
3613
3611
3611
3598
3598 2593
3612 2865
3612
3611 3598
3612
3612
3611
3598
2858 2863
3612
3598
378
1348 1348 1348 1348 1348 1348
3612
3621
2488 5065 2508 2884 3435
3598 3612 2982 1606 3465 3068 1551
2158 1989
3413
3612 3565
3611
3611
1348 3598 1348 1348
2593 4881 1995 5816 4873 4785 5065 2083 1995 1995 4052 2083 1995 3612 2083 5065 1496 2593 4873 4873
4624 5058
3565
3565 3565
2593 3335 4820
2593 3621
3611
4879 5456 4894 4875 4890 4882 5470 4893 1985
3611
5037 5042
3556
3598
3565
3611 1348
3611
1901
5436 5441
3598
5932
3617
5007 5007 2885 3459 4988 3459 5008 2859 2495
1646
916 2028
3598
3598
2474 2855 5070
3612
3437 2455 2885 1992
1901 3617 2601
3598
3613
2325 2070 4045 4793
3612
2593
5146
3565 3565
3612
3621
1985 5146 5028 3765 4794 5488 2232 2395 5143
3591
3614
3598
2954 3598 2921 5072
3611
3611
4629 3068 2921
3611
1639 1530
1567 2592
2591 3612
2603 3611
2022 2071
2594
2071 4269 1355 1587 5569
2593 3612 2593
2952 2567
3611 3611
3598 3598 3598 2593 3598 3598 3598
2590
3565
4881 1223
5056 2865 4988 2858 5510 5000
5808
1530 330 1151 1195
2612 2611 3612 5816 2593 3612
3611 3616
3611
3577 3598 2593
3612
3618
1348
1348 1348 1348 1348
3598
3621
3621
2603
3616 3620 3611
3617 3617 3617 3617 3617 3617 3617 3617 3617 3617
4856
1645
3598
2561 2613
3622
2155 1491
3611
3591
3611
3494 3710 3598
3598 3612
3598
2593 2593
3565
3611
3612
2603
3598
633 1548 1901 437 2780 1548
2481 4784 2022 3420
1500 2326 2325 3612
3611
2596 3567
5181 2916 2025 5219
3565
5493
3611
3611
3611
3612
3598
3565 1901 3598 3612
5146
3876 4397 2417 2919
3614
3611
2603
2954
3611
1489 3068
3617
1348
3612
3598
2330
3618
3598
2591
3611
1610 1610
3005
3612
1348
1921 4858 3693
3565 4099
3612
2593
4097
3612
3612
3591 3591
3565
2071 1497 3389
3621
3611
3612
3621
3612
1901
3612
3598
3598 3612
2865 1960 2314
2627
3598
1901
3598
584 525 532
3598 1901
3615
2593
3612
1348 1348 1348 1348 1348 1348
2232
3611
3612
3612
3611
3611
3067
3598 3598 3598 3598
3611 3612
3612
3565 3591
3598 3612
3565
2154 3856 4254 2283 3598 2154 3598 3598
5510 3766 2644 3068 5001
3391
3612
3598
1299 1331
3589
3170 3387 3067 3435
3612
1348 1348
3615
3612
3611
3693 5489 3394 3067 3172 3618
2593 3598
3589 3589
3612
3612
3621 3598
3612
3565
2591
1601 1595 1601
3598 3565
3612
3598
3384
3598
3612
3621
3612
3611
4033 4541
5431 2270
3565
3598
3611
3611
3565
1901
2593 3612
3598
1219 1296 3401 4278
3611
3579
2489 2071 2327 5186 3402
2592
3612
1221 2020 6034
3611 3598
350 3598 605 529 330 1158 437
5815
1348 1348 1348 1348
3565
3611
4881 6064 1223
3611
3598
3565
3565
3612
3076
3611
3611
1651 1663
3612 3598 3598
3621
3598
3388
1548 2591 1548
4070 3467
1530 330 350 1147 1664 1190
5527 3068
5557 1991
3591
3612 3611
3611
3612
3598
3611
3618 3565 3598
3611
1901 3567
3612
3611
3611
2593 3565
3565
3621
3565
5558 5493 1945 2864 2331
2071 1487 1925
3565
3565
3611
3598 3598
3565
3611
2071 5218
3565
1334 3598
2612
3611
378 983 984 378 915 3413 4890 2885
2464 1530 2464 1974
3565
3565
3611 2592
3612
3598 3598 3598
3565
3612
3556
3565
1348 1348 1348
3598
3611
3612 3612
3598
3612
3612
2593 3589
3611
4901
3612
3565 3565
1926 5426 5426
2064
3612
2593
3394
3565
3513 5033
3612
1550 1550
3612
3612
3611 3611 3598
3756
1529 1530
1348
1348 3941 1348 1348 3598 1348 3634 3598 1348 1348 1348 1348 1348 1348
1639
3612 3612
3598
3618
3565
3598
983 983 840 1296 1222
3615
3612
2591
3611
2162 531
3598
1348 1348 1348 1348 1348
3598 3598 2872 4858 1960
1901 2591
3611
1901
3598
2591
3612
1901
3083
3611 3587
3565
3612
3611
3612 2593
1500
2064 1646 5166 1558
3565 3565
3612
3612
3882
3612
3565
3615
3598 3598 361 3621
3173 2892 6032 2426
3565
3613
3611
3611
3611
3612
4890 2906 3170 2071
3598
3598
3612
3611
3634
3621 5927
3560
2193 1940 5038 2455
3598
1348 4883 1501 5886 1348 3634 1348 1348
3598
435
3612
3611
3611
3598
4070
1520 5530
3598
2070 5530 5530 3598 2070
3612 2455 2332 2325 2325
3611
3611
2591 3611
3598
3598
3621
3598 3598 3612 3565 2593 3598 3598
2593
3611
3598
2593
3565
3598
5794 311 6332
3565 3612 2365
3613
3598 3598 3598 3598 2114 2114 2114
1496 2509 5071
3611
2344 4874 2885 2076
3621 3544
3067 5548 1355 3387 3505
5826 3420 2518 2329 3413 2518 2904 2905
3611
3612
1586
1492 3401 2330 1355 5001 1930
3611 3611
2593
2568
1348
591 1668 1413
3612
3612
3611
3611
1901
3621
2416
3621 3598
5456 2561
2593
3565 2591
3611
3611
3598 3598
3598
4269 5825 5191 5825 4268 3423
1901 2593 1901
1901 3598
2593 3579
3565
3565 3565
3565
2603 3612
3612
3565
3612 2593
3612
3611
1348 1348
3598 3598
3613 4052
3611 3598
5132 2670 2139 5506 2780 3176
3591 3591
3611
3611
3598 3598
4070
1348 3598 1348 1901 2593 1901
3611
534 1551 4269 4070
2627
3611
3598
3611
6035
3612 3598
1530
3611
3598
3598
3611 2590
3615
1348 636 1634 534 591
3598
3612
3612
3614
2156 2418 2870
3612
4785 4872 2851 1929 1935 2919 4843 2849
1646 1670
3612 4052
5470 2158 4858
3567
3612
2603
3598
2591 1901
3611
3598 3565
3565
3621
3413 3395 2859 1355 2053 3766 3692
2592
2455 4253
3598
1348
1348
3565
3611
2916 1497
3565
3611
3612
3614 3598
3611
2592 3611
3613
3565
3598 3598
2594
1901 3598 3565
3612
3611
3611
378 3630 1207
1901 3611
3176 5066 3177
3587 3598 3611
2593
3598 3565
1348 1348 1348 1348 1348 1348
3464 3629 3388
3612
3611
3587
3565
3598 3598 3598 3598
3565
3766 4070
3598
3611
4882 5146 4988 1901 3394
345 1611 345 1611
3565
1901
3612
2593
3598 1498
3612
2008
3565
1639
2593
3579
5157 6032
3565 2600
4858
4784 4784 4901 4901
3612 3565
3611
3598 3613
3612
2593
3565
3611 3598
1348
3612
3612
3612 3598
378 3630
1348
3611
3598
3611
3611
3612
3611
1901 3611
3612
2593
3565
3565
3611
3611
1348 1348
3598
3598
3611
1348 1348 1348 1348 1348 1348 1348
1348 1348 1348 1348
2560 5825
2892 3412 2455 2894
3611
1348
3565
532
3598
3615
3598 3612
2507
3612
4097
2479 2025 5188
3612
3565
3598 3634 1348
3612
435 1646
1901
3756
5504
3565
3598
5881 4253
3598
3598
3598
2865
2593
3611 2064 2863 4070 1512 3693
1348
3565
1348 1348 1348 1348 1348
3598 3613
2593 2611
3598
3611
3390 2982
3621
2158 4857
2596
2597
3612
2193 6039 1530 5482 2071
2979 2064 1355 3394 3842 2317 1927
3613
3598 1348
3613
3598
3598
3611
3598
1621
1348 1348 1348 1348 1348 1348 1348
3598
4794
3612
2567 3073 3614
5220
982 3630
3556
4879 5531 1543
983 378 378 1216
3611
1862
3611
3611
3565
1901 2593
3612
3598
1606
3598
3598 3612
3598
1348 1348 1348 1348
5466 2155
3611
3598
3611
3565 3611
3598
3612
1901
1585 3565 3612 3612 3612 3621 3621 3621 3621
3612
3615
3612 3598
2029 3442 2438 2331
3611
4793 4793 4793 4899
3611
3611
3612 3612 3612
3611
3612
3611
3068 3129
3612
3612
3612
3565
3565
1348
3617
3611
3611
3565 2593
3598
3598
3565
3565
3612
4874 2591 5001 3097 4011
3746 1355 3222
3611
3615
2603
3621
3612
3598 3598
3565 3611
1535
2593
3612
3618
3612
3598
330 350 1664
3598
3621
3612 2591
3612
3565
3891 2919
3612
3612
3612
3051
3598
3565
3611
3974
3598
3612 3598
3598
3565
2593 3611
3571 1901 2618 2593
1348 1348
3612 3612
3611
3612
2553 2903
3613
3611
3598 3598
3612
3612 3598 6090 6091
3598
2593
3605
3612 3618
3612
3612
3611
3411 5482
1348
3612
3612
3611
3630 350 1183 634 3630 1646
3598 3598
636 534 1413
4793
3598
3621
3611
3395 4268
1348
1635 1637 605
3611
3598
3612
3621
3612
1222
1477 1477 1477 3621
3611
3598 3611
3611
3096 2064 3413 1518 3366 1355
1348
5219
2591
1530 3630
3611
3621 3598
378 984 3630
3630 378
3372 3629 4872
3611
1348
2396 3629 2071
1767 3629
3598
3611
3612
1222 3630
378 3630
2593
3611
3226 4131 4793 2314 2064
3565 3565
2591 3598
3612
3630 1208 3630 1226 1208 1208 3630
3629 2463
3598
593 5007 4070 1637 598 1956 4986 1952 524 435 1637
3611
3612 3612
2618
3394 2071 3598
3612
6051 5466 2050
3598
529 5038
2593 3611
2876
3611 3611
3611
3554 3565
3598 3565 1901 3598
3611
3612 3598
5814 2593
3598
3598
1348
2621
1963 2859 2510
2593
2313 3888 1355
3629 5778
3591
3598
361
3612
3565
3612
3565
3598 3598 3598 3598 3598
1227 3630 1224 3436 3629 2455 2025 1963
1962 2035
3598
2417 1551 3629
601 525 3630
3589 3589 3598 3598
3067 378 720 5055 4883 3388 3435 1355 3067 378 3388 5932 3222 5456
3611 2560 3612 3612
3068 5033
3612
3891 3629 3629 3891 3629 3891 3629 3891 1621 1613 3629
3598
3612
1872 2612 2550 2548
3621 3598 4590 4590 3583 4590
3598
3622
5090 3565
3598
3621
2591
2593 3598 3621
378
3598 3612
6053 1348 6032 3611 3611
3565
5005 2325 2978 3629
3612 2603
5978 3068 5501 3598
3615
3897
3598
3612
3629
3598
3612
3565
3598
3612
1348
3611 3565
3565
3888 2570 4794 1488 2571 5530 5189
3565
3611
3611
3697 4269 2327 1945
3611 3612
3611
3611
5430
3598
5146
3612
606 532 1530 1648 602
3612
3612
3611 3587
3565
2593
378 1210
1529 1646
3403 2969 3629
3629 3876 3158 3876 3854 5505 3629 4630 5880 5505 3629 1940 5074 5510 3629
2611 3359 3612 2593 4569 2612
3598
3611
1348 3598
2316 3390 342 1503 2316 3390 3411 3565 2316
3611 3611
3611
3611
1862
3612
1508 1476
3611 3598
3621
5558 2476 1963 3629
5430
2071 2982 2434 3068 5441 5058 3598 3621 6053 2483 2578
3634 3598 1348 3634
3391
3614
1901
3611
2612 2611
3612
4873 4329
350 605 330 3621
378 988 3630 378 378 1208 3630 3630 378 988 378 3630 633 3630 3630 378
3621
1901
3611
1348
4754 2858 3176 2906
3598
3612
2868 2863 2028 2416 1489
3614 3614
4737 5510 4881 1535 2986
3565 3611
3629 2139 2156 2314
3611 3611
3611
3611
1563 2395 5852 1637
3591
1901
3612
3598 3765
3612
1348
3611
3612
5776 2222 1582
3598
5829 5772 2022
2256 2230 2256 1492 2982 2256 2256 3068 3034 2256 2256 2581 2781 2865 2256 3737 2645
3589
3611 3611
3565 2591 3561 5967
3612
3629 5557
2982
3008
3598 4873
3615
3611
3629 5527
3349
3612
3612
3598
3611
3565
3612
1348 1348
2593
6032 6032 6032 6032 6032 6032 6032 6032 6032 6032
1549 3402 2455
2596
1348 1348 1348 1348
3565
3598 3754
3591
4268 4858 1974
3611
3612 3611 3612
3612 3598 3598
3612
2599 3598 3611
2612
3565 3611
3629 5146 5146 5146 3629 3629 5146 5146 3629 3629 2005 5146 5146 4863 3629 3629 3402
1348 1348 1348 1348
3617
3612
1348 1348 1348 1348
3611
3598
3612
350 1150 3630 330 1529 3630
3598
3615 3565
3621
1348
2611 3611
361 4103
3598 1348
4988 4052 1590 1595 1590 1590 2070 4052 1595 4988 6048 4637 3882
3612
3613
2032
3615
3598 3598
3612
3612
3611 1901
599 626 1530
3611
3612
2578
3598
2417 1511 2109 1550 2434
3611 3598
3611
3598
2592 3612
3565
3611
2593 3612
3612
3974 2232
3598
1567
3612
3611
1611 4630 345
3611
3611
1643 1646
3612
2870 3888
2547
2304 2865 2863
4342
1355 2886 2445 1355 3096
2593
3611
5039 1858 3391 3402
3542
3612
3612 3612
3611
2593 2548
1348
3612
3598
2593
2020 3629 3765 4268
3598 3598 2593
3618
3630 378
3611
3612
4052
3612
3598
1025 2418
5932
3611
3612
3612
3611
3614
3565
3612
3612
3611
3561
3840 5569 3629 3007 4787 1518 3629 4581 2997 3854 3629 1355 3402 3629 3007 3629 2047 2691 3629 1930 2744 1932 3007 4879 4874 3067 4879 3629 3629 2178
2802 1615 3629 2309
3611 3611
4566
1348 1348 1348
2593
2069
3612
3598 3598 3598 3598 3598 2925 5154
624 629 364 582 1075 621
3598 3598
3611
2034
1348 1348 1348 1348 1348
2593
1939 5505 3629 3876 3854 3629 5527 4132 3629 2803 3068 5505 5510 3629 1935 5505
3612
3577
3621
1348
2593
3565
5431
3565 3622
3612 3611
3598
3598 3621
3611
3612
3598
2593 3598
3614
1466 1530
2593 3612
6032
2592 5505 4988
3611
3565
3407 1992 1551 3629
4443
3613
4194
3621
3598
5146 1503 2892
3598
1348
3565 3565 3565 3565 3565 3565 3565 3565 3591 3565 3565 3565 3565
3067
3611
3612
1901
3598
3943
3611 3611
3598
1901
2139 5146 5188 1355 2139 3170 3765 5146
1348
3173 2863
3611
3634 1348 1348 1348 3634 1348
3565 3565
3611
2476 5028 1355 2916 4633 3158 5073
3611
3612
3598 3612
3611
1529
3565
3617 3565 3617
2593
1348
3611
3556 3565
2850
3612 3612
1466
3611
3612
3612
2593
3612
3840 2139 2802 2770 2954
3621
3611
3611 2593
2593 3611
3612
3615
3587 3611
3464 2071
1348 1348
3590
3615
3612
4806 2987
3611
2596
2344 3459 3068 2892 4857 3394 3412
3565
2644 5146
3598
3611
3629 2525 5001 2068 2855 2028 2849
1297
2070 1530 636
3611
3629 3435 2025 3394 5825 3403 4983 3173
3611
5220 1496 1963 1565
1480 1867
3621
3612
3612
5436
3621 3621
3612
3611
2593 1901
2593
3612
3494
4843 5526 1642
3612
2578 1901
2594
3106 6021 3170
3621
1508
3756 2965
3612
1355 3885 2979 3393
3598
3598
2593
3611
3621
3621
2591
3612
3621 3612
3612
3611
3629 2952 5157
3598 1901
3621 3598
2593 3611
3598
3612 3611
3612
2982 5157 1508 1643 1643 1658 1530 3067
1502 1502
3629 2916 3465
3565
1639 5493 1634
2028 4756
3565
601 4278 2863 3565
3617 3617 3617 3617 3617 3617 3617 3617 3617 3618
5143 2192 2232
3598
3612
3565 1901
5220
3766 606
3611
3612
3587
3612
3612
2593
987 1227 1226 3630 1208 1208
5065 4737
5439 3611
3565
3598
3393 4743 2858 5825
1348 1348
3565
4708
3598
3560
378
3621
6032
3616
1590 5166 5526
3565
3598
3598
3611
3612
3393 5456 2766 3389 5456 2509 2904 2766 2904 4883
3611
3612
3612
3598
3612
2593 5439 3612
3157
3611
1348
3565
3598
3614
4187 3614
1348
3612
5801
3612
2908
3611
3612
2593
3598
5476 4806
3612
1530
3565
3612
2329 1543 1982 4915 2989 1543 5826
3412 3434 2325
1348 1348 1348
3598
1222 1208
3612
983 378 1219 3630 2860 1992 3629 378 3630 915 1219 983 1992 3629 2860 3735 3630 983 1219 378 3629 5836 3735 2860 3630 378 983 1296 2860 3629 3735 1992
4779
3612
2071
3612
5491
2593
3565
3612
5157 2064 6032 3629 1478 3629 5157 1478 2683 2064
3630 1217
3630
1553
2988 5157 5008
3612
345 1530 1611
3617 3616 3618 3616 3616 3618
1548 4761 2455 3390
5070 4858 4622
5051
3612 3612
3565
3611
2593 3612
3612 2593
3598 3598 3598
3612
605 532 4070
2507
3413 2028
1496 3629 6053 3854 6053 1355 3854 5055 3629 6053 3629 3854 3735 3854 6053 3176 3629 6053 3008 3629 2455 3629 1930 2139 3629 3854 2756 4986 3629 6053 2495 1355 5033
3622
2983 5218
2317 4857 4901
3565
1530
3612
3464 4976 4988 3629 3870 6032 3629
2593 2674 2765 3747
5802 3612
3577
5024 5058 3629 3067 2071
3612
3611
5814
3734 3469 3629 2474
3615
5157 2322 5156
2603
1492 1542
5883
1646 3630
3611 3611
3598
2509 1570 4985 3629 3170 4794 5932 3629 6032 1355 1965 3170 1570 3629 1925
3565
3386 4795 2077
3621
3598
3629 4577 5072 3629 3366 2674 2391 2090 3629 2674 2309 3365 3629 4577
1901
3598
3611
3612
3612
3612
3612
4858 2192
3611 3611
4874 6032 3393
2270 3629
3612 3616 3617 3612
3612
3611
2579
3612
1529
3598
3611 3611
3629 1963 5501 5527 3172 3629 2418
3591 3591
6048 3395 2455 3629 6048 3629 1923 2314 3629 2851 3170 2455 1925 3629 2268 6048 2455 5464 3629 1746 2455 3629
3598 3612
6053 6053 6053
3615 1901
3565 3612
2064
3353
3629 2476 5778 3629 2336 2479 3629 3629 2464 5778 2336 2336 2978 3629 1940 3629 1940 1940 3629
3634 1348 1348 1348 1348 1348 1348 1348 1348 3634
3612
3598 3612 3611
3611
2593 3612
524 1127 1639 1652
5419 6033
6034 5501
3565
3621
2069
3598 3598
3598
3621
3598
3612
3629 2445 2028
2071 3465
3598
1348 1348
3614
3386 3629 3427
3612 3611
3598
3613
3565
1348
5470
5966
3621
3611 3612
3611
3612
3612
3598
2593
3611
3612
3565
4633 6034 3419 4882
3611
3612
3616 3598 3617 3598
3509 4268 2313 3067
2036 2036
3612
4337 2489
3565
3598 1901
3621
3598
378 983 3630
3611
3598
2559 2560
3612
3611
1348 1348 1348 1348 1348 1348 1348
1901 3612
378 1210 3630 378
3612
3611
3611
3629 3629 2325 2025 3629 2476 5070 2025 1355 3629 2434 2020 3629 3629 1355 4985 5070 3629 2479 3629 5070 4985 2476 3629 2025 4983
3419 2417 2022
5505 3920 3629 2919 4708 1497 3629
3611
3612
3611
3611 3611 3611
3614
3612 3598
3611
3598
1901
1496 4890 2314
3612
3598
3612
3612 2594
3598 3621
3598
2391 1601 5066 3365 3629 2391 1601 3629 2455 2391 5793 1601 3629
3611
3056
6035 2180 2180 6035
6032 3629
3621
3612
1348 3565
1466 1530
2593
3629 1497 3765 4890 3189 3629 3735 3189 1576
3598
3612
1862 5431
3611
3621
754 740
3598
3611
3598
3629 1590 2032 3402 3629 4857 2071 3412
3558
3611
1567 5927
3612
3612
3565
1348
4187 3621 2591 4052 3068
1348 1348 3027 347 1348 1348 1348 1348
3611
3565
2983
636 608 532
1348
3612 2593 3073 3598
3616 3612
1348 1348 1348 1348 1348 1348 3634 1348 1348
2593
2596 3561
3613
1348 1348 1348
3621
3629 1622 3630 3630 3630 3008 3629 1622
3612
5439
5071 378 3629 6032
2979 2949
3621
3612 1901
3611
3612
1487 3598 3888
5486 5033
3598
1502 341 341 1502 1502 341 341 1502
4132
3598 3598
3611
3598
1348 1646
3565
3598
4843
3611
2603
3612
2618
3565
2357
5466
3598 3611
1348 1348 1348
3068 4269
3598 3598 3598 3598 3598 3598 3598 3598
3612 3612
3177 3067 4629
3565
3565
3598
4967 3616
3611
3611
3612
3565
3900
2434 3389 3629
3598
1355 6033 5056 4901
3612
2591
3598
5219 2864 3157 2455
3565
1901
378 651 378 754
3390 2090 3629
3598
3598 3611
2591 3587
3598
3598
3565
3565
3630 378 1207 1226 3630 3630 526 591 1207 3630 1226 2513 1207 1226 3630 3629 5544 3629 3068
605 626 1025
3621 2593
1348 1348 1348
3612 2593
6035 1511 5501
1348 1348 1348
3754 2436 2866 2071 5510
2578 2578
3611
3565
3613
3712 2070 2868
3565
2593
3611 3611
5420
3611
