5071 1551 3423 1655 3222 5070 2416 3882 5157 1926 2858
5068 1948 1992 2884 2391 3067
3611
4097
3620
3598
2591
5826 2317 2868 1939
3598 3611
3598
3611
1535 3625 4805 1567 2020 2158
1348 3598
6032
1348
3598
3614
2618 2022 2064
1348 1348 1348 1348
3565 3598
2071 1548
3068 6032 2982 6032 1622 2923
1348
3565
3589 3598
984 916 1960 3170
3565
3598
3612
3611 3611
3612
3611
3611
3598
3565
2591
5166
1216 2455
3598
5979 3067
361
3598
3611
3565
4881 4976
1542 1945 1948
3611
1940
2022 1671 1639
2483
3612 3598
3612
3598
2550
5440
1567
3598
3391
3612
3613
3612
3611
3565
1348
5006 1551 2723 4070 2490
3611
1965 2037 2463 2951 5418 2969 1962 3892 1921
3565
1564
3615
2463
593 1639
3612
2885 2957 5829
3598 3598 3598 3598 3598 3612 3598
2618
2618
3615
3612
3612 3598
3618
3611
3577 2591
3598
3612
6025 2071
3612
2603
3577
3617
3565
1348 3598
3612
1563 1563 1563 1563 1563
2325 915 3598
3621
3611 3587
5166 2256 3621 6025 2256 2515 2773
3612
3611 3598
3611
3598
3598
3598
1511 1590
3612 3565
3598
3611
3612
3598
3587
3612
3611
4574 3067 3598
3612 3598
3598 3611
3611
2982 1575 5219
3612
3611
1348
3598
3598
5000 3395 2344 2020 2863 5007
3611
3612 3598
1901 2550
3612
3598
1355 3970 4252 3399 2357 3395 2474 3029 4578 2802 2854 3107 6034 2029 2454 3964 3171 4252 2029 1588 1582 2802 3107 2474 3394 6035 2028 3970 2357
3612
3604
3612
1348
3598
4545 2071
3612
3598
3612
3612 3598
3598
361
2611
3598
3611
1348
3598 3612
3598
5501
3629 1492 3629 3629 1492
3611
3067
2845 4983 2020 1929
1348
6025 2938
3891 2482 2864
3612
1646 5562 1646 1646 5488
3612
3615
3612
3611
3611
3598 3598
3598
361
3565
3565 3598 3611
3612
3612
3598
3611
3565
3611
3591
3598 3611
3612
3611
3614
3611
3598 3570 3612 2618
2591 3565
3598
1901 3612
3598
5826
3611 2603
3612
2416 3390 3406 5826 2023 1975 4858
1901 2550
3565
3612
2591
3559
3611
3587 3611
2591
3598
3737 2868
1585
3598
3611
3598
3611 3611 3598
3598
3598
3598
3611
230 2314 230 4869 4901 2177
2591
1615 4793
1496 2064 5932
2590 3612 3598
3612
3598 3621
3394 3428 2524 1952 3598
2071 1639 4875
3598
3598
3621
3598
3840 2651 1978
3611 3611
1348
2030
3612
3598
5157 4795
3067 2595 4962 4961
3598
5977
3612 2611 2612
3359 4438 3614
1901
2957
3598
2579
2317 230 3394 230 3176
3611
3612 3727
3587 3611
3611
3621 3598
2982
1742 2853 2317
3611
3067
3612
3612 2593
3611
3622
4377
3612
1509
3612
3598
3612
2601
1585 5419
4858 3842 5995
2334 3068
2552 3615
3618
2611 2612
1635 605 534
3611
3598
3621
3590
2859
1466 1413 1655 4872 1413 2903 5181 2864 5181 2864 1413 2916 5181 2916 5181 1413 2916 1413 5181
3612
2232 2156 2155 2158 230 230
3612
3598 3612
4858 3374
2186 5883
1585
3068 3587 4862 5530 3888 3616 3598 2968 3598
3612
3598 3621
3598 3565
2591
1348 3634 2283 3970 1348 1348
6032 3882
3612
1939 3394 2426 2344 2240
2071 1486 2868
3598 3598
3598
5166 3611 5995
1500
5825
3614
3617 3616 3611
5521 2437
3598
3611
231 636 1646 231
3611
2957 6049
3612 1901
1348
2590 3611
3598
3620
3587
3611
5166 5167 5794
3611
3611
