1498 1498
4029
4030
5709
4016
4030
4016
1498
4030
4016
1498 1498 1498 1498
1498
4029
1498 1498 3076 1498 4053 1498 1498 1498
1498
1366 1361 2589 699 3427
3978
1498 1498 1498 1498
3776
4003
2673
1498
4030
590 346 1695 1695 2181 6559 594 2759 5205 1819
4030
5709 3793 3869 2313 3240 1733
594 1498 1498 1498
2871
4016
2125 2908 3985
4016 4016
4029
2881
1845 6739 588 1845 1654
4029
4041 2840 2908
2893
3978
3783 4164 6687 1498 2736 5501
1498 1498
1498 1498 1498 1498 1498
4016
4029
4016
4016
4029
5496 6251
3978 4030
3978
4030 1498
4029 4030
4016
1667 381 1498 1498
4016
3980
4016
4016
3978
4030 1498 4016
6558
4005
6512 1498
2908 4007
5504 2663 2384 3182 6822
4029
3978
4030
1498 1498 1498 1498 1498 1498
4016
1498
4040
1572
672 1819 488 586
4030
4029
1498
2125
4016
2908
1498
4030
4016
586
5697 2209 3549
4016
4030
424
3978
4029
424
3978
3788 5879 3782 3427
1655 3426 2696 1507 2759 3188 3256 2608 2575 5620 5214 3782 3192 3799
1498 1498 1498 1498 1498 1498
4016
4030
4029
5478 4040
4016
5503 1695 5501 4053 1498 4016
3296 3299 1971
4016
1498
3434
4036
3978
588 488 671 594 1572
6559 2735 5361 2623 2972 2667 3381 2270 4766 2310 4429 3473 3968 2794 2195 6804 3546 2669 3969 2405 2809 3813 3435 4421 2269 3122 1507 2717 2623 3547 2756 3789 3185 6804 3381 3473 3185 6804 3789 4192
3978 3978
4030
4016
4034 4029
4016
5819 6559 384 1782 1782 1695 384
3783 3194
4029
2402
4005
1782 4016 2881 3978 1810 588 657
2857 2901 2908
4029 3978
1498 1498
4030 1498
4030 4016
1507 2181 5504 2263 4341 3782 4123
4029
4770 3427 3082 2716
2790 2164 490
6504 1807 660 1810 5500 671 702
4016
4030
4030
4030
4029 4016
2595 4340 667 3869 1936 588
1666 380
1498
5844 3194 2310 1654
4016
4040
4040
4029
4016
4030
4767 4053 4766 1498 2529 1498 3298 1498 1498 1498 1498 4767 4053 1498 4016
2125
4016
3978
4029
1707 6822
4029
4005
3978 4029
6771 1781
4030
1695
4030
4016
3426 424
2577
6559 5344 1661
4016 2125 4029
2908
2908
4030
2893
2890
1498 1498 1498 1498
4030
4030
4029
4029
4016
6804 1794 6804 6804
1498
2883 4016
4029
4016
1498
4005 4005
3978
431 1193 694 424
4030
2908
6166
4029
4016
4029
4016 2908 4016 4030
2736 2313
4040 2845
2273 5695 6214 4112
2908
4016
2125
4016 1695 1626
4029
2312 3892 3859
4030 4016
1498 1498 1812 1498 1498
2908
4016 4016
4029
3978
4030 2880
1714 2881 2125 4016
3978
4030
4041
4029
4016
4016
4030
4040
3978
4029
4016
4030
2595 4016
4036
4029
4016
3745
4016
1498
424 4049
2908
4030
4016
4036
4029
4029
2881
5698 2318 4478
1716
2185 2035 1507 5662 3262
4029
1498 1498 1498 1498 4053 4016 1498 1498 1498
4016 2125
4016
6178
4016
1087 1015 1089 1695
2125
1498 1498 1498 1498 1498
4030
2908
2717 5715 2572
4016
4016
1665 2663 5218 4203 2957 4016
4016
4029
3805 5222 3806 2765
4016
6178
4016
1498
4029
4033 2881
3242 3128 2313
4040
2313 596 500 3994
3978
4770 2401 3776
4029
4029 4003
2881 4016 1810
4030
2908
2312
2796 6500
4016
4030
3978 3978
6803
4033
4016
2908 2908 2908 4016
4016
1498
4030
4049 424
3806 3805 4203 4202
2589 4793 1507 2312 2773 6687 4793 6817 1507
4016
4033 2883
4030
4016
3560 5798 3829 3821 3801
4030
4030
4029 1498
5714 4016
4016 4016
2326 1936
4029
4030 1812
5093 4016 2313
4030 2908
593 3180 1717 3229 3219 3195 5478 3036 4118
1819 6558 2250
4016 2908
5435
4007 2881
4030
2908
2125 3978
4016
5205 2312 2288 3194 2663 4586 5662 3831 5205 3194 5662 2663 2312 3829
2880 4029
2584
5462 5463
3244 3600 5522 2290 2989 2987 6559
4029
2840 669 1133 586 672
2125
4030
4016
6138 5218 2325 4016
2125
2908
4016 4029
2312
3978
1345 6753 6565 1016 6568 2273 6753 6527 1636 1345 6739 6758 6753 6568 6525
4030
4030 2908
4030
3805
2908
3917 5478 3227
4016
4030
4049
2881 4016
4016 2125 4016
1498 1498
4029
4016
1498
1498
4117 5695 5678
4016
6804 1713 3215 3229
4033
4016 1498 3411
3427
4030
424 1348 4049
3191 3787 1700 5478 2312
2587 3240
2886 4118 2578 3782 2717 3532 3788 2263 3256 3217 1507 2663
4016
4030
2908
1498
4016
4016
4016
5478 2965 4016 3077 3072 5361 6822 5622 3186 3549 6793
1498 1498 1498 1498 1498 1498 1498
4016
4016
1498 1498 381 4180 1667
1498 1498
4030
4030
3811 2410 5361 5207
6687 5344 3199 1507 2736
1498
594 2169 5798
3291 2699 2716 2778 5681 5714 2704
2125
6632 5454 4764 2587 5454
4030
4030
4016
4016
3978 4016
4029
2264 5500 6802 6559
4030
4016 4040 4016 1748 2838
4930 5405
4040
2908
4031
4016
2125
4030
4016
4769 4770 2736
1498 1498 2869 1498 1498 1498
4444 4016
4030
1367 4049
4029
1498
4040
4030
4016
4029
5504 1498 5511
4029
4016
2306 1819
4029
2125 4016
4029
1498
3953 4033
4033
1498
4030 4016
4030
4016
4016
4016
4048 5617 4317
4040
2859 4532 5504 4016 4030
4030
4048
4029
2881 4030
4029
4030
3978
4016 4036
4030
4029
4030
4030
2901
4036
4030
1498
4030
4030 1362 5714
4016
1498 1498 1498 5503 4053 5501 1498
1812 3381 3427 1572
4029
5685 3226
5696 2792
2313 5500 5709 3196 1507 260
1355 1088
1498 1498
2883
4030
4029
4029
2908
1498
2838 2840 4040
4030 4016
4030
4030
1498 1498 1498 1498
2902 2838 2840
4016
4016
3405
2908
3953
4016
3218 3290 6808 4048
3969
4029
4016
596 692
4016
2194 2318
1807 594
4016
4030
4029
6801
4029
4016
4030
4030
2908
4029
4016
4030
4016
4029
6149 260 1661 4049 424
4030 2838
702 1812 657 702 1812
2312
2125
6263 4048
2181 3784 3546 3805 1665 2177 2405 2159 2881
2880
4016
4016
4030
1498 4016
260 6817 6793 6817 260 260 6817 6793 6817 260 2035 260 6817 260 6793 6817
2908
4040
4016 4016
692
4029
4029
4016
4029
4016
4005
6212 5695 5713 3426 5394
424 1088 1131 1355
4029
1700 1507 5617 2169 260
4030
4016
4030 4016
4016 4030
3327
1345 260
2275 6817 4048 1672
4030 2893
4029
4030
5500
4016
4029
1498 1498
1498 1498
2699 2718 1812 3356 2306 4016 4286
4029
2908
4030
5671
4040
3189 3197 5819 4164
4016
4030 2908 4016
4029
4030 4016 1498
4029
4030
671 490 490 671 594
2908
4016 4030
4029
1498
4030
4016 2881
3978
5678 2318
4030
4048 5714 2575
2908
4030
4049
2908 3978
5503 4016
4016
4030
4695
5482 6527 2509 6527 6682 2509 2509 6527 3427 6527 2509 6527
6225 260
4029
4016 2125 3979 2125
4030
4033 4016
4030
4016
4029
1498 1498 1498 1498 1498
4030
2883
260 2696 3785
6682 2595 3806
1498 1498
4053 1498
1498 1498 1498
4029
3969
1498
4016
5222 5836 5493 488 5622 3801 5493 3219 5836 3237 5511
4016
927 424 261
4016 4029
4122 1507 4118
4029
4016 4016 4040 4029
4029
4029
4030 2908
4030
4030
4049 1345 1346 424
2403
1358 424
1362 5714
1498 1498 1498
5501
4029
5494 3427 260 3784 6687 5478 4164 5478 3427 6687 3783 260
1498 1498
4029
4029 4030
1498
1812
3427
4030
2125
4029
4029 4016 4029
4016 4016
260 6235 5744
3776
4029
4016
4049 1089 424 1346 1358
4016
4030
4035 4035
4029
5798 260 260 2313 5798 260
2794 3789 6214
1498
4016
4016
1498 1498
1498
4016
4016
4030
4016
4016
1683
2883
2901
4016
2908
260
2908
4016
4016
4029
588 4016 657
1498
4029
4031
5205 2568 2663 4203 1507 3471 4118 5798 5794 4557 5204 2384
4016
2568 3870 3180
2318 2957 5207
3978
2908 4030
4030
4016 6682 1673
5218 4514 3978
4030
1754 1652
2886
3181 3181
4016 3978
424
5504 260 4317
4030 4016
2881
4003 4029
1498 1498 4016
4016
3978
4016 2893
2908
4016
4029
4016 4030
4030 2901 2902
4029
4030
4016
4030
3978 2881
5500
2125
2881
4016
4032
2908 4029
2908
4030
4016
3978
2880
4030
4016
4040 4036
4056 1498
3978 2881
1366 1361
4030 4029
2908
1666 1666 1666 1666 1666 1716 1666 2306 1666 1666 1666
3805 260
4016
4030
1819 1819
4016
2270
4029
4030
4030
424 4049
3978
4029
424 1361
1714 2908
2908
4016
4029
1498
4016 2908
6512 2767
5478 4030 4118
5744 2762
4784 3800 2205 2594
4016
4040 2126
6803 5810
4030
4036
1325 368 389
2577 6559 2577 2577
4030
1498 1498 1498
586
5617 2193
1088 1361 4049 1358 2228 1937 3191 4048 4049 1361 1089 1358 2228 1935 4048 3191 1088 1358 4049 1361 4048 3191 2228 1935 4049 424 1440 1088
3978
5503 5500 3427
3427 2161
3276 3828 6803 3798
4036
2838 4030
5165 3869
4016
4030
260 2231 5503 4048 5483
4030
6803 2796
4029 2880
4029
4030
4016
260 1941 5619 1507 5610 260 5620
260 5671 2736
1972
2544 2529
3426 2608 5810 1507 1507 4323 5714 4323 1507 3426 5810 260 4317 1507 260 3426 3426 2778 1507 4610 1507 3254 4611 4323 1507 3426 3254 1507
4029
4030
4016
4029 2881 3411
4016
6801
4040
4016
4030
4030 4016
4029
260
2908
4365
4030
4029
4029 4030
260 2608 6189 260 6565 4334 3182 260 6173 260 4334 260 3828 2385 6173 2608 260
424 1660
4030
2881
2480
4029
4030
4029
3427 5511
3213 4048 1714
4029
4032
4030 4030
4030
1498
4016 4016 4016
5671
4016
2306 3796 260 260 5634 396 5635
4016
6802 6099
2908 3978 4016
2936 260 3533 3427 4317 3258 260 2936 3533 260 1507 260 2936 3533
2881 4030
4030
4029
3565 260 3565 260 5166 5166 3565
3258 4323
2736
1498
5726 4433 1714
4030 4016
2277 5503 4016 1742 424
4029
4016
4030
6646 5836
4030
4016
4030
424 1362 5714 4016 4040
4016
4286 4286
4040
5713 4048 2169 2277
4016
3978
1498 1498 1498 1498 1498
2261 2694 2440 5494 3784
4029
4016
2484
2736 3196 3784 3427
4016
4030
2313 2587 260 2565
4016 2125
4029
4030
3194 3195 4048
4030
2584
4029 4016
2482 2427 2482 2427
3199 1655
4030
4049 424
5499 5503 6263 5798
4030 2881
4016
1498 1498 1498 1498
2881
2528 1498 2531
4030
1498 1498 1498 1498
1498 1498
1498 1498
4016 4040
1498
6732
396 260 2410 2312 1937 3549 6217 2694 3426 3822 6801 260 6801 2410 4164 3822 2736 1507 260 5215 2277 3426 5348 5215 260 1778
1498 1498 1498
2908
4016
4030
4589 1498
4016
4016
1498 2908
4030
4016
1754
1498
1819
1498 4016
4016
6166 6149 6147
3196
5048
4016
4016
4016 4029
4030
4016
4030
1498
2852 5500
6801
4049 1087
1498 1498 1498
1498 1498 1498 1498 1498 1666 1498 380 1498 1498 1498
6801
1507 6802 2735 5696 3218 6802 3830 2306 3219 1629
2850 4123 2193 6558
2908
2579
4016
490 674 1810 671
4040
6803
3978
4016 1498
3978
4016
1498 1498
1498 1498 1812
1498
4016
4016 2263
1675 6189 1675 2881 6189
1498 1498
6801 6199
1133 1694 671 490 692
671 1572
1498
4016 4029
3978
