3226 3427
4016 1498
5714
432 424 693 688 433
1498
3994
4942 3240 1695
4030
4030
1572 1695
424
5672 6811 6802
1819
5758 6255 5754 3788 5244 5245 6803 1507 5243 2868 3181
4040
3258 3186 3254 5619 5617 5620 2791 3180
5348 2164 3459 5877 3784 5794 2608 3460 6687 3813 4163 2694
1355 1015
1752 6099
2865
4016 1276 1695 368
3991
2891
5344 1699
5698 1661 2313 2311 3426
5663 3783 3552 3784 5663
5697 1507 3603 2405 2161
396 5205 3807 3801 3215 3459 3460 3800 5204 3196
2893
5696 4016 6208
2125
6559 3828 3817
5222
3552 3553 3260 3254 2277 3426
4040
424 1356
3199 3785
3978
1088 1016 1357 1356 1357 1015 1358
1507
2194 6803 2261
4029
4016 4029
4016 3324
2844
1685 5879 1015 5214
1357 424 1088 4049
3980 2883
4016
2792 6197 6793 1507 3459 5716 3788
2881 4041
1507 4210 2326
3784 6802 2881 2313 1507
4016
4016
4016
2589 1507 6793 5214 3218 3459 3217 3789
4702
6527 2169 2405 2441 2794 2796 3427 1655
688 431 408
4035
3533 2156
4029
4040
4016
2125
3552 1717 3978 2155 2880 4040 3784 3552 1717
2883
4030
2736 5502 3818
2402 2402
4049 424
5115 3782 2796 3194
5622 3218 2325 4480
4049 424 1346
4016
5500 3227
6527
424 1088 1357
3254 6189 3427 3180 5847 6222
6803 3789 2185 1664 2715
3381 1507 6804 3775 3122 6822 3777 4766 4429 2623 6504 3472 2269 3788 2270 2756 2218 2623 2490 2868 3122 2756 3788 2270 5758 2269 6504
2794 5713
1507 5368 5614 6793 5166 3190 1748
5348 3814 4625 6801 3782 3560
1498
4049 1367
3867 3978 5844
4029
424
4040 2859 4526 4030 2405 4030 4040 4526 2881 4030 4030 4016 4040 4030 4030
4030
4031
389 368 1838
1695
4049 1360
4040 4016
424 4049 1089 1345
424 4049
4048
424 4049 1345
4030
2589 5204 3785 5218 2589 3241 4478 4016
3978
2185 4048 2181
5363 5503 1672 2313
4512 5671
2491 6793 2529 4048
5502 2409 2791 6559 5522
3548 4048 2193 2306 2194 2266
4016
5504 2405 3785
2125 4016
346 7183
4323 4048 4625 3356 4323 4048 4048 2568 4323 5215 4323 2168 3532 4048 3533 4323 4048 5205 4323 2168 3533 4048
4029
2425 6199 3534 5714 5478
3993
1093 4049 424 424 1093 4049 4049 927 1360
4016 1498
6218 5714 2586 4048 3295 1507 5794 4048 2384 2669 2695
1655
4029
4030
3426 424
4040
5620 4048 6801 4048 5614 2174 4048 6801 6801 1507 5348 4048 2266
1133 1695 650
2313 6199 5697
4016
3260 3258 2794 2310
1498
844 4049
1812 692 596 671 590 1133 488
5495 4117 2586 4784 2694 4557
488 669 588
6806 3783 5798
6801 4016 5207
3123 3789 4070 2759
4048 5306 4123 1717
4029
3991
4030
424 1089 1016
2838
4016
4016
4016
4029
424 4049 1366 1346 1092
424
4040
1695 1695
2577 2846 2325 3716 5877 2589 2621 2885 2576 4862 6659 1708 2216 5819
424 3427
1358 4049 1088 424 4163 3191 4048 2228 1088 1358 4049 4164 2228 3191 4048 1088 1358 424 4049 2228 4164 3191 4048 4048 424 1088 1358 4049 2228 3192 4164 4048
927 1087
2893
1357 698 4049 698 4049 4049
2306 6803 2575 3796 4048
4016
4016
4048 2164 2266 2313 6801 2164 4048 2405 2766 2313 1507 1507 5218 4048 5610 2440
4016 2771 2261
5403
2881
4525 4048
2193 6801 2440 4048 2164 2403 4048 4048 1507 2164 2313 5610
4048 6624 4334 4334 4317 4048 6527
1646 5794
5617 5619 3805 6558 3427
1498 4053
2881 4041
4016
3785 3859 5641
3978
6801 3784 3785 3195 3784 3978
2901 6107 5218
6804 4048 4783
2424 6166 4048
5126 3254
4693 6803 3427
1663
4016
1088
700 814 440
1707 2713 2792 1748 2736 5511
4016
2893
4040
2735 1507 3219 5696
1498
3813 4784 2313
2881 6197 2762 3796
2893
4029
