3215 5490 2313 3229
1498 1498 1498 1498
4016
4029
4016
3978
3978
3969
4029
6500
4016
1498 1498 1498 1498 3785 4203 2884
4016
2571 6682 1798 6801 3549 6682 369 2589 2571 2571 6801 1713 3303 3305 4189 369 6801
3189 3194
1498 1498 1498 1498 1498 1498
1498 4016 1498 1498
2589 2312 4525 5403
4030
2883 4030 2883
4016 2883
4040
4029
4029
4030
4016
3978
4016
4029
4033
1498
4016
4030
4030
4029
4016
4040
2313 1649 2154
3978
3978
4029
4030
1716 1716
1498 4394 1498 4016 1498 4053 1498 1498 1498 1498 1498
4030
4016
4029
4016
4030
4029
4030
5511 3242 3546 2313
4040 6682
1498 5504 1665 6632 1498 4053 1498 1498
4016
2965 3122 3295 4181
4029
4016
4557
4016
4016 4030 3978 2883
4029
6138 2851
4016
4016
4029
4029
4016
1498 702 1805 596 657
4016
1498
1498
4029
2882 4029
4029
4029
384 1782 384 1782
4030
1812
4029
4030 4016
4016
4016
3196
4029 2306 3194 4557 1677 4118
1498
4016
4029
2887
4030
5500 6222 1708
4029
3978
1777
4016
4030 4016
4030
3978
4016
4029
1695 702
3978
1498 1498
4030
4029
4016
702 596 1572
4016
4016
4029
3208
4016
5736 3978
4016 4030
4030 2893
4346
3978
4029
4016
2577 3784 381 1667 2577 3784 3805 3978 2577
4029
4040
389 671 368 4040
5356 3189 3552 3242
3199 3194 2269 2694 1652
4032
4029
4029 4029
4016 4202
4033
1498 1498 1498 1498
4016 4189
4035
4029
4016 1498
4031
4033
4016
3978
4030
1498
4016
4016
1642 1667
2883
1498
4396
4029
4016 4030
3181
4030
4029
4029
4033
4029
5708
5462 6217 1815
1672
4029
4040
4016
4030 4030 3978 4030
2851 2269 1673 2269 4016 2269
4032
4016
6160 5417
671 594 4557
2883 2972 3077 4181
4016
586 1246 1812 1825
6803 6189
2441
1498 1498
6726
2772 3240 2769
4029
3978
4029
4016
4016
4029
815 831
4016
3971
1498
702 674 594
4031
1652 5491 3189 1655
6170 5671
380 1666 380 1666 380 1666 380 1666
4016
5462
4016 4029
4016
4030
2125
2263
6199 4189 2715 3197 2313
