2864
1567 5923
3620 2599
5489 1930
2614
1027 1529 1413
2592
2614
1543 2955 2958 2957 5146 3226 2958 2959 2416 6032 2864 6032 5146 2844
5050 4849
3611
2070
2038 3598 2316
3612 2614
3616
3612 3611
3612
3613
3598
3598 4516 2234 3487
4794 1512 4795 3565
2463 2156 1587 5880 5501 1601 5098 4895 1585 1940 1355
3611
2621
1866
3598
1866 2567
1866
3598
2064 341 1926 2323 2437 2431
1543
3598
3612 2593
2592 3612
2621
1567
3976
2621
3598
4873
2070 2614
3615
3612 3598 2621
3612
3598
3611
2851
1901
1901 2593
2614
3598
1567 1920
3375
3612
1530
3611
2557
5538
1543 2982 2482
605 636 2509 4884
2614 532
3611
3621 3598
4858 3611 2748 3371
2614
1532 1495 1530 1413
3611
2621
1348 3612 3598
3970 2273
3598 3598 3612
2474 1554 2850 3693 4988 2029 2357 3394 3748 2076 2518 3180 6034 3107 5409 2803 3074 1356 2802 3687 3105 3964 3074 2802 2396 1975 3693 4660 3395 6032 2854 3105 3029 1355
2070
2065 3613
3614
3598
2070
6032 6032 2578
2065
3612
2139
2438 3387 5776 1930 3068
3612
1500
3598
2317
3598
4737 1500 1590
2593
4045
2614
2614 3598
3612 3598
2614
3622
1499 2468
1500
4793 1496 3598 3612
2070
3598
3611
3598
3611
3612
1567 2272
4896 2489 1940
3612
3571
5883 2806
3598
3611 2065 2548
5825
3611
3598 2265
2592
2156 5154
2070
2065
5906
3611
3598
4873 4875 1535 1500
4006 2418 2416 3394
5065 1639 1419 5001 2865
2178 1652 1648
4875
3611
2614
3612
3612 3170 1497
1500 3067
3621
3621
3611
2986
1615 2865 2071 1355 3415 5070 2438 4894 3390 2064 2326 3452 4894 2865 1356 3388 3412 2431 1607 4883 2904 4988 3691 1549 5001 2326 1615 2316
3621
3598
5441
3598
3611 5433 3612 3598
3618 3612
2265 1505
2614 3598
3612
1939 2859
2593
1923 637 1419
3598
2593
3612 1508 2427 2731
3612 3598
3612
609 1637
3611 5435
3612
1567
5537
1576
3616 3611
1348 1348
2318
1866 2621
3614
3618
