5218 2436 2920 2921 3891 1551 2978 5070
2139 2683 2802 4517 4275
4097
3665 5218
3598
1622
3612
1348 1348
3565
2134
1348 1348
3613
2858 2951 2802 3746 6032 3747 2958 3067 6032 2951 5146 6032 2951 2957 2858 2958 6032 5146 3067 2964 6032 4806 2325 2802 5065 2866 3746
5050
5792
3611 3598
2591 1901
5065 1576 4635 2238
2180 2156
5932 3395 3423 3390
3621 3621
3616 2590 3612
4097
5424
838
1025 605
3598
3598 3598
3565
1872 2548 2573
3598
6346
3587 3611
1935 2071 5501 5440
3565
3565
1413 1639 605 593
5055 4576 2416 2077
3598 3616
2317 2313
3611
2022 5825
5000 4574 2885 3384
3612
3598
3611
3611
3598
3842 5794 2919 2921 4630 2921
3629 2483
5040
583 603 626 590 1530 442 1530
3598
3612
5825 2177 5146
3598
3611
2426 2037 5527 2463 1921 2463 5415 1930 1921 5439 2330
3611
2601 3577 3577
3611
3612 3598 3565
3611
2864
3611
3598 3598
3765 2434 3067 3766 5146 3766 3765 5146 3029
3611 2591
1348
3598
3616 3620
4875
3839 2957 3747
2591
2923 5826
3614
5794 5792
3612
534 1563 1563 1563
528 3375 3371
3598
3598 2591
4874 3629 2509 5793 2969
4250 2256
2591
2939
2965 2960 1626 3756 2964 4928 2271 2317
3598
3565
2591
3598
3611
2336 2858 2644
6043 2272 2509 3692 2510
3612
4187
3611
3611
3565 5143 2916 3693 3403
3611
2555
3615
3565
3598
3613
3611
3612 3615
3598
3598
2029
2886 2921 2894 3391 2430
3589
2979 1930 2325 1567 1576 2979 2325
1901
3598
3598 3612
3565
3598
4890 5781 1355 2412 1512 4132
3613
2591 3611
3611
3565
3621 3598
3598 1348
4837 4785
2591
3565
3565
2591 3565 3614
6018
1901
764 378 3630 764
3598
3612
361
3598
3565
5065 3892 5784 2508 5070 5826
606
3598 3598
2256 3598
3611
2591 1348
3598
3612
1348
3612
3413
4097
2618
3612
3612 3598
3611
647 720
3612
3621
1226 3630
3612
2591
1537 2453 4052 3611
3612
1348
3598
1348
3612 3598
3598 3598
3598 3598
3621
1611 5928 345 2071 1530
1960 1956 1963 3390
2509 3389 6048 1413
3611
3436 3386 5826 3067 1975 2865
3615
3621
1564 378
2591
3621
4097
3579
2618
3571
5073 3405 4620 5932 2863 2865 4619 1355 4988
3612
3611
3598
2071 3434 1492 3459
3067
5491 3402 2417 3394 3394 4988 3394
3598
3612
2919 1348
2507 3068 2851 1672 1643
6042
2322 2455 4449 2559 3612
3617
3612
3598
3612 3565 3612
3598
3565
5501
2028
1465
3612
2071 3467 2865 2455 3388 3412 4857 3394
2858 3692 2859
2336
3621
2591 3612
5794 5793
2242
2773 2082
3611 3611
1551 2418 5040 2107
3598
2881
4794 2326 3565 4794 2326
5218 3693 1348 3693 3691 2770
3622
3611
5995
5436
3598
5790
3598
3598
3611
3612
3612 3611 2591
5994 2232
2336
3756
915 984 5826
3577
1413 1989 5930 2916 5930 1413 1413 2916 5181 2916 1413 5189 5189 1413 2916 2916
5907 3611
5430 3039
3598
3598
5932 2416 2952 1355
3611
3611
2997
342 2693 1503
3630 609 609 3402 3629 2892 3692
3611
3612
3598 3612
3612
5794 2162
6035 3611 2982 5218 2591
3598
3611 2591
1478
2455 2885 3698
1639
1501 1939 3970
3611
3611
3612
3621
2908
1530
3423
1348
3611
3612
3383 3399 3467 1530
