1498 1498
4030
1498
1498 1498 1498 1498
1498
4029
1498
1498 1498 1498 1498
4003
590 346 1695 1695 2181 6559 594 2759 5205 1819
4030
594 1498 1498 1498
4029
1845 6739 588 1845 1654
4029
1498 1498 1498 1498 1498
4029
3978 4030
3978
1667 381 1498 1498
4029
3980
3978
6558
1498
4029
1572
586 672 1819 488
1498
2125
4030
586
4030
4029
3788 5879 3782 3427
4029
5478 4040
4036
5819 6559 384 1782 1782 1695 384
4029 3978
1498 1498
4770 3427 3082 2716
6504 1807 660 1810 5500 671 702
4030
1936 3869 588 2595 4340 667
1498
4030
2125
4029
1695
4016
2908 4040
6559 5344 1661
1498 1498 1498 1498
4016
6804 1794 6804 6804
1498
4030
2908
4040 2845
1695 1626 4016
1498 1498 1498 1812 1498
2908
830
4016 4016
1714 2881 2125 4016
4030
4041
4030
4029
2908
2595 4016
4029
4016
4030
4029
4030
1498 1498 1498 1498 1498
2717 5715 2572
4016
4016
4029
3805 5222 3806 2765
4040
2313 596 500 3994
3978
4029
2312
2796 6500
3806 3805 4203 4202
4033 2883
4030
5503 588
4030
4030 1812
593 3180 1717 3229 3219 3195 5478 3036 4118
1819 6558 2250
4030
2908
4029
4016
5462 5463
3244 3600 5522 2290 2989 2987 6559
2840 669 1133 586 672
4030
2908
4030 2908
3805
2881 4016
1498 1498
1498
4117 5695 5678
1713 3215 3229 6804
4033
4033
2908
1498
1498 1498 1498 1498 1498 1498 1498
1498 1498 381 4180 1667
1498 1498
4030
3811 2410 5361 5207
1498 3978
594 2169 5798
2125
4030
2908
4031
1498 1498 2869 1498 1498 1498
4029
3227 2311 1694
5504 1498 5511
4029
2306 1819
1498
4033
4040
4029
2901
4030 1362 5714
1498 1498 1498 5503 4053 5501 1498
1812 3381 3427 1572
5685 3226
2908
2883
4029
1498
4030
4030
4029
4029
1807 594
4030
2125
4030
260 6817 6793 6817 260 260 6817 6793 6817 260 2035 260 6817 260 6793 6817
2908
4029
4029
1345 260
5500
2699 2718 1812 3356 2306 4016 4286
2908
4030
4029
4030 4016 1498
4030
4030
3978
4030
2908
4030
2908 3978
4695
6225 260
1498 1498 1498 1498 1498
2883
260 2696 3785
6682 2595 3806
1498 1498
1498 1498 1498
4122 1507 4118
4029
4030 2908
4030
2403
1362 5714
4029
5494 3427 260 3784 6687 5478 4164 5478 3427 6687 3783 260
1498 1498
4029 4030
4030
4029
260 6235 5744
4035 4035
2794 3789 6214
1498
1498 1498
4030
2883
4030
260
588 4016 657
5501 5354 5358 3552 1714 3805
5504 260 4317
1498 4016 1498
4030 2901 2902
6687 1812
2908
4030
2873 2901 2871 2908 2085 2902
4030
3978 2881
3805 260
1819 1819
2270
4029
4030
4030
4029
1714 2908
2908
4040 2126
6803 5810
4030
4036
4030
1498 1498 1498
5617 2193
5503 5500 3427
2838 4030
5165 3869
4016
260 1941 5619 1507 5610 260 5620
260 5671 2736
1972
2544 2529
4030
6801
4040
4030
4029
2908
4365
2480
4029
4030 4030
596 1807 671 2148 4767 671 1818 1807 596
6802 6099
4030
3565 260 3565 260 5166 5166 3565
3258 4323
1498
1626 1828 1828 1572 1626 2156 5714 1362 3258 1572 1572 1572 1828 1626
4030
4016
3298
3978
1498 1498 1498 1498 1498
4029
2484
2736 3196 3784 3427
4016 2125
4030
2482 2427 2482 2427
3199 1655
4016
1498 1498 1498 1498
2528 1498 2531
1498 1498
1498 1498
1498
1498 1498 1498
2908
4016
4016
1819
1498
6801
2850 4123 2193 6558
4030 2908
2579
1498 1498
1498 1498 1812
4016 2263
1675 6189 1675 2881 6189
1498 1498
671 1572
