4016
1498 1498 1498 1498 1498
4899
3978
4029
1498 4016
3960
3978
3978
4016
1498
5511 2410 5361
4016
4016
1498 1498 1498 1498 1498 4053
6801 3304 3427 4191 3299 3296 3303 3292 3305 6682 6801 6801 6682 2586 3189 3299 3298 6801 6682 6801 3299 2538 5798 3305
1498 1498 5579 1498 1498 1498 1498 1498 1498 1498
3978
3978
588 6801 3978
6822 4036 1697
4435
4357 4016
3978
800
3189 5503 2696
4030
4189
4016
3978
4030
1695
4029
1654 2313
2883 2881
4016
4016
4029
4016 1777
2868 4016
1716 1716 1828 1716
1498 1498 1498 1498 1498 1498
4030 4030
2893 4034 4035 4035
4016
4016
4029
4030
1498
4029
4016
2125
4029
1819 4016 1695 1498 4016 4053
3978
4041
4772 2881
2881 4016 2313 3254 2881
4007
596
2880 4030
2402 5395 5511 5394
6098
4016
4029
4016
1733
1498
4016
1498
4016
1498
4016 4016
3978 1498
4030
4029
2851 4030
3577 3978
4016 6682
4029
2881
1498
2266 5746 6655 6166 4030
3324
3978
1669 4930
4030
4029
1498 4053 4016 1498 1498
4029
4029
4029
3196 4040
3978 4029
4029
4016
4030
4016
1498
1498 1498 1498 1498 1498
4016
2441 2447
4030
1498
2125
3979
4016 4030
4030
4016
4016
4029 4016
4048 6500 6218
4016
4202
4016
4016
2881
4016
1498 1498 1498 1498
1498
1498 1498
4016
4029
4016 4029 4030
4016
4029
671 4016 702 659
4016 4030 4030 4016
4029
4040
4016
4029
4030 4016
2125
4030
4016 1498
1498
5671
4036
4030
2881
830
2893 3978
1498
4698 4016
4016 4016
1626 1828
4016
4029
4029
4016
4016
6727 2851
1782 384
4016
2883 4029
4029
2152 2156 6138 6512 2156 2156
3787
3864
4016
4030
4016 4016
4030 4030 4030
2881
2883
4016 2269
4016 5404
2995 3606 2269 3229
2883 3978
3978
4016
2756
4030
3978 4053 6121 2868 1677 1642 5496
4030
4016 3190
5671 5671
4016
4030
4029
3427
4016 4016
2575 831 2156 2161 2575 1700 831 2156 2152 5503
2126 4016
3985
4016
4016 4016
3271 1666 380
1810 5344
4030
1498 1498
4016
2881
4029
4029
3978 5736
4016 2125
2994 6803 2790 6801 2715 2984 3194 6803 3197 4280
4030
2765 4625
