2866
2884
4016
2403
1695
2084
6801 3300 3292 2571 3195 3298 3296 3305 6801 4181 3292 3299 2694 6801 3299 3296 3195 2571 6563 6801 3292 4322 3300 3195 4582 1741 3299 3203 6801 3292 2571 2156 5798 3292 3305 4191 3299 3189 3298 6563 2571 3296 6801
4016
2911
2306
4007
2884
4030 2883
2883
2874
2904
2904
2147
1695
2904
4016
4029
2904
4016
4016
5819 5794 2403 2270
4030
5566 2091
4016 4029
4016
2844 2841
4016 4030
4030
2882 4016
4016
4016
2904 4016
3254 1714 2207
4016
924 1092 1358 1357 699 924 1084
2904 4016
2484 1782
4040
4016
1828 4429 6687 3789
2904
4003
4016 5820 3244 5819
4016
4016
6151 5502 5403 2904 5494 1660
3333 588 3333
4030 2904
4016 2904
1498 4016 2883
702 2792 3290
4003
4016
4029
2844
4030 2884
2313 4032
4016
1498
4016
3978
5877 2336 3556 1507 5634 4625 2663 6196 2663 6250 5634 2313 5619 4164 2384 5125 2194
4016
4029
5589 4649
2904
2904
2904
4030
2904 4035
5218
2313
1819 6500
4029
2883
4029
2904 4016
1938 2146
2883 2860 2084 2844 4030
2904
4030 2904
2313
2883
2904
5094 2312
4029
4030
4030
4030
2904
2883 6536
5403 3788 1507 5698 3240 2587
4016
3552 2306 3203 6822
4040 2883
2904
5643 6526 5798
6690 5620 4048 1941 5665 5663 4048 5620 2766 5620 6230 4048 2193 6687 2767 4048 2171 5620 5617 2228 4048 6690 6230 4048 2228 5617 5713 6099 5620 4048
2884 2584
4032 4016
2312
5204 3195 2269 2306 924 1015 2264 2189
4016 4016
3182
4016 3722
2694 3810 3810 2694 3426 1579 703
2148 4016 2547
1579 1812
4030
2884
4029 2871 2858 2085 2849
4029
4029
2904
4016
2883
2171
4029
4016
1269 1328
4029
6118
4039
2695 2193
596 671
4029
2904 3189 6251
2883 4016
1572 2152 703 1572 1133 2152 1572 1572 1579
4029 4016
4029
4029
3972
4030
4016
2858 2857
2883 4030
4016
2312 4030
4033
4003
3991 4016
4016
4035
4016 4031
593 6818 4429 3426
4016
4016 4029
6726
6817 2522
4016
4030 2883
4016
4016
2868
2904
2904 4036
2904 4029 4016
3869 5709 3196
2904
4036
2891
4030
