1498
3978
4029
4016
2908 2871
1355 424
1089 1015
4016 402
6804 3459 3783
1498
1498
1498
2908 2886
1498 1498 1498 1498
4033
2695 1498 1498
3189 1714 3188 3327
1695 2881
2908
4016
3219 2158
650
1498 1498 1498
3776
4016
2794 4331 2578 2269 2312 1971
4030
4029
1695
4016 3548
3227
1498 1498 1498 1498 1498
4029
3978
3195 2261 3552
2125
2125 4016
2880
2877
5478 1714
4016
5819 3226 6138 3601
2839
4016 4030
4030
3978 3978
4016
1498 3978 1498 3978 1498
1498 1498 1498 1498 1498 1498 1498
3978
2881
4030
4029
4016
4040 2881
4526 2908
2306 3229 3196 2313 5477 1507 1778 3549 3240 5218
4030
1498 1498 1498
1498
4016 4030 6543
4016
4029
1498
3811 2736 3427 6107 2704
4016 1498
2908
2125
4005
4016 4029
2125 2125
3191 3327 6822 2384 3196 2663
3994
3978
1498 1498 1498 1498 1498 1498
1498
6247 6178
1810 671 1572
4030
588 1572
4029
1498
4034 4029
2908
4030
4016
4029
4016
4040
3978
4031
1498 1498 1498 1498 1498 1498 1498 1498
2902 2901 4030 4016
5495 2447 6558 1361
2125
4016
4029
2792
1498 657 588 1572
2908 3980
408 1179 688 430
5678 3776
2908 4040
5344 3427 5478 4525
4016
2125 4029 2125
4030
1498 4016
2881 3978
488 671 594 1572
3427 4430 6225 4115 2999 1660
3978 3978 3978 3978
2881 2125
6558 3256
4032
4030
4029 4034 4016
5820 5819 384 2792 1782 384 1782 5877 4337 384 1782
4016 3994
3427
4031
2762 5617 5619
3788 3813 2155
4016
2881 3426
1498 1498 1498 1498 1498
2908
4029
4030 4016
4030
4016
4016
6504 1507 2275 2306 3196 3326
4029 4029
4016
4016 2908
4770 4117 5454 5495 3196 2405 5214 2384
4030
4029
4030
4003 4034
2908
4016
5500 2263 1714 2125 4112
4030 3978
4030
2177 2318 2745 3867
2306 5819
3978 1498 1498 1498 3978
4030
4040
5222 3789 5218 4789 3828 1737 6804 2189 3813 3788 2310
1498
4016
2125
2908
3295 3082
2125
596 488
1498
4029 2125
1661 2403 2273
4029
4029
3266 3829
4370
5798 1673
4016 4016 2908 4016
4030
4030
4040
4016
3239 3426 1778 2539
2908
4029
2269 2547
4016
6768 1781 1781
4029
4003 4035 4016
2908
3821 5205 3789 3547
4016 4029
2883
4029
4029
4030
4007
4016
2881 2840
1498 1498
4029
4029
2881 4030 5736
2881
4029
3830 3817
4029
4029
2736 692 5500
3978
6804 6804
669 588
4029
4029
2312
4016 3978
3818 6809 3240
1498
4029
3982 1769
4016
4016
1498
4040
4030
4030
3978
3978
3195 3194
4016
4029
3978
3978
4016
4016
1498 4016 3330
1626 2881 2595 3339
2764 2147 2189 5810
6559 2766 1695
4016
2908
3989
1498 1498
2313 1650
4429
2310 596
4003 4029
2908
4016 4029 2908
4016 5798
4016
1714
2608 3788
2881 2306
4030
5522
4016
2306 3326 5622 3194 1507 5215
4029
4032
4029
4016
671 1695
4030
4030
4030
2844 6818 2908 2838 4041
5218 3219 2318 2663 5617 3188 3190
2908 4016
2883 4030
2908
4029
2270
490 3258
4016
4016 2881
2125
4016
4016
4030
4029 4030
3978
2724 1507 2306 4217 2313
2908
6525
4016
3549 2312 2181 1700 1507 3788
1716 1716
2318
1498 1498 1498 1498 1498 1498 1498 4016 4053 1498 1498
4016
1812 1810 702
4030
4016
4016
3978
4029
4030
4035 2125
2409 6558 2704 2193 3426
1498 1498 1498
2313 5215 5478
4005
2880 4029
1971 6526 5695
4034 4035 4034 2881
2168 3291 3195
2125 3978 4029
4005
4016
1695 6208 2796 2715 1507 1661 5511
3295
1498
4030
2313 1819
4029 4016 3978 2908
4016
1673
698 1088 1354
4031
5511
4030
4031
3967
4033
4016
2125 4005
3787 3188 2704 3194
3776 2401 2424 2401
4030
2313
4030
4029
4030
6801
1498
3781
4016
4016 4029
3299 4016
2908 4030
4029
4016
2840
4049 1345
4202 3805 1717 4203
1655 2194 5622 4793 2159 2812 2312 1655 2312
1498
675
2085
3978
2125
4016 5736
5090 4016
4016 4036 4030
4029
260 3796 5500
4016
4029
2666
3978
4035
4030
4016 2261 2881
4016
4770 5810 2312 2713 2159 1507 3426 3789 2403
3971
4033
4029
2881
2908 4016 2908
2883
2881 2881
2881
2881
1498
4016
4029 2880
4029
1626 1819
4557 3182 5490 4122 2169 4123 2965 6500 3185 3180 4116 5511 5306 3605 2715 2168 2801 5387 5462 4016
2908
6559 3426
2881
1753
4029 3978
2881 4030
2572 5676
4016
2908
4029
4029
2908
3785
2885
4016 3978
2838 4030
4032
2890
4029
4875 2356 5798
4016 4029 6160 2736
6525
2482 2575
4030
4029 2881
3196
4016 4016
1679 382 382 1679
2908
1733
4016
3969 1498
4029
4030
1498 1498 1498 1498 3195 1498
3605 4016 1812 4030 702
6624 1717
6509
3806 2881 2881 4029
4029
4016
2881 4029
4030
4016 3784
4030
1498
3956 2908
3978
6801
389 1277 368 1276 1334 674 594 702
1498
384 1782
4030
4031
1498 1498 2663 6512
4029
1080 4049 1356 1507 3460 3459 4048 2716 2161 3459 3460 4048 1507 2715 3460 3459 4048
3978
1088 2310 6147 6500 1661
4029
5505 2736 3218 3259 1714 1507 2796
844
4030
3978 2881
4016
1498
2893
2325 2736 5404
2125
2881
2881
3781 2736 2695 5344
2796 4790 5167 2589
5462 6655 5746
3978
5798
4030
2883
3978
6802 5348
4029
5214 2206 6208
1777 2850
3191 3293 3788
4033
4007 3978
4029 4016
4769 4048 2736
2983 1498 1498 1498 1498 1498 1498 1498 1498 1498
4029 2424 2840
4030
4029
4030
1498 4016
1498
4030
4030
3978
2885
4029
2881
4029
4030
4016
1498 1498 1498
676 1695 4016 4031
4016
6803 1498 4016 5478
4030
2850 2881
1498 1498 1498 1498
4030
4029
1498
4016
1345
2193 2736 2306
1358
4031
1367 1348 1358 4049
4030 4030 4030 2881 4532 2859 4040 1507 4040 4040 4016 4040
2764 1642 5810 4048
5819 3258 5696 1507 2334 2318 3601
4029
4005
1744 4870
4016 1498
4029
4003
4016
4029
3822 2695 4783 2608 3789 3784
2881
4033 4030 2881
5622 3548 3427 3788
2881
4030
4030
4029
1498 4016
4029
4016 3991
3978
4016 4030
5690
4030
1498
3978
1498
4016 4030
1345 4049
2908
4029
2908
4029
2881
4030
2838
3978
2908 4029
4031 2908
4030
1498
3978
4016
4016 2881
3978
4029
4016
5478 5403
1498
2881
4029
2908 2908
4016
4029
6089 4048 1685 6235 1683
4029
4016
4029
6738 2318 4879 1777
4029
4029
2881 3988
4030
4016
1572 1793 488 591 1812 2313
3800 3859
1367
424 1088 1015 1358
6558 2881
4048 2498 5516
260 6687 3785 4163 6559
4016
4030
4029
1498
4029
1655 3262 4048
4016 5697 2174 3811 3427 3789
1753 2903
5432 4016
702 1812 702 1812 1812 702
6628
2908
1498
4016
6559 3788 2608 4048
4029
588 5676
5478 5494 2694 3814
4030
4016 1498
3871 4048 3868 2185 2181 3870 4048
5798 1718 5820
4016
260 3258
5478 3552 2261 3196 3553 2575 3194 3195
4031
402
1356 424 4016 698
3254
4016
4029
4030
4016
3977
4030
4005 4005
4016
3194 3426 2851 6687 5502
3324 260 4117 4117 4525 260 3324 260 2288 3356 260 3324 260 5614 6822 6818 6817 260 6822 3324
4029
2579 6222 2194 2403
5736
4029
2908
4040
4035
4030
4016
4030
4029
4029
3978 3427 2958
4030
4016 4030
4029
6138 4040
1498 1498 1498 1498
4048 3807 3427 3546 260 4790 3548
2318 5511
4041
1498 1729 2384 1498 1498 2519 2384 5643 1498 1729
2125
1498 1498
1695 1273 368 1812 669 1133 490
3356 2306 2174 586 4331 669 5344 2306 4331 586 5635 669 3356 2718 2699 2306 587 3356 669
4029
4030
1654
2589
4016
4030
4016
4368 5671
5494 6801 2736 6687 3784
4029
4016
4040
2881
260
4016
2425 3182 3195 3185 3227
4029
4016 4030
1660 3785 6687 5494 2736 4048
1638 2736 3195
2881
4029
4029
671 490 671
4030 4016
2908
4016
5369 1498 4053 4016 4036
4048 3190 1507 3546 2695
3978
4016
2881
6527 2509 2509 3427 6527 2509 2871 4016 2869 2509 2509 3427 2509 6756
4030
6222 260
4016
4016 4029 1716 3180
4029
4030 4016 1498
1133 588 1810
4029 4016
2125
1498 1498 1498
1696 1507 2231 1507 260 2231 1696
4029
2908
4029
4016
3244 4048 3829
5478 5878
1498 1498
424
4035 2893 2881
4040
1812 2736
1498 1498
4016 1498
5493 5847 5666 5493 2735 5493 3799 5798 3291 3799 5493
384 1782 1716
1498
4030
4029
4016 1498 4030
4016
4029 4003
4016
4029
4030
1782 384
1498
4031
1695
4029
4029
2125
5676
4029
5819
4030
2908
2608 2736 3605 3788 1507 2716 3189 3190
2908
4030
4029
260
260 5404 5493
2881
3182
2908 4016
2313
4030 1640 6099 6107 1640
2736
1093 4049 424 1358
4030
4016
2917
1498 1498
3978
4030
4016
1498 6509 1498 2491 4053 4433 1498 1498 1498
2269 6687 3188
6526 6525 6746 5798
4030
4030
4016
4029
5642
2881
3893
4030
4029
2857 2901
4016
6609 5671
3306
2908
3974
4016
4040
4029
4036
3978
3978
5819 5820
4030 4029
1812
488 594 1133 1812 488 1812 675
4016
4016
1764
2908
4323 2384 2568
4040
4030
4029
4030
4029 4003
1498 1498 1498 1498 1498 1498
4029
4030
4029
4016
4016
4586 5113
260 1695
4016
2312 3240
4016
3123 5663 5478 1355 3427 2663 5798 3254
4029
2908
4030
4040 3978
596 6099
1498
1358 1473
3979 3980
2881
2908
3978
4030
4030
4016
2881 4031
3426 3327 1507 3785
3978 2881
4997
2901 4005
4016
260 1677 3471
4016
1770
4030
2792 3258
3978
2306 1666 1716
3805 2595 260 2595
5692 2885 5833
490 588 1695
4030 2908
4029
1080
4030
1705 1782 6217 3327 2575 3426 1782 6178
4029
2883 4030
1346 424 4049 1092 424 1345 1092 4049
1498 1498
4030
2908 2901 2902
4029
1714 5504 1714 2881 6138
4029
4030
4030
4030
2225 1133 672 1812
2908 3988
2312
3227 3800 4117
2310 2312
4035
5810 3244 3244
4030
1708 2577 5538 6559
1498 1498 1498
4016 3978
2125
6817 1708 2169
3564 2704 2794
2205 3192 4048 4049 1088 1355 1361 4048 3191 2194 1088 1440 4049 1361 2228 3191 4048 1355 1088 4049 1361 4048 3787 4163 4164 1361 1088 4049 1088 4049 1361 4048 3192 4164 4163
2908
5794 4016
4016 4029 2125 4016
4016
2736 2568 260 3806
4040
4016
4030 4016
4029 4016
5744 3871
4016
4029 2880
4030
4030
3978
2736 588 260 488
2736 260 5671 260 6624 5671 2440
260 3218 2306 6808
6646
260 1507 2264 4323 3426 5810 260 4323 1507
4030
3411 4030
260 692 1807 593 495
424 1346 1092 4049 1358
4030
2385 260 6565 5744 260 2608 260 2491 3546
4016
4029
260 2587 5634 3783 5497 260 5877 2765 261 1366 260 4334 4625 2608 4334 3533 260 2608 260 1507 6523 260 4334 5614 1507 260 6523 2718
4033 4016
4030
4040
3978 4029
4030
6559 1695
3339 5819
4030
2277
2746 4016
6504 1695 6197 2185 5343 490
4016
2881 4016
4029
2159 2595 260 1507 5610 4625 2261 260
4030
260 6248 5794 5610 260 5744 2164 4766 2736 1941 260 260 1737 5782 2164
5678
5635 1742 1737 3218
2908
6221 6220
1498
3254 6558
3978 4016 3978
5671
4016
3306
4030
1636 2756 2756
5622 2318
1507 260 2936 3532 2936 260 3532
5711 6096 5708 2663
4029
4016
5820 692 490 591 1629 1810 676 3426
2313
3978 2881
2983 4783 3426
2306
4034 4029
1498 2491 6509 4433 4053 5610 1498
4016
4016 1498
6558 260
6541
5306
4016 6558
4030
4016
2893 4029
5405 5820 4030 5819 402
4016
5671
4016
2881
260 6801 5490 5496
1357
4029
4016
2881
2881
2903
4016
4040 4040
4029
2773 1758 4048 5713
3978
2881
3427
2881 5218 6107 4016 6099
1498 1498 1498 1498 1498
6194 2530
6687 3784 5494 5478
4016 3298 3741 4030 3737
4029
2908
2125
4030
4016 3978
260 2159 2587 260 1778 5695 3789
4029
2908
2694 5494 2736 3787 3789
1695 1797 3323 1675 3427 5726 5348 5466 3427 3323 1507 396 2736
3195 4048 3196 3194 4048 3196 3195
4036
4016 4030
4029
3194 2527 3829 2312 2312 424 3342 844 2312 4525
1655 3199 2269
5878 1498 5798
3788 3254 3195 4117
6687 3784 5494 1660 2261
4016
4029
5809
2579 831
2881 4030
4030
4016
1758 1742 2277 6801 1758 2589
2177 1753 5516 3459 3801 5514 3185
4030
1498 1498 1498 1498 1498 1498
2908
3954
4016
1498 1498 1498 1498
4016
1498
1498
1498
6803 6803 6801
3978
6738
2908 4007
2736 2410 3426 260 1777 6801 6801 260 5363 6801 260 260 6801 6104 260 1507 6801 260 3356 3426 5363 2736 2694 3822 6801
1498 1498 1498 1498 1498
4016
4589
4040
4030
424 1355
4016
927 3182
2650
1367 260 1345 1366 844 1089
2908
2756 3782 5698
2869
6504 4142 4346 3899
1498
4784 2306 2190
2578
4031
4029
4016 3978 2881
2908
1695 1694
4016
3813 2575 2402
4040
1498
261 1348
1498 1498
1498 1498 1498
4040
4030 4016
4016
4016 5496
5696 2778 2313 5348 2577
4016
4016 3327
1498 2881
4041
4036
4029
2908 3978
4029
4016 3085
1498 1498
1366 3426
1498 1498
4030 2908
6189 1675
1498 1498 1498
2306 5842 1507 3839 4793
6803 6687 3194 3220 2529 4281 1714 6803 2715 3180
3978
6818
3195
4016
6804 2716 3785
