4498 4491 4503
5663 2547 2275 5218 2771
4016
3978 4016
2881
424
3189 3292 2750 1793 1703 2750 6563 3292 3327 1793 6563
5689
4029 4030
5593
4030
6559
4016
1089 1355 1016
2736 844 2736
4029
2578 2572 2578 2572
4029
1649
4016
4029
4016
2147
4031
4016
4016 2794 1361 6559
2881
1660 2275
2181 2185 6558 5698
3203 3240 2713 3239
4030
4030
3978
3473 3473
6559 1708 5405 1507 3237 4271 2745 1707
6793
2881 4040
4035 6526
4030
3978
1733
1695 1572 1812
2881
4029
2509 4016 2509
4029
3427
6117 4029 3738
2881
4016
368 659 1819
4031
4030 2881 4040
4030
4029
2840 5478
1498
2883
2577 2315
2306
5696 5250 3381 2270
4030
2313
4029
4029
4036
4041
4016
4029
4016 4016 4016 1667
6166 6559 5358
4040
5877
4016
4049 842 424
5430 6628
1819
1507 2792 6682 2572 1733 2409
4016
4016
3460 6687 5166
4016
4016 4029
4030
2908 2908 4040
4016
4029
4029
3460 2736 2717 1507 1717 3813 3783
4016
4016
2181 5620 2313
2842 2901
4040
4030
6220
830
702
4016
2741 346
6739 6525
4016
1498
6526 4016 6526
4016
3722
2313 1498 2269
4031
4016
5807
1714 1498 6803 5403 3426 2489
6803
4029
669 1695 672 587
1818 1695
2312
6527
4016
4030
4016 2881
3978
1695 1572 1812 659
4029
4029
3307 3306 3307 4191
4016
1507 6506 3293 2313 5511 3264 1015 5819 3532 1088
2586 2156 5363 1660
596 1807 671 1818
4016
4016
2572 2578 4007
3254 1572 2266 3254 1133 3254 1572 1572 1572 5836 5836 1133 3195 3254 4292 5845 6683 1133 1828 1626
2427 260 2482 2402 4048 4525 2402
4029
5642 2579
4053
4029
5453 3327 2790 2162 2745
4049 424
1742
4048 5819 3227
4030
4016
4029 2908
3426 2164 6208 6194 3532
4030
1498
4029
4030
2908
4016
4029 4016
2881 6658
929 1361 4049
4317 2529 4118 4526 5125 4429 2717 6542 5223 2531 3547 5306
4030 4016
2893
1695 5477 2409 6738 6527 2702
4036
4029
3787 2589 2441
4030
