100403
104282
112511
121730
139564
140121
151702
152033
173319
175030
179210
204301
223493
223769
238407
238881
248530
259881
266879
272184
272307
274742
296054
298548
306020
314210
319309
320242
331420
335616
339524
343306
343860
344290
344415
349220
366154
390756
416080
429282
432888
459341
459955
466468
472370
475419
477056
479246
482740
484647
486113
487123
493029
514478
516505
521974
539813
541611
552715
554199
554567
555753
556739
558271
562287
562991
567200
567455
581617
592916
606450
606490
626543
695988
717186
720072
739109
748771
770844
826694
836821
866805
868506
922012
947644
962012
964485
