100403
104822
142696
149358
156003
162971
176337
179210
211249
217456
227021
228275
274391
281388
285334
296054
303182
317806
327617
335616
338862
355952
357076
366154
383544
406488
414915
418357
429282
435438
439351
446165
452481
459955
460069
490250
491988
494743
497189
507612
537392
541311
545295
548446
558271
567200
567223
592916
595004
597355
597907
602068
615790
620536
622713
660186
713589
720269
733615
748575
748771
756427
758819
772088
773468
827856
834995
866455
872971
894223
896431
924002
925898
927649
930557
956265
957824
970355
978356
