102939
103872
103904
104626
105047
105351
105672
108163
108209
109302
109767
110899
111302
111939
111996
112335
113350
115438
116078
121516
123035
124738
129289
130532
133955
134880
137871
138008
138296
139038
140578
145395
146069
147896
148094
149579
150797
151984
152459
152806
152992
153656
153900
156644
156655
156715
157508
160892
163661
165023
165402
167694
170884
171287
171664
176264
176862
182855
183912
184343
186884
190005
190264
192562
198623
199278
199323
199673
200173
208868
209033
210355
215168
215560
218744
220763
221670
223458
225099
228559
231496
237476
239730
239835
240085
240326
243089
244198
244827
245547
246504
246558
246987
247209
251719
253604
253973
255686
255913
257398
258366
259079
272966
275298
276030
277301
277744
281142
281274
281555
281822
281988
283278
283625
285517
287610
289284
291752
293338
293868
293878
294969
295867
295911
296905
297298
297431
298174
301402
302249
304012
305022
305469
307299
307813
308334
308641
308745
309153
309520
310313
312468
319569
322520
323045
323601
324156
326483
326832
327984
332083
333674
335544
335685
343385
349360
350054
354419
355550
355838
355952
360480
361791
362768
363922
365174
367989
369654
373549
374977
380551
385858
395817
396036
396493
396894
397676
398745
400827
401319
403759
405288
406221
407628
408547
410392
413043
415279
416914
417862
418826
420839
422151
423332
424086
425954
427961
429140
432161
433579
435091
442411
447368
447504
448117
449654
451909
453193
453200
453603
455505
457519
459887
462438
462727
466627
470483
471841
472481
474027
475865
484910
485826
489479
493937
495425
496119
497740
498151
498300
507835
509277
510745
512746
515368
516797
519298
519415
520204
520632
525762
526400
527231
530654
531875
536615
536911
541925
542485
542908
544080
549705
550799
552870
553698
558328
560382
560962
562031
569912
572123
575890
576233
580793
581869
583460
586977
588675
590903
591743
591870
593170
594666
599341
600388
606879
607806
612525
612824
616225
620532
622013
622143
622371
624470
626162
634043
634282
649774
651715
652979
658355
658655
663289
666723
667593
668217
684889
686964
696493
697160
712966
714926
727526
733146
734723
740276
745567
747425
750277
750309
751146
760414
765772
773026
777984
778878
787888
788124
791569
795412
805362
822353
826258
828469
836943
838497
841816
842941
848540
863786
867739
868711
869677
869865
872971
874600
876006
876118
877424
880687
880795
881061
881166
882421
884179
886706
890224
892502
896272
896389
898847
900765
903406
903640
904057
904975
905119
914379
914881
915967
916607
925981
926494
926653
929414
930235
931403
934984
936517
936946
938501
939185
942445
945662
948522
950715
950781
952954
953733
956223
956265
958765
