101998
102647
103101
106150
113625
116566
117790
118658
119307
122037
122130
123517
126617
127760
134151
137356
141259
141332
142694
146720
147563
156096
156475
156805
158639
159365
165455
167055
168079
172406
173181
174547
186567
187715
188933
191537
195105
195383
199285
200047
200726
201410
203373
205668
207166
207645
213936
214134
218258
223072
227696
233608
234537
235938
236652
238099
239392
242062
244024
247754
250116
253296
256884
260523
261103
261185
263990
266087
267234
269404
269417
270918
273694
273854
274001
274519
283016
286890
294115
294412
294723
298368
305003
305419
306030
312700
314296
315695
316534
322612
322776
323823
327610
328897
342294
342699
343259
348085
350295
353820
353824
354730
354775
361776
363692
367291
379576
382790
383035
383075
383681
383804
385271
396370
398652
404757
407242
408080
410063
411677
412383
416219
426731
428202
428417
433111
437421
439351
441032
443006
443524
444787
452286
455008
458746
461473
466946
469298
469829
470752
471775
477033
483143
486023
489055
494161
502999
503126
505693
507738
512707
519469
519472
519885
525481
528716
529805
531231
535929
537976
545177
545283
547811
548999
552972
554852
560011
565366
565840
566212
574634
579117
581812
584447
586731
587069
603718
604947
606898
607514
610249
611076
619437
621494
622027
622586
659809
698767
735292
737370
749414
752568
754685
754772
756856
757740
758594
758658
761107
772088
773466
779569
794248
806597
840055
849812
877496
878173
878666
880616
887120
893886
894130
902696
904787
904967
908778
911614
915992
916245
921456
923572
926125
932389
954307
957240
