103101
113350
117305
122732
133955
148673
149358
150797
151984
156003
161452
165455
167694
175030
179210
180587
186567
190264
205440
211249
214134
223769
225099
233608
236652
238099
240815
246504
253604
261750
263990
272184
274519
279304
285334
293868
293878
295911
296054
308641
323823
324156
327617
328897
335616
338862
342294
350268
350295
355550
355952
361776
366154
367989
389914
400827
401319
414915
416914
423513
429282
430423
439351
442110
449547
450466
457519
460069
461473
469008
481113
493195
512746
519298
519415
529566
530654
531503
537653
541925
542485
544080
544269
555991
558271
565840
579243
581617
586731
599293
599341
603349
611076
613840
615790
621421
621494
724542
734759
747425
758819
772088
778878
787888
795195
837578
849340
872971
874600
878666
882421
884179
929414
938501
956265
