100876
107756
113036
117978
118554
121147
123825
128213
129017
130366
131008
137677
138058
147432
149358
152148
153850
154982
156634
158587
166734
188845
192058
192445
195200
197892
200658
222416
237374
239186
251036
266150
271035
274894
278308
280966
288039
293947
294538
297467
299907
300920
301364
306466
308949
308992
309445
309563
309792
313260
319231
321672
325474
326332
327617
328086
329014
330312
335334
338862
339905
340260
344630
347715
351715
352928
353700
354157
365989
366986
368624
371575
380689
382617
383055
384643
384880
387373
390100
395532
399542
399682
405080
405933
407134
407141
408175
409935
412247
417564
419686
423513
427086
428651
430423
433709
441489
442885
442934
443197
445147
451897
454083
454219
454311
458365
459070
459432
460069
466214
468467
475440
477413
477520
480133
480373
481388
486268
487514
487931
492851
502111
502470
507569
508100
509622
510060
511024
511792
512483
513268
514324
517415
523766
531554
532007
532233
539301
543558
544077
545058
545518
545944
548446
549038
549392
550144
555468
555704
555991
558112
558639
566225
571707
575459
576731
576902
578051
578537
579243
582964
584027
589209
594749
595004
599279
600263
600607
604971
606283
610931
611122
616308
616377
616767
619574
621378
622410
623335
624033
624366
625579
660186
689705
696041
703679
704237
715453
716512
724542
738077
753723
774914
775561
776789
779426
785547
806691
842834
868017
880018
887474
891686
902784
903506
913577
916519
