100403
101024
101919
103101
104144
104822
106541
107981
110119
110133
111901
113350
116105
117305
117978
118861
122732
124893
129652
129710
129832
132873
133945
133955
135234
136453
139918
140050
142696
143950
143958
145933
146257
146446
147550
147663
147839
147948
148673
149358
149637
150303
150797
150961
151025
151984
155640
156003
156285
156292
156694
157480
157618
157880
158654
158666
159875
160985
161452
162721
162971
163267
164707
165455
167694
170202
172604
174204
175030
176337
176657
179079
179210
180587
184407
186567
187317
187507
189356
190264
190992
192454
192866
196252
200059
200739
201704
201782
203896
205440
205463
206396
207999
209827
210834
211249
211730
214134
214711
215571
217149
217456
219557
220140
220201
223124
223769
225099
225646
226362
226481
226572
227021
227120
228275
228989
232780
233608
235939
236652
238099
238407
239147
240815
241363
243854
245660
246504
248818
248830
249298
252829
253333
253604
254464
255353
258511
261750
263990
264105
271745
272184
274391
274519
275644
278308
279261
279304
281388
282723
284704
284718
285334
285423
286472
286712
288519
288540
289967
290854
293868
293878
294538
295911
296054
296847
297198
297868
298543
300426
301364
302042
302336
303182
303666
305085
305200
305396
307081
307920
308124
308641
309534
310194
310663
310821
312694
313574
314302
315486
315786
317806
319861
319952
320806
321596
323487
323823
324153
324156
325474
326332
327585
327617
327935
328897
329146
329954
330886
332160
332928
333513
334513
335124
335616
336239
338862
339517
339771
340815
342294
343736
343860
343998
344568
344769
348211
349593
350268
350295
352441
352503
353471
353700
353926
354157
354817
355550
355592
355952
356654
357076
357905
358016
358583
358989
359239
361776
362574
362946
363956
364362
364627
365229
366154
366254
367858
367989
368346
370185
370453
370743
371266
372139
372729
373276
375027
375557
377348
378297
378687
378874
379116
379504
382617
383055
383544
384399
384624
385744
386537
387117
388509
389862
389914
393960
394153
394767
395357
396903
397403
397717
398608
399636
400827
401319
402039
402518
403297
404674
405080
406394
406488
408070
409619
410845
411179
411622
411697
411774
411990
414485
414823
414915
415922
416480
416589
416914
416926
418127
418357
418716
419302
419686
420059
420381
420925
421479
422630
422794
423123
423513
424956
426918
429282
430340
430423
430456
430784
431711
431759
432141
432460
432893
433360
433362
435438
437148
438350
439351
440904
442110
442119
443612
446165
447537
447627
447692
449547
449959
450466
450559
451572
452481
454311
454691
456271
457519
459236
459955
460048
460069
460605
460608
461439
461473
462236
463380
463601
464625
465434
467487
468001
468051
468525
469008
469710
469725
469824
471148
472067
472186
473380
473543
475057
477100
479010
480106
481113
482398
483021
484511
484877
484956
485828
485986
486113
486598
488325
489487
490250
490522
490873
491979
491988
492034
493195
494127
494428
494628
494743
495306
495392
495748
496421
496799
497189
498041
498176
498315
501079
501761
503181
505629
506123
506288
507612
510010
511908
512350
512605
512745
512746
513933
514312
514340
514356
517318
517522
519298
519415
520405
521298
522150
523772
525304
527643
529492
529566
530654
531503
531793
531887
532366
533985
534383
534448
535603
535942
536062
536284
536673
537238
537265
537392
537653
538455
539350
540322
540379
541311
541925
542485
544080
544269
545295
545570
545785
548152
548446
548976
550556
551714
552096
555991
556646
556676
558074
558155
558271
562287
562572
562693
562740
563875
564607
565392
565400
565621
565840
565979
566436
567200
567223
567520
567840
569180
570838
571013
572129
573796
575595
576610
577012
577207
577640
578537
578813
579243
580438
581617
582695
582826
583140
583822
584064
584282
585525
585615
586731
587387
588694
589169
589957
589971
590436
591159
592064
592916
593140
594113
594733
595004
596702
596761
597355
597907
599240
599293
599341
600515
601993
602068
602687
603195
603349
603359
603454
604971
606550
606674
607544
608480
608531
610037
610554
611076
612284
613046
613217
613501
613840
615790
616647
620536
621412
621421
621494
622284
622713
632628
637772
640725
641965
643263
645195
646214
650011
660186
660586
666558
669659
682984
684803
686267
689705
690391
691495
692563
696041
698237
700038
705311
713589
716101
716512
720269
723572
724542
725535
730692
733528
733615
734759
734827
735241
737446
740166
741582
746805
747425
748103
748376
748575
748771
752805
756427
756445
757060
758819
760981
761744
762344
766612
769445
772088
773271
773468
774114
774914
777544
778878
779227
783674
787346
787888
794666
795195
801364
811558
824284
827856
830520
831310
832604
833255
834995
836812
837578
843216
849340
863491
863933
866441
866455
866758
867344
867749
868054
868242
869786
870197
870571
871644
872971
874600
878666
878915
879348
880747
880786
881068
881629
882421
884179
884298
885967
886314
886808
889372
893939
894223
895808
896431
897318
899264
900126
900203
901126
901922
902688
904610
909626
909751
912544
914618
914678
914959
916881
921280
921834
923924
924002
924203
925183
925898
925941
927136
927649
929414
930330
930557
933793
934335
935817
937404
938501
939722
940625
944595
947740
948082
949269
956265
956580
956686
957824
958691
960269
960774
962845
964541
969405
969544
969767
970355
970623
974308
976696
976826
976830
978356
978400
981625
981733
983889
992853
994052
998836
1001158
1007139
1008900
1010656
1011599
1015262
1017280
1023424
1025140
1026236
1026531
1033068
1044348
