101185
101532
102484
103218
104626
108067
109615
113123
115809
121437
123035
123777
124507
124738
126059
126875
130019
130760
132640
135624
136110
137379
139038
140050
142372
142770
143322
144834
147839
147896
149025
150585
152459
152992
156365
156366
156680
157618
157663
159143
162567
163968
164382
165023
165402
166469
170884
171664
176262
176862
179750
182855
183398
195197
197571
197625
198623
199673
200173
201152
202019
203538
204037
204431
206155
212581
213205
217149
218262
241363
243089
244198
247730
251002
253255
253731
254661
254986
258366
258581
261223
262231
263713
264526
266265
268918
269015
270341
271349
271415
271779
272393
272748
274892
279261
281486
281988
284704
289664
290818
291564
291986
292878
294969
295802
295911
296170
296181
297929
301402
304012
306257
310821
311783
312256
314702
319334
321909
322520
322835
324153
329057
329339
333674
341716
347220
348281
350593
350842
351455
351763
354659
355838
355952
361735
361859
362768
363884
363956
365174
366682
367858
369285
369654
373276
374383
379721
380551
381585
381774
383964
385858
388509
388847
394530
396036
396493
396894
400212
401053
403445
406394
420751
420839
421408
422053
422933
423322
425954
430553
433174
435091
435733
437193
449743
451909
453193
453200
457930
460608
463222
463507
465309
468051
468791
472871
474073
475865
477779
483688
484328
487076
490090
490190
494017
495018
495047
502013
503202
507102
507835
508101
509918
510062
510450
510745
511341
512310
518181
518488
519997
520424
523273
523586
528165
530139
531831
532893
536911
537810
538955
539695
548927
549788
549858
550799
557537
559042
563600
564065
569912
570365
571624
576233
576692
583460
584633
586977
588694
589169
594105
594239
595341
596695
597177
600388
602814
620000
622013
622143
624470
626070
626162
626395
640694
648052
649026
649774
663848
674245
686267
691554
692982
705311
721553
723544
724769
725406
726371
727526
735115
740276
745567
748376
751146
753087
764868
769152
772616
774114
777287
777984
779524
783541
783906
788999
806452
811983
821073
828400
833231
841816
842941
847675
850013
852509
865525
866385
866455
872971
880795
882421
883748
889768
898956
903406
903655
904975
905119
910832
911227
914379
917482
922589
926494
926647
932380
933448
948719
949127
950589
950781
952954
953733
958765
959410
962022
962845
967703
967849
970623
971440
971992
973080
977640
981233
983577
983889
986410
986708
991528
993442
995066
1000560
1003424
