102647
103814
109665
112161
114202
118234
119803
120171
120628
122436
130030
131879
132351
135234
139963
146600
152735
152824
155640
156096
157047
163878
168332
172406
172679
173181
174525
175869
182028
184389
188725
192647
193922
195105
200047
200082
201253
204208
204400
205258
207287
207645
214517
217276
219951
220933
221964
224069
226621
227120
232785
235467
237191
238099
239503
239844
243854
245072
248504
250481
258065
258523
261061
261360
262284
262604
263913
266917
269991
274377
283502
285423
288828
294412
305006
313130
313537
314234
316678
318265
322776
327034
327610
328019
331551
333665
335282
337931
338437
348948
349015
350143
357076
357330
358331
361023
373747
380150
381138
381377
383035
383075
383508
384399
397403
398652
400916
401212
411179
412056
416595
420269
426731
428202
428709
435688
442764
445370
449870
450524
451487
451545
452470
455409
455894
457287
460815
461473
461581
465434
470752
471775
473266
477918
480046
483143
483402
489055
492002
503126
505693
512350
514312
516496
517461
519320
519885
519887
520693
521461
521724
521885
525249
525481
525815
527590
528716
531947
534383
542487
542534
545059
547021
548624
550268
550556
550646
552896
562907
563641
564256
565366
571013
574136
574634
575877
584282
587069
591704
606187
610249
619437
621499
622027
635534
659809
687362
715147
719763
733176
733528
735292
735711
742338
742396
746656
747609
752568
754685
758395
758594
761107
762683
767640
769023
772088
772750
774320
776554
794248
802942
814748
815145
815334
828612
828654
837831
839435
849812
886314
889564
890276
899080
899638
899733
902696
904967
911665
918603
923784
923888
926125
956341
959390
963615
964762
964774
975522
985871
986125
989025
992717
993844
994504
995513
995957
1001029
1006496
1007975
1008376
1014685
