102475
106319
113036
117912
124500
126864
129919
130366
137677
138058
140239
148673
149358
169564
174578
181548
192516
194842
195200
197718
200658
211249
240550
257154
266150
269529
278811
293332
293992
296815
299386
305678
308169
311176
327617
330312
338862
339428
339905
344630
346081
352255
352928
353647
355387
358497
361281
368624
371498
372937
380131
380689
390808
390982
391197
392504
395532
395963
397821
403552
404347
406437
406495
407141
409613
415967
421852
423513
423653
424865
427086
428651
430423
437840
437913
439314
445207
446308
447143
449547
450466
452308
454083
454219
459070
459345
459432
460069
461997
462697
464558
465145
467246
468467
468961
480373
481388
489057
503081
504102
507197
509577
509785
511792
529566
535454
536214
536669
537653
544077
544826
545944
549038
555991
572037
575459
579243
589952
590828
599279
600607
614286
615217
616308
618387
619574
621627
622410
688836
703679
711308
724542
746033
753723
785547
795195
805164
806691
818643
844055
849340
864313
868017
870598
880018
888764
891055
899554
902784
933026
947227
949287
