103366
108208
110250
111211
112511
121729
121730
124101
124464
131963
132014
143204
146201
150995
152033
152484
152797
155211
160181
165109
173319
179210
183470
185724
193275
193677
201127
202754
205463
212450
212994
222000
223767
223769
227452
228704
233668
235226
238407
238581
238881
242802
243362
248530
249024
249262
255262
261850
262572
264105
272307
274742
279304
282311
286472
288098
294965
296054
297302
298245
298548
306020
309534
317809
318075
326842
331420
335616
335643
350887
354197
355848
358958
362574
363387
366154
369391
372779
373750
385205
390756
392937
402047
402120
404019
413106
416080
418229
421049
421496
427768
428816
435534
436333
443015
459341
459955
460605
461439
463380
466573
471672
474045
476646
477056
477616
478556
479246
479253
483545
485611
500910
503187
514478
516505
517175
517640
521837
521974
539813
539968
550509
552715
554521
554567
555753
559052
562991
564430
565546
567957
571913
577640
583115
583606
585524
585525
598334
603359
604653
606450
625943
695988
718355
720072
721216
739109
760981
770844
790376
824022
836821
863933
866805
868506
880292
882052
882180
882861
891796
920945
957255
962012
