100715
105415
117783
122194
135312
140423
145921
149358
149662
151984
158654
159875
161452
172457
173068
173576
179354
184748
186567
189356
190992
192866
193058
196252
197062
197476
198804
209038
219557
220140
222969
227021
230354
235302
238407
241262
257800
263990
272410
279976
303666
304895
309554
310284
312694
314677
317952
321596
321730
324435
331822
332928
336239
338862
339726
347676
349205
355952
357076
358805
361776
362574
367316
370743
373189
375027
378687
382617
384017
386055
388509
393298
398830
403090
405080
406488
407466
408037
411041
411990
415846
416926
418178
419573
419686
422146
422794
425791
427699
428499
429282
430423
431083
432571
433362
435438
436155
436582
438369
439351
445530
451993
452539
454311
456731
460048
463601
466365
467487
467509
468528
473380
474158
479054
485039
489487
490873
495068
506123
519021
519415
522527
523187
525242
526184
527874
536258
536673
536854
537238
542485
545927
550322
558074
558271
567200
578537
579243
583577
586449
590436
595004
595074
596702
597316
599353
603801
609244
613217
615790
616647
624442
625134
631947
646214
659309
660186
671001
693658
739512
756845
762344
763902
763916
766167
771424
772088
773371
782036
783674
797879
818420
843216
866455
867749
868054
872971
878915
884390
