100351
104088
107329
109220
110073
114932
117070
117305
118606
119521
120248
121796
126006
127960
129710
132519
132936
133917
137685
145215
145478
145747
147287
147391
150269
150575
151025
153213
155647
156003
157729
158672
160443
162224
163869
164753
168953
170131
173528
176750
180008
187255
188482
189769
191293
191681
193191
195681
195808
197394
197752
198279
198355
199021
200059
203478
209218
209988
219957
220140
221900
226924
231620
242928
243039
244320
247851
250963
251114
252704
254731
264679
265244
266995
271745
273864
274132
274953
280855
280880
284816
285090
290854
291899
302709
303696
305209
307192
312877
313731
314302
315018
315486
315575
317456
318300
323778
329453
332099
332635
343202
345785
347548
352441
353235
355661
355812
358633
359007
364206
364641
365816
365900
366764
368456
369660
375104
375986
377242
378687
380236
380881
384542
386192
388905
390199
391419
392366
393439
396106
397953
399615
400264
401213
405997
406056
407473
408044
410508
410571
411159
412387
414417
416627
416959
422630
423518
423673
424597
432898
437974
440514
442110
447692
448590
451153
452425
453834
454416
457077
458615
458921
463030
463903
464208
465308
468493
470042
474879
476566
478530
480524
480726
482512
482827
483002
484493
485101
488798
490737
493903
494428
495306
495409
498303
498613
499840
501761
502556
506632
506984
507335
507544
510386
512740
519261
520071
524910
527178
527677
537113
537265
537630
538133
539446
542380
543243
547968
548866
549759
552096
552794
555398
557270
561973
565400
565900
566035
566257
568128
571184
574109
574409
574988
575523
576610
577012
580829
582842
584255
585456
589971
593535
594535
594637
595172
598886
599789
607278
607795
608228
610554
613217
615725
615986
618667
621421
622063
624145
626176
669659
684214
705461
717621
721386
738937
740464
747446
748107
755485
764703
795345
802604
810467
819684
822185
827637
834588
837578
843754
846545
863109
864534
866133
868830
872365
874591
876199
876768
877173
877979
895668
898398
899949
900950
901126
904914
905016
909985
914212
915947
921598
923982
926991
933463
950817
957568
958337
965265
969035
970894
