100715
103101
103316
109439
111901
113663
116964
117783
117978
118443
136453
139918
140050
140423
144223
146149
149358
150303
152438
154330
156003
163267
164245
175030
176657
177989
183627
187317
187507
192657
201704
217149
219557
220201
224659
226362
227535
228673
232237
232528
232716
235302
248830
252829
263990
274391
274814
275145
278308
286712
293261
296054
301364
308369
313574
313609
314302
315486
319732
320806
325474
325508
326332
327617
331822
332928
339517
340815
343736
346858
349445
350221
352286
353700
355592
355952
357076
357492
362946
366154
367858
367989
371146
376091
377190
378833
380287
381568
383055
384798
388509
400827
405080
407466
411179
411697
414487
415568
415572
416589
418583
419573
419686
423513
426042
429282
430423
439351
448223
449764
450717
451572
452539
456271
459348
460608
462236
462764
472574
474680
479054
482398
484956
489198
490607
496667
506197
508424
510010
513037
516054
521298
521874
527874
531887
532366
535224
535603
535942
536854
540322
541311
548446
567520
569075
575027
577640
585265
585469
586731
594733
594993
595004
596504
598465
599240
599293
604710
604971
606550
607352
608480
608795
610037
610841
613396
615241
616746
622284
622713
639169
640667
652155
668617
683174
689705
692563
696041
713589
716512
724542
741582
741756
746805
747973
748103
748791
755618
756427
758819
769445
773271
774914
834995
866455
867476
870977
872971
881068
884298
889372
893839
894861
898275
911211
912703
914959
916881
932046
935849
