147839
149358
175030
211730
220201
223769
227120
238407
254464
272184
310821
315786
329954
332928
333513
335616
338862
343860
355952
358583
366154
370185
410845
411179
418127
423123
430340
430423
430784
432893
439351
456271
459955
461473
462236
484511
485828
486113
492034
512746
517522
545785
556676
562287
566436
581617
584282
592916
596761
637772
660186
740166
761744
772088
832604
866455
902688
909626
921280
925941
927649
930557
940625
947740
956265
956686
957824
969405
970355
976696
981625
994052
