100842
102647
103101
103799
103968
106150
107250
110133
111543
111738
111901
113425
113566
123358
141207
143947
157310
158802
163878
167840
172406
173968
180172
182028
193388
194240
195105
195858
198513
198920
200853
204029
204208
205866
206078
214517
220201
226481
235938
235939
238365
239412
241017
245144
247754
250116
258896
261658
262091
263990
273010
273694
274391
278763
281283
283016
288120
288846
292710
304901
315695
324679
325765
327610
344660
346951
348211
353744
354730
356654
357076
358331
365536
367291
370861
375557
379152
379576
382431
383585
392562
395713
398652
404833
411179
414823
423037
428202
439087
443524
447013
447204
453036
460771
460815
463912
466946
470752
472987
473266
490873
500737
513322
514349
516884
518911
519887
521183
521461
521885
525672
527643
528601
528968
531392
531393
534673
535633
536284
552972
564738
567637
568774
572129
573393
573796
574634
581812
584447
585340
594027
600505
602649
604947
607514
609205
613501
621494
622027
624545
687362
687943
698072
714981
716101
733176
735292
751356
752568
754357
754685
758594
761107
772088
