100302
100497
101105
101392
102179
102309
102647
103881
104518
104626
105839
106150
106225
106748
107936
108057
108067
108203
109302
109363
109730
110633
110899
111302
111303
111890
112006
112013
112041
112387
113181
113725
113730
113875
113960
114176
114989
115022
115514
116116
116737
117805
117902
118229
118606
119454
119902
120927
120981
121029
121076
121730
122110
122130
122407
122584
123035
123618
123777
124464
125407
125579
126551
126715
126875
126930
127136
127145
127224
127760
128265
129080
129166
129189
129289
129318
129342
130044
130366
130477
130799
130820
131005
131008
131015
131368
131823
132014
132683
134880
136593
137060
138296
138395
138794
139963
140093
140566
140850
140919
141648
142372
143488
143826
143988
145467
145478
146201
147287
147503
147896
149318
149963
150043
150269
152033
152266
152384
152462
152806
152992
153136
153534
153683
154248
154544
154931
156041
156096
156634
156655
156763
158639
159143
159567
160433
161674
162567
163178
163318
163332
163636
163878
163931
163984
164467
165402
166309
166799
167298
167428
168584
168799
169402
170035
170729
170900
170918
172277
172406
172679
172983
173033
173319
174458
174525
175456
175958
176216
176750
176862
176879
178285
179416
180171
180625
180952
181085
181639
183067
183978
184326
184838
184936
185724
186815
186974
187359
187833
188537
190168
191307
192639
193056
193388
193469
193548
193986
194411
194449
194469
195105
195858
196163
196327
196392
197064
197939
198038
198443
198623
199622
199655
199667
201253
201396
201893
201921
202124
202428
202595
203487
204046
204208
204431
204972
207287
208423
209656
211044
211111
212031
212301
212834
213511
213545
216241
217076
217476
217779
218106
218625
219957
219965
220306
220933
221739
221900
221943
222416
222650
222676
223053
224365
224522
224646
226924
227901
228477
229028
229711
230410
230907
231496
232183
235232
235938
236154
236734
237038
237148
238365
238581
238623
238881
240630
240947
241230
241558
241671
241673
241902
242569
244198
245141
246558
246722
247084
247304
247624
247730
247754
247802
247851
248530
248633
249173
249823
249934
250413
251654
252031
252278
252901
253934
254203
254490
254538
254623
255262
255427
255586
255765
257050
257663
257995
258020
258382
259866
260244
261367
263361
263913
264132
264567
264679
266150
267277
268343
268441
269732
270174
270517
270918
271035
271349
271862
273864
274894
275829
278259
278763
279693
280884
280909
281256
281584
281956
284389
285206
285930
286321
286384
286841
287389
287468
287608
288466
288502
288714
289241
291218
291564
292413
292885
293451
293965
293992
294453
294576
294965
294969
295048
296038
296181
297113
297354
298245
298424
298548
298620
298742
298810
298935
299637
299907
300136
301402
301570
301967
302502
302709
303546
303696
304026
304580
305003
306020
306583
306607
307055
308393
308900
309445
309792
309947
311524
312856
312877
312931
313130
314666
314863
315168
316182
316390
316895
318193
320791
320988
322520
322835
323778
324973
325208
325241
325354
325954
326869
327351
328019
328183
328876
329014
329532
330312
331528
333036
333147
333674
333921
334185
334919
335052
335094
335334
335643
336381
336518
336776
336831
336968
338129
338762
339300
339428
339524
339675
340253
341341
341763
342215
342376
342620
343259
343449
344106
344630
344891
345337
346406
347476
348212
348387
348948
350143
350647
350800
350965
351253
351613
351715
352391
352499
352539
352928
353037
353337
353509
353820
354084
354659
354730
354798
355203
355402
355520
355838
355848
356236
356280
357820
357863
359007
359175
361281
362768
362894
362989
363005
363106
363270
363387
363692
364261
364367
364407
365037
365900
366241
366803
366974
367139
368032
368080
368456
368544
368624
369285
369476
369654
370216
371348
371498
371690
371866
372970
374468
375104
375108
375949
376300
376847
377384
377483
377785
378650
378698
378736
379022
379133
379173
379890
379968
380333
380551
380828
380986
381294
381668
381774
381867
382431
382537
383043
383075
384261
385858
386748
387101
387481
387869
388202
390693
390704
390726
391557
391816
392099
392504
392937
393462
393980
394148
394710
395643
395908
396493
398534
398935
399087
399611
400264
400788
401439
402047
403184
403445
403667
403759
404261
405783
406989
407030
407369
407441
408071
408799
409352
409846
410425
411452
412127
412376
413192
413547
413937
414069
414193
415088
415206
415279
416080
416657
416831
416959
417010
417564
418113
418129
418229
418371
418747
418826
419307
419999
420016
420063
420848
421208
421227
421796
422247
422261
422379
423766
424321
424458
425005
425163
425686
427250
427408
427824
428202
428651
428816
429537
429748
430237
430278
430778
432898
432995
433003
433579
433622
434724
435049
436629
436895
436911
436960
437676
438169
438454
439041
439296
439358
439428
439910
440558
440622
440725
441047
443006
443377
444167
444642
445147
445715
445867
446599
446878
447321
447368
447504
447802
448117
448228
448585
449176
449488
449654
450524
450548
450950
451669
452286
452545
453193
453200
453207
454083
454219
455312
455398
455970
456116
456698
457396
457930
459052
459070
459345
460228
460839
460964
462727
462819
462891
463488
463550
463711
463761
464230
464243
464795
464928
465370
467042
467240
468355
468426
468467
468961
469167
470042
470752
471029
471679
471775
472871
473195
474027
474566
474649
475419
476100
476375
477520
478176
478470
479246
479256
479461
480481
480524
480746
480899
481064
482650
482729
484457
484493
484948
485168
485311
487956
488650
489055
489117
489485
489550
490024
490260
490277
490737
491004
491256
492152
492721
493274
493696
494161
494566
495047
495578
495580
497711
497772
497798
498824
499303
499712
500312
500908
502556
503538
504300
504538
505358
505510
506129
506392
506588
507102
507805
507875
507911
507920
508569
508618
509622
510060
510597
511024
511341
511504
511737
511757
512554
512740
513268
513742
514478
515368
515602
516578
516609
516630
517323
517415
518488
518714
518808
518871
518914
519306
519469
520041
520267
522169
522324
523013
523195
523586
526488
526941
526976
526985
528271
528601
528757
528811
529688
530802
530981
531231
531393
532007
532337
533192
534767
535596
535916
535929
536074
536398
536615
537105
537145
537370
538020
538302
538349
538493
539446
539617
539813
540247
541417
541453
542068
542277
542397
542513
543243
543323
543558
543563
544077
544111
544498
545049
545058
545518
545590
545944
546716
546750
547712
548624
548830
549005
550293
551360
551395
552521
552765
553886
554214
555468
555714
559225
559445
559473
559620
560736
561064
561280
561973
562031
563375
563386
563531
563579
563868
564424
564995
565138
565366
566502
566577
567455
568331
568991
569376
569623
570223
570299
570691
570723
571624
571874
572285
572850
574634
574821
574979
575287
576125
576233
576239
576380
576459
576731
577229
578150
579353
580580
580695
580793
581812
582964
583156
583460
584832
584986
585456
586199
587069
587925
590352
590581
591423
591620
593170
593355
594027
594063
596090
598984
600388
600624
601052
601306
602122
602293
602649
603798
604004
604581
604625
604772
605153
605261
606283
606450
606834
607089
607518
608587
608653
610249
610365
610511
610931
611763
612518
612528
614106
616141
616225
616565
616924
617088
617729
618240
618311
618347
618550
619106
619694
620005
620532
621018
621843
622013
622027
622174
622271
622586
623335
623497
624179
625376
626070
626161
626162
628198
632658
634282
636991
640764
641006
651048
652000
653292
655983
656857
657916
657959
659809
662123
663763
663848
668054
671210
674344
674700
681378
688011
690240
692982
693851
695135
695149
696493
697825
697903
698572
700210
700864
703448
704237
705461
707962
708114
709021
713760
714700
714708
715147
715341
715934
716869
718355
718646
720850
724769
726988
732484
733146
733800
735179
735292
738492
738500
740276
741648
742918
743700
744897
745890
746660
750250
751356
751685
752568
752960
753456
753723
754685
754705
754772
756204
756209
757331
757332
758160
758594
761107
763306
768034
770491
772616
775182
776745
776789
777941
778493
778660
778698
778982
779242
780196
787610
787767
791201
791569
793764
793968
794978
796107
798831
806691
807708
808622
810219
815181
821047
822437
823514
825224
829891
836821
839184
840247
842240
842941
849812
864050
864534
865871
866805
867448
867553
867627
867719
867940
868017
868295
868996
869865
871274
871314
871822
872031
872211
872674
873615
873863
873925
873976
874415
874911
875193
875683
877064
877238
878168
879343
880795
881192
882001
882861
883046
883193
884486
884673
884716
885571
886579
887266
888260
890224
891167
892502
892652
894130
896272
896292
902624
902784
904967
904975
905482
908076
908340
908778
911116
911180
911475
911500
913872
914498
914668
915391
