101185
102647
103218
103814
104626
108067
109615
109665
112161
113123
114202
114932
115809
119278
120171
121147
121437
121730
122436
123035
123618
123777
124681
124738
126059
126875
130019
130464
131879
132640
132936
135624
136110
137677
138305
138325
139038
139963
140555
141636
143322
145215
146201
146600
147287
147896
150585
151260
151893
152459
152735
152992
154544
156096
156366
156680
157047
157663
159143
161742
162567
163878
163968
164382
164738
164753
165023
165402
166469
169564
170884
172406
172679
173181
173319
173528
173791
174525
174568
176750
176862
179750
180086
181548
181935
182028
182855
183398
184326
185610
186625
188725
191747
192647
193275
194842
197571
197625
198355
199673
200082
200173
201152
201253
202754
202996
204037
204208
204400
204431
205258
206155
207287
207645
209988
212139
212581
213205
214066
214177
215374
215849
218262
220933
221900
221964
223493
223831
224069
225012
228704
232785
235467
238881
239844
241604
242928
244198
245059
247730
247851
248504
249024
250963
251002
253255
253731
254986
256229
258065
258366
258523
258581
261223
261240
261360
262284
262604
263713
263913
264526
264679
266150
266265
266917
267463
268918
269015
270341
271349
271415
271779
272075
272651
273864
274377
274892
274894
275134
275835
280855
281486
281988
282068
282802
286903
288714
288913
289664
289747
290818
291564
291986
292878
293771
293992
294412
294969
295802
296170
296181
297929
298245
298548
299386
301402
302709
303403
303696
304012
305006
305678
306257
307548
308169
309445
309563
309792
311282
312256
313130
313537
314138
315575
316678
317710
317905
318265
318300
319334
319895
320242
321672
321909
322520
322776
322835
323183
324205
327034
327358
327610
328019
328086
329014
330312
331420
332665
333674
335282
336005
337931
339428
339445
339885
341716
342546
342837
344630
347220
348948
349015
350143
350593
351455
351763
352960
353337
354659
355402
355676
355838
356945
357330
358021
358331
358497
359007
359746
361023
361488
361735
361859
362768
363884
365174
365900
366096
366682
368624
369206
369285
369654
371498
371519
371575
374383
374468
375104
379721
379896
380131
380551
380689
381138
381774
382117
383035
383075
383294
383508
383964
385858
388847
390756
390982
391425
393967
393980
394530
396036
396493
396894
398652
400212
400916
401053
401212
401971
402047
404347
404535
405901
408044
409431
411724
412056
412387
416080
416595
416959
417071
418229
419062
420269
420751
420839
422053
422933
423653
424597
425954
426731
428202
428651
430029
430553
435091
435688
435733
437193
438114
439261
441482
445147
445370
446002
446533
447143
448590
450524
451487
451545
451897
452182
452470
453193
453200
454083
455085
455409
457287
457930
458241
458921
459070
459345
459771
460815
461581
461991
463507
463711
465309
468467
468791
470752
471529
471775
473266
474045
474073
476436
476646
477616
477648
477779
478530
479114
480133
480524
481388
482649
483402
483545
483688
484328
486310
488638
489055
490737
491179
493366
494017
495018
495047
496738
498355
499734
500694
502013
504300
504984
507102
507197
507835
507911
508101
509577
510062
510350
510745
513268
514478
515009
516389
516505
518488
519320
519887
519997
520424
520531
521724
521885
523273
523586
524222
524235
524542
525249
525481
525815
527590
528165
528716
531319
531947
535838
536911
538951
539695
539813
541162
542697
543243
543323
543563
544077
545059
545598
545605
545944
547021
548624
549049
549788
549858
550268
550646
550799
551013
552282
552498
552896
555942
557537
558639
559042
560369
561252
562138
562907
563579
564065
564430
567321
568331
569912
570365
571913
572842
574634
575459
575877
577476
579001
583460
584633
586977
587069
589776
591687
591704
592027
594105
594239
594535
595341
595417
596222
596228
596695
597071
598679
600263
600365
600388
601900
605700
606450
609958
616189
619437
620000
621499
621742
622013
622027
622143
624470
626070
626162
626395
635534
648052
649026
649774
659809
663848
674245
675569
687362
692584
692982
695988
704237
705461
708299
715147
715453
717186
721265
721553
723322
723544
725406
726371
727526
735115
735292
735711
739109
741223
742338
742396
745567
746656
751146
752568
753583
753723
754685
758395
759495
761107
762683
764868
767640
769023
769152
770844
772616
774320
776554
779524
783541
783906
788999
793968
794248
794611
802942
805164
811983
814748
815145
815334
817581
818643
821073
827637
828400
828612
828654
832235
833153
836821
839435
840247
841816
842170
842941
846545
847675
850013
852509
864313
865525
866133
866385
867332
868506
868830
869921
871654
874128
876791
880018
880795
883307
883667
883748
889405
890276
891055
891167
892868
897112
898956
899080
899733
899949
903406
903655
904967
904975
905119
910832
911227
911665
913577
913899
914379
918603
919331
923784
924214
926125
926494
926647
931963
932380
933448
948719
949127
950781
953733
956341
957568
958765
961422
962012
963615
964485
964774
965265
965727
966062
967703
967849
968496
968664
970450
971440
971992
973274
975187
975522
981820
982273
983577
985590
985871
986410
986708
986878
989353
990518
991528
992717
993442
993844
994504
995066
995229
995513
995957
996421
999010
1000560
1002898
1003424
1007975
1008376
