101024
101299
102086
102090
105943
106518
111288
113036
114363
115211
116441
120935
121147
123801
123948
129575
130555
133070
137677
139113
140062
140480
141636
141778
144418
145933
146078
147432
148775
149358
149637
150865
152715
153850
155031
156634
157880
158587
159875
160249
162055
162884
164707
169564
170214
170515
171222
173791
176187
181867
187233
190280
192058
192454
192516
192616
194842
195200
197718
198339
200366
207999
214589
217160
220554
220630
222416
223124
223831
231859
234848
237374
239075
239186
240393
253171
254208
256751
257154
257400
259945
259947
269441
270517
271035
274579
274894
276676
278811
280966
285059
290045
291490
291522
293332
293992
294538
295374
296308
296815
297364
298138
300297
300882
303182
303718
303808
305396
305678
305694
305723
307081
307548
307920
308992
309147
309445
309563
309792
313776
317644
318537
320277
320327
321098
321672
322537
324104
324352
324362
325622
325720
326471
327358
327617
328141
329014
330312
332432
334513
335334
335335
336730
336921
337132
337322
338042
339428
339445
339606
339905
341463
342633
342716
343805
346289
347648
349466
351070
353299
353471
355387
356217
358021
358149
358497
359239
360514
362743
364729
366033
367958
368624
369927
371498
371716
373616
374468
374632
375663
378825
379534
380131
380689
382891
383055
383170
383294
383544
384122
384957
385713
386537
387373
387387
387643
388392
389862
390808
390982
391197
392504
392552
392932
398738
399542
401082
403184
405901
406437
408070
408175
409690
411304
411622
414077
417564
419136
420949
421852
423513
423653
424961
425686
427086
428651
428931
430619
431120
431192
431746
431759
436551
436687
437557
441738
445147
445207
445612
446002
446165
446308
447143
449468
449959
450466
453458
454083
454219
454796
456258
457679
459070
459345
460069
460228
460839
461998
462697
462819
463108
464605
464625
465145
465591
466214
467487
468467
468501
468525
470564
471148
475057
475855
476228
477413
477520
478898
479114
480106
480193
480373
481388
482458
482622
484010
485986
486268
486690
487498
489886
489993
491022
492488
493876
498041
499712
500586
501079
502104
502112
502470
502604
503181
503989
504102
504984
505071
507216
507911
509386
509394
509785
510225
510350
510973
511507
511792
513268
516100
521912
523772
524408
527838
529566
531793
532233
533789
537653
538455
539301
539508
543430
544077
545518
545944
546403
546628
549392
550144
552046
552282
555704
555991
556062
556899
558611
560373
562494
562656
563799
563904
566995
568454
571707
573519
574836
575363
575459
578931
579124
579132
580132
582770
584167
584224
584471
586326
586678
587513
589209
589776
589952
590872
592027
593459
594113
594749
598811
600143
601110
601916
603195
604650
605409
606283
608263
610063
610931
613237
613272
613847
614493
615217
616189
616425
616767
619193
619574
619745
620536
621378
623335
624471
653292
663374
667778
673938
681537
700038
716646
733615
734827
738717
747212
747764
749584
750400
753583
753723
759495
761912
762773
774914
794611
801580
805164
807093
813375
818643
822437
823956
827144
829305
833255
836564
844055
849340
864160
864992
865466
866670
866758
867149
867332
868996
871178
876531
879099
879335
879348
880018
881500
881592
881614
884582
885967
890020
890737
891055
897318
898484
899176
900728
901658
902649
902784
904204
909107
909626
910272
912323
912494
913577
917021
917858
918133
919299
921280
923019
923729
924161
927307
932372
932438
933026
937357
939722
947024
949782
952380
952528
955102
956307
961553
964983
970355
972883
973987
974855
975187
976826
982772
984551
1002898
1015764
