103535
104282
104826
106075
108543
110518
111287
111288
111853
111939
116610
117667
118234
118554
121147
121437
121730
123366
123725
123777
123801
123825
125528
127895
127960
128859
130555
131208
137677
138058
139564
140062
140121
140480
141636
143054
143382
145422
146283
147309
149428
151017
151702
151893
152033
152806
153041
154289
159372
160378
161156
163878
169895
170035
170884
171222
176101
176911
178285
179586
180230
180346
180786
181548
182028
182535
184726
187042
187589
188482
191702
194276
194469
195200
196296
196867
199673
200898
201744
202507
204301
204431
205182
212363
215378
217160
217932
219324
221670
225012
232785
235337
236154
238881
239412
240550
240554
241017
241682
241922
245356
247822
247851
251923
252018
252547
256611
257026
258405
259636
259650
259881
259945
260837
261458
263293
264679
266150
266177
266879
267343
269326
269957
270247
270562
271035
272307
273126
273864
274836
276785
281988
282336
282802
285865
286321
287610
287867
289747
290045
291564
292246
293332
293839
293947
294969
296170
298138
298548
299397
302502
303546
303696
306020
306046
306466
306788
307631
309445
309563
309792
311545
311590
312882
313472
314228
315575
317586
319309
320327
321672
322520
328086
331420
331880
333036
335224
335334
337132
338947
339524
339606
340253
342292
343259
343306
343694
343816
344290
344630
346333
348261
349220
349466
350390
352928
353299
355838
357620
358249
359007
361488
364641
365174
366721
366986
367153
369285
369654
371575
371928
372700
376484
379272
380131
380150
380853
381928
382117
383805
384267
384643
385858
386951
387373
387480
390756
391690
392742
392769
393334
394553
396609
399087
400749
403181
405901
405975
406378
406437
406912
407716
408266
416163
416657
417862
421353
424865
425352
425424
425686
426969
428202
428604
428651
428892
430029
432888
433987
436804
438114
440924
441489
442713
446308
446533
446694
448359
448792
449515
451909
452320
453193
453374
453834
455505
457077
458339
459341
459345
464605
464842
465889
466468
466946
467042
468467
470042
470752
470971
471841
472209
477056
477413
478658
479246
480133
480705
481872
482740
482827
483688
484351
484493
484647
484935
485101
486268
486748
487307
488446
489055
489993
490485
491131
494444
494752
497738
498824
502111
505071
505801
505859
506019
507544
509785
510225
510479
511341
511792
512448
514324
514478
516496
516919
517749
518911
520071
521883
521974
522905
523545
523619
524117
524408
527838
528718
529466
530139
532233
533401
534619
536214
536669
539508
539572
539813
541611
541799
542971
543243
543558
546948
548624
548830
549038
549754
551594
551846
551892
554199
556703
556739
557270
558328
558641
558940
560139
560163
560369
560661
561468
563916
565260
567455
569912
570060
570365
574649
574836
574952
575118
575459
578051
578301
581567
583460
584167
584471
586508
588586
590101
590231
590237
591743
592027
594535
594666
595774
598811
599279
600388
602122
602293
603111
604591
605409
606450
606490
606632
607076
607833
610212
610537
611122
611271
613644
614270
615217
615986
616225
616308
618387
619437
620005
620425
621378
621444
622013
622027
623205
623542
625483
626176
626378
626395
626543
632049
634282
666723
673938
674222
682824
684546
687362
691229
692362
695988
697708
697907
708114
712421
712763
717186
717413
718406
720072
721265
735292
735711
736206
743906
743909
749414
752568
753583
754685
754772
755553
758594
759495
759650
762454
762773
762811
762864
770491
770844
771171
771767
772750
778695
779524
779569
784887
794611
794720
801793
802089
805164
805683
818850
826694
828400
828469
836821
836943
842240
842941
844055
844499
849812
852509
864534
864992
866133
866385
866805
867332
867805
868017
869865
870255
870559
871178
872418
872973
875606
876791
876895
877095
877173
877574
879271
880018
881238
881592
883129
884582
888696
889928
890020
890737
894130
895618
896272
897112
898484
901658
901985
902011
902458
902624
902784
903506
904261
904285
905016
906775
908694
908778
910386
911241
911665
912462
912494
913577
913872
915537
916607
917055
917858
917867
922012
923932
924268
924624
926125
926491
931714
931963
939404
941175
946547
947644
948719
949337
950781
952954
953571
954011
957240
958301
958765
961140
962012
963615
964377
964485
964915
968496
969958
971440
972625
973800
974145
975522
977640
979705
983577
