104144
106845
113350
117305
118443
122470
126268
129865
135661
140423
141674
144223
145163
147663
147948
148673
148960
149358
149637
150303
150797
151025
151984
156003
157573
160985
165756
170455
171423
172457
172606
172822
173576
174419
175030
177158
177989
179210
183542
184407
186567
196252
200059
205440
209038
218711
221606
222969
223769
227293
227535
233608
236652
238099
246504
247100
247159
252768
257755
258785
261750
263990
265472
275644
279304
282175
282723
285334
286472
293261
293868
295911
296939
296978
304766
305396
308641
309113
310663
313574
315486
316085
317226
321127
323823
324435
326027
327617
328897
334092
335616
336295
338862
340494
347996
348211
349644
350221
355550
355952
357076
362574
363750
364871
366154
367316
377348
377865
378687
381111
383544
384337
385877
395357
397005
398255
400827
401319
402039
403724
404674
406497
408070
414485
414915
416265
416522
416914
421850
422146
424917
425952
430600
431083
431759
432320
433359
433360
436582
438369
439351
442110
447519
447692
448379
449547
450466
452539
454311
461473
469824
472908
480079
483240
486607
486996
488013
488841
491979
495371
496318
498041
499990
507304
508777
509781
510500
510562
511293
512305
512746
513064
513229
514403
519415
519431
521874
522704
529492
529566
530654
531793
533985
535960
536854
537265
537653
540808
541925
544080
555241
558271
563875
564607
565621
565670
565840
576610
577640
580138
581071
581617
581958
582695
584282
586731
591159
595004
596702
597089
597230
598314
598465
599240
600295
603349
603359
603945
607352
610554
611887
612887
613217
613840
614747
614876
615241
618413
621421
622284
622812
624442
624787
632628
645195
669659
698237
716465
724542
733487
741756
747425
748791
754929
760981
765773
766692
772088
778926
787888
796188
797879
802012
817236
823716
849340
866441
867749
868428
872921
872971
874600
878666
881163
882421
889372
890122
895808
900126
902131
906246
909387
912703
917073
926689
929414
932046
935849
936762
938814
939722
944595
949192
956265
958288
958691
960774
963009
