135234
140050
147839
149358
155640
157618
175030
179210
184407
196252
203896
211249
217149
223124
223769
226572
227120
238099
241363
243854
279261
284704
285423
295911
296054
309534
310821
315486
324153
335616
355952
357076
357905
363956
366154
367858
373276
384399
388509
397403
406394
408070
411179
419686
429282
432460
459955
460069
460608
461473
465434
468051
469824
480106
485986
486113
495748
498041
512350
514312
534383
538455
550556
551714
562572
563875
567840
571013
577207
584282
588694
589169
592064
613217
613840
686267
700038
705311
733528
748376
772088
774114
824284
834995
866455
870197
871644
872971
882421
886314
914959
937404
947740
956686
962845
969405
970623
981733
983889
998836
1010656
