140050
143958
149358
151025
156292
175030
184407
225099
232780
238407
255353
261750
272184
284704
296054
300426
321596
332928
334513
335616
336239
339517
343860
344568
348211
349593
352441
353926
354817
355592
379504
384624
388509
394767
396903
408070
418357
419302
439351
442119
446165
447692
485986
486113
491979
492034
498315
513933
538455
539350
551714
558271
562693
567840
577207
584064
584282
592916
593140
600515
616647
620536
758819
811558
872971
880747
880786
885967
889372
923924
924203
964541
1010656
1026236
1026531
1044348
