103101
110133
111800
113350
114078
137892
140050
140423
147495
149358
156003
157573
167694
168797
170455
175030
178316
178862
179210
184748
205463
219557
226481
228989
232528
235939
242142
243854
245407
250387
260630
262911
263990
264105
269544
272184
274391
284255
285334
296939
308866
314302
319861
321127
321596
326332
331082
334123
335124
349205
353471
355952
356654
357076
366154
368346
371266
375557
377865
378833
382160
383055
385584
386377
388509
399114
409076
419573
422439
423513
430423
435438
436180
448379
460608
467509
469008
474358
480061
480255
481492
484230
486113
490873
496594
513037
514356
516054
519415
521874
525304
526417
527643
527874
536854
545082
551178
558271
567520
572129
577041
579243
596504
596702
599341
603454
607388
610037
613840
615241
616311
623204
659309
659569
666558
668617
690391
703490
716101
721052
733528
735241
748791
758591
766154
767398
768277
772088
777544
778878
784863
