106319
118554
120620
121408
130366
131208
137677
139113
147432
149358
153534
162884
169564
171222
172560
174578
192516
194842
195200
197718
207309
223831
240550
256751
257154
266150
271035
274894
293992
297364
298619
299907
305678
309563
309792
312355
321672
327617
334513
335334
336921
339428
339606
339905
351897
352928
353337
355387
358021
358347
361281
365989
371498
380689
387373
390808
392932
399682
403184
405080
408070
423653
424865
427086
428651
430423
443162
445147
447143
447627
451897
454219
459070
459345
462697
466214
468467
470958
480705
486690
492488
504102
507197
511024
511792
514356
515009
516231
523092
523772
524978
531554
538455
538951
544077
544826
545752
545944
549038
550622
551013
556899
558641
562494
575459
578051
584027
586476
598054
599279
600607
606283
613237
615217
615570
619745
624033
673938
691495
704237
715453
753723
794611
799959
805164
816699
837155
844055
866670
867332
868477
881500
884749
886808
891055
895588
912261
912494
913577
917858
925941
930557
932372
939408
949372
955102
955145
956307
959598
964983
970355
977702
986779
