104144
104282
105843
107463
108208
110250
111209
111211
112511
116257
117934
121192
121729
121730
124464
125005
128083
130764
132014
132722
132966
143204
146201
151702
152484
154741
155211
160181
161452
162284
165109
173319
180625
193333
193677
200739
200907
201396
203896
204301
207233
209827
213211
216732
222000
223493
223769
224646
227452
228704
236773
238407
238881
242802
248530
249024
253734
255262
259881
261850
262572
264004
275134
282311
296054
297686
298245
298548
300175
309534
309871
318075
318927
319309
320242
327351
331420
335643
338678
344415
344797
349220
350498
350887
354197
357309
357957
362574
366154
366593
369391
370800
371519
372779
375003
385880
387369
390756
392321
392994
395908
398935
400735
402047
404019
411697
416080
418229
420381
421496
424361
427768
428816
429282
435534
443015
444316
448397
458549
458692
459955
461439
466468
472042
474045
479256
481153
483545
483936
486113
487123
493195
494127
496738
514478
517175
517640
521837
536673
538928
539813
543323
543563
545570
554199
554567
557456
558271
560724
564430
564686
565546
566577
567455
567840
571913
572329
573780
577640
577925
580533
585615
592916
598334
601900
603359
604653
606450
607888
609428
617729
625943
641965
665395
668724
672623
695988
717186
719107
739109
748149
756582
762665
770844
781190
793968
802670
811153
824022
836821
839456
866805
882052
902830
905418
914959
922012
936250
955150
962012
964485
974308
982129
