100034
100194
101185
101912
102959
103003
103618
103904
104231
104345
104394
105246
106234
106541
106982
107030
108163
109302
109572
109954
110899
113350
114495
115283
116969
117610
118164
118478
118750
121440
123035
123949
124990
125671
126875
127303
127790
128032
129289
129556
130181
130532
132683
133113
133892
135736
138170
138296
139038
140093
140578
141815
142372
144206
144834
145875
147410
147550
147772
147896
148040
148440
149296
151271
152806
155725
156365
156366
157480
158666
158811
159143
163264
163976
165324
165358
165402
166469
169482
170744
170884
171039
171664
172953
174133
175122
175868
176862
182026
182928
183912
184892
185625
187833
190844
191561
194469
194666
195197
198194
198623
199673
202307
204037
204431
204821
205162
206673
206960
207073
208868
209055
211854
213874
214399
216620
219236
222001
223536
227509
228096
228319
228457
231331
234017
234763
235297
236313
236843
237476
238174
239147
240804
241363
241420
244198
247730
249457
249668
251002
251568
251719
252017
253255
253730
253731
253974
255686
257026
258366
258379
258430
260000
260584
262231
263515
264417
266265
269326
270220
270378
271346
274440
275353
275588
275596
275978
276365
277744
280433
280999
281279
281822
281988
283278
285144
285249
286841
287668
289246
290585
291564
291752
292190
294434
294969
296343
296352
296486
296905
297431
302827
303267
303315
304353
306257
306322
307631
308334
309153
310821
312163
312418
313574
314607
314647
314666
314954
317812
318677
319569
319870
319952
322520
325265
328202
329649
329819
330205
331511
332924
333036
333674
337037
337531
337743
340361
341716
342499
343385
343441
345758
345803
346071
348380
349765
350054
350888
351455
351686
351763
355838
355952
357611
360750
360868
361859
363962
364362
365174
366721
367086
368030
368149
369285
369654
370690
373230
373276
374383
374519
374977
379262
380551
381294
381585
381668
381774
382341
384671
384851
385404
387630
388509
388599
389285
392769
393747
396036
396894
397384
397443
398608
398681
399356
400827
401036
401894
402886
403445
403759
406252
407628
408382
409957
411990
413148
415230
416480
417475
418074
421137
421479
422151
422933
423574
425954
427283
428544
432305
435684
435807
437016
438350
440546
443612
444175
445522
447368
449488
451363
451909
452320
452774
453193
454691
455505
456209
459885
460608
460754
462055
466084
466475
467032
467993
468241
468355
471630
472209
472871
474073
474394
475359
475848
480033
480481
482969
483161
484328
485289
486850
487043
487076
487176
487885
488139
488580
489274
490381
490522
491823
493464
493713
498151
502013
502923
504714
505510
505629
507835
508101
509851
511716
511908
511971
515368
518181
518210
518488
519415
521306
523586
523916
524115
527144
527231
528558
529296
530981
531067
531164
532366
532669
533449
535563
537881
539358
541417
541909
541967
543214
544090
544969
547990
549705
550817
551228
551446
551846
552356
554565
556192
556852
557537
557959
560935
561850
562740
563375
564995
566502
567034
567787
569912
570365
570838
572511
573259
576166
576233
578813
579398
583460
585130
586117
588437
588675
589957
593224
595774
596160
600388
602580
602687
606632
606879
607784
608161
610168
610608
611957
612082
612612
612824
614216
614270
616689
621991
622013
622143
622798
624395
624871
625643
626162
626395
632628
634638
638457
640694
647256
658655
667324
674245
681336
691554
717866
719194
723572
730692
739860
740766
742057
744152
746247
749610
750189
751640
751921
755860
756866
759265
772616
777955
779524
783674
784522
787252
793957
795756
798930
804072
805362
821073
822353
830520
832102
834629
836225
838190
840790
841816
842018
842057
842941
843255
846552
852509
865290
866455
866658
867000
868636
869865
870253
871596
872971
875193
876006
877339
877424
882215
882421
884762
888696
890922
892889
896238
899503
902458
902685
903406
904057
904975
907465
909001
911593
914678
915340
918128
919667
922132
922209
922589
924491
926471
926660
930235
931919
933793
934515
939073
940625
942245
942474
946451
947240
948719
949269
949779
950184
950781
951012
951420
951497
952954
953213
953965
958765
960146
964257
976749
976830
977640
978400
982996
983577
984892
988675
989996
992899
993397
997800
1001158
1006506
1008533
1010695
1015262
1017280
1017859
1020268
1020720
1023424
1024367
1025140
1026059
1027704
1029030
