100170
100882
101024
101583
103011
103101
107981
109640
110119
111299
113658
114078
115350
116964
117783
124370
126650
128096
129652
129710
129832
129865
130992
131971
133014
134419
136453
138252
138455
138854
140050
141200
146149
146446
147495
147670
147765
149358
149637
150303
150961
151864
152198
154553
156003
157573
159875
168949
173068
174204
175405
175614
175925
178316
179210
179354
183146
184748
191656
192030
193219
198804
198869
199824
201704
205463
207999
210401
210834
214711
215571
216255
220140
222969
223124
225099
227535
228275
228673
232528
234370
235111
235302
236652
238407
242142
244406
246405
248818
252768
253333
258649
262985
263990
264105
271745
273632
274519
274814
275145
276616
284336
285933
288519
288540
288780
289744
290854
293509
294538
296054
296939
299262
299586
304419
305200
308866
309534
310284
313330
314302
316085
326027
327585
327617
332160
332928
333727
334030
335616
337232
338862
339517
339726
342294
342335
344769
346096
347928
349205
350405
352441
352503
354157
355952
357492
359458
360625
362946
365229
371195
372139
374935
376091
376752
378874
379116
382160
384413
384798
385785
387117
391490
391523
391838
393298
394153
397005
400827
408037
408070
411041
413440
413942
415543
415922
418178
418716
419573
419686
420925
421479
422630
424956
425791
426042
428499
429671
431711
432141
433360
436183
436582
439351
440651
442110
445530
446067
446165
447519
448379
450559
450717
452539
454160
457515
459236
459955
460200
460605
460608
461439
463380
466365
467509
469725
471661
472908
474358
477100
479489
480106
480219
480255
481567
484877
485039
486282
488013
488325
491988
492905
494428
494628
495306
496955
498176
499344
499484
499990
500773
501761
501897
508247
512605
512805
513933
514340
514356
517911
520405
525242
527643
529696
534448
535942
536284
537653
541473
542549
542984
544278
545082
547831
548976
551992
552096
552657
553154
555180
555241
555991
557637
559206
562680
564607
565392
565400
566343
566428
567520
569180
572283
575595
577012
577391
578543
580062
580438
581043
583140
583822
584282
584297
585525
585804
586050
586140
586731
587960
589753
589971
592102
592368
594113
595775
596702
597089
601724
602687
603359
606550
606674
606928
607577
608206
610037
613920
614876
614928
615032
615241
616311
618413
618484
620725
621412
621421
621494
643263
644870
648155
698237
699965
700105
722170
725689
731766
748791
758732
759058
759352
761780
765420
773647
792139
794666
795350
797879
817236
820317
836812
837578
843700
849340
852232
863491
863933
867476
868054
872216
872971
875744
880786
881629
885967
889372
890549
894223
898275
901126
901922
904487
904610
910954
921295
921834
925293
930557
933462
934335
935817
939133
939722
941921
942786
943905
948082
948343
953894
956265
956580
960269
964541
968286
