101749
105649
120248
123618
124681
151531
156003
160378
164308
169447
176750
180086
187465
188482
197038
197394
209988
215849
221900
228171
240409
245059
261240
269982
274953
282802
285334
288714
293771
301967
302379
312877
314302
319861
321596
331009
340350
340681
342654
350390
352108
359007
371266
375104
392200
397289
397669
400374
408044
414000
420063
425424
428048
430029
443552
457077
459950
462236
468551
469697
474879
483490
484493
488798
490737
491709
491767
498613
506019
508797
518439
520056
520840
536971
538133
539446
555618
557270
560291
568346
574988
582842
590237
594535
600515
613840
620225
682984
690391
705461
718468
733998
