121730
124464
138325
146201
173319
175030
179210
181935
183470
184326
185610
185724
193275
196252
202754
203896
223493
223769
228704
238881
249024
253734
264004
266879
272075
272307
275134
294965
296054
298245
298548
299373
300175
309534
317710
317905
320242
331420
335616
339524
339885
350768
352960
366154
369391
371519
390756
393967
401971
402047
404019
416080
418229
429282
432460
451717
458549
459955
473727
474045
475419
476646
477616
479256
483545
486113
496738
504300
514478
516505
517175
521837
521974
524235
539813
541162
542697
543323
543563
551714
552498
558926
563579
564430
566577
567840
571913
572842
601900
606450
665395
692584
695988
717186
723322
739109
770844
793968
824022
836821
868506
898843
914959
919331
962012
964485
995229
