102475
114363
115409
119510
121408
124069
139113
140340
149358
164004
169564
171222
174578
179988
184407
192516
195200
197718
224910
266150
271035
286903
294538
296455
296815
297364
299386
300426
303778
303808
305678
308169
309563
309792
313520
321672
324352
324362
329650
333857
334513
336921
338862
339428
339606
343805
343869
344630
347715
352928
353926
358338
365989
368624
379504
380131
380689
387373
388392
403184
404347
406478
408070
409690
412833
414077
415967
423653
425686
427086
428651
430619
445147
445612
446165
453458
458365
459070
459345
460697
460839
460915
462697
464558
466214
468467
468961
470958
472493
477413
477520
480373
485986
496253
500190
502104
503181
507911
508100
510199
510973
511024
512483
520059
527838
531554
535249
538455
538951
543430
545605
545944
549038
558639
558641
572676
575210
575459
576731
578389
582826
584064
592027
594113
598811
599279
600263
602111
615217
620536
623137
624212
673938
692542
703679
764204
804484
805164
813375
819320
822437
833153
844055
867332
868375
875771
881500
881847
884582
885967
910272
912494
913577
917021
930557
953180
956307
959598
972883
989353
995436
996211
1002898
1010656
1021721
1044348
