100351
100784
101486
101532
102086
102475
102667
103218
103366
104088
104345
105919
106150
106319
107329
108208
109220
109999
110073
110250
110899
111211
111670
111738
111996
112161
112511
113566
114363
114474
114666
114932
115438
115559
116969
117070
117321
117755
118234
118478
118606
118658
118750
119314
119510
119521
119803
120248
120745
120966
121147
121437
121729
121730
121796
123035
123777
123825
123948
123949
124101
124464
124500
126006
126177
126864
126875
127760
127960
128703
129575
130089
131005
131963
132014
132519
132683
132936
133917
134151
134880
135083
135612
137677
137685
138296
138754
138886
138923
139038
139113
139963
140234
142062
143204
144206
144417
144418
144681
144822
144896
145215
145422
145478
145747
145875
146201
146208
147287
147391
147896
148775
149180
150269
150382
150575
150995
151830
152033
152484
152797
152806
152897
153213
153850
154248
154544
154982
155211
155647
156096
156366
156634
156644
156680
156998
157047
157377
157656
157729
158006
158554
158672
158811
160181
160443
160513
160677
161156
161394
162224
162567
162754
162796
163810
163869
163878
163976
164382
164753
165109
165402
165759
167840
168953
169296
169564
170035
170131
170515
170744
170884
171039
171393
171771
172406
172417
172552
172570
172679
173319
173528
173968
174124
174485
175203
175777
176040
176750
176862
177115
177126
179750
180008
180366
180808
183470
184242
184558
185126
185724
186815
187255
187833
188482
188982
189769
190040
190062
190844
191293
191561
191681
192038
192058
192516
192616
193191
193227
193275
193677
193696
195200
195642
195681
195808
196934
197394
197718
197752
197892
198279
198339
198355
199021
199123
199285
199554
199647
199673
200887
201024
201127
201610
202075
202754
203148
203478
206093
206779
206960
207166
207749
208955
209218
209656
209988
211354
211550
212183
212450
212994
213412
213874
214463
216510
219222
219957
221670
221900
222000
222645
223072
223767
224306
224509
224585
224651
225015
225819
226924
227159
227452
228319
228704
229452
229735
230479
230896
231620
231878
232029
233668
235226
235542
235938
236037
236597
236758
237374
237432
238161
238581
238881
239186
239773
240550
240569
241388
241558
242027
242062
242802
242928
243039
243362
244198
244320
244413
244827
245468
245850
246299
247172
247546
247735
247754
247792
247851
248530
248884
248968
249024
249262
249608
250963
251002
251114
251568
252704
252947
253050
253363
254538
254731
254986
255262
256229
256318
257154
257400
257493
257832
258366
258851
260082
261019
261658
261683
261850
262572
263293
263652
264020
264417
264679
265244
265595
266150
266161
266458
266667
266995
267121
267198
267234
267956
267994
269078
269404
270220
270378
270517
270843
270998
271035
271779
272202
272307
272609
273854
273864
274132
274400
274554
274742
274953
275298
276151
276394
276667
276785
276905
277744
277940
278763
279756
280838
280855
280880
281279
281686
281822
281988
282311
283600
284672
284816
285090
286321
286384
286391
286532
286841
286879
287136
288098
289515
290340
290794
290818
290889
291899
291986
293480
293992
294323
294965
294969
295265
295363
295374
295601
295735
295768
295879
296181
296486
296815
297097
297302
297364
297442
298245
298548
299627
299907
300297
300882
301197
301872
302223
302502
302580
302709
303696
303808
304901
305209
305678
305723
306020
307192
307407
308169
308599
309153
309435
309560
309563
309792
310313
310392
310406
310411
311176
312256
312376
312700
312834
312877
312931
313731
314647
315018
315575
315695
316678
316762
317456
317641
317644
317809
318075
318300
318322
318677
319334
319544
320533
321330
321909
322520
322537
322776
323601
323778
323785
324441
325127
325622
326520
326842
327034
327179
327610
328952
329014
329453
329649
330295
331420
331661
331745
332099
332635
333036
333181
333382
333674
333857
334389
334634
335335
335544
335643
335918
336921
339428
339905
341122
341628
341866
342633
343202
343385
343694
343970
344884
345785
346333
347187
347548
348255
348261
348586
349049
349380
349537
350143
350887
351013
351455
352928
353235
353265
353337
353361
354197
354393
354419
354659
354730
355661
355812
355838
355848
356178
356937
358497
358633
358958
359007
360303
360750
361022
361075
361488
362310
363387
363690
364206
364641
364895
365043
365174
365816
365900
365949
365989
366764
366986
367523
368030
368456
368624
369391
369654
369660
370809
371498
371575
372108
372440
372737
372766
372779
372970
373743
373750
374158
374383
374468
374519
375104
375986
376046
377242
379173
379262
379349
379528
379576
380054
380131
380236
380881
381377
381774
382891
383075
383804
383805
384122
384261
384542
384671
385205
385858
386192
387181
387325
387373
387680
388861
388905
390100
390199
390234
390756
390808
391139
391197
391419
392366
392742
392932
392937
393439
393575
393614
393980
394323
394541
394580
394795
395817
395963
396036
396106
396894
397676
397821
397953
399087
399542
399615
399682
400212
400264
400722
401053
401213
401551
402047
402120
402637
403759
404019
404347
404441
404535
405901
405997
406056
406252
406479
406495
407118
407141
407242
407473
408044
408175
408547
408592
410508
410571
411159
411843
412387
412436
413043
413106
413960
414077
414108
414417
415279
415300
415493
415967
416080
416623
416627
416959
417564
417862
417976
418229
418826
419062
419136
421049
421137
421214
421496
423459
423518
423653
423673
424567
424584
424597
425197
425954
427086
427096
427450
427698
427768
428202
428816
429785
430000
431431
431746
432121
432305
432898
433538
433720
433916
434713
435091
435534
436333
436693
437913
437974
439314
440514
440757
441643
443015
443070
443258
444127
444714
444776
445147
447294
447368
447717
448117
448590
448909
448989
449008
449743
450235
450723
451153
451487
451897
452286
452425
452470
453193
453458
453834
454083
454219
454323
454416
454642
454720
455141
455425
457077
457187
457552
457818
458615
458746
458921
459070
459341
460228
460915
461699
461875
461997
462438
462697
462727
463030
463507
463903
464208
464331
464558
464928
465285
465308
466214
466573
467993
468241
468355
468426
468493
468751
468791
468837
468961
470042
470752
471628
471672
471775
473939
474045
474302
474468
474850
474879
476466
476566
476646
476721
477056
477616
478296
478530
478556
479114
479246
479253
479735
480133
480373
480524
480726
480746
480775
481067
481388
482512
482827
483002
483545
484493
484910
485101
485611
485876
486850
487176
487885
488798
488809
489055
490737
491806
492487
493366
493903
493937
494444
494809
495409
495425
496253
496730
497347
497711
498151
498303
498613
499225
499712
499840
500089
500586
500910
501092
502013
502112
502556
502970
503081
503126
503187
503254
503775
504200
504387
504554
505510
505859
506632
506984
507335
507544
507911
508075
508354
509386
510225
510386
510718
510973
511341
511792
512310
512483
512740
513085
514200
514324
514478
515368
516496
516505
517175
517640
517711
517916
518488
518871
519261
519357
519469
519885
519887
520071
520086
520357
521133
521183
521191
521291
521461
521806
521837
521885
521974
523192
523410
524910
525249
525481
525815
526088
526400
527144
527178
527677
527838
528192
529466
529795
531554
532008
532669
533279
534579
535323
535929
536334
536549
537036
537113
537630
537976
537979
538020
538133
538147
539301
539446
539813
539968
540625
540942
541273
541775
542073
542277
542380
542969
543042
543214
543243
543430
544077
544826
545118
545944
545984
546628
546904
547968
548830
548866
549392
549759
549858
549954
550509
550646
550799
551013
551892
552042
552232
552282
552715
552794
553754
553832
554173
554521
554567
554667
554852
555224
555398
555704
555714
555753
555810
556062
556228
557153
557170
557270
557344
557665
558015
558639
559052
560373
560382
561097
561252
561723
561920
561973
562473
562603
562991
563600
563799
563904
564430
564995
565138
565366
565546
565900
565973
566007
566035
566225
566257
566774
566952
567034
567096
567220
567787
567957
567971
568128
569912
571184
571913
572139
572511
573259
574109
574409
574634
574988
575459
575523
576362
576608
576694
578192
578639
578715
579124
579429
579663
580829
582622
582842
583115
583316
583460
583485
583606
584255
584447
584758
585130
585456
585524
586120
586508
587069
587277
588342
589209
589776
589844
590026
592027
592296
592421
592613
593535
593782
594535
594637
594644
594749
595172
595332
595837
595863
596695
597332
597521
598246
598334
598886
599279
599687
599789
600263
600388
601110
601148
602111
602580
603134
603204
603395
604098
604653
605409
605763
606250
606283
606450
607278
607514
607795
608228
608651
610249
610984
611122
611397
612127
612824
612925
613585
614286
614487
614754
615217
615725
615986
616225
616689
618355
618595
618667
619253
619257
619437
619574
620005
620552
622013
622027
622063
622143
622410
622586
622751
622990
624145
624366
624471
625943
626070
626162
626176
626395
630191
630361
632691
634282
639696
640895
645896
647081
659809
660059
673938
675871
681522
684214
684546
685854
687362
688016
689996
695988
696493
698889
700210
701934
703448
705461
706156
707701
712681
714700
714926
715341
715453
716607
717621
717996
718355
718506
718509
719834
719939
720072
721216
721386
721553
723977
729038
731670
733176
733831
734723
736206
738717
738892
738937
739106
739109
739860
740276
740458
740464
741223
742338
744131
744475
744887
746247
746656
746673
747029
747212
747446
747609
747927
748107
749414
751640
752203
752568
753583
754685
754772
755417
755485
755525
755860
756908
757740
758594
759650
760174
760865
761107
762073
762773
764703
767642
769933
770844
771728
772616
773466
774307
776030
776870
777103
777287
777319
777955
781591
785945
789391
790376
793957
794092
794248
794273
794427
794448
794611
794701
795345
798831
798930
802604
803781
805164
810467
817038
819684
822185
822437
824022
827637
827754
828469
834588
834629
836821
836943
839662
840055
842941
843754
844047
846545
846552
847660
849398
849583
849812
850013
852509
863109
864033
864160
864534
865290
865525
866133
866670
866805
867332
867576
868017
868062
868506
868554
868830
869035
869060
870255
870287
870598
871654
872365
872431
872511
874591
874736
876006
876118
876199
876768
877173
877424
877979
880018
880292
880558
881500
881847
882024
882052
882122
882180
882215
882861
884221
884793
886524
886814
887726
888764
889010
889255
889564
890863
891055
891470
891796
891814
893080
893758
894130
895588
895668
896272
898005
898398
899080
899601
899949
900071
900950
902458
902624
902784
903406
903657
904057
904914
904967
904975
905016
905139
905810
908778
908872
909107
909985
910386
910909
911592
911619
913056
913200
913577
913872
914212
914379
915947
916607
916838
917482
917867
918214
918479
920945
921067
921459
921598
923662
923982
924491
926125
926494
926647
926991
927687
928374
928552
928649
930168
931963
933050
933448
933463
936298
936517
939408
940833
945489
946483
946889
948719
950589
950715
950781
950817
951317
953482
955102
956341
957197
957231
957240
957255
957568
958337
958765
959718
960264
961026
961336
962012
962902
963615
964377
964437
964818
964970
965265
965787
967239
969035
970894
971894
