105649
109220
110455
115022
120248
121796
123618
124681
126277
127802
127960
129415
144205
145478
145747
147287
148475
149886
156003
156041
159567
163178
163869
164308
178285
181607
183500
188482
193191
194411
202045
214066
215849
223109
226924
231893
241327
247851
252278
260786
264679
265244
267463
271745
273864
282802
286712
287389
288714
290496
297198
301967
303696
309886
312877
314302
315486
318300
321596
323778
332348
335224
342654
347453
347942
350390
354972
355402
355592
355812
356945
359007
362989
365101
365900
375104
375840
378687
391816
394027
394863
412387
414417
416959
430029
432898
435797
440971
450548
456538
457077
457705
458615
462236
464842
472947
474879
478820
480524
481872
482512
484493
485626
491709
498824
499840
506019
519137
520531
539572
543243
544498
549498
555618
557270
558074
561468
567712
568128
574109
575523
576459
580829
589515
590237
590436
593535
600515
607833
625483
675569
705461
746498
747446
752805
756427
758819
763292
766612
777643
823514
833102
834995
835609
842170
864534
868830
875980
878915
881068
881662
884673
897112
902011
904914
905016
906775
911400
912487
913899
