100784
101532
102667
103218
104345
107981
109999
110119
110899
111670
111996
114666
115438
116969
118478
118750
121437
123035
123777
123949
126875
128703
132683
134880
135083
135612
138296
138754
138886
138923
139038
140050
144206
144896
145875
147896
150382
152806
152897
156366
156644
156680
158006
158811
160513
160985
161394
162567
163976
164382
165402
165759
170744
170884
171039
172417
172552
172570
174124
174485
175203
175777
176040
176862
179750
180366
186815
187833
190844
191561
192038
193696
199647
199673
201024
201704
206093
206779
206960
210834
211354
211550
213412
213874
215571
219222
221670
224585
224651
225099
228319
229735
230479
231878
232029
236037
240569
241388
241558
244198
244827
246299
247172
247546
248818
249608
251002
251568
252947
253050
253363
254986
256318
257493
258366
258851
261683
264417
266667
267121
267198
269078
270220
270378
270998
271779
272202
275298
275644
276151
277744
277940
281279
281686
281822
281988
283600
284672
286532
286841
286879
290340
290818
291986
294969
295735
295768
295879
296181
296486
297097
299627
301872
302223
302502
305200
308599
309153
309435
310313
310392
310411
312256
312376
312931
314647
316762
317641
318322
318677
319334
321330
321909
322520
323601
323785
325127
326520
329649
330295
332160
333036
333382
333674
334389
335544
339517
341122
343385
346333
349049
349537
351455
353265
353361
354393
354419
354659
355838
355952
356178
360303
360750
361022
362946
364895
365174
365949
367523
368030
369654
372970
374383
374519
377348
378874
379173
379262
379528
381774
384671
385858
387181
387680
392742
393614
394323
394541
394580
395817
396036
396894
397676
400212
400827
401053
401551
402637
403759
404441
406252
408547
413043
414108
415279
415493
417862
418826
420925
421137
421479
424584
425954
427096
427450
432121
432305
433538
433916
435091
436693
444127
444714
444776
447294
447368
448117
449743
450235
450559
453193
454720
455425
457187
457818
459236
461875
462438
462727
463507
464331
464928
467993
468241
468355
468751
468791
471628
473939
474302
474468
476721
478296
480746
480775
484877
484910
486850
487176
487885
488809
491806
493937
494809
495425
496730
497347
498151
501092
502013
502970
503254
504554
505510
510718
511341
512310
512605
513085
515368
518488
519357
520086
520405
521291
523410
526400
527144
529492
529795
532008
532669
533279
533985
534448
535323
537036
538020
538147
540625
541925
543214
546904
548830
549858
549954
550799
551892
554173
554667
555224
555810
560382
561723
561920
562473
563600
564995
565621
566774
567034
567220
567787
567971
569912
572511
573259
575595
576608
579429
579663
580438
583316
583460
584758
585130
586120
588342
592296
592613
593782
595837
596695
596702
599687
600388
601148
602580
602687
603204
603395
604098
605763
606250
608651
610037
611397
612824
613585
614754
616225
616689
618355
619253
622013
622143
622284
622990
626070
626162
626395
630191
632628
634282
640895
645195
645896
675871
681522
685854
688016
689996
696493
700210
701934
703448
706156
707701
712681
714700
714926
717996
718506
718509
721553
723977
729038
731670
734723
736206
738892
739860
740276
740458
744131
744887
746247
746673
747425
747927
751640
755417
755860
767642
772616
774307
776030
777103
777287
777319
777955
785945
789391
793957
794092
794427
794448
798930
828469
834629
836943
839662
842941
846552
850013
852509
864033
865290
865525
866441
867576
868062
870255
872971
874736
876006
876118
877424
880558
880786
881629
882122
882215
884793
887726
889372
891470
891814
895808
896272
900071
900126
902458
903406
903657
904057
904975
905139
905810
908872
910386
911592
913056
913200
913872
914379
916607
917482
917867
921459
921834
923662
924491
926494
926647
927687
928374
933448
934335
936517
940833
948082
948719
950589
950715
950781
956265
957197
957231
958691
958765
960264
960269
960774
961026
961336
962902
964437
964541
964818
967239
