101486
103101
106150
111738
112161
113566
115559
117321
117755
118234
118658
119803
120745
120966
127760
129832
130089
131005
134151
136453
139963
140234
142062
144417
144681
144822
145422
146446
147948
151830
154248
156096
157047
157656
158554
160677
162754
162796
163810
163878
167840
171771
172406
172679
173968
174204
177126
180808
184242
185126
188982
190062
193227
195642
196934
199285
199554
200887
201610
207166
207749
208955
209656
212183
214463
214711
216510
222645
223072
224509
225015
229452
235542
235938
236597
236652
236758
237432
238161
239773
242027
242062
245468
245850
247735
247754
247792
248884
248968
253333
254538
257832
260082
261019
261658
263293
263652
263990
266161
266458
267234
267956
267994
269404
270843
273854
274400
274519
274554
276394
276667
276785
278763
279756
286384
286391
288519
289515
290794
290889
293480
294323
295265
295363
297442
301197
302580
304901
307407
310406
310663
312700
315695
316678
319544
320533
322776
324441
327034
327179
327585
327610
328897
328952
331661
331745
332928
333181
334634
341628
341866
342294
343970
344769
344884
347187
348211
348255
348261
348586
349380
350143
351013
352503
354730
357076
361075
362310
363690
365229
370809
372139
372766
376046
379116
379349
379576
380054
381377
383075
383804
383805
384261
387325
388861
391139
394153
394795
395357
399087
400722
407118
407242
408592
411843
412436
415300
415922
416623
417976
421214
425197
427698
428202
430000
431711
432141
433360
433720
434713
439351
441643
443258
450723
451487
452286
452470
454642
455141
457552
458746
461473
461699
465285
468837
469725
470752
471775
474850
476466
477100
479735
481067
489055
492487
494628
497711
503126
503775
504200
504387
505859
513933
514200
514340
516496
517711
518871
519469
519885
519887
521133
521183
521191
521461
521885
523192
525249
525481
525815
526088
527643
528192
534579
535929
535942
536284
536334
536549
537976
537979
542073
542277
542969
543042
545984
550646
552042
552232
553754
553832
554852
555714
557153
557344
557665
558015
561097
562603
564607
565138
565366
566952
569180
572139
574634
576362
576694
578192
578639
582622
583140
583485
583822
584282
584447
586731
587069
589844
591159
595332
595863
597521
598246
606550
607514
610249
610984
612925
614487
618595
619257
619437
620552
621494
622027
622586
622751
630361
632691
639696
647081
659809
687362
715341
716607
733176
739106
742338
744475
746656
747609
749414
752203
752568
754685
754772
757740
758594
759650
760174
760865
761107
762073
769933
772088
773466
776870
781591
794248
794701
798831
836812
840055
847660
849583
849812
869035
870287
872511
886524
889255
889564
893080
893758
894130
894223
898005
899080
899601
901922
904967
908778
916838
918214
926125
928649
930168
933050
945489
946889
953482
956341
956580
957240
963615
964377
964970
971894
