101205
104277
109665
112161
115559
115663
116566
118364
127760
127943
143238
143958
144681
151412
151802
156096
156292
156688
157745
158639
163810
163878
172406
178289
180172
184791
188564
188774
190199
192902
195642
200726
200887
202323
204208
204400
207287
208955
230762
235637
238828
239412
239503
241864
244024
246011
247160
249680
250116
253296
256884
258523
262604
263805
271525
273854
274001
278593
278763
282914
283800
286527
292710
292885
297408
302565
304639
305006
306583
306620
318265
322776
324277
326603
329675
331165
332928
334634
336239
343189
347187
348211
350903
351013
357330
370185
372524
373394
377790
383140
383464
384261
385149
385271
394767
400722
405783
414104
415447
422418
424534
426731
428202
428345
431084
439141
439351
441643
446783
454692
458098
461473
462734
463912
470752
474850
476137
478744
478749
483021
483402
491979
492002
493013
495424
496799
503126
505693
513933
515371
518902
519469
519887
521461
522574
525249
535736
536990
540247
542288
548219
548439
548624
552027
552555
554164
556969
562693
564980
574634
584282
585939
587925
591492
597738
602293
603718
604947
605153
605811
616647
619437
624879
630066
631451
631461
650011
674222
688328
719763
733557
739929
747609
752568
754685
754789
755674
757740
758594
761107
769479
772088
773466
776007
794248
805683
806597
811558
815145
825683
829333
844499
847660
849812
865067
867344
867719
869206
875431
880445
880747
887624
888269
890276
894130
897213
899733
902696
904661
905059
923784
923924
924254
926125
928649
932152
938182
942775
954307
958064
963615
964774
965330
975522
993844
994504
1002713
1007975
1008376
1008562
1014685
1019099
1019250
1019590
1026531
1028864
1029514
1031560
1034094
1035211
1036452
1036736
1037072
1037646
1040323
1043402
1043765
