105126
105649
106500
120248
121796
123618
124681
127960
137685
149886
150269
152633
159567
161742
173528
176469
198355
200898
209988
214066
215849
217932
219957
226924
238481
244544
250176
251365
262442
275425
278491
284050
291990
302336
303403
312877
313472
315486
315575
315786
321135
332635
342654
343202
344106
352108
352441
355812
359007
368456
375104
378687
389767
397953
399636
406750
412387
415270
420063
430135
432898
448590
450623
453834
457077
458921
464842
468001
468551
470042
472947
474643
480524
482512
482649
485101
485828
488798
490737
500694
506019
510875
514697
520071
525646
527677
532504
538133
543243
544498
549049
549209
559947
560291
574409
574649
582842
590237
594701
596761
599789
600407
601246
612284
625091
675569
705461
761744
771232
810074
819684
833102
834995
840115
864534
866133
876768
881068
892868
895668
896604
897112
899949
905659
906775
918855
923982
926991
937394
947740
956686
966062
968493
969405
985590
997163
