111901
113350
117978
136453
139918
140050
149358
151984
156003
161452
163267
167694
175030
176657
187317
187507
190992
201704
201782
219557
220201
226362
240815
241363
248830
252829
263990
271745
274391
278308
279261
286712
294538
296054
297198
301364
302042
312694
314302
315486
320806
321596
325474
326332
327617
332928
338862
339517
340815
343736
353700
354157
355592
355952
357076
362574
362946
366154
367989
372729
378687
382617
383055
388509
400827
403297
405080
411179
411697
416589
419686
423513
426918
429282
430423
439351
451572
454311
456271
460069
462236
482398
484956
489487
506123
510010
521298
532366
535603
540322
548446
555991
558074
558155
558271
567200
577640
578537
579243
590436
594733
595004
599240
599293
600515
604971
606550
608480
615790
616647
622284
660186
689705
692563
696041
713589
716512
724542
733528
741582
746805
748103
752805
756427
758819
766612
769445
772088
773271
774914
834995
843216
866455
872971
878915
881068
884298
889372
914618
914959
916881
930330
