103814
106150
111061
111737
111738
111997
113125
113566
114202
116566
124893
127760
129345
132351
137910
143238
143950
145422
146720
148620
150303
152735
154589
156096
157310
163810
163878
171002
172604
172679
173968
173977
178786
184389
191426
193922
200862
202425
212183
214134
217351
220201
227120
227768
235542
236758
238828
239503
241728
243854
245754
248633
250116
254538
261360
263293
266087
267956
269404
272097
274400
278763
292710
293473
296676
306030
315386
323051
327610
327935
328019
328037
332928
341501
343952
343998
350647
370185
372468
377790
391139
392250
392706
400722
404674
411179
414104
419322
428202
429523
431084
435438
439119
439351
441643
443524
444787
451364
461473
466946
468837
470752
471775
473195
473266
477434
482421
487513
490024
491721
495163
503126
509809
515944
517522
518902
519469
521191
521883
521885
523147
526399
528422
540247
550646
556676
558877
563837
565258
566773
567637
572619
574634
582404
584282
595562
596875
606922
619437
620290
624070
630361
637772
654813
659809
703508
714708
716607
719763
722141
732267
735292
735462
742338
752568
754685
754772
757740
761107
772088
781591
794248
798831
811620
842240
849812
870078
876067
880747
891279
893200
893886
894130
903824
904261
908778
911614
912544
925183
926125
927649
954307
956341
958064
963615
964762
964774
965330
969767
970473
971686
971894
975522
982344
984430
984672
989025
990121
990538
992130
995513
