113730
118234
120004
121076
122110
124893
129342
130477
139963
141207
141311
143382
146298
146803
149428
152384
156096
156268
156285
158639
162365
163878
167249
171728
172406
176337
181639
181686
186567
190168
193871
195105
199667
200887
204208
204400
209656
212301
223053
225015
227021
228477
235938
236154
239503
241017
243854
247754
247802
248633
251477
258405
261185
261215
263990
264132
265391
267343
270204
270306
278259
278763
287788
294269
294323
295265
297868
304580
305003
306745
308124
308900
310184
316390
316534
318882
325208
328897
330886
332928
333921
336239
336776
336831
341501
341866
342215
343259
348261
349811
350578
354730
356654
358016
362894
363106
363665
364644
370411
380150
382431
384261
386509
392264
396059
397717
401836
408071
410111
411677
415922
417969
422247
422379
425086
427698
428202
431711
433362
433478
434730
435438
436822
439351
441816
447321
452286
453671
455894
457396
464519
464795
469829
470752
471775
473102
473195
477865
482650
484073
488635
489055
490024
490873
491004
491808
494161
495578
496421
497711
500908
503538
505859
511737
516496
518075
518871
519469
520708
521885
526941
531393
532337
535929
536062
536284
537238
538349
539052
548624
559542
560139
563574
565138
574634
576439
577229
580695
581812
588730
599245
599727
601306
602649
605153
605492
613046
614106
616141
622027
625648
628198
632658
646214
659809
687362
690298
697228
714708
715013
725535
735179
735292
752568
754685
754772
754792
756856
758160
758378
758594
761107
768666
770263
772088
773466
774609
788976
849812
869888
871274
879270
879701
908778
