100264
100876
100977
101105
101461
103371
103656
104060
104717
105377
105769
107756
107872
109051
109220
109498
109572
109767
109795
110455
110457
110753
111302
111890
111958
112006
112041
112044
112455
112511
112979
113036
113566
113661
113670
113725
114449
115514
116969
117249
118229
118234
118554
118560
118658
118675
118750
120004
120248
120259
120404
120461
120734
120992
121107
121128
121440
121590
121796
122584
122900
123593
123618
123777
124006
124464
124681
125045
125579
126277
126551
126632
127319
127760
127802
128213
129001
129017
129390
129415
131348
131554
132260
132279
132897
132966
133456
133892
133897
134084
134146
134440
134631
135400
136832
136996
137296
137677
138058
138325
140234
140578
141207
141231
141887
142122
142309
142659
142694
143204
143322
143382
143415
144205
144417
144552
145230
146559
146574
147333
147432
147513
147896
148414
148475
149242
149886
151015
151702
151806
152081
152148
152242
152384
153136
154248
154300
154544
154982
155211
155907
156096
156456
156690
156705
157047
157314
157497
158587
159567
160513
160806
162513
163124
163264
163332
165324
165690
166218
166734
166926
166992
167168
167298
167382
167476
169402
169482
170158
170586
170729
170884
171002
171090
171614
171664
171799
171803
172406
173210
173338
174296
174525
174604
174793
174805
175621
175840
175958
176040
176123
176552
176862
177684
178829
179113
179118
180111
180415
181027
181607
181816
181964
182290
183140
183500
183762
183834
184070
184353
184389
184841
185265
185339
185899
186319
187833
188482
188537
188558
188772
189043
189082
189637
190328
191307
192445
193191
193285
193360
193469
193748
193818
193922
194077
194202
194407
194691
195105
195197
195200
195246
195383
196232
196458
196667
197039
197571
197892
198697
199285
199655
199673
200525
200658
200853
201118
201448
201617
202040
202045
202323
202371
202856
204034
204208
204365
205683
206040
206779
206910
207645
208232
209033
211854
211893
212581
212675
213211
214066
214182
214332
214353
214721
214908
215341
215782
215849
216241
216620
218262
218625
221739
221964
222403
223109
224116
224365
224522
225015
225562
227132
227696
228009
228856
229974
229999
230440
230749
230856
231807
232805
233068
234017
234742
235596
235938
236507
236759
237374
237648
238833
239186
239422
239730
240151
240326
240562
240683
241017
241180
241230
241533
241640
241673
242195
242201
242206
242569
243592
244101
245071
245076
245144
246299
247304
247624
247754
247851
248247
248530
248633
249117
250022
251002
251036
251397
251477
251826
252915
253934
255262
257026
257494
257663
257982
258366
259479
259627
259706
259881
260074
260362
261019
261063
261502
262557
263293
263505
263913
264188
264832
265158
265244
267005
267198
267309
267343
267463
267739
268141
268686
269187
269732
270378
270415
271035
271640
272075
272097
272234
272307
272441
273537
273658
273854
273864
274561
275216
275864
275978
276069
276365
276638
277677
277744
277815
277935
278323
278602
279256
279360
279798
280400
280575
280966
281256
281822
281890
281971
281988
282311
282991
283819
284033
284341
284389
284497
285038
285626
286384
286429
286753
287608
288039
288466
290496
290616
290835
291279
291464
291999
292873
293943
294115
294156
294969
295823
295941
296181
296432
297431
297467
298191
298450
298776
299166
299418
299907
299971
300920
301188
301967
302117
302471
302965
303389
303392
305717
306030
306638
307031
307055
307101
307210
307299
307407
307536
307631
307985
308695
308949
309153
309563
309886
310184
310380
310581
311539
312256
312931
313260
313286
313674
313887
314165
315247
315434
315695
315774
316593
316762
318193
318236
318300
318322
318489
318986
319006
319196
319824
320242
320988
321085
321172
321672
322207
322520
324242
324402
325354
326897
327025
328086
328876
329426
330084
330279
332133
332348
333036
333268
333899
334634
334919
335097
335224
335334
336979
337353
337840
339905
340260
340311
340742
341501
341866
342221
342376
342654
343754
344630
345369
347353
347453
347476
347568
347942
348212
348380
349756
349876
350143
350390
350647
350768
351455
351525
351613
352928
352993
353994
354020
354730
355812
355892
356945
357762
358249
358331
359121
359592
359909
360024
361047
361180
362768
363005
363046
363692
364367
364435
364804
365174
365900
365989
366567
366974
367139
367291
368316
369391
369654
370690
371450
371575
371866
372049
372245
372572
373506
374468
374604
375083
375108
375746
376046
376830
376847
376873
377365
377790
378542
378650
379021
379043
379536
379896
380689
381699
381774
381832
381915
382947
383585
383660
384643
384751
384801
385249
385318
385630
385858
386618
386748
386828
386890
387239
387373
390100
390756
394026
394027
394121
394148
394553
394863
395643
396217
396370
399468
399590
399611
399682
399944
401580
401971
402047
402254
403386
403388
403492
403759
403979
404596
405368
406076
406406
406484
407184
408080
408175
409613
409935
410242
410392
410982
412247
412387
412436
413891
415088
415279
415854
416080
416219
416866
416959
417022
417564
417862
418113
419058
419395
419470
419668
419747
419842
419944
419999
420953
420968
421070
421985
422247
422497
422901
423633
424318
424333
425455
425536
426964
426972
427283
427768
428202
428651
428793
429543
429627
429913
430029
430159
430420
430713
431199
432553
433622
433709
434047
434713
435519
435521
437007
437011
437193
437421
437624
437808
439081
439115
440725
440971
441047
441866
442216
442411
442934
443015
443197
443262
443524
444023
444295
444655
444802
446270
446418
446438
446599
447321
448117
448228
449367
449654
450212
450524
451129
451301
451487
451669
451909
452286
453036
453193
453324
454197
454219
454538
454692
455319
455505
456040
456059
456538
456750
456892
457399
457688
457705
458365
458615
459204
459341
459432
460746
462438
462727
463253
463313
463510
464167
464230
464835
464842
465110
466214
466468
466895
468259
468467
468745
469639
469953
470645
470752
471775
472481
472871
472947
473077
473266
473843
474371
474566
474702
475440
476137
476243
476509
476702
476957
477056
477480
477616
478820
479127
479396
479586
480133
480307
480366
480373
480524
481094
481388
481872
481873
482512
482998
483402
484507
484669
485168
485361
485421
486268
487513
487514
487931
488496
488931
489055
489263
491131
491709
492120
492221
492345
493373
493696
493761
493984
494566
495194
495580
496369
496630
496685
497232
497771
498308
498334
499840
501191
501790
502111
503073
503126
503202
503525
504100
504682
505144
505482
506019
506588
507489
507569
507835
507920
508075
508093
508100
509277
510060
510062
510208
510474
510669
510721
511024
511109
511243
511464
511792
512483
513268
515602
517175
517325
517640
518305
518871
519137
519469
519885
520008
520531
520830
520893
521461
521885
521974
521999
522427
522611
523356
523374
523619
524485
525202
526400
526886
526976
526985
528020
528271
528853
529386
529466
529736
530104
530807
530981
531298
531554
531843
531947
532233
534690
534904
535047
535129
535684
535895
535916
535929
536339
536744
537370
537955
538623
539199
539301
539572
539653
539813
540732
540917
541166
543489
543699
544028
544203
544927
545877
545944
547578
547665
547712
548999
549113
549263
549392
550293
550509
550602
550799
550953
552483
552521
552866
552914
552972
553442
553445
553754
553886
554207
554426
554469
554521
555395
555528
555618
555704
555714
555753
555806
557270
557390
557537
557636
557871
557959
558328
558639
559042
560139
560237
560845
561252
561726
562199
562398
563868
564783
564995
565094
565366
566430
566886
567002
567447
567649
567712
567787
568128
568132
569912
570490
570691
571707
572850
574109
574634
576125
576380
576459
576664
576692
576981
577113
577250
577451
578253
578311
578355
578365
578978
579001
579539
579607
580256
581567
583351
584027
584447
585301
585369
585524
587069
587454
588498
588699
588730
589209
589303
590352
591423
591431
591620
592510
592647
593137
593355
593535
594027
594526
597332
597927
598391
599279
599320
599670
600101
600263
600388
600607
600773
602580
602830
603395
604350
604625
604707
604947
605446
605523
606283
606450
606632
606834
606879
607091
607333
607784
607833
608331
608653
608982
609428
609478
609538
610249
610330
610511
610645
611122
611320
611537
612082
613003
613146
614636
615114
616142
616225
616308
616565
616924
617558
618014
618634
619253
619437
619574
619880
620005
621018
621048
621378
621843
622013
622027
622143
622174
622586
622876
622990
624179
624366
624400
625483
625579
625648
625943
626162
626343
632024
632915
633114
639332
639744
640764
640967
648798
651286
657021
657916
659809
661062
665336
666009
667317
668054
668179
668634
670612
671210
675318
675569
677551
680859
692179
693202
694502
696497
697903
703679
704237
704912
705081
714700
715147
715903
718355
722141
723771
723962
724230
724761
725594
725674
727036
729027
729550
730202
732484
733176
733854
734723
735292
735924
736787
738077
738852
739714
739761
740142
740276
740344
740947
740965
741223
741648
742338
743021
744212
745446
745526
745567
745847
746247
746336
746498
747446
748294
748569
748710
750685
751356
751685
752568
752577
753513
753723
754685
754772
754919
755363
755417
756856
756895
756981
757291
757331
757685
757924
758594
758595
759481
759650
760352
760414
761107
762412
763292
764615
765409
768034
770844
772412
774184
774498
774815
774897
775002
776101
777643
778698
779426
783402
785547
785590
785728
787610
787614
787767
788356
789767
789996
791005
792749
794535
794675
798831
804634
805362
808622
814206
816743
820251
826615
830201
833102
835609
836821
838634
839184
840247
842170
842834
842941
843317
844535
846552
847660
849812
859456
863993
864345
864534
864748
864810
864953
865318
866805
867283
867960
868017
868148
868156
868485
868830
869677
870049
871314
871369
872217
872511
874035
874719
875980
877064
877438
879086
879270
880018
880102
880934
881061
881494
881662
882335
882864
883193
883386
884155
884245
884401
886102
887474
887561
887803
888613
889264
889411
889496
890224
891279
891331
891686
892502
892957
893886
894130
895618
897071
899955
900716
902011
902609
902624
902696
902784
903506
904914
904975
905016
905482
905721
905873
907179
907738
908778
909640
911116
911400
911475
912487
913577
913872
913899
914799
915517
917491
917645
918260
920128
922072
922526
923572
923682
924059
924215
925525
926491
929968
932979
