101912
102086
102090
102532
103003
103618
103904
104231
104282
104345
105246
105649
105843
105943
106174
106500
106518
106755
106982
107216
107463
108208
109302
109572
109665
109765
110250
110753
111209
111211
111288
111939
112511
113036
113797
114495
114932
114995
115283
117321
117610
118658
119307
120683
121147
121192
121443
121607
121729
123000
123035
123434
123517
124464
124681
124990
125005
125300
125671
127104
127790
128083
129556
130184
130464
130532
130764
132014
132253
132519
132683
132722
132936
132966
133992
134977
137356
138170
139038
140062
140093
140121
140167
140555
140578
140922
141815
141845
142372
142694
143238
144418
144681
144834
145215
146078
146201
146995
147391
147432
147772
147896
148440
148775
149217
149296
149797
149886
150817
150865
151260
151271
151702
152484
152647
152806
154289
154741
155031
155211
155725
156365
156366
156634
157310
158802
158811
159032
160181
160249
160378
161742
162055
162284
163264
163920
163976
164738
165022
165358
165402
166469
168799
168956
169482
169564
170010
170744
171222
171664
172406
172938
172953
172983
173319
173791
174133
176187
176216
176750
176761
176862
178222
180172
180230
181796
181867
182026
182928
183912
184791
184892
185625
187233
187833
188309
191293
191747
192104
192516
192616
192647
193102
193191
193333
193677
193748
194125
194666
194842
195105
195808
197394
197591
197718
198194
198339
198355
199673
199847
200366
200898
201410
202154
202428
204301
204821
205162
205168
205800
206093
206416
206673
207073
207233
209055
209988
210628
213211
213858
214399
214589
215849
216564
216732
219236
220554
220630
220933
221900
222000
222650
223493
223831
224646
225351
227509
227960
228704
229609
231331
231629
231687
232183
232785
234017
234800
236313
236773
236843
237374
237476
238174
238481
238828
238881
239075
239392
240393
241017
241420
242802
243136
243775
244024
244198
245547
246530
247287
247304
247730
247822
248530
248756
249457
249553
249668
249865
251719
252017
252324
253171
253255
253296
253466
253731
253974
254395
255686
256751
257026
257154
257400
257832
258366
258430
259881
259945
261850
262442
262572
262604
262963
263515
264004
264417
264679
266150
267463
269326
270221
270517
271035
271039
273864
274400
274579
275025
277744
278811
280433
280966
280999
281279
281822
281988
282311
283918
285144
285249
286306
286321
289246
290920
291490
291752
292710
293332
293839
294412
294434
294969
296352
296486
296815
296905
297364
297431
297442
297686
298138
298245
298548
301402
302827
303267
303696
303718
303808
305678
305694
306257
306583
307210
307631
308998
309153
309445
309563
309792
310184
312163
312418
312834
312856
313472
313537
313731
313776
314138
314607
314666
314954
315575
315774
317089
317207
317456
317644
317812
318075
318927
319309
319569
320242
320277
320327
321098
321135
321672
322520
323778
324206
324246
324362
327025
327351
327613
328019
328141
328202
329649
329819
330205
330312
331165
331420
331511
332348
332432
332635
333036
333674
334634
335224
335334
335510
336730
336921
337037
337531
337743
338678
338947
339456
339606
341077
341164
341716
342499
342546
342633
342941
343169
343441
344096
344415
344797
345758
347648
347828
349131
349220
349380
349765
350143
350390
350498
350593
350888
351070
351686
351763
352108
352402
353299
353663
353824
354197
355838
357309
358021
358149
358331
359007
360514
360750
360868
361047
361398
361695
361859
362673
363962
364206
364641
365174
365367
365816
366033
366593
367086
367958
368149
368624
369285
369391
369927
370690
370800
371716
372779
373616
373747
374519
374977
375003
375104
375663
377445
378820
379326
379576
380131
380236
380689
381294
381585
381668
381774
382341
382790
384261
384671
384851
385404
387325
387630
387643
388599
388905
390756
390808
390982
391197
392504
392706
392769
392932
392994
393374
393747
396036
396894
397295
397384
397443
397621
398652
398738
398918
398935
400662
400749
401082
402047
402831
403445
403759
403765
404236
404347
405901
406252
406437
406630
407628
408044
408382
410508
410824
411304
412666
413948
414077
416080
416623
416657
416959
417475
417564
417862
418074
418229
420949
421496
423574
423653
424361
424534
425686
425954
426430
427086
427150
427698
427768
428202
428247
428651
428709
428931
430391
431084
431120
431746
432305
434234
434745
435534
435684
435807
436687
437016
437557
438454
439141
440546
440971
441738
443006
443015
444175
444316
444490
444787
445147
445207
445522
445612
446002
447368
448397
448590
449488
449890
450052
451082
451204
451487
452320
453193
453458
453834
454197
454219
454551
454796
455505
455673
456209
457679
458098
459070
460228
460243
460453
460754
460839
460889
462697
462819
463108
463903
464482
465004
465114
465308
465591
466468
466475
467022
467032
467955
467993
468355
468837
468961
470042
470564
470752
471630
472209
472871
472947
473908
474357
474394
475855
476097
476228
476566
477520
478530
478749
478898
479114
479256
479735
480033
480193
480373
480524
481067
481153
482761
482969
483936
484010
485289
485666
486268
487043
487076
487123
487176
487498
487885
488139
489055
489274
489993
490737
491823
492488
493718
494940
494954
495245
495409
496456
496738
497771
497799
498749
499127
500910
502013
502104
502112
502470
502923
503126
503525
504200
504984
505029
505071
505518
507216
507251
507835
507911
509785
509851
510225
510973
511185
511507
511716
511792
512140
514476
514478
516115
516402
517175
518181
518210
518488
519042
519320
519327
519408
519469
520071
521306
521461
523586
523916
524115
524408
525815
527144
527231
527677
527838
529296
529805
530317
530327
530688
531067
531164
532504
532669
533673
535929
536787
536990
537723
537881
538407
538673
538928
539358
539813
540247
541909
541967
542068
542084
543053
543243
543323
544969
545314
545944
546403
546628
548135
548624
549049
549209
549392
551228
551553
551749
552046
552282
552555
554164
554565
554567
555714
556179
556852
556899
556927
557270
557456
557537
557959
558015
558611
560291
560373
560935
561252
561850
562494
562656
563375
563799
564071
564233
564428
565411
565442
565546
566081
566502
566577
566995
567034
567395
567455
567637
567649
568454
569912
570365
571707
571913
572329
572511
574409
574634
575363
575459
576166
576233
577267
577768
577925
578150
578445
578931
579124
579132
579398
580132
580533
582770
582842
584224
586117
586678
588437
588675
589029
589776
589844
590872
590914
592027
592322
592631
593459
593911
595417
595774
596160
596546
597332
598334
598811
600388
601378
601640
601900
602580
603718
605153
606450
606632
606879
606922
607278
607408
607833
607888
608161
608263
610063
610168
610249
610608
610931
611059
612953
613804
613847
614216
614493
615217
615324
616189
616425
617729
618337
618515
618825
619193
619437
620005
621358
621378
621991
622013
622027
622228
622269
622798
624174
624395
624871
625091
625483
625643
625943
626073
626162
634638
637661
640694
647256
658655
660318
665373
665395
667778
672623
673938
675569
691554
705461
711253
712021
716646
717186
717621
717866
719194
735561
739109
740276
740766
741223
744152
747212
748149
750189
751921
752568
753583
754685
755485
755860
756582
756866
757740
758123
759265
761107
761912
762665
762773
769479
770844
772616
773466
773493
779524
781190
784887
793957
793968
794248
794611
795345
795756
798930
802670
803781
805041
805164
805362
806597
807093
813375
816093
818643
819872
826583
827144
827637
829305
834629
836564
836821
839456
842018
842941
843255
844055
844497
845834
846545
849812
852509
863452
863640
863705
864160
865290
865466
865525
866133
866805
867000
868156
868636
868996
869865
869921
870253
871596
872365
874128
875193
876768
877424
877790
879099
881500
881847
882052
882861
884762
887624
889564
890020
890737
890922
891055
892868
893091
894130
896238
897112
898484
899080
899176
899330
899503
899949
900728
902458
902666
902685
902696
902784
903406
904057
904225
904975
905016
905659
906442
907465
910272
911593
912323
913577
917021
917858
918128
918133
918855
919299
919511
919667
922012
922347
922589
923729
926125
926660
927307
931432
931963
933026
934515
935003
936250
937357
937394
939073
942245
942474
942746
946451
949144
949285
949779
950184
950715
950781
950817
951012
951420
952380
952528
952954
953965
955150
955310
956307
956341
956698
957240
957568
959598
963615
964257
964386
964485
964774
964983
968493
968496
969099
970021
970654
971440
972883
973987
974855
975187
975522
976041
976749
977943
980578
981371
982129
982996
983100
984547
984551
988675
989745
990979
993397
994504
995513
997800
1002898
1006069
1006506
1007975
1008533
1010502
1010695
1012953
1014685
1015764
1017859
1020268
1020720
1021708
1021721
1024367
1026059
1027094
1027646
1027704
1028864
1029030
1029318
1029766
1030590
1032320
1035211
1035557
1037072
