100209
100219
100351
100784
100859
100985
101105
101185
101188
101205
101392
102601
102647
102667
102917
103019
103218
103366
103881
104088
104345
104518
104626
104681
105600
105919
106150
106319
107493
108321
108520
108599
109051
109363
109498
109551
110073
110085
110211
110899
111038
111074
111211
111383
111432
111668
111670
111738
111996
112041
112161
112979
113566
113725
113875
114176
114363
114474
114666
114807
114989
115407
115437
115438
115559
115880
116737
116969
117070
117321
117667
117755
118229
118234
118478
118658
118931
119314
119510
119803
119902
120389
120461
120966
121147
121729
121796
122221
122824
123358
123777
123825
123949
124073
124101
124200
124233
124288
124397
124464
124500
125579
125615
125897
125962
126177
126662
126674
126740
126864
126875
127376
127760
127965
128359
128616
128703
129105
129345
129525
130019
130089
130799
131005
131348
131514
131554
131823
131834
132519
132936
133022
133618
133707
133789
133917
134151
134631
134691
134880
135083
135612
136832
137310
137464
137677
137870
138169
138520
138521
138886
138923
139038
139963
140232
140234
141181
141312
141648
142056
142062
142122
142816
143204
143401
143488
143826
144009
144206
144417
144465
144681
144896
145215
145422
145747
145823
145875
146201
146307
146540
146585
146720
146803
146916
147266
147287
147391
147896
148040
148200
148277
148360
148775
148965
149020
149180
149302
149373
150269
150382
150575
150824
150995
151216
151445
151830
152330
152484
152692
152806
152897
153009
153490
153780
153850
153949
154248
154544
154897
154982
155063
155211
155647
155710
155896
156096
156377
156491
156634
156644
156680
156999
157047
157125
157377
157425
157656
157729
158006
158388
158554
158565
158672
158811
159082
160181
160314
160513
160677
161156
161394
161861
162167
162193
162224
162262
162796
163615
163810
163869
163878
163930
163976
164382
164467
164753
165005
165109
165402
165690
166603
166799
166926
167077
167298
168953
168983
169402
169564
170131
170158
170515
170744
170884
171039
171393
171711
171771
171799
172406
172417
172468
172552
172570
173528
173968
174124
174485
174525
174942
175203
175777
175844
176146
176862
177011
177118
177125
177126
177419
177528
177543
178315
178952
179466
179750
180008
180366
180493
180728
180808
181312
181964
182006
182140
182375
182535
183834
184242
184558
184841
185126
185479
185724
186079
186815
187189
187533
187833
188482
188982
189016
189419
189769
190062
190305
190335
190629
190844
191293
191307
191561
192038
192058
192516
192616
193191
193227
193275
193469
193696
193943
195071
195260
195642
195791
197394
197718
197752
197892
198339
198355
199278
199285
199576
199622
199647
199673
200047
200265
200375
200564
200793
201024
201127
201158
201921
202040
202075
202371
202616
203067
203148
203898
204046
204181
204886
205515
205683
206012
207166
207287
207749
208238
208744
208865
209218
209656
209786
209794
209988
210009
210910
212013
212183
212231
212450
212994
213233
213379
213501
213874
214015
214235
214446
214463
214828
215614
216510
216828
216882
216977
217739
217797
217917
218250
219957
220306
220364
220933
221670
221900
222000
222640
222645
223033
223363
223641
223767
224365
224509
224522
224585
224614
224651
225562
226026
226924
227151
227159
227234
227281
227452
228020
228704
228856
229452
229735
230479
230884
230896
231620
231807
231878
233072
233415
233524
233668
235226
235527
235542
235596
235762
235938
236597
236748
236758
237181
237374
237432
237582
238161
238678
239129
239186
239422
239773
239799
240304
240550
240562
240569
240661
240683
241230
241388
241558
241845
242062
242201
242802
242913
243783
243975
244024
244198
244320
244413
245092
245247
245468
245850
246112
246255
246299
246987
247546
247708
247730
247735
247754
247792
247851
248530
248968
249024
249262
249608
250963
251002
251114
251287
251477
251493
251568
252184
252589
252915
253050
253363
253749
253934
254338
254490
254538
254986
255620
255765
256229
256735
256962
257154
257400
257493
257832
257995
258341
259367
260082
260951
260993
261019
261061
261223
261658
261761
261850
262236
262572
263196
263293
263361
263583
263706
264020
264031
264417
265244
265438
265551
265595
266020
266458
266667
266995
267121
267198
267310
267779
268916
268923
269078
269187
269369
269708
269732
270220
270237
270415
270690
270843
270998
271035
271478
271779
271964
272202
272583
272609
272710
272873
273002
273537
273854
273864
274199
274400
274609
274657
274742
274836
274953
275298
275398
275588
276151
276275
276298
276369
276394
276667
276785
276905
277301
277744
278602
278763
279036
279218
279525
280139
280194
280686
280766
280838
280880
281256
281279
281284
281956
281988
282078
282188
282261
282311
283600
283700
284565
284816
285090
285206
285248
285611
285662
285803
285995
286384
286391
286429
286476
286532
286841
287131
287136
287730
287954
288051
288098
288466
288489
288795
289259
289515
289607
289773
289822
289839
289990
290340
290413
290616
290889
291218
291317
291986
292179
292873
293020
293294
293480
293965
293992
294576
294592
294965
295033
295240
295601
295735
295768
296181
296486
297097
297113
297302
297354
297364
297442
297694
297988
298450
298548
298971
299623
299637
300136
300297
301197
301872
302086
302117
302471
302502
302580
302709
302892
303513
303635
303751
303808
304298
304384
304780
304901
305209
305242
305678
305723
306020
306027
306030
306042
306731
306809
306911
307101
307192
307407
307437
307874
308169
308573
308599
308695
309018
309153
309435
309560
309792
309947
310155
310170
310223
310313
310380
310387
310392
310406
310659
310954
311860
312376
312801
312931
312952
313509
313674
313731
314647
314652
315018
315187
315397
315416
315575
315695
316593
316599
316762
316884
317456
317558
317641
317644
317815
317870
318075
318300
318322
318414
318619
318677
318900
319150
319299
319435
319544
319824
321330
321909
322061
322486
322520
322537
322670
322776
323051
323584
323601
323729
323762
323920
324295
324385
324402
324605
324985
325127
325302
325322
325354
325622
326189
326520
326842
327034
327059
327179
327215
327452
327610
327658
328326
328489
328876
329014
329649
329769
330295
330299
330866
331247
331661
331686
331745
332099
332635
332651
332924
333036
333382
333530
333674
333787
333857
333899
334389
334634
334919
335094
335156
335469
335544
335643
336353
337037
337108
337309
337424
338604
338947
338991
339641
339905
340229
340311
340446
340694
341102
341113
341628
341866
342550
342633
342688
343095
343202
343312
343694
343886
343970
344884
345500
345762
346106
346333
346952
347091
347169
347187
347476
347548
347752
348255
348261
348373
348380
348387
348462
348586
348809
348997
349049
349360
349380
349537
350093
350143
350706
350767
350867
350923
351013
351230
351455
351525
351613
351648
352539
352928
353265
353337
353361
353385
353820
354101
354393
354419
354659
354730
355203
355573
355661
355848
355892
355942
356178
357034
358032
358331
358393
358497
358633
358958
359007
359909
360666
360750
361022
361075
361239
361384
361488
362310
362806
362898
363005
363387
363692
364047
364367
364641
364895
365043
365174
365455
365816
365900
365949
366052
366422
366711
366764
366974
367391
367407
367523
367609
367842
368247
368424
368456
369127
369391
369729
369854
371398
371498
371532
372440
372572
372737
372970
373743
373750
374158
374194
374337
374383
374468
374511
374519
374604
375053
375104
375108
375121
375393
376046
376431
376854
377242
377365
378412
378542
378650
378893
379173
379262
379349
379528
379576
380054
380131
380150
380333
380539
380657
381307
381562
381699
381774
381805
381915
382492
382530
382693
382891
382901
382947
383043
383075
383425
383443
383619
383804
383930
384139
384261
384542
384671
384877
385205
385264
385630
385858
385979
386149
386201
386308
387181
387239
387373
387532
387666
387680
388202
388861
388905
388999
389035
390199
390693
390726
390756
390808
390857
391139
391203
391419
391614
392030
392698
392932
392937
393334
393439
393575
393614
393980
394085
394121
394180
394345
394580
394811
394905
394962
395081
395548
395605
395636
395908
395963
396036
396392
396780
396894
397058
397622
397676
397821
397840
397953
398236
399087
399468
399542
399587
399615
399682
400153
400212
400264
400722
400788
401121
401213
401439
401551
402031
402047
402637
403759
403762
404347
404441
404535
404833
405368
405490
405700
405852
405901
406056
406251
406252
406430
406479
406484
406495
406575
406959
407083
407118
407242
407270
407307
407406
407473
407955
408044
408175
408547
408592
409443
409846
410508
410806
411159
411679
411843
412311
412387
412436
412959
413004
413043
413106
413192
413937
413960
414069
414077
414106
414188
414637
414692
415088
415279
415300
416080
416396
416537
416623
416627
416684
416910
417564
417976
418113
418229
418371
418826
419033
419058
419062
419136
419368
419594
419711
420016
420529
421049
421122
421137
421214
421496
421985
422081
422261
422497
422545
423095
423347
423402
423459
423653
423673
423706
424321
424567
424584
424597
425197
425263
425951
426000
426028
426139
426159
426458
427062
427086
427408
427450
427768
428202
428793
428816
429072
429530
429617
429719
429748
429785
429959
430000
430129
430713
430802
430812
430886
431431
431547
431746
432121
432305
432312
432339
432898
433205
433234
433538
433622
433720
433916
434047
434713
434724
435114
435343
435345
435521
435534
437007
437913
438169
438646
439015
439115
439171
439314
439623
440757
440982
441047
441643
441869
443011
443015
443070
443258
443262
443780
444127
444513
444776
445614
447321
447368
447576
447717
447802
448590
448909
448989
449864
450043
450723
451153
451258
451487
451669
451897
452286
452425
452907
453193
453207
453331
453458
453834
454219
454323
454416
454587
454720
454905
455141
455342
455425
455688
456219
456426
456595
456698
456884
457314
457818
458615
458746
458823
459070
459204
459405
460064
460228
460310
460711
460884
460915
461276
461689
461875
461997
462209
462697
462727
462891
463016
463253
463491
463507
463510
463550
463715
463959
464167
464208
464558
464744
464835
465110
465285
465308
465412
466057
466075
466214
466493
466573
466690
467594
467949
467993
468241
468259
468355
468493
468791
469049
469360
469793
470042
470106
470403
470752
471672
471775
472140
473077
473227
473462
473774
473939
474045
474104
474302
474673
474879
475170
475420
475561
476199
476261
476466
476566
476599
476646
476702
476901
477133
477692
477997
478296
478456
478470
478530
478604
478915
479114
479253
479307
479829
480218
480373
480775
480899
481388
481873
482512
482827
483002
483545
484042
484576
485101
485168
485611
485901
486173
486210
486524
487104
487355
487798
487885
487956
488798
489055
489149
489485
490207
490282
490375
490737
491702
491803
492152
492221
492764
493369
493464
493903
493937
494174
494809
495099
495425
495580
496253
496929
497131
497674
497807
498303
498524
498613
499303
499840
499855
500021
500089
500575
500586
500737
500910
501066
501092
501191
501514
501994
502013
502112
502556
502970
503073
503081
503126
503187
503254
503775
504100
504200
504317
504387
504554
504682
505184
505779
505859
505984
506206
506632
506984
507335
507544
507563
507761
507911
508075
509386
509392
509547
510144
510225
510386
510597
510599
510669
510699
510973
511129
511557
511732
511815
512147
512310
512483
512905
513029
513085
513469
513782
513907
514133
514200
514456
514478
515291
515329
515368
515602
515778
516255
516463
516501
516505
516890
517175
517443
517640
518279
518488
518680
518710
518808
519009
519059
519261
519357
519469
519499
519581
519593
519885
519887
520014
520071
520086
520357
521133
521183
521291
521461
521806
521837
521885
521974
521999
522471
523192
523195
523517
523626
523723
524084
524910
525118
525126
525249
525764
525815
526047
526088
526400
526976
527144
527178
527838
528008
528757
529405
529466
529795
529805
530970
531926
532008
532364
533279
533584
534579
535047
535323
535602
535916
535929
536074
536334
536398
536549
536667
536787
537036
537113
537131
537742
537872
537976
537979
538020
538286
538287
539301
539430
539446
539813
539909
539968
540625
540942
541775
541799
542073
542277
542333
542380
542397
542461
542733
542969
542971
543214
543243
543430
543672
544077
544826
545944
546628
546750
546904
547021
547031
547403
547712
548232
548480
548866
549005
549759
549858
549954
550293
550387
550509
550646
550812
550893
551617
551892
552027
552042
552162
552232
552282
552483
552715
553162
553790
553832
553886
554173
554519
554567
554852
555224
555398
555704
555714
555753
555810
555962
556228
557153
557170
557270
557344
557428
557636
558182
558424
558934
558940
559052
559437
559504
560139
560427
560736
561007
561097
561237
561280
561560
561615
561723
561920
561973
562031
562473
562758
563386
563600
563799
563868
563904
564430
564995
565138
565366
565546
565973
566035
566225
566257
566886
566952
567034
567466
567787
567901
567957
568128
568132
568267
568642
568906
569376
570299
570444
570691
570702
571184
571232
571877
572139
572511
572850
573259
573488
573561
573952
573956
574109
574374
574821
575196
575459
575523
576286
576301
576349
576362
577267
577407
578192
578639
578715
579124
579663
580198
580256
580277
581288
582298
582592
582622
582842
583115
583316
583460
583485
583606
583933
584255
584447
584758
584986
585071
585130
585301
585369
586120
586233
586384
586437
586508
586654
586986
587069
587105
587277
588342
588699
589014
589209
589325
589659
589811
589844
590026
590239
590352
590393
590713
590930
591109
591423
591465
591620
591864
592024
592027
592214
592296
592510
592647
593535
593782
594027
594103
594278
594535
594644
594749
595172
595227
595332
595750
595837
595863
595924
596199
596356
596695
597001
597022
597521
597899
598246
598308
599076
599235
599279
599687
599789
600101
600388
600864
601110
601148
601192
601323
601555
601588
602111
602293
602583
602585
602830
603134
603204
603362
603395
604255
605319
605523
606250
606283
606446
606450
606841
607076
607312
607795
608228
608366
608651
608653
608822
608982
609085
609104
609205
609542
610249
610380
610441
610511
610984
611122
611366
611397
612127
612790
612824
612925
612994
613209
613585
613616
614247
614286
614697
614754
615986
616108
616225
616904
616924
616935
617042
618355
618595
618667
619253
619437
619476
619574
619694
619942
620005
620290
620552
621246
621681
621765
622013
622027
622143
622174
622410
622433
622751
623127
623497
624179
624366
624471
624875
625136
625462
625943
626070
626162
626186
626237
626274
626305
626395
627973
629361
630191
630361
632691
636991
639696
640747
640895
641680
642739
645896
646273
650614
657021
657916
659809
660059
662123
663506
667317
668724
672840
673938
675849
676503
677579
678661
679482
681522
684214
684546
685854
685909
687362
688016
689996
690403
696047
696497
698889
699957
701934
702321
703803
704970
705461
706156
707905
712681
714679
714700
714926
715341
715453
715934
716607
717234
717262
717621
717996
718355
718506
718509
719834
719939
720525
721216
721386
721553
724230
724912
726829
729038
729282
731056
731608
731670
732484
733176
734723
736206
738717
738892
738937
739106
739852
740042
740276
740458
740464
740470
742252
742338
743791
744131
744475
744887
745144
745446
745567
746247
746585
746673
747029
747212
747446
747609
747927
748107
748201
749038
749349
750245
751160
751424
752203
752568
752577
752960
753107
753583
754685
754690
754772
755160
755417
755525
755860
756073
756204
756856
756908
757332
757740
758594
758771
758887
759286
759378
759650
760007
760174
760228
761035
761107
761277
762412
762773
763217
764758
765564
766230
766358
767642
770844
771728
773466
774307
775182
775383
776870
777103
777287
777319
777614
777955
778466
782387
787467
789110
789391
789531
790376
790704
791679
793046
793509
793957
794092
794248
794273
794611
794701
795109
795345
796552
796862
797767
798464
798930
798943
800468
802143
802604
803781
805164
808622
810001
812623
815181
817038
819684
821001
822437
822467
824022
827344
827637
827711
827754
828469
828612
831233
831241
831633
831953
832234
832710
832718
833614
834588
834629
836943
838376
838612
839180
839662
842429
842941
843317
844047
846552
847065
847660
848540
849181
849398
850013
852509
863109
863227
864033
864160
864765
864948
865290
865461
865525
866133
866495
866598
866605
866670
866768
866805
867283
867332
867448
867576
867719
867960
868017
868062
868310
868375
868506
868830
868995
869035
869060
869131
870255
870287
870293
870598
871314
871331
871426
871864
872511
872738
873712
873972
874415
874591
874736
875212
875222
876204
877096
877173
877496
877676
877979
878173
878246
878894
879068
879125
879543
879765
879865
880018
880384
880558
880858
881361
881389
881500
881754
881847
882024
882122
882180
882861
883589
884018
884221
884368
884749
884793
885396
885509
886146
886368
886524
886814
887080
887379
887646
887726
888468
888504
888764
889255
889564
889850
890643
891055
891796
891814
893080
893758
895405
895588
895595
895618
895668
896272
896825
897897
898005
898139
898398
898488
899080
899601
899645
899788
899949
900071
900682
900950
901144
901773
901776
901879
902458
902624
902784
903406
903657
904057
904261
904285
904914
904975
905016
905482
905530
905810
906309
908210
908659
908872
908982
909001
909107
909180
910386
910803
911475
911592
911619
912460
913056
913200
913577
913872
914379
914668
915947
916120
916220
916607
916838
917482
917993
918078
918214
918260
918479
920439
920945
920997
921598
922053
922200
923982
925187
925848
926125
926305
926647
926991
927687
927894
928552
928649
930168
930308
931146
931963
932158
933050
933463
935878
936298
936517
938555
939408
939943
940833
941075
941247
942083
942775
943072
945244
945489
946107
946483
946889
948719
948732
948847
949250
950274
950589
950715
950781
950817
951317
951497
952141
953482
953695
954512
955102
955120
955324
955388
956341
956427
956935
957024
957197
957231
957240
957255
957568
958337
958670
960100
960264
962012
962902
963500
963615
964075
964377
964437
964521
964818
964970
965172
965265
965787
967056
967239
969035
969708
970894
971894
972091
974186
