100977
101105
101392
101486
101532
101913
101998
102086
102475
102939
103182
103286
103872
103904
104626
104921
105047
105351
105672
106150
106319
107305
107329
107884
107936
108208
108209
108228
108526
109220
109363
109498
109538
109551
109711
109765
109767
109999
110250
110592
112161
112455
112511
113036
113324
113625
114658
114730
114771
114898
114932
115438
116116
116737
117610
118606
118658
118675
118750
119521
120004
120248
120461
120622
120745
121076
121128
121437
121516
121729
121730
121796
122037
122130
123035
123517
123777
123948
124073
124326
124464
124500
124784
125045
125579
126006
126617
126623
126864
126962
127034
127760
127952
127960
128265
128914
129042
129525
129575
130366
130477
130532
130820
131188
131368
131554
131963
132014
132082
132674
132683
132722
133045
134116
134151
134748
136380
136593
137356
137685
137871
138296
138395
138754
138794
139113
140392
140558
140578
141100
142373
142418
143397
144418
144822
145000
145395
145422
145478
145747
146201
146208
146540
146574
146720
147052
147391
147715
147896
148089
148094
149020
149350
149579
150256
152033
152081
152462
152797
152806
153003
153213
153656
153673
153780
153900
154248
154386
154544
154792
155710
155896
156096
156366
156491
156705
156998
157047
157084
157837
158431
158554
159082
159143
159365
159861
159880
160121
160378
160443
160786
160851
161674
161915
162567
162754
164467
165402
165759
165785
166524
166603
166926
167077
167298
167840
168009
168560
169296
169402
169558
169564
170035
170791
170884
171090
172679
173071
173181
173319
173338
173968
174547
174617
174879
175433
175958
176040
176750
176862
176911
177115
177469
178829
179013
179922
180008
180522
180625
180652
180786
181027
181312
181548
181935
183470
183762
184045
184070
184512
184660
184841
185135
187255
187465
187715
188309
188522
188933
188989
189014
189419
189807
190040
191307
191537
191681
192277
192763
193056
193333
193536
193677
193696
193796
193871
193943
194842
195105
195200
195246
195383
195681
195808
195864
196143
196232
196934
197627
197718
198279
198513
198525
198623
199021
199123
199285
199554
199616
199622
199673
200047
200111
200370
200658
200796
200887
200999
201127
201410
201610
201893
202124
202473
202691
202754
203373
203478
203707
203740
204013
204068
204383
204765
205047
205335
205668
206093
206779
206960
207645
208332
208406
208744
208868
208955
208999
209010
209796
209850
211111
211354
211550
212097
212581
212664
213179
213412
214272
215089
215341
215560
215849
216179
216241
217618
218258
218260
219222
220763
221670
221739
221900
222000
222001
222403
223072
223458
223493
224098
224306
225015
225103
225255
225819
227159
227267
227696
228319
228538
228559
228704
229711
229857
230440
230884
231496
231807
232029
232781
233042
233561
234537
235708
235938
236037
237015
237038
237181
237287
237484
237582
237911
238557
238581
238881
238896
239281
239392
239479
239503
239835
240085
240151
240326
240550
240683
241230
241319
241671
241897
241974
242000
242027
242062
242148
242201
242928
243037
243039
243089
243362
243592
243973
244024
244101
244198
244413
244827
245076
245547
246715
247172
247304
247624
247735
247754
248530
248884
249024
249715
250063
250116
250707
251002
251287
252704
252947
253296
253886
253973
254538
254731
254812
254830
255262
255586
256174
256229
256318
256395
256849
256884
257663
258366
258851
258896
259079
259381
260017
260019
260237
260523
260694
261035
261185
261384
261683
261850
261855
263042
263652
263882
264679
265428
265630
266087
266150
266157
266161
266879
267234
267463
267739
267956
267994
268141
268342
268441
268854
269187
269404
269417
269732
270378
270415
270517
270927
271265
271452
271640
271865
271964
272307
272441
272943
272966
273658
273694
274132
274467
274554
274953
275298
275398
275864
276667
277301
277940
279756
280766
280855
281142
281256
281274
281605
281686
281822
281988
282315
283194
284672
284816
284995
285626
285995
286173
286321
286391
286476
286879
286890
287136
287178
287608
287610
287680
288053
288119
288287
288632
289026
289106
289822
290794
290818
291003
291188
291453
291752
291899
292856
293332
293338
293451
293602
294115
294116
294323
294723
294969
295265
295363
295374
295879
295906
296815
296905
297298
297467
297988
298245
298548
298742
299627
299907
300136
300882
301402
302223
303513
303696
303715
304012
304901
305003
305419
305487
305516
305678
306030
306042
306607
306731
306888
306992
307536
307813
307966
308273
308393
308745
309563
309710
309792
309947
310133
310155
310170
310313
310411
311176
312256
312308
312700
312801
312834
312877
313387
314234
314296
314647
314666
315168
315247
315695
316412
316534
316593
316678
316681
317108
317558
317586
317644
317809
317884
318210
318678
318902
319006
319334
319569
319859
320182
320316
320533
320723
322207
322520
322537
323045
323778
323785
323804
323920
324441
325066
325354
325831
326832
327138
327141
327179
327554
327610
328114
328876
328952
329309
329453
329473
330072
330991
331420
332083
332371
332850
332924
333181
333577
333852
333899
333982
334431
335094
335335
335544
335918
336514
336921
337752
338053
338947
339300
339319
339428
340253
340311
340705
341101
341122
341253
341341
341697
342654
342688
342699
343015
343385
343449
343754
343979
344483
344630
345181
345616
345785
345908
346363
347476
347516
348085
348462
348741
348809
349380
349622
350054
350390
350647
350887
350965
351253
352141
352527
352928
353235
353337
353647
353681
353744
353820
354197
354419
354730
354775
355386
355812
355838
356360
356436
356937
358664
359005
359053
360222
360303
360480
361281
361292
362894
363690
364206
364367
365265
365900
365989
366177
366422
366974
366986
367391
367693
367948
368030
368495
368624
369391
369654
369660
369769
370182
370809
371435
371498
371519
371575
372108
372245
372766
372779
372937
372970
373042
373185
373201
373549
374223
374383
374593
374977
375104
375108
375519
375618
375633
375986
376043
376109
376219
376468
376484
376532
377365
377414
378183
379262
379359
379890
379917
380131
380236
380551
380623
380881
381377
381463
381573
381808
381915
382334
383035
383075
383443
383804
383805
384122
384940
385271
385319
385858
385901
386192
386245
386308
386748
386879
387325
387532
388097
389026
389100
389385
389961
390100
390234
390982
391197
392366
392504
392742
392833
392937
393813
393967
394121
394148
394323
394541
394741
394795
394813
395532
395636
395817
395908
395963
396004
396036
396106
396370
396493
396674
396894
397295
397409
397676
397821
398534
398652
399087
399352
399468
399587
400788
401053
401241
402120
403196
403492
403552
403759
404019
404347
404535
405288
405705
405997
406037
406484
407141
407241
407242
408175
408547
409613
409846
410063
410517
410571
410625
411438
411452
411677
411787
412122
412127
412387
412414
412949
412977
413043
413192
413937
413969
413973
414069
414108
414193
414417
415088
415279
415493
415605
415742
415780
415836
415967
416080
416219
416959
417862
418113
418511
418537
418826
419307
420626
420839
420855
421796
421852
422151
422261
423518
423653
423778
424086
424567
424865
425954
426139
427086
427096
427572
427698
427961
428202
428273
428547
428651
428793
429140
429537
429748
429785
429826
430159
430778
431316
431838
432995
433003
433111
433622
434047
434197
434798
435091
435519
436333
436629
436693
437974
438114
438935
439310
439314
440468
440514
440532
440924
442141
442250
443006
443262
443971
444023
444058
444714
445001
445147
445370
446817
446878
447047
447294
447368
447504
448117
448397
448590
448660
449008
449026
449743
450235
450463
450524
451487
451669
451909
452025
452286
452470
453193
453207
453256
453691
453834
454007
454083
454219
454642
454907
455505
456059
457077
457187
457552
457820
457865
457930
458921
459004
459052
459341
459405
459723
459887
460550
460711
461002
461699
462438
462699
462727
462890
463030
463253
463510
463711
463903
464167
464331
464558
464928
465110
465158
465260
465370
466468
466493
466627
466946
467022
467032
468426
468467
468745
468751
468837
468961
469049
469619
469724
469953
470042
470106
470483
470752
471250
471628
471775
472481
472947
474006
474468
474850
474879
475454
475467
475838
476652
476702
476721
477056
477097
477133
477616
477785
478437
478556
478604
478681
479029
479117
479246
479396
479474
479735
480133
480366
480373
480524
480726
480746
480899
481067
481094
481873
482512
482549
482827
483414
483493
483494
484135
484493
484910
485168
485826
485876
485921
486173
486673
486850
487176
487260
488496
488650
488809
488821
489055
489057
490737
490982
491304
491806
492152
492345
492487
493366
493937
494444
494632
495409
495580
495684
496119
496563
496685
496730
497347
497711
497772
498151
498303
498326
498489
498529
499225
499303
499532
499712
500232
500504
501092
503075
503081
503371
504300
504334
504538
505468
505510
505518
505822
505859
505984
506129
506588
506849
507226
507544
507738
507835
507921
508354
509386
509577
509719
510144
510208
510303
510669
510718
511129
511179
511341
511598
511792
512707
512740
513128
513129
514324
514471
514478
514613
515977
516496
516505
516709
516890
517346
517443
517711
517916
518375
518759
518871
519137
519885
520071
520893
521191
521549
523410
523818
524222
525118
525481
525960
526047
526399
526400
526693
526732
527677
528192
528271
528601
528716
529688
529805
530133
530254
531231
531280
531554
531875
532633
532669
532932
533341
533525
534916
535313
535454
535916
535929
536334
536536
536911
537236
537630
537872
537889
538133
538147
538623
538955
539410
539446
539545
539813
540740
540956
541273
541286
541611
541799
542506
542513
543042
543171
543243
543323
543895
544399
545118
545944
545984
546857
547031
547151
547811
547968
548345
548830
548999
549392
549585
549662
549705
549925
550156
550387
550583
550799
550859
551013
551179
551221
551446
551892
552483
552709
552794
552866
552870
553162
553754
553886
554157
554521
554667
555525
555714
555727
556050
556062
557636
557665
557871
558015
558255
558639
560291
560373
560382
561252
561560
562434
562473
562603
562907
562991
563169
564492
565366
565899
565900
566007
566430
566577
566774
567096
567220
567447
567458
567971
568132
568421
568646
568859
569912
569977
570691
571874
571913
572651
573223
573952
574409
574456
574634
574920
574988
575287
575289
575459
575890
576233
576380
576608
576694
576981
577134
577525
577594
578365
578400
578838
578978
579429
580384
580793
580829
581328
582622
582909
583156
583207
583711
584262
584377
584447
585456
585524
585946
586384
586977
587138
587155
587703
587781
589044
589209
589322
589325
589702
589776
589952
590816
590828
590913
591423
591743
592421
592442
592613
592744
593170
593268
593355
594027
594063
594637
595037
595138
595282
595541
595924
596619
597096
597332
598334
598391
598886
598989
599193
599279
599789
599808
600101
600263
600388
600624
602247
602580
603130
603718
604098
604625
604653
604947
605261
605409
605446
605763
606283
606450
606834
607089
607278
607470
607514
608950
609070
609205
609257
609263
609478
609542
610511
611092
611456
612994
614286
614487
615114
615217
615243
615725
616225
616689
617647
618004
618180
618311
618387
619116
619257
619437
619694
619815
619942
620173
620532
621048
621843
622013
622027
622063
622133
622143
622174
622371
622410
622433
622586
622990
623497
624047
624145
624470
624915
625136
625462
626162
626176
626865
628778
634043
634282
638238
642079
642259
644899
647081
651715
652979
656665
658355
659809
660059
661747
663289
670749
671210
674700
675871
678120
679482
682601
684794
685930
686344
687257
687362
688836
693851
695135
695988
696493
697213
697228
698321
698767
698889
699477
700210
702321
703448
703590
703679
707701
710572
711308
711414
714926
715113
715423
715839
716605
716902
718355
718506
720072
721681
723977
728309
733250
733831
733909
734723
735179
735223
736979
737370
739109
739860
740276
741223
741623
741648
745144
745446
745709
746656
748989
749414
749773
750309
751356
751640
752568
753723
753730
754685
754772
755485
755762
756204
756531
756633
756895
757611
757850
758594
759476
760007
760865
761107
761843
762073
762412
762773
764196
764703
765564
768034
769933
771008
772616
773026
774498
776030
778698
779698
781302
781578
781591
784756
785547
785728
785945
785985
787610
787614
790376
793509
794427
794448
795345
798464
798831
801580
804991
805164
805362
805426
806597
810467
810542
813374
814206
814748
815181
818643
819078
819373
819522
821047
822185
822467
826258
826330
827711
828469
828612
830291
832718
836172
836225
836821
836943
838586
839184
840055
841590
841657
842925
842941
843754
844055
844535
846545
847660
849583
849812
863786
863878
864033
864225
864534
864748
865128
866495
867739
867960
868017
868321
868375
868554
868711
869075
869865
869888
870134
870598
871314
871654
872365
872431
873625
873976
874064
875347
876006
876118
876199
876389
876659
876768
877424
877676
879794
880018
880292
880760
881061
881754
882052
882215
883193
883606
885232
887818
887891
888764
889010
890147
890216
890863
891470
892436
892652
894075
894130
894316
895618
895668
896048
896272
896583
897079
897112
897762
898398
898488
898847
900071
900997
901144
901428
902458
902624
903174
903257
903406
903423
903623
903640
904057
904914
904967
904975
905016
905025
905139
905810
908210
908504
908778
908792
908872
909180
909985
910640
910909
911475
911614
911963
912180
912815
913872
914212
914379
914801
914864
914881
916245
916381
916607
916838
917867
917993
918078
918198
918808
918992
921067
921459
923662
924491
925981
926494
926653
926970
927319
927343
927425
928374
928552
929185
929505
929968
931963
932389
933026
933448
934189
934224
934984
936004
936946
937532
938271
938953
939185
939408
941677
943036
946036
946107
948522
948825
949287
949707
950274
950659
950715
950781
952954
953473
953733
954307
954509
955120
955263
956223
956341
957240
957568
957858
958765
959718
961026
961336
