103968
104822
108543
117667
118234
123725
125528
142696
143054
143382
145422
149428
151017
154289
158639
162971
163878
165749
166926
167717
167840
176101
176337
179586
182028
182535
184389
184726
187042
187589
191702
194276
196867
214656
215378
215791
227021
232785
235337
236154
239412
241017
241922
250966
256611
258221
258405
259329
259650
260837
263293
267343
267366
269957
274391
276785
281388
292246
293839
298426
303546
306046
311545
311590
329954
337406
338409
338947
343259
346696
348261
351013
353144
357076
358249
358583
376484
380150
380853
383481
383805
384261
387480
391690
392716
399087
400749
403181
406488
406912
408197
411179
418127
428202
428604
428892
430784
435438
439351
443377
451204
452481
463912
466946
469793
470752
473266
477001
481563
487513
489055
493013
494743
497189
497738
505859
516496
517749
518911
521883
533401
537392
540458
541799
548624
551594
552765
560139
565138
565366
567637
568735
572619
581567
590101
590231
597355
597907
602293
608210
610537
619437
620425
622027
622713
623205
625753
659809
674222
682824
687362
691229
697708
697907
712421
715341
717413
720269
725052
735292
735711
743909
749414
752568
754685
754772
755553
757578
758594
759650
761107
762811
765143
772088
772750
779569
784887
794720
795799
805683
842240
844499
849812
870559
872418
872973
876895
877095
879271
893886
894130
894223
895618
902225
904261
908778
911665
912462
923932
926125
927649
939404
949337
953571
956341
956708
957240
957824
961140
963615
964377
971686
975522
976696
978356
989025
