101024
103101
107981
110119
117305
129652
129710
129832
136453
140050
146446
147663
147948
149358
149637
150961
151025
156003
159875
160985
174204
179210
184407
200059
201704
205463
207999
210834
214711
215571
220140
223124
223769
225099
228275
236652
238407
248818
253333
263990
264105
271745
274519
275644
279304
282723
286472
288519
290854
294538
296054
305200
305396
309534
310663
314302
315486
327585
327617
328897
332160
332928
335616
338862
339517
342294
344769
348211
352441
352503
354157
355952
357076
362574
362946
365229
366154
372139
377348
378687
378874
379116
383544
387117
394153
395357
400827
402039
408070
415922
418716
419686
420925
421479
422630
424956
431711
431759
432141
433360
439351
442110
446165
447692
450466
450559
454311
459236
459955
460605
461439
461473
463380
469725
477100
480106
484877
488325
494428
494628
495306
498041
498176
501761
512605
513933
514340
514356
520405
527643
529492
531793
533985
534448
535942
536284
537265
537653
541925
548976
552096
555991
564607
565392
565400
565621
569180
575595
576610
577012
577640
580438
582695
583140
583822
584282
585525
586731
589971
591159
594113
595004
596702
602687
603359
606550
606674
610037
610554
613217
621412
621421
621494
622284
632628
643263
645195
669659
698237
747425
760981
772088
794666
836812
837578
849340
863491
863933
866441
867749
872971
880786
881629
885967
889372
894223
895808
900126
901126
901922
904610
921834
930557
934335
935817
939722
944595
948082
956265
956580
958691
960269
960774
964541
