100403
104822
142696
147839
149358
156003
162971
175030
176337
179210
211249
211730
217456
223769
227021
228275
238407
254464
272184
274391
281388
285334
296054
303182
317806
327617
329954
335616
338862
343860
355952
357076
358583
366154
383544
406488
410845
411179
414915
418127
418357
423123
429282
430340
430784
435438
439351
446165
452481
459955
460069
462236
484511
486113
490250
491988
492034
494743
497189
507612
537392
541311
545295
548446
558271
562287
567200
567223
581617
592916
595004
597355
597907
602068
615790
620536
622713
660186
713589
720269
733615
740166
748575
748771
756427
758819
772088
773468
827856
832604
834995
866455
872971
894223
896431
902688
909626
921280
924002
925898
927649
930557
956265
956686
957824
970355
976696
978356
981625
