104749
105649
115022
116517
118606
120086
122732
123618
124681
126277
134163
135702
140566
149318
150269
153041
159567
163920
176750
178285
179416
180086
180223
186654
188482
194411
202428
205440
215849
219957
220140
221900
226924
226985
227901
231687
249298
252031
252278
264679
267463
272651
273229
273864
274953
281114
285365
288714
297997
301967
302709
312856
314138
321596
323778
339675
343202
344106
353509
354054
356945
359007
361526
365101
365900
368456
371266
375104
378297
378436
378687
380986
382117
384624
385474
400264
402831
408044
409547
410571
416657
416959
420059
420063
428273
432898
438454
440924
447692
457077
458921
462181
463601
463711
465004
470042
478530
480524
488638
490260
490737
502556
506019
507544
507612
512740
517318
519306
538133
539446
543243
559127
560291
561973
574995
576459
578150
585456
586199
607833
612284
613217
619106
652000
675569
704673
705461
730825
756209
758819
759248
863640
866133
868054
876768
878915
891167
