100034
101205
101742
101749
102475
102532
103618
103904
104277
104282
104345
105649
105672
107216
108067
108163
108208
109075
109302
109665
110073
110691
110899
111670
111939
111996
112044
112161
114342
114363
115409
115438
115559
115663
116566
116969
118364
118606
119510
121029
121408
121730
121796
123434
123618
123777
124069
124326
124464
124681
127760
127943
128859
130184
130464
131368
131963
132253
132897
133383
133892
134163
134527
135083
135736
137722
138296
138325
139038
139113
140121
140340
140578
140922
143238
144206
144681
145592
145747
147391
147772
147896
149025
149579
149886
150393
150432
151412
151802
152484
152797
152992
153041
154544
154737
156096
156680
156688
156715
157745
158436
158639
160378
161742
162224
163470
163810
163878
164004
164308
164382
164738
165402
169261
169277
169564
170884
171039
171222
171664
172147
172406
173319
173528
174537
174578
175203
177889
178289
179750
179988
180172
180230
181607
183470
183912
184791
185724
186815
188482
188564
188774
189283
190199
191954
192516
192902
193575
194411
195200
195642
197210
197394
197571
197718
198355
199673
200726
200887
200898
201396
202323
202754
203067
203819
204208
204400
204431
204821
205003
206093
206779
207033
207233
207287
208410
208838
208955
209988
211044
211109
214303
215374
215849
217076
221900
222204
223788
224910
226056
226924
226985
230479
230762
231620
231687
234017
235637
236037
236773
237920
238828
238857
238881
239412
239503
241864
242195
242680
243039
243089
243291
244024
244198
245547
246011
246987
247160
247730
247851
248530
249024
249680
250116
251002
251568
252704
253296
254395
254903
254994
255913
256054
256229
256884
258366
258523
261264
261761
262161
262231
262604
262702
263245
263805
264832
265244
265724
265739
266150
266265
266879
267007
267391
267463
268985
269603
270247
270341
271035
271207
271525
272234
272307
272341
273854
273864
273947
274001
274953
275425
275978
276121
277935
278593
278763
280880
281142
281988
282914
283800
283918
284389
285144
285365
286321
286527
286903
287754
289284
291564
291986
292710
292885
293702
293851
294969
296181
296455
296603
296815
297364
297408
298245
298548
299386
299971
300175
301402
302249
302565
302709
303696
303778
303808
304012
304639
305006
305651
305678
306257
306583
306620
306638
307095
307719
308169
309153
309563
309662
309792
310576
311409
311546
312256
312418
312834
312877
313520
314138
315068
315575
315774
317108
317109
318265
318300
319870
320242
321135
321172
321672
322520
322776
324277
324352
324362
325265
326598
326603
327351
327984
329650
329675
330205
331165
331420
333036
333674
333809
333857
334634
335332
336921
338547
339428
339524
339606
341749
341894
342546
343189
343805
343869
344630
345301
345624
347187
347715
350390
350593
350768
350864
350903
351013
352928
353663
354101
354659
355838
357330
358338
359007
361022
362673
364407
365174
365989
368624
369390
369391
369654
371882
372524
372811
373394
374115
374847
375104
375986
376045
377735
377790
378436
378820
379043
379272
379721
380131
380551
380689
380828
381624
381698
381774
381830
382117
383140
383464
383520
384261
385149
385271
387373
387552
387862
388392
388905
390756
392937
393439
395643
397075
397272
397384
397621
398410
399615
400253
400477
400722
400735
401971
402886
403184
404019
404264
404347
405575
405783
406478
406630
407030
408125
409690
412387
412468
412833
414077
414104
415447
415967
416657
416959
417862
418229
418446
420571
420839
421137
422418
422933
423518
423653
423778
423915
424534
425686
426731
427086
427768
428202
428345
428651
428816
429537
429909
430619
431084
432898
434667
435091
436333
437161
437193
438718
439114
439141
440533
441643
445147
445612
446783
448590
448664
449488
449584
449743
450235
450623
453458
454134
454692
454720
455065
456059
457077
458098
458202
458365
458450
458615
458700
458921
459070
459341
459345
460453
460697
460839
460889
460915
462055
462697
462734
462736
463711
463912
464230
464482
464558
464842
466214
466468
468467
468961
469962
470042
470752
470958
471841
472209
472493
474027
474302
474850
475078
476137
477191
477413
477520
477616
478530
478658
478744
478749
479629
480033
480373
480524
480968
482649
482761
482817
483161
483402
483545
485826
485938
488638
490090
490190
490260
490737
491767
492002
493013
493029
493713
493927
494954
495409
495424
496253
496931
498303
498824
499840
500190
500910
502104
503126
503254
503371
503525
503579
505482
505693
507835
507911
508058
508100
508101
508797
510062
510199
510718
510875
510973
511024
511341
512140
512483
514476
514478
515371
516115
516389
516797
516808
517302
518902
519469
519872
519887
520059
521461
521549
521837
522574
523891
524117
525166
525249
525646
527677
527838
531250
531554
532504
532669
533061
535159
535249
535563
535736
535838
536990
538951
539446
539813
540247
542068
542084
542288
543243
543323
543430
543563
545605
545865
545944
548135
548219
548439
548624
549038
551749
551846
552027
552555
554164
555753
555942
556969
557456
557579
558639
558641
559947
560291
561252
561850
562595
564430
564980
566035
566577
567321
567455
567712
568128
569585
569912
571624
571913
572676
574409
574634
574649
575210
575459
576233
576731
578389
580533
580983
582842
583115
584045
584126
585456
585712
585939
587925
588675
591492
592027
594535
596160
596414
597738
598811
598886
599279
600263
600388
601900
602111
602293
603718
604625
604653
604947
605068
605153
605811
606450
606490
607278
611059
611397
615217
615324
615597
616225
618779
619437
620005
622143
623137
624212
624879
625494
626162
626176
626395
626399
630066
631244
631451
631461
632049
634282
634638
637041
640694
645215
645406
658355
663289
668724
670007
670760
673938
674222
674245
675569
684785
688328
689996
690846
692542
692993
703218
703617
703679
704816
711978
714299
717621
719763
720705
733557
737170
739109
739929
740276
741223
741648
747609
747927
749466
751146
751640
752568
754685
754715
754789
755674
757740
758123
758478
758594
761107
762864
764204
769479
769922
770844
772616
773466
776007
779524
783906
785590
788436
790557
794248
796787
798559
804484
805164
805683
806597
811153
813375
815145
816093
819320
819684
819859
821908
822185
822437
824022
825683
829333
833102
833153
835363
835609
836821
837950
839456
839662
839912
840826
843255
844055
844499
845834
846545
847660
849812
863786
864534
865067
865525
866133
866805
867332
867719
868375
868830
869206
869865
871042
873863
874128
874591
875431
875750
875771
880292
880445
881500
881662
881847
882396
882861
884582
886460
887624
888269
888336
889243
889264
890276
890387
892371
894130
894596
897213
898398
899330
899733
899949
901075
902691
902696
903406
903655
904661
904975
905016
905059
905659
906700
910272
911400
912494
913373
913577
913872
913899
916148
917021
918021
922347
923784
923982
924214
924254
924491
926125
926471
928649
931963
932152
933048
937601
938182
942775
946201
949144
949677
950715
950781
952954
953088
953180
953733
953965
954307
956307
956698
957231
957568
958064
959598
962012
962422
963523
963615
964485
964774
965265
965330
966062
966593
968496
971440
971922
972514
972883
975068
975522
976825
976854
977640
977943
981210
981371
981480
983100
983459
984803
989006
989353
989745
992906
993844
994504
995229
995436
996211
996220
996393
997163
998202
998827
999259
1000572
1002713
1002826
1002898
1004644
1005325
1007975
1008376
1008533
1008562
1009010
1010502
1014685
1016135
1018350
1019099
1019250
1019590
1020360
1021653
1021721
1023595
1027704
1028096
1028864
1029318
1029514
1029879
1030087
1031560
1031992
1032002
1033300
1034094
1034336
1035095
1035211
1035557
1036452
1036736
1037072
1037646
1038016
1040323
1043402
1043765
1044791
