101749
105649
108228
109765
116517
117305
121796
122732
123618
124681
127960
130464
132519
145747
146032
147391
149886
154132
154386
156003
158431
160378
166524
173528
176750
176911
180008
180587
180786
187465
188309
188482
197394
202428
205440
209988
215849
219957
226924
231687
238481
247851
258533
261750
263042
264679
267463
273864
274953
282315
284816
285334
286161
302709
303696
309886
314138
315575
317586
328105
342654
350268
350390
352108
356360
362989
365816
365900
375104
375840
393813
397295
411438
412977
413973
414915
416959
423518
423673
428273
432898
438114
440924
442110
448590
457077
458921
460889
463711
464842
467022
470042
472947
474879
480524
482827
484493
490737
493903
498303
501835
503371
505518
505822
506019
507358
507544
508797
514697
519068
519137
520071
524222
525646
527677
528848
533341
534619
534910
537630
539188
539446
541689
544269
544498
549585
560291
566035
584045
593535
594535
600365
601072
607833
613840
621421
622063
642259
701121
705461
716605
734759
758819
823514
834588
837578
842170
864534
866133
868830
874591
876768
881662
894316
895668
897112
901985
904914
905016
908694
923982
926991
934224
937394
950817
957568
