100034
103618
103904
104345
105672
108067
108163
109302
110691
110899
111670
111939
111996
112044
114342
115438
116969
123434
123777
124326
128859
131368
133383
133892
134527
135083
135736
137722
138296
139038
140050
140578
140922
144206
147772
147896
149025
149579
150432
152992
156680
156715
158436
163470
164382
165402
169261
169277
170884
171039
171664
172147
174537
175203
177889
179750
183912
186815
193575
197210
197571
199673
203067
204431
204821
205003
206093
206779
207033
208410
208838
211044
211109
225099
226056
230479
232780
234017
236037
237920
243089
243291
244198
245547
246987
247730
251002
251568
254994
255353
255913
258366
261761
262231
263245
264832
265724
265739
266265
267391
268985
269603
270247
270341
271207
272234
275978
276121
277935
281142
281988
283918
284389
284704
285144
289284
291564
291986
293702
293851
294969
296181
296603
299971
301402
302249
304012
305651
306257
306638
307719
309153
309662
310576
311409
312256
312418
315068
317109
319870
321172
322520
325265
326598
327984
330205
333036
333674
333809
338547
339517
341894
344568
345301
350593
354659
354817
355838
361022
365174
369390
369654
371882
374847
379043
379721
380551
380828
381624
381774
381830
383520
387862
388509
395643
397272
397384
398410
402518
402886
407030
408125
412468
417862
418446
420571
420839
421137
422933
423778
429537
429909
435091
437161
437193
439114
448664
449488
449743
450235
454720
455065
458202
458450
462055
462736
464230
464482
469962
471841
472209
474027
474302
478658
479629
480033
480968
482761
483161
485826
485938
490090
490190
492034
493713
494954
496931
498315
503254
503525
505482
507835
508058
508101
510062
510718
511341
512140
516115
516797
516808
517302
519872
523891
524117
525166
532669
533061
535159
535563
539350
542068
548135
551749
551846
561850
562595
569585
569912
571624
576233
580983
585712
588675
596160
600388
611397
616225
618779
622143
625494
626162
626395
626399
632049
634282
634638
640694
658355
663289
670007
670760
674245
689996
690846
692993
703218
705311
714299
720705
740276
741648
747927
751146
751640
758478
762864
769922
772616
779524
783906
790557
798559
816093
839662
839912
843255
863786
865525
869865
871042
872971
875750
880786
882396
886460
889264
889372
899264
900203
901075
902691
903406
903655
904975
906700
913373
913872
916148
922347
924491
926471
937601
946201
950715
950781
952954
953088
953733
953965
956698
957231
962422
963523
964541
971440
971922
972514
975068
976825
977640
981210
981480
983100
992906
999259
1000572
1002826
1007139
1008533
1009010
1010502
1016135
1018350
1020360
1021653
1026236
1027704
1028096
1029879
1030087
1032002
1033068
1034336
1035557
1038016
1044791
