100615
100977
101105
101749
102939
103799
103968
104142
104518
105769
106150
106410
106717
107463
107874
108301
109767
109910
110245
111543
111890
111896
112041
112051
112161
113036
113270
113324
113700
114176
114449
114719
114750
118478
118554
119057
120248
121128
121147
121672
121730
121780
122584
123358
123618
123949
124073
124116
124474
124681
124990
125045
125407
125579
125798
125902
126482
126551
128265
131402
132966
133022
134473
134631
134880
135030
137806
137982
138325
138395
138419
138794
139038
140052
140591
140784
141207
141231
143488
143947
145230
145974
146481
147333
147896
149249
152806
152824
152992
153168
153358
153534
153604
154662
156590
157047
157180
157310
159853
160962
161105
161721
162167
163878
165377
165568
165785
167840
169695
170102
170198
170729
170744
171620
172406
172560
173968
174525
174735
176187
176424
176549
176862
177528
177783
177933
179934
180172
180415
180493
181624
183140
183182
183978
184841
185625
185724
186738
187465
187833
188482
189043
189915
191307
192639
192911
193388
193677
194240
194762
195105
195200
195858
195864
195953
197394
197718
198513
198525
198623
199022
199285
199673
199937
200564
200853
201253
204046
204208
205363
205793
206077
206078
208332
208744
209033
209988
210355
211149
211581
212363
213211
213461
214517
215849
220424
221900
222403
222676
222847
223318
224478
224522
225819
225855
228171
228704
229076
229149
229999
230980
231496
233072
233959
234017
235183
235596
235938
236608
236672
237181
237287
238557
238581
238881
239835
240409
240683
240947
241017
241230
241319
241604
242000
242148
242201
243973
244099
244198
244827
245059
245076
245144
245547
247304
247754
249024
249449
249715
249926
250116
251002
251141
251428
251719
252901
254276
255658
256540
256648
257154
257398
258413
258658
258896
260993
261443
261458
261658
264230
264832
266265
267304
269187
269708
269982
270220
270370
270415
270422
271265
271553
271964
272123
272341
272436
272441
273010
273854
274001
274124
274953
275684
275937
276369
277799
278763
281256
281283
281584
281822
282188
282802
283016
284033
285137
285995
286215
286321
287398
287468
288120
288466
288714
288846
289106
289819
289938
290616
291453
293992
294269
294568
294969
295538
295946
296036
296110
298450
298548
299417
301402
301967
302343
302379
303715
304012
304332
304549
304901
306323
306607
307559
307895
307966
310155
310761
312877
313128
313520
313650
313654
313925
314153
314863
315397
315727
315762
316182
316273
316895
317424
317641
317644
317704
318476
318991
319196
321006
322207
322395
322520
322977
325354
325765
326404
326598
327141
328086
328876
330312
330852
331316
331420
331498
332850
333924
336381
336514
339292
340209
340678
341101
342376
342550
342654
343385
343449
344551
344630
344702
344704
344944
345758
346475
347476
348948
348997
350593
350647
351613
352108
352405
352928
353487
353647
353744
353820
353881
354101
354730
355838
357620
357820
358331
359806
361812
362274
363005
363393
363692
364367
364658
364804
365174
365536
366593
367291
367928
368624
368969
369391
369549
369654
369769
370861
371519
373185
373549
373648
373931
374511
375104
376322
376847
377365
377685
378650
379133
379152
379576
380131
380551
380689
380829
381915
382271
382915
383075
383585
383944
384782
385271
385319
386924
387101
387373
388202
388275
388999
389100
390756
392099
392200
392504
392562
393334
394541
395081
395713
395817
397289
397669
398225
398652
401971
402047
403386
404325
404827
404833
406437
407270
407441
408044
408605
409376
409846
412316
412376
413231
414000
416756
417022
417862
419999
420063
421341
422118
422405
423037
423495
425539
426000
427382
428048
428202
428651
429530
429540
429719
430029
431316
431743
432995
433003
435091
436333
436629
436854
437007
438686
439087
439384
440210
441047
442178
442439
443307
444023
445207
445370
445522
447013
447204
447321
447368
448117
449241
449654
450205
450235
450781
451156
451669
451909
452375
452829
453036
454219
456892
457077
457187
459432
459802
459950
460228
460815
462438
463457
463550
464167
464331
466147
467594
467878
468745
469830
470106
470483
470752
471260
472393
472602
472871
472987
473266
473765
473843
474302
475454
476509
476702
476951
476957
477263
477648
477668
477918
479396
480133
480899
481153
482562
482969
483490
483791
484493
484910
485168
487513
488496
488754
489345
490096
490190
490737
491014
491709
492469
493366
493696
493984
495580
496685
496995
497579
497772
498334
499303
500021
500312
500737
500915
502970
504300
504682
506019
506588
508067
510060
511601
512355
513322
513774
513907
514349
514589
515329
515602
515864
516709
516884
517346
517640
517696
518210
518439
518488
518808
518902
518911
519887
520008
520056
520840
521183
521769
521837
521885
523013
523195
523273
524613
524648
524786
525249
525660
525672
527840
528601
528757
528902
529911
531392
531393
531565
534226
534303
534673
535047
535633
535895
536971
537889
538133
539054
539446
539813
540091
540476
540798
542277
542971
543053
543323
544077
544260
544783
545337
545406
545590
546552
547386
548110
548135
548715
549005
550293
551892
554234
554567
555618
555806
555845
557270
557428
557472
557871
557959
560291
563165
563386
563868
564738
565366
565480
566430
566886
567220
567455
568346
568774
568859
569279
572676
574634
574988
576233
576380
576664
576981
577984
578365
580256
580458
580580
581812
582842
583156
583463
584447
584986
585340
585369
586116
587523
588666
588938
590237
590352
591423
591620
594027
594063
594535
594619
595924
598391
600263
600381
600388
600505
601555
601992
602122
602649
602861
603204
603293
604433
604581
604625
604772
604947
605319
606834
606879
607514
608366
608653
609205
609522
610249
610511
611043
612288
612356
613049
613209
615217
616225
616924
617647
617729
619463
619622
620005
621048
622013
622027
622174
622269
623541
624033
624179
624545
624767
625136
626070
626162
627182
631511
633457
640694
640984
643227
649774
653959
656000
657123
661827
667575
668634
668724
670760
674344
675528
675734
682317
686704
686964
689996
693202
693851
698572
709656
714926
714981
715263
715934
716317
716869
717009
717415
718355
718406
718468
719011
719107
720797
720846
721420
722124
723962
728393
730072
730652
733146
733176
733800
733908
733998
735292
736980
742499
744146
745567
748989
751356
752510
752568
754357
754685
755557
756895
758594
758624
758967
759265
761107
761912
762412
763217
764636
765409
766771
768959
769912
778698
781591
783083
790704
791569
