102309
102647
103371
104717
106748
110457
111901
113566
118234
118658
119454
134084
136453
137296
140234
141207
142122
142694
143116
143382
144417
146559
148414
154248
163878
166603
167476
171002
172406
174793
182290
187042
187317
187507
188772
190328
193285
193388
193922
195105
200853
201782
202040
204208
207645
214908
220201
221964
222650
225015
226362
227696
235938
241017
245071
247754
248633
248830
252829
257982
259627
260074
261019
261063
261502
263293
263990
267343
269187
273854
274391
278259
282991
283910
286384
286753
294115
299166
302042
302965
305003
307407
307985
310184
313130
315695
316587
319006
324277
325322
326124
326897
328019
332928
341501
343259
349876
350143
354730
357076
358331
361047
363692
365037
367291
375746
376046
379536
384261
399590
401439
403667
408080
411179
412436
415206
416589
418129
419747
422247
425536
426964
428202
430420
439351
439358
441318
443524
446438
447321
449367
451487
451572
452286
460222
460746
466095
469639
470752
471775
473266
474566
483402
484956
487513
488931
489263
495194
497771
503126
507920
508569
510010
511243
517749
518871
519469
519885
521885
531947
535929
536744
537370
543489
544028
545984
548999
550070
550953
552765
552972
555395
555714
557390
561726
565366
567649
574634
576664
579607
581567
583351
584447
587069
587925
589303
593137
594803
600773
604947
606550
608331
610645
614776
616647
619437
622027
625648
632915
637904
639744
656857
659809
675318
677551
688011
692563
705081
715147
715341
715903
722141
726988
733176
733528
735292
737348
739761
741582
742338
745847
747609
751356
752568
754772
757291
758594
758595
759650
761107
769445
772088
778660
794248
826615
840055
843216
849812
863993
864810
865945
868148
872511
874035
879270
884298
893886
894130
902696
905873
907179
907738
908778
916838
922072
