100351
101185
101532
101749
102484
102647
103218
103814
104626
105649
108067
108455
109615
109665
112161
113123
114170
114202
114932
115809
118234
119278
119803
120171
120248
120628
121147
121437
121730
122436
123035
123158
123618
123777
124464
124507
124681
124738
126059
126875
130019
130030
130464
130760
131879
132351
132640
132936
135624
136110
137379
137677
138305
138325
139038
139363
139963
140555
141636
142372
142770
143322
144834
145215
146201
146600
147287
147896
149025
149318
150585
151260
151893
152459
152735
152824
152992
153582
154544
156096
156365
156366
156680
157047
157663
159143
161742
162567
163869
163878
163968
164382
164738
164753
165023
165402
166469
168332
169564
170884
171664
172406
172679
173181
173319
173528
173791
174525
174568
175869
176262
176750
176862
178751
179750
180086
180230
181548
181935
182028
182855
183398
183470
184326
184389
184558
185610
185724
186625
187314
188309
188482
188725
191747
192647
193275
193922
194842
195105
195197
197571
197625
197752
198355
198623
199673
200047
200082
200173
201152
201253
202019
202227
202754
202996
203538
204037
204208
204400
204423
204431
205258
206155
207287
207645
209988
212139
212581
213205
214066
214177
214517
215374
215849
217276
218262
219951
220933
221900
221964
223493
223831
224069
225012
226621
228704
229146
232785
234176
235467
237191
238881
239503
239844
240321
241604
242928
243089
244198
245059
245072
247730
247851
248473
248504
249024
250481
250963
251002
253255
253731
253734
254661
254986
256229
258065
258366
258523
258581
261061
261223
261240
261360
261715
262231
262284
262604
263713
263913
264004
264526
264679
266150
266265
266879
266917
267463
268918
269015
269991
270341
271349
271415
271779
272075
272307
272393
272651
272748
273864
274377
274892
274894
274953
275134
275835
280855
281486
281988
282068
282802
283502
286321
286903
288714
288828
288913
289664
289747
290818
291564
291986
292878
293771
293992
294412
294965
294969
295802
296170
296181
297929
298245
298548
299373
299386
300175
301402
302709
303403
303696
303778
304012
305006
305678
306257
307548
308169
309445
309563
309792
311282
311783
312256
313130
313537
313776
314138
314234
314702
315575
316678
317456
317710
317905
318265
318300
319334
319895
320242
321145
321672
321909
322520
322776
322835
323183
323778
324205
327034
327358
327610
328019
328086
329014
329057
329339
330312
331420
331551
332665
333665
333674
335282
336005
337931
338437
339428
339445
339524
339885
341716
342546
342837
343202
344630
347220
348281
348948
349015
350143
350593
350768
350842
351455
351763
352960
353337
354659
355402
355676
355838
356945
357330
358021
358331
358497
359007
359746
361023
361281
361488
361735
361859
362516
362768
363884
364948
365174
365900
366096
366682
366986
368624
369206
369285
369391
369654
371498
371519
371575
372811
373747
374383
374468
375104
379721
379896
380131
380150
380551
380689
381138
381377
381585
381774
382117
383035
383075
383294
383508
383964
385858
388847
390756
390982
391425
392932
393967
393980
394530
396036
396493
396894
398652
400212
400916
401053
401082
401212
401971
402047
403445
404019
404347
404535
405901
405975
407872
407966
408044
409431
411304
411724
412056
412387
416080
416595
416959
417071
418229
419062
419656
420269
420751
420839
421408
422053
422933
423322
423653
424597
425954
426731
428202
428651
428709
430029
430135
430553
432898
433174
435091
435688
435733
437193
437259
438114
439261
441482
442764
445147
445207
445370
446002
446533
447143
447717
448590
449743
449870
450524
451487
451545
451717
451897
451909
452182
452470
453193
453200
453834
454083
454219
455085
455409
455894
457077
457287
457930
458241
458549
458615
458921
459070
459345
459771
460815
461581
461991
463108
463222
463507
463711
464208
465308
465309
466214
468467
468791
470042
470752
471529
471775
472871
473266
473727
474045
474073
475419
475865
476436
476646
477520
477616
477648
477779
477918
478530
479114
479256
480046
480133
480524
481388
481424
482649
482827
482999
483143
483211
483402
483545
483688
484328
484493
486310
487076
488638
489055
490090
490190
490737
491179
492002
493366
494017
495018
495047
496253
496738
498355
499734
500694
502013
503126
503202
504300
504984
505693
506984
507102
507197
507835
507911
508101
509577
509918
510062
510350
510450
510745
510973
511341
512310
513268
514478
515009
516389
516496
516505
517175
517461
518181
518488
519068
519261
519320
519885
519887
519997
520071
520424
520531
520693
521461
521724
521837
521885
521974
523273
523586
524222
524235
524542
525249
525481
525815
525889
526049
527590
527838
528165
528716
530139
531319
531831
531947
532893
534619
535838
536911
537810
538951
538955
539695
539813
541162
542487
542534
542697
543243
543323
543563
544077
544950
545059
545598
545605
545944
547021
548624
548927
549049
549788
549858
550268
550646
550799
551013
552282
552498
552896
555704
555942
557537
558639
558926
559042
560291
560369
561252
562138
562907
563579
563600
563641
564065
564256
564430
565223
565366
566577
567321
568331
569912
570365
571624
571913
572842
574136
574409
574634
575459
575877
576233
576692
577476
579001
579132
583460
584633
586977
587069
589776
591687
591704
592027
594105
594239
594535
595172
595341
595417
596222
596228
596695
597071
597177
598679
600263
600365
600388
601900
602814
605700
606187
606450
609958
610249
615217
616105
616189
617567
619437
620000
621499
621742
622013
622027
622143
624470
626070
626162
626395
635534
635753
640694
648052
649026
649774
659809
663848
665395
673938
674245
675569
687362
691554
692584
692982
695988
704237
705461
708299
711978
715147
715453
717186
719763
721265
721553
723322
723544
724769
725406
726371
727526
733176
735115
735292
735711
739109
740276
741223
742338
742396
745567
746656
747609
751146
752568
753087
753583
753723
754685
758123
758395
758594
759495
761107
762683
764868
767640
769023
769152
769443
769936
770844
772616
772750
774320
776554
777287
777523
777984
779524
780709
783541
783906
788999
793968
794248
794611
802942
805164
806452
811983
814748
815145
815334
817581
818643
819684
821073
824022
827637
828400
828612
828654
832235
833153
833231
836821
837831
839435
840247
841816
842170
842941
844055
846545
847675
849812
850013
852509
864313
865525
866133
866385
867332
868506
868830
869921
871654
872009
874128
876791
880018
880795
883307
883667
883748
889405
889564
889768
890276
891055
891167
892868
897112
898398
898843
898956
899080
899638
899733
899949
902696
903406
903655
904967
904975
905016
905119
906775
908694
909107
910832
911227
911665
913577
913899
914379
917482
918603
919331
922589
923784
923888
924214
926125
926494
926647
931963
932380
933448
948719
949127
950589
950781
952954
953733
956341
957568
958765
959390
959410
961422
962012
962022
963615
964485
964762
964774
965265
965727
966062
967703
967849
968496
968664
970450
971440
971992
972883
973080
973274
975187
975522
977640
981233
981820
982273
983577
983578
985144
985590
985871
986125
986410
986708
986779
986878
989025
989353
989745
990518
991528
992717
993442
993844
994504
995066
995229
995513
995957
996421
999010
1000560
1001029
1002898
1003246
1003424
1006496
1007975
1008376
1014685
