103101
112384
113350
115350
116964
122194
122732
129449
133955
137872
141674
144223
145163
147839
149358
150303
157573
161452
162147
165455
167691
167694
171303
172457
180587
183542
183627
188348
190264
193219
201782
211249
214134
217149
218551
219557
222969
223769
225099
232528
234582
240815
241363
253604
263990
271745
272184
274519
279261
279304
280075
285254
287925
288540
290288
293878
294538
296054
297198
297315
298513
299262
302042
304766
309554
311535
313330
314302
319732
324156
326137
328897
335616
342294
349205
350268
350295
354157
355952
361776
362574
367316
367989
371195
372729
376091
377990
382344
384413
389056
389914
397173
400827
403297
407709
408037
411990
413942
415543
415572
416265
419573
423513
425791
426918
427051
428499
429282
430423
436180
439351
444381
448223
448379
452539
455049
457519
460069
461169
461473
468528
469008
470371
472574
474358
479364
480255
481113
483232
483240
493195
495380
500773
511293
516054
517714
519298
531503
536854
541925
542485
542862
544269
545082
555991
557637
558155
562693
564534
565840
579243
580062
581203
585855
586731
592916
594993
595074
595959
597089
597230
599293
599341
600515
607352
610037
611076
615790
621494
624787
659309
684803
718364
733528
734759
737643
742911
747425
748791
752805
758819
763631
766612
772088
772269
773804
778878
779518
781259
783674
795195
831250
837578
844875
872317
872971
884179
903345
912606
913443
914618
923966
925116
930330
935849
938501
949192
