101024
104144
106541
113350
116105
132873
146257
147550
149358
156003
157480
157880
159875
161452
162721
170202
192454
200739
201782
207999
220201
223769
238099
238407
239147
249298
258511
263990
271745
288540
294538
296054
305396
307081
307920
309534
313574
319952
327617
332928
334513
353471
355952
362574
366154
366254
370185
371266
373276
379116
383055
388509
389862
393960
408070
411697
414485
415922
416480
420381
423513
429282
430456
431711
431759
433360
438350
443612
449959
450466
459955
460608
461473
462236
469710
471148
477100
479010
480106
485986
486113
490522
493195
501079
503181
511908
522150
523772
527643
529566
531887
532366
537265
538455
544269
558074
562740
573796
577640
585615
590436
592916
600515
602687
603359
607544
610554
613217
620536
650011
669659
723572
730692
734827
737446
756427
783674
830520
833255
849340
866455
866758
872971
879348
881068
882421
909626
909751
914959
927136
939722
949269
956580
969544
970355
976826
978356
978400
1001158
1007139
1017280
1023424
