112511
121730
124464
125045
132966
143204
151702
152033
155211
156690
161452
162284
165109
173319
175030
176657
185724
193275
193360
201118
204365
213211
222000
228704
238581
238881
240815
242195
242569
248530
253734
255262
259881
268343
272075
272307
277815
281971
282311
291999
296054
298776
306020
320242
339524
350768
355848
361180
362574
363387
366154
369391
390756
392937
398935
401971
402047
402254
411697
416080
418229
421496
427768
429282
432553
443015
459341
466468
475419
477056
477616
479246
485361
494566
496630
500312
504300
514478
517175
517640
521974
539813
543563
550509
552715
554469
554521
555753
558271
566577
567200
567455
577640
585524
594733
599293
604625
606450
609428
617729
680859
693202
718355
748748
770844
789996
836821
866805
874719
882861
914959
