103535
103968
104282
104826
105649
106075
108543
110518
110899
111287
111288
111853
111939
112511
114474
116290
116610
117667
118234
118554
119510
121147
121437
121730
123366
123725
123777
123801
123825
124681
124985
125528
126482
126864
127895
127960
128859
130019
130184
130555
131208
134527
137677
138058
138928
139564
139598
140062
140121
140480
141636
143054
143382
145215
145422
146078
146283
147309
149428
151017
151702
151893
152033
152806
153041
154289
158639
159372
160378
161156
163689
163878
165496
165749
166926
167717
167840
168122
169564
169895
170035
170884
171222
171664
173319
175777
176101
176911
178285
179586
180230
180346
180786
181548
182028
182535
183398
183666
184389
184726
187042
187589
188482
191702
192562
194276
194469
195197
195200
196296
196867
199673
200898
201744
202045
202507
204301
204431
205182
208648
212363
214656
215378
215791
217160
217932
219324
219957
220206
221670
222309
222416
223493
225012
232439
232785
234017
235337
236154
237374
238881
239412
240550
240554
241017
241682
241922
242190
242981
244544
245356
247822
247851
248530
249608
250397
250966
251923
252018
252547
256611
256991
257026
258221
258405
259329
259636
259650
259881
259945
260837
261223
261458
263293
264188
264679
266150
266177
266879
267343
267366
267463
267872
269326
269957
270247
270562
271035
272307
273126
273864
274742
274836
276785
278479
281988
282208
282336
282802
284497
284530
285059
285865
286306
286321
287136
287610
287867
289116
289747
290045
290267
291564
292246
293332
293839
293947
294969
295802
296170
296181
298138
298203
298426
298548
299397
302502
303546
303696
305651
305678
306020
306046
306257
306466
306788
307631
309445
309563
309703
309792
311545
311590
312882
313472
314138
314210
314228
315575
317586
319219
319309
319870
320242
320327
321672
322520
324352
325720
326520
326681
328086
328799
331420
331880
332348
333036
333674
335224
335334
337132
337406
338409
338947
339428
339524
339606
340253
342292
343259
343306
343385
343694
343816
344106
344290
344415
344630
346333
346696
348261
349220
349466
350390
351013
351040
351455
352928
353144
353299
355838
357620
358021
358249
359007
361488
364641
365174
366567
366721
366986
367153
368624
369285
369654
369660
371575
371928
372700
376484
378820
379272
380131
380150
380853
381774
381928
382117
382341
383082
383481
383805
384261
384267
384643
385858
386951
387373
387480
390234
390756
391690
392716
392742
392769
393334
394541
394553
396168
396609
397047
397621
399087
400208
400749
403181
403759
404347
405901
405975
406378
406437
406912
407716
408044
408197
408266
413973
416080
416163
416657
417862
419062
420839
421353
424865
425005
425352
425424
425686
426969
428202
428604
428651
428892
430029
432888
433987
435091
436804
438114
439245
440757
440924
441489
442713
443377
445147
446308
446533
446694
448117
448359
448590
448792
449515
451204
451811
451909
452320
453193
453374
453834
454219
455505
456040
457077
458339
458615
459341
459345
460889
461875
463912
464605
464842
465145
465877
465889
466468
466946
467042
467993
468426
468467
469793
470042
470065
470752
470971
471841
472209
472370
472947
473266
475419
477001
477056
477413
477520
478530
478658
479246
480133
480373
480524
480705
481563
481872
482649
482740
482827
483688
484351
484493
484647
484935
485101
486268
486748
486850
487123
487307
487513
488446
488638
489055
489993
490485
491131
493013
493029
494444
494752
497347
497738
498824
502111
502556
503168
503202
505071
505801
505859
506019
507544
509785
510225
510479
511024
511341
511792
512448
514324
514478
516496
516505
516919
517749
518488
518911
519306
520041
520071
521883
521974
522905
523545
523619
524117
524408
527144
527838
528718
529466
530139
530730
532233
533401
534619
536214
536669
539508
539572
539813
540458
541611
541799
542971
543243
543558
546948
547968
548128
548624
548830
549038
549754
551594
551846
551892
552282
552715
552765
552870
554199
554567
555753
556703
556739
557270
558328
558639
558641
558940
560139
560163
560369
560661
561252
561468
562473
562494
562991
563916
565138
565260
565366
567455
567637
568735
569912
570060
570365
571960
572619
574409
574649
574836
574952
575118
575459
576233
577476
578051
578301
580793
581567
583460
584167
584471
586508
586977
588586
590101
590231
590237
591743
592027
594535
594666
595774
598054
598811
598984
599279
600388
600407
602122
602293
603111
604591
605409
606450
606466
606490
606632
607076
607833
608210
610212
610537
610931
611122
611271
613644
614270
615217
615986
616225
616308
617827
618387
618438
619437
620005
620425
621108
621378
621444
622013
622027
622063
623205
623542
625483
625753
626176
626378
626395
626543
632049
634282
635753
636595
659809
663848
666723
668785
673938
674222
674245
682824
684546
687362
691229
692362
695988
697708
697907
705461
708114
712421
712763
715341
717186
717413
718406
719834
720072
721265
725052
725674
735292
735711
736206
739109
741223
741648
742581
743906
743909
746498
749414
752568
753583
753723
754685
754772
755525
755553
757578
758594
759265
759495
759650
761107
762454
762773
762811
762864
765143
770491
770844
771171
771767
772750
773026
778695
779524
779569
784887
794611
794720
795799
801793
802089
805164
805362
805683
813375
818643
818850
826694
828186
828400
828469
836821
836943
840247
842240
842941
844055
844499
849812
852509
864534
864992
866133
866385
866805
867332
867805
868017
868506
869371
869865
870255
870559
871178
872418
872973
875606
876780
876791
876895
877095
877173
877574
877790
879271
880018
881238
881592
883129
884582
888696
889928
890020
890737
893886
894130
895618
896272
897112
898484
899949
901658
901985
902011
902225
902458
902470
902624
902784
903506
904261
904285
905016
905119
906775
907465
908694
908778
910386
911241
911400
911665
912261
912462
912494
913577
913872
913899
915537
916607
917055
917858
917867
922012
923932
924268
924624
926125
926491
930235
931714
931963
937394
939404
941175
946457
946547
947644
948719
949337
950781
951420
952954
953088
953571
954011
956208
956341
956708
957231
957240
958301
958765
959459
961140
962012
963615
964377
964485
964915
968496
969925
969958
971440
971686
972625
973800
974145
974985
975522
977640
977943
979705
981977
983577
988307
989025
