100203
100577
100697
100842
100977
101188
101392
101532
102370
102647
103904
104047
104120
104749
104898
105377
105649
105672
106150
106317
107174
107250
107966
108029
108168
108526
109302
109498
109767
109954
110691
111287
111432
111738
111939
112041
112511
113297
113566
113700
114216
114989
115022
115514
116011
116382
116517
116969
117912
118234
118554
120004
120086
120628
120927
121128
121147
121192
121780
123035
123314
123777
123801
123949
124464
124681
125579
125615
126277
126551
127136
128197
128265
128523
128591
128859
129748
130532
130756
130799
131348
131823
131834
132260
132437
132966
134163
134631
134691
135702
136593
136688
137270
137464
137677
138395
138794
139038
139649
140052
140121
140439
140784
141207
141311
141664
142373
142525
143382
144896
145219
145395
145566
146201
146298
146469
146803
147896
148080
148277
148374
149020
149419
149428
149993
150817
151531
151812
151893
152370
152806
152897
152992
153041
153136
153970
155845
155855
155879
155896
156268
156634
156641
156950
157047
157561
158802
159035
159082
160378
160433
160962
161197
161206
161674
161861
162167
162365
163875
163878
163920
164308
164901
165109
166603
167077
167249
167298
168201
168332
169402
169447
169561
170515
171664
171728
171799
172406
172576
173033
173120
174525
175183
175621
175958
176750
176899
177168
177303
177528
178271
178285
178794
179792
180086
180223
180415
180652
181027
181639
181686
182028
182731
183140
184070
184731
184841
185625
186654
186835
186974
187833
188482
188754
189419
189535
189637
191307
192038
192277
192516
192616
193056
193275
193536
193677
193871
194240
195105
195200
195246
195757
196899
197038
197718
197750
197939
198697
198920
199285
199504
199673
199937
200370
200525
200887
201229
201887
202371
202473
202501
202535
202610
204029
204060
204208
204400
204577
205866
206673
207287
208744
209483
209886
209920
210484
210939
211149
211672
212415
213211
214446
215341
215614
215849
216241
216415
217342
217726
218106
220306
220763
220808
221131
221216
222874
223363
223729
224522
224999
225015
225166
226026
226056
226871
226985
227151
228856
229252
229535
229711
230734
230907
230980
231687
231859
232553
233072
233592
234017
235188
235462
236154
236540
236734
236773
237181
237940
238365
238833
238881
239412
239503
239730
239757
239835
240304
241017
241230
241533
241558
241671
242913
243783
244198
244550
245180
245775
246323
247209
247304
247583
247730
247754
247969
249418
250180
250397
251002
251477
251719
251826
252210
252278
252444
253520
253597
253734
256229
256900
256962
257398
257663
257995
258020
258405
259079
259381
261185
261215
261240
261458
262091
262270
262427
262444
263583
264012
264688
264832
265391
265739
266150
266265
266458
266531
267277
267343
267366
267463
268342
269492
269732
270204
270306
270370
270754
271035
271346
271640
271676
272097
272307
272651
272913
273229
273658
273694
273854
274316
274467
274761
274836
274892
274953
275298
275684
276785
278140
278166
278479
278593
278677
278763
278990
280194
280850
281114
281256
281279
281486
282186
282188
282261
283194
283278
284341
284672
285365
285995
286384
286476
286729
287131
287308
287468
287608
287788
287867
288010
288466
288714
290089
290165
290249
290337
290818
291218
291261
292347
292710
292888
293559
293771
293965
293992
294269
294323
294360
294412
294434
294552
294568
294959
294969
295265
295601
296137
296181
297045
297929
297997
298020
298245
298368
298450
298548
298678
298742
298776
298971
299540
299637
302013
303422
304298
304549
305001
305022
305264
305343
306020
306030
306745
307359
307966
308584
308815
309563
310184
310392
310659
310847
312418
313520
313650
313701
314138
315247
315695
316534
316593
316895
317590
318210
318339
318882
319569
320242
321172
321672
321965
322018
322181
322288
322520
322977
323618
323778
323804
324402
325309
325920
326869
326879
326897
327138
327179
327215
327333
327351
327610
327973
329339
329514
329819
329988
330312
331009
331273
331943
333530
333674
333899
335918
336107
336432
337386
337469
337828
339428
339606
339885
340311
340350
340670
340681
341341
341501
341866
341867
341990
342546
342550
343202
343259
343385
343449
344483
344524
344630
344704
346333
346406
346951
347476
348212
348261
348380
348948
349288
349380
349408
349530
349622
349811
350390
350578
350647
350800
351230
351249
351613
351828
352244
352928
353337
353820
354054
354336
354730
355203
355756
355838
356280
356905
356945
358519
359002
359007
359909
360011
360562
360868
361022
361188
361384
361526
361859
362770
363005
363046
363665
364367
364644
364804
364809
365101
365174
365900
366091
366096
366834
366974
366986
367391
367552
368624
369391
369474
369654
369769
370216
370411
371348
371559
371575
371928
372225
372272
372572
373394
374531
375108
376431
376847
376854
377365
378116
378436
378736
379043
379359
380150
380551
380569
380689
380691
380828
381573
381808
382117
382431
382537
383425
384013
385474
385716
385858
386509
387862
390756
392264
392552
392734
392807
392833
393049
393071
393462
394148
395643
396004
396059
396674
396894
396980
397255
397272
397622
397821
399352
400374
400662
400788
401836
402831
403828
404047
404654
405700
406484
407187
407537
407924
408044
408071
409352
409547
410111
410392
410425
410571
411677
413059
413192
414077
414193
414692
415088
415230
416080
416537
417969
418103
418229
418826
419058
419309
419368
419594
419702
419944
419983
419999
420415
422118
422129
422329
423706
424142
424318
424865
425086
425424
425522
426511
427096
427229
427250
427698
427961
428148
428189
428202
428273
428547
428651
429114
429530
429748
430159
430968
432898
432924
432995
433478
433916
434047
434730
435091
435521
436333
436629
436822
437759
437840
437927
438754
438935
439245
439252
440924
441047
441344
441816
442130
442141
442238
443162
443524
443552
443780
446169
446391
447084
447143
447317
447321
447368
448285
448585
449176
449654
450009
450212
450235
450399
451669
451756
452286
453193
453671
454130
454692
455894
456059
456209
457077
457865
458549
458921
459035
459432
460626
460756
460955
461803
462181
463507
463550
463912
464167
464331
464519
464753
464868
465004
465110
465145
465521
466468
466946
467113
467225
467878
467917
468355
468396
468467
468551
468745
468967
469173
469803
469829
469830
470042
470065
470636
470645
470752
470859
471529
471775
471841
472481
472871
473077
473102
473870
474442
475253
475296
475419
475440
475454
476702
477865
477918
478530
478615
479246
479256
479753
480133
480366
480373
480746
482352
483231
483550
484073
484505
484910
485038
485814
485938
486278
488149
488635
488638
488798
488809
490090
490096
490190
490485
490737
490823
490840
491256
491808
493156
493713
494174
494954
495387
495580
496573
496685
498613
500190
502006
502397
503254
504538
505184
505602
505779
505835
505859
506019
506392
506445
506588
506611
507317
507544
507563
507911
508484
508797
509350
509370
509785
510060
510062
510689
511024
511109
511598
511712
511792
512866
513907
514067
514207
514478
515329
515864
516496
516505
517115
517856
518075
518130
518871
519469
519887
520013
520176
520708
520893
520978
521133
521461
521717
521724
521885
521974
523013
523586
523766
524408
524493
524613
525118
526049
526400
527983
528008
528601
528757
528968
529795
530414
531393
532337
532781
532905
534579
535596
535916
536398
536441
538133
538559
538640
538951
538955
539052
539653
539813
540247
540798
540917
540994
541016
541273
541417
541665
541799
542530
543243
543323
544783
545540
545944
547651
548513
548624
548900
549689
550155
550293
550509
551892
552050
552866
552972
555013
555151
555714
556899
557128
557170
557537
557871
558639
558778
559127
559542
560139
560291
560697
561007
561928
562031
562473
562494
563386
563574
563834
563868
565366
566129
566502
567458
567637
567649
568863
569508
569912
570069
570365
570925
571112
571191
571913
572029
572850
573393
573780
574634
574995
575459
575745
575826
576380
576439
577476
579001
579456
581812
582171
582270
583460
583463
583814
583933
584082
584447
584471
584492
584986
585524
587277
588236
588342
588730
589325
590352
590694
590913
591109
591423
591620
591687
592027
592390
592510
592625
593085
593137
594063
594666
595924
597247
598063
598984
599245
599279
599727
600101
600263
600388
600449
600607
600864
602293
602481
602583
602649
602830
604098
604514
605319
605492
605523
606281
606425
606450
606608
606834
607089
607833
608489
609104
609428
610381
610511
610931
611397
612811
612824
613132
614909
615047
615119
615217
615243
616225
616565
616689
617116
617558
617647
618615
618973
619649
620005
620225
621048
622013
622027
622143
622174
622766
624366
624470
624519
624701
624871
625648
626162
627641
641858
644578
652088
653861
654968
655483
661666
661750
663289
664508
664517
667778
668724
670840
671210
673141
675569
679489
682317
682601
683712
685988
687362
688336
690298
692982
695135
695149
697228
698572
704673
704816
705461
707394
709656
710572
713222
714528
715013
715934
718355
718646
719011
719763
719939
721265
721553
723771
723962
725674
727526
727800
728050
729786
730825
734173
734548
735292
737348
739860
740276
740965
741223
742430
742918
745567
746430
747927
747961
748962
750241
751146
751356
751640
752568
752960
753696
754685
754772
754792
755525
755860
756633
756856
757332
757685
758378
758594
759248
759628
761107
762412
763985
764845
768034
768666
770263
772174
772616
773466
773904
774498
774609
777179
777234
778698
780862
782402
783849
787610
788976
791064
792749
794671
794818
794828
794978
802143
815181
821001
832718
835149
836821
838190
839184
840247
841132
848915
863640
864313
864345
865102
865207
866133
866444
866805
867960
868017
869075
869865
869888
871314
872283
872564
873925
874128
875200
875487
876768
876791
877056
877064
879270
879701
880102
882052
882864
883193
885571
886368
887504
890216
