100378
101749
101998
102475
102647
102939
103872
103904
104626
105047
105351
105649
105672
106150
106319
108163
108209
108228
109302
109765
109767
110899
111302
111939
111996
112335
113036
113625
115438
116078
116517
116566
117790
117912
118658
119307
121516
121729
121730
121796
122037
122130
123035
123517
123618
124464
124500
124681
124738
126617
126864
127760
127960
129289
129919
130366
130464
130532
132519
132722
132966
134151
134880
137356
137677
137871
138008
138058
138296
139038
140239
140578
141259
141332
142694
145395
145747
146032
146069
146201
146720
147391
147563
147896
148094
149579
149886
151702
152459
152806
152992
153656
153900
154132
154386
156096
156475
156644
156655
156715
156805
156998
157508
158431
158639
159365
159555
160121
160378
160892
163661
165023
165402
166279
166524
167055
168079
169564
170884
171287
171664
172406
173181
173528
174547
174578
176264
176750
176862
176911
180008
180625
180786
181548
181935
182855
183912
184036
184343
185724
186884
187465
187715
188309
188482
188933
190005
191537
192516
192562
193677
194842
195105
195200
195383
197394
197718
198270
198623
199278
199285
199323
199673
200047
200173
200658
200726
201410
202428
203373
205668
207166
207233
207645
208868
209033
209988
210355
213211
213936
215168
215560
215849
217076
218258
218744
219957
220763
221670
222000
223072
223458
226358
226924
227696
228559
231496
231687
234537
235938
237476
238481
238496
238881
239392
239730
239835
240085
240326
240550
242062
243089
244024
244198
244827
245547
246558
246987
247209
247754
247851
249024
250116
251719
253296
253973
255686
255913
256884
257154
257398
258366
258533
259079
260523
261035
261103
261185
261850
261855
263042
264004
264679
266087
266150
266879
267234
267463
268342
269404
269417
269529
270918
272307
272966
273694
273854
273864
274001
274742
274953
275298
276030
277301
277744
278811
281142
281274
281555
281822
281988
282315
283016
283278
283625
284816
285517
286161
286321
286890
287610
289284
291752
293332
293338
293992
294115
294412
294723
294965
294969
295867
296815
296905
297298
297431
298174
298245
298368
298548
299386
301402
302249
302709
302871
303696
304012
305003
305022
305419
305469
305678
306020
306030
307299
307813
308169
308334
308745
309153
309520
309886
310313
311176
312468
312700
314138
314296
315575
315695
316534
317586
319569
320242
322520
322612
322776
323045
323601
326483
326832
327610
327984
328105
330312
331420
332083
333674
334185
335544
335643
335685
339428
339905
342422
342654
342699
343259
343385
344290
344630
346081
348085
349360
350054
350390
352108
352255
352928
353647
353820
353824
354101
354419
354730
354775
355387
355838
356360
358497
359512
360480
361281
361791
362768
362989
363692
363922
365174
365816
365900
367291
368624
369633
369654
371498
371519
372937
373549
374593
374977
375104
375633
375840
379576
380131
380551
380689
382790
383035
383075
383681
383804
385271
385858
390756
390808
390982
391197
392504
392937
393813
395532
395817
395963
396036
396370
396493
396894
397295
397676
397821
398652
398745
401971
403552
403759
404347
404535
404757
405288
406221
406437
406495
407141
407242
407628
407872
408080
408547
409613
410063
410392
411438
411677
412383
412977
413043
413973
415279
415967
416080
416219
416959
417862
418229
418826
420839
421049
421852
422151
423332
423518
423653
423673
424086
424865
425954
426731
427086
427768
427961
428202
428273
428417
428539
428651
429140
431316
432161
432898
433111
433579
435091
436629
437421
437840
437913
438114
439115
439314
440924
441032
442411
443006
443524
444023
444787
445207
446308
447143
447368
447504
448117
448397
448590
449654
450205
451909
452286
452308
453193
453200
453603
454083
454219
455008
455505
457077
458746
458921
459070
459345
459432
459887
460889
461997
462438
462697
462727
463711
464558
464842
465145
466468
466627
466946
467022
467113
467246
468426
468467
468961
469298
469829
470042
470483
470752
471775
471841
472481
472947
474027
474879
475838
475865
477033
477056
478556
479946
480373
480524
481388
482549
482827
483143
484493
484910
485826
486023
489055
489057
489479
490737
493903
493937
494161
494444
495425
496119
497740
498151
498300
498303
500312
501835
502999
503081
503126
503187
503371
504102
504300
505518
505693
505822
506019
507197
507358
507544
507738
507835
508797
509277
509577
509785
510745
511792
512707
514478
514697
515368
516505
516797
519068
519137
519469
519472
519885
520071
520204
520632
521549
521837
524222
525481
525646
525762
526400
527231
527677
528716
528848
529805
531231
531875
533341
534619
534910
535454
535929
536214
536615
536669
536911
537630
537976
539188
539446
539653
539813
540772
541689
542908
543323
544077
544498
544826
545177
545283
545730
545944
547811
548999
549038
549585
549705
550799
552870
552972
553698
554521
554852
555753
558328
558926
559009
560011
560291
560382
560962
561252
562031
562991
564430
565366
566035
566212
566577
569912
571913
572037
572123
572859
574503
574634
575459
575890
576233
579117
580533
580793
581812
581869
582554
583460
584045
584447
586977
587069
588675
589952
590828
590903
591743
591870
593170
593535
594535
594666
599279
600365
600388
600607
601072
601900
603718
604625
604947
606450
606879
606898
607514
607806
607833
610249
612525
612824
614286
615217
616225
616308
618387
619437
619574
620005
620532
621627
622013
622027
622063
622143
622371
622410
622586
624470
626162
634043
634282
642259
649774
651715
652979
658355
658655
659809
663289
666723
667593
668217
684889
686964
688836
696493
697160
698767
701121
703679
705461
711308
712966
714926
716605
718355
727526
733146
734723
735292
737370
740276
745567
746033
749414
750277
750309
751146
752568
753723
754685
754772
756582
756856
757740
758594
758658
760414
760960
761107
762454
765772
771008
773026
773466
777984
779569
779698
785547
788124
790376
791569
794248
795412
805164
805362
806597
806691
818643
822353
823514
826258
828469
834588
836821
836943
838497
840055
840247
841816
842170
842941
844055
848540
849812
863786
864313
864534
866133
867739
868017
868711
868830
869677
869865
869921
870598
873863
873976
874591
874719
876006
876118
876768
877424
877496
878173
880018
880616
880687
880795
880985
881061
881166
881662
886706
887120
887266
888764
890224
891055
892502
893886
894130
894316
895668
896272
896389
897112
898847
899554
900765
901985
902624
902696
902784
903406
903640
904057
904787
904914
904967
904975
905016
905119
908694
908778
911614
914379
914881
915967
915992
916245
916607
918459
921456
923572
923982
925981
926125
926494
926653
926991
930235
931403
931963
932389
933026
934224
934984
936517
936946
937394
939185
942445
945662
947227
948522
949287
950715
950781
950817
952954
953733
954307
956223
957240
957568
958765
