100351
101749
105649
114170
114932
120248
123618
124681
130464
132936
139363
140555
145215
147287
149318
151260
161742
163869
164753
173528
176750
180086
180230
186625
187314
188309
188482
191747
197752
198355
202227
209988
214066
214177
215374
215849
221900
226572
229146
240321
242928
245059
247851
250963
261240
261715
264679
267463
272651
273864
274953
275835
280855
282068
282802
288714
289747
293771
302709
303403
303696
314138
315486
315575
317456
318300
323778
332665
336005
342837
343202
355402
355676
356945
359007
365900
369206
372811
375104
382117
391425
408044
411724
412387
416959
417071
424597
430029
430135
432898
438114
448590
453834
457077
458241
458615
458921
459771
461991
463711
464208
465308
470042
478530
480524
482649
482827
482999
483211
484493
486310
488638
490737
491179
495748
499734
500694
506984
516389
519068
519261
520071
520531
524222
534619
535838
543243
545598
549049
555942
560291
562572
567321
574409
577207
592064
594535
595172
595417
596228
598679
600365
605700
613217
613840
616105
617567
675569
705461
711978
758123
769443
777523
817581
819684
827637
832235
834995
842170
846545
866133
868830
871644
872009
883667
889405
891167
892868
897112
898398
899949
905016
906775
908694
913899
947740
956686
957568
961422
965265
965727
966062
968496
969405
983578
985590
986878
989745
996421
1003246
