108455
119278
121147
123158
137677
138305
141636
149358
151893
153582
169564
173791
174568
178751
181548
184407
184558
194842
204423
211249
212139
223124
223831
225012
241604
266150
274894
286903
288913
293992
299386
303778
305678
307548
308169
309445
309563
309792
311282
313776
321145
321672
324205
327358
328086
329014
330312
339428
339445
344630
353337
357905
358021
358497
359746
361281
361488
362516
364948
366096
366986
368624
371498
371575
374468
380131
380689
383294
390982
392932
393980
401082
404347
405901
405975
408070
409431
411304
419062
419656
419686
423653
428651
439261
441482
445147
445207
446002
446533
447143
447717
451897
452182
454083
454219
455085
459070
459345
460069
463108
466214
468467
471529
476436
477520
477648
479114
480106
480133
481388
481424
485986
496253
498041
504984
507197
507911
509577
510350
510973
513268
515009
524542
525889
526049
527838
531319
538455
538951
544077
544950
545605
545944
551013
552282
555704
558639
560369
575459
577476
579132
589776
591687
592027
597071
600263
615217
616189
673938
700038
704237
708299
715453
753583
753723
759495
780709
794611
805164
818643
824284
833153
844055
864313
867332
870197
871654
876791
880018
891055
909107
913577
970450
972883
975187
981733
981820
982273
985144
986779
989353
990518
999010
1002898
1010656
