103101
110133
111901
113350
118861
133955
149358
156003
167694
175030
179210
205463
219557
220201
226481
228989
235939
263990
264105
272184
274391
285334
289967
314302
319861
321596
326332
335124
348211
353471
355952
356654
357076
358989
366154
371266
375557
383055
388509
411179
414823
422794
423513
430423
460069
462236
469008
486113
490873
514356
519415
525304
527643
536284
558271
567520
572129
573796
579243
596702
599341
600515
603454
608531
613501
613840
621494
640725
666558
682984
690391
716101
735241
756445
757060
772088
777544
778878
866455
