100715
103101
103316
106845
111901
113350
114078
116964
117783
118861
122194
122732
124893
129865
133955
140423
148673
149358
156003
156285
159524
160985
171423
172457
173559
175030
176337
183542
190992
196252
199410
205440
211249
215571
219557
220201
222422
222969
223769
227535
232528
240997
242142
243662
243854
245660
248818
249298
253259
258511
261867
263990
274391
283101
289967
290288
296054
296939
297868
298543
299262
308124
310194
310287
314494
317806
320806
321127
321596
321730
323487
324797
326027
327617
328897
330886
332928
335616
340868
341903
347996
348211
349161
355952
356654
358016
358989
361328
363956
367218
371266
375064
376752
377865
378297
381380
383055
384624
385744
386055
386564
388509
397173
397717
398255
400827
403119
404674
405080
407077
408037
409619
411041
411179
411774
411832
413942
414823
415922
419686
420059
423513
427626
428499
429282
430423
431711
446165
447692
448379
453626
460069
462236
467509
469824
472186
480061
481080
490639
491988
493195
494705
495392
496421
498041
498242
500773
507612
511293
513064
513229
514356
517318
521874
532721
535224
535231
536062
536284
536854
537653
542549
544080
548152
556646
561292
564353
564607
567149
573796
575595
578537
579243
583577
585525
587387
589957
592916
596504
599293
600515
608531
612284
613046
613501
615241
616311
618074
618413
621494
626291
631865
640667
640725
646642
659569
675861
682984
684671
703456
725535
728815
733528
733594
734691
737643
740166
748610
748791
756445
758819
772088
773271
777280
865739
866455
868242
870197
872971
878915
881163
882421
