103968
105649
110633
110899
111737
111738
112044
112511
113125
114474
116290
116566
116969
119510
121408
123618
123777
124681
124985
126482
126864
127960
128593
130019
130184
131208
131963
134527
135736
137685
138058
138928
139038
139113
139598
145215
145422
146078
147432
147896
148601
148620
149886
150269
151702
152633
152735
153534
157310
158006
158639
159143
159567
160378
160513
161742
163689
163810
163878
163976
165496
165749
166926
167717
167840
168122
169564
170884
171002
171222
171664
172576
173319
174578
175203
175777
183398
183666
184389
191426
192562
195197
197625
198355
202045
204431
207233
208648
209033
212183
214656
215791
217932
219957
220206
222309
222416
223493
226924
227267
232439
234017
237374
237476
238481
238828
238881
239503
240550
241388
242000
242190
242981
244544
245754
248530
249608
250397
250966
251002
256229
256991
257154
258221
259329
261223
261360
262442
264188
266020
266150
267366
267463
267872
267956
269603
272097
274742
275425
278479
278491
278763
281988
282208
284389
284497
284530
285059
286306
287136
289116
290267
293851
294969
295802
296181
297431
298203
298426
299418
299907
301402
303403
305651
305678
306257
309153
309563
309703
312355
312877
314138
314210
315386
319219
319870
320242
321672
322520
324352
325720
326520
326681
327351
328799
332348
332635
333036
333674
335083
335334
337406
338409
339428
340253
342654
343202
343385
344106
344415
346696
351013
351040
351455
352928
353088
353144
354659
355838
358021
358199
359007
362768
363089
366567
368456
368624
369660
371498
372049
377372
378820
379043
380551
380689
380853
381774
382341
383082
383481
383984
384261
384643
385858
390234
390756
392706
392716
394541
396168
397047
397621
399136
399682
400208
403759
404347
407030
408044
408197
412387
413973
414104
416080
418229
419062
420063
420839
421408
422151
425005
427086
427768
431084
432898
433277
435091
439245
439310
440620
440757
443377
443524
444714
445147
448117
448590
449166
449703
450623
451204
451364
451811
451909
453193
454219
456040
457077
458615
459070
460754
460889
461875
462697
463912
464482
465145
465877
467042
467993
468426
469793
470065
470752
472209
472370
472947
473266
474643
475419
476957
477001
477434
477520
478530
478556
479246
480373
480524
480705
481563
482512
482649
483688
486850
487123
487307
487513
488638
490024
491878
493013
493029
495163
497347
500694
502067
502556
503126
503168
503202
504102
505468
507835
510875
511024
514478
514697
516231
516505
518488
519306
519469
520041
520071
521885
523092
523147
524978
527144
530730
531554
532504
539813
540458
543243
544005
544077
544826
547968
548128
548624
549038
549209
551495
552282
552374
552715
552765
552870
554521
554567
555753
558639
558877
559947
560291
561252
562473
562494
562991
563916
565138
565366
567455
567637
568735
569912
570365
571913
571960
572619
574409
575118
575459
576233
577476
580793
582404
583460
584027
585291
586476
586977
590237
594666
596222
598054
598984
599789
600407
601900
604625
606283
606450
606466
606490
608210
610931
615217
617827
618438
619437
621108
622063
623860
624070
625753
626162
626395
630496
635753
636595
659809
663848
668785
673938
674245
678854
684546
687362
705461
715341
715453
719834
721265
722141
725052
725674
735115
735292
739109
740276
741223
741648
742581
746498
749414
750277
752568
753723
754685
754772
755525
757578
757740
759265
761107
765143
773026
779524
781591
795799
798831
802670
805362
805683
810074
811620
813375
813613
818643
821073
828186
828469
836821
840115
840247
842240
842941
849812
852509
864534
866133
867332
867342
868506
869371
876780
877790
880018
884749
892873
893886
894130
895588
895668
896272
897112
899949
902225
902458
902470
905016
905119
907465
908778
910386
911400
911614
911665
912261
912494
913899
915967
916607
926951
926991
930235
937394
939408
946457
949466
950184
950781
951420
953088
953668
956208
956341
956708
957231
957240
958765
959459
963615
964485
964774
964983
966062
969925
970473
971440
971686
973800
974985
975522
976825
977943
981977
982344
983577
983608
985590
988307
989025
990121
990538
