113350
122732
124893
148673
149358
156285
158654
160985
175030
176337
186567
189356
190992
192866
205440
211249
215571
219557
220140
223769
227021
238407
243854
245660
248818
249298
263990
296054
297868
298543
303666
308124
310194
317806
321596
323487
327617
328897
330886
332928
335616
336239
355952
356654
358016
362574
370743
371266
375027
378297
378687
383055
384624
385744
388509
397717
400827
405080
409619
411774
411990
415922
416926
419686
420059
423513
429282
430423
431711
433362
435438
439351
446165
447692
460048
463601
467487
472186
473380
490873
491988
493195
495392
496421
498041
506123
507612
514356
517318
519415
536062
536284
536673
537238
537653
542485
548152
556646
567200
575595
578537
579243
585525
587387
589957
599293
612284
613046
613217
646214
725535
758819
762344
772088
773271
783674
866455
867749
868054
868242
870197
872971
878915
882421
