100842
101749
102647
103799
103904
103968
104142
105649
106150
107250
107463
109767
111287
111543
111738
113036
113425
113566
114719
117912
118478
118554
120248
121147
121730
122584
123358
123618
123949
124681
125407
125902
126482
128859
132966
134880
135030
137677
137806
138325
138419
139038
140052
141207
141231
143947
145219
145974
146201
147333
147896
149249
151531
152992
153534
156590
156634
157310
158802
160378
163878
164308
165109
167840
168144
169447
169695
170198
172406
172560
173968
176187
176424
176549
176750
176862
179934
180086
180172
182028
185724
187465
187833
188482
189535
189915
192911
193388
193677
194240
195105
195200
195858
197038
197394
197718
198513
198623
198920
199673
200853
204029
204208
205866
206077
206078
206673
209033
209988
210355
211581
211672
212363
212415
213211
214517
215849
217342
221216
221900
223318
228171
228704
229149
229535
234017
235938
236608
236734
237940
238365
238581
238881
239412
239835
240409
241017
241604
242000
244198
244827
245059
245144
245547
245775
247754
249024
250116
250180
251002
251719
256229
256648
257154
257398
258896
261240
261443
261458
261658
262091
264832
266265
269982
270220
272307
272436
273010
273694
274892
274953
276369
277799
278479
278763
281283
281486
281822
282802
283016
284033
286321
288120
288714
288846
290089
290249
290818
292710
293771
293992
294969
296137
296181
298548
299540
301402
301967
302379
304012
304332
304901
307559
312877
313520
315695
317641
317644
317704
319196
321172
322520
322977
324679
325765
326598
327351
327610
328086
329514
330312
330852
331009
331420
336381
339428
339606
340209
340350
340681
342376
342654
343385
344630
344660
344704
345758
346951
350390
350593
352108
352928
353337
353647
353744
354101
354730
355838
357620
358331
359007
361859
365174
365536
366593
367291
368624
369391
369549
369654
370861
371519
373549
375104
376322
377685
379152
379576
380551
380689
380829
382431
382537
383585
383944
387373
390756
392200
392504
392552
392562
392807
393049
393334
394541
395713
395817
397289
397669
397821
398225
398652
400374
401971
402047
404833
406437
407537
408044
409376
412316
414000
416080
417862
418229
418826
420063
423037
424865
425424
425539
428048
428202
428651
429540
430029
431316
435091
436333
436629
437007
438686
439087
441344
442439
443162
443307
443524
443552
444023
445207
445522
447013
447204
447368
448117
449654
450205
450235
451156
451909
452829
453036
454219
457077
457187
459432
459950
460228
460771
460815
461803
462438
463457
463912
464331
466147
466946
468551
468967
469697
470636
470752
472393
472871
472987
473266
474302
474879
476957
477648
480133
481153
482969
483490
484493
484910
488754
488785
488798
490090
490190
490737
491709
491767
496995
497579
498613
500312
500737
504300
506019
508797
510060
511024
513322
514349
515864
516884
517640
518210
518439
518488
518911
519887
520013
520056
520840
521183
521461
521837
521885
523273
524648
524786
525672
528601
528902
528968
529795
531392
531393
534303
534673
535633
536971
538133
539446
539813
540994
542068
543053
543323
544077
548135
548715
550509
551892
552972
554567
555013
555618
555806
555845
557270
557959
560291
564738
567220
567455
567637
568346
568774
569508
569912
570365
572676
573393
574634
574988
575459
576233
581812
582842
583460
584447
584471
585340
588666
588675
590237
594027
594535
594619
594666
598984
599279
600263
600388
600505
602122
602649
603204
603293
604625
604947
606879
607514
608489
609205
609522
610381
612824
613049
615217
616225
617729
619463
620005
620225
622013
622027
622143
622766
624033
624545
626070
626162
627182
633457
640694
640984
643227
649774
653959
667575
667778
670760
674344
686704
686964
687362
687943
689996
692982
693202
698072
698572
704816
705461
709656
714926
714981
717415
718355
718406
718468
719107
720797
721265
721420
722124
730072
733146
733176
733908
733998
735292
736980
740276
742499
745567
751356
752510
752568
754357
754685
758594
759265
761107
761912
764636
769912
783083
791569
877056
