100034
100194
100351
101185
101299
101749
101912
102086
102090
102532
102959
103003
103618
103904
104231
104282
104345
104394
105246
105649
105843
105943
106174
106234
106500
106518
106755
106982
107030
107216
107463
108163
108208
108228
109302
109572
109665
109765
109954
110073
110250
110753
110899
111209
111211
111288
112511
113036
113797
113895
114363
114495
114932
114995
115211
115283
116257
116441
116969
117321
117610
117934
118164
118478
118606
118658
118750
119307
119521
120286
120683
120935
121147
121192
121440
121443
121607
121729
121730
121796
123000
123035
123517
123618
123801
123948
123949
124464
124681
124990
125005
125300
125671
126875
127104
127303
127790
127960
128032
128083
129289
129556
129575
130181
130464
130532
130555
130764
131005
131961
132014
132253
132519
132571
132683
132722
132936
132966
133070
133113
133892
133992
134977
135736
137356
137677
138170
138296
139038
139113
140062
140093
140167
140480
140555
140578
141636
141778
141815
141845
142372
142694
143204
143668
144206
144418
144681
144834
145215
145614
145875
146078
146201
146995
147391
147410
147432
147772
147896
148040
148440
148775
149217
149296
149797
149886
150817
150865
151260
151271
151702
152484
152647
152715
152806
153850
153963
154289
154544
154741
155031
155211
155725
156268
156365
156366
156634
157310
158032
158587
158802
158811
159032
159143
159554
160181
160249
160378
161742
162055
162284
162884
163264
163869
163878
163920
163976
164470
164738
164753
165022
165109
165324
165358
165402
166469
168799
168953
168956
169482
169564
170010
170131
170214
170515
170744
170884
171039
171222
171664
172406
172938
172953
172983
173319
173791
174133
175122
175433
175596
175868
176187
176216
176750
176761
176862
176911
178222
178786
180207
180223
180625
181796
181867
182026
182928
183500
183912
184892
185625
187233
187833
188032
188309
189283
190168
190280
190844
191293
191561
191715
191747
192058
192104
192516
192616
192647
193102
193191
193333
193677
193748
194125
194469
194561
194666
194842
195105
195197
195200
195384
195681
195808
197394
197591
197718
198194
198279
198339
198355
198623
199673
199847
200366
200898
200907
201048
201396
201410
202045
202154
202307
202428
202591
204037
204208
204301
204408
204431
204821
205162
205168
205800
206123
206416
206673
206960
207073
207132
207233
208868
209055
209988
210628
211854
213211
213858
213874
214399
214589
215374
215849
216067
216564
216620
216732
216942
217160
219236
219450
220554
220630
220933
221900
222000
222001
222416
222650
223072
223493
223536
223786
223831
224646
224869
225351
226924
227452
227509
227960
228096
228319
228457
228704
229609
231331
231629
231687
231859
232159
232183
232785
233624
234017
234763
234800
234848
235232
235297
236313
236773
236843
237374
237476
238174
238203
238365
238481
238828
238881
239075
239186
239392
239503
240393
240804
241017
241420
242802
243136
243775
244024
244198
246530
247287
247304
247730
247754
247822
248530
248756
249024
249457
249553
249668
249865
250116
250985
251002
251568
251719
252017
252324
253171
253255
253296
253466
253730
253731
253734
253974
254208
254395
255262
255686
256751
257026
257154
257400
257705
257832
258366
258379
258430
258523
259881
259945
259947
260000
260584
261595
261752
261850
262231
262442
262572
262604
262963
263293
263515
264004
264417
264642
264679
266161
266265
267463
267994
269326
269441
270220
270221
270378
270517
271035
271039
271346
272511
273864
274132
274400
274440
274579
274894
274953
275025
275134
275353
275588
275596
275978
276365
276676
277744
278259
278811
280433
280880
280966
280999
281279
281822
281988
282311
283278
285059
285090
285144
285249
286306
286321
286841
286890
287668
287800
288764
289246
289707
290045
290585
290920
291343
291490
291522
291564
291752
291899
291990
292190
292710
293332
293771
293839
293992
294323
294412
294434
294969
295374
296308
296343
296352
296486
296815
296905
297364
297420
297431
297442
297686
298138
298245
298548
300175
300297
300882
301967
302827
303169
303267
303315
303696
303718
303808
304353
304554
305499
305678
305694
305723
306257
306322
307210
307548
307631
308334
308992
308998
309025
309147
309153
309445
309563
309792
309871
310184
311654
312163
312415
312418
312834
312856
313472
313537
313731
313776
314138
314607
314647
314666
314874
314954
315575
315774
317089
317207
317456
317644
317812
317847
318075
318537
318677
318927
319309
319569
319870
320242
320277
320327
321098
321135
321672
322054
322520
322537
323778
324104
324206
324246
324352
324362
325265
325354
325622
325720
326471
327025
327351
327358
327613
328019
328141
328202
329014
329649
329819
330205
330312
330859
331165
331420
331511
332348
332432
332635
332924
333036
333181
333674
334634
335142
335224
335334
335335
335510
335643
336730
336921
337037
337132
337322
337531
337743
338042
338678
338947
339428
339445
339456
339606
339905
340361
340999
341077
341164
341463
341716
342499
342633
342716
342941
343169
343189
343385
343441
343805
344096
344106
344415
344797
344854
345758
345803
346071
346289
347545
347648
347828
348380
349131
349220
349380
349466
349765
350054
350143
350390
350498
350541
350887
350888
351070
351455
351686
351763
352108
352402
353299
353509
353663
353824
354197
355387
355812
355838
356217
357309
357611
357957
358021
358149
358249
358331
358497
359007
359310
360514
360750
360868
361047
361398
361695
361736
361859
362743
363962
364137
364206
364641
364729
365174
365367
365816
366033
366593
366721
366982
367086
367958
368030
368149
368624
369285
369391
369654
369660
369927
370173
370690
370800
371498
371519
371716
372108
372779
373230
373616
373747
374383
374468
374519
374632
374977
375003
375104
375663
375746
376659
377445
377790
378698
378820
378825
379262
379326
379534
379576
380131
380236
380329
380551
380689
380881
381294
381585
381668
381774
382341
382790
382891
383170
383294
384122
384261
384671
384851
384957
385404
385713
385880
387325
387369
387373
387387
387630
387643
388392
388599
388905
389285
390199
390756
390808
390982
391197
392321
392504
392551
392552
392706
392769
392932
392994
393374
393747
395908
396036
396106
396475
396894
397295
397384
397443
397621
398652
398681
398738
398918
398935
399356
399388
399542
400662
400735
400749
401036
401082
401213
401419
401894
402047
402443
402831
402886
403184
403445
403759
403765
404019
404236
405527
405901
406252
406437
407628
408044
408175
408382
409690
409957
410508
410824
411304
411823
412316
412666
413148
413948
414077
415230
416080
416623
416890
416959
417475
417564
418074
418229
419136
420879
420949
421137
421256
421496
421852
422151
422933
423518
423574
423653
424361
424534
424961
425686
425954
426430
426731
427086
427150
427283
427698
427768
428202
428247
428544
428651
428709
428816
428820
428931
430391
430619
431120
431192
431746
432305
434234
434667
434745
435172
435534
435684
435688
435807
436127
436551
436687
437016
437557
438454
440546
440971
441643
441738
443006
443015
443524
444175
444316
444490
444787
445147
445207
445522
445612
446002
446308
447143
447368
448397
448590
449468
449488
449890
450052
451082
451204
451363
451487
451909
452286
452320
452774
453193
453458
453725
453834
454083
454197
454219
454551
454796
454838
455505
455673
456209
456258
457679
458348
458549
458692
458921
459070
459228
459345
459885
460228
460243
460754
460839
460889
461998
462055
462697
462819
463108
463512
463711
463903
464208
464605
465004
465114
465145
465308
465591
466084
466214
466468
466475
466946
467022
467032
467955
467993
468241
468355
468467
468501
468837
470042
470564
470752
471630
472019
472042
472209
472871
472947
473908
474045
474073
474269
474357
474394
475078
475359
475848
475855
476097
476228
476566
477413
477520
478530
478749
478898
479114
479256
479735
479754
480033
480193
480373
480481
480524
481067
481153
481388
482458
482622
482969
483161
483545
483936
484010
484328
485289
485666
486268
486690
486850
487043
487076
487123
487176
487498
487885
488139
488580
488754
489055
489274
489886
489993
490381
490737
491022
491823
492488
492770
493340
493464
493713
493718
493876
494940
495245
495409
496456
496738
497771
497799
498151
498400
498749
499127
499712
500586
500809
502013
502104
502112
502470
502556
502604
502923
503126
503371
503579
503989
504102
504200
504714
504984
505029
505071
505510
505518
507216
507251
507335
507835
507911
508101
509386
509394
509785
509851
510225
510350
510875
510973
511185
511507
511716
511792
511971
513144
513268
514478
514697
515368
515944
516100
516113
516402
516884
517175
517640
517711
518181
518210
518300
518488
518914
519042
519261
519320
519327
519408
519469
519887
520071
521306
521461
521837
521885
521912
523586
523916
524115
524408
525815
527144
527178
527231
527677
527838
528558
529296
529805
530317
530327
530688
530981
531067
531164
532233
532504
532669
533449
533673
533789
534467
535563
535929
536787
536990
537723
537881
538407
538673
538928
539188
539301
539358
539508
539572
539813
540247
541417
541909
541967
542084
543053
543214
543243
543323
543400
543430
543563
544077
544090
544969
545314
545518
545541
545944
546403
546628
547021
547990
548624
548866
549049
549209
549392
549705
550144
550227
550817
551228
551446
551553
551846
552046
552282
552356
554199
554565
554567
555395
555398
555704
555714
556062
556179
556192
556852
556899
556927
557270
557456
557537
557959
558015
558611
560291
560373
560724
560935
561252
561850
562494
562656
563195
563375
563799
563889
563904
564071
564110
564233
564428
564430
564686
564995
565411
565442
565546
565900
566081
566502
566577
566995
567034
567395
567455
567637
567649
567712
567787
568454
568991
569912
570365
571707
571913
572139
572329
572511
573259
573519
573780
574109
574409
574634
574836
575363
575459
575523
576166
576233
577267
577768
577925
578150
578445
578931
579124
579132
579398
579607
580132
580533
580576
582720
582770
582842
583460
584167
584224
584471
585130
586117
586326
586678
587513
588437
588675
589029
589209
589776
589844
589952
590872
590914
592027
592322
592631
593224
593459
593911
594535
594749
595417
595774
596160
596414
596546
597332
598334
598811
598886
600143
600388
600652
601110
601378
601640
601755
601900
601916
602580
603122
604650
604653
605153
605409
606283
606450
606632
606879
606922
607278
607408
607784
607833
607888
608161
608263
609428
610063
610168
610249
610608
610931
611059
611957
612082
612612
612824
612953
613237
613272
613804
613847
614173
614216
614270
614493
615217
615324
616189
616425
616689
616767
617567
617729
618337
618515
618825
619157
619193
619437
619574
619745
621358
621378
621743
621991
622013
622027
622063
622143
622228
622269
622798
623335
624174
624395
624471
624871
625091
625483
625643
625943
626073
626162
626176
626395
634638
637661
638457
640694
641883
647256
653292
658655
660318
663374
665373
665395
667324
667778
668724
672623
673938
674222
674245
675569
681336
681537
691554
695988
697717
705461
708709
711253
712021
714708
716646
717186
717621
717866
719107
719194
723560
725052
725674
735561
738717
739109
739714
739860
740766
742057
742338
744152
746247
747212
747764
748149
749584
749610
750189
750400
751640
751921
752568
753583
753723
754685
755485
755860
756582
756856
756866
757740
758395
758594
759265
759495
761035
761107
761912
762665
762773
769479
770844
772616
773493
777955
779524
781190
784522
784887
787252
789460
793957
793968
794248
794611
795345
795756
798930
799344
801580
802670
803781
804072
805041
805164
805362
806597
807093
810796
811153
813375
816743
818643
819684
819872
821073
822185
822353
822437
823956
824022
826583
827039
827144
827637
828612
829305
832102
834629
835363
836225
836316
836564
836821
838190
839456
840790
841816
842018
842057
842941
843255
844055
844497
846545
846552
849812
852509
863452
863640
863705
864160
864534
864992
865290
865466
866133
866658
866670
866805
867000
867149
867332
868156
868636
868996
869865
869921
870253
871178
871596
872365
872511
873863
874128
874591
875193
876006
876531
876768
877339
877424
877790
879099
879335
880018
881500
881592
881614
882052
882215
884582
884762
886050
886537
887722
888336
888696
889564
890020
890276
890737
890922
891055
892868
892889
893091
894130
894344
896238
897112
898398
898484
899080
899176
899330
899503
899949
900728
901658
902458
902470
902649
902666
902685
902784
902830
903406
904057
904204
904225
904261
904661
904967
904975
905016
905418
905659
906442
907465
909001
909107
910272
911593
912323
912494
913577
915090
915340
915947
917021
917858
918128
918133
918855
919299
919511
919667
922012
922132
922209
922589
923019
923572
923729
923982
924161
924491
926125
926471
926660
927307
930235
931432
931919
931963
932372
932438
933026
934515
935003
936250
937357
937394
937410
939073
942245
942474
942746
946451
947024
947240
948719
949144
949285
949779
949782
950184
950781
950817
951012
951420
951497
952380
952528
952954
953213
953965
955102
955150
955310
956307
956341
957240
957568
958765
960146
961553
962012
963615
964257
964386
964485
964774
964983
965265
966062
968493
968496
969035
969099
970021
970654
971686
972883
973819
973987
974855
975187
975522
976041
976749
977640
977943
980578
981371
982129
982772
982996
983577
984547
984551
984803
984892
987412
988675
989745
989996
990979
992899
993336
993397
994504
995513
997800
1002898
1006069
1006101
1006506
1007975
1008376
1008533
1010695
1012953
1014310
1014685
1015764
1017859
1019590
1020268
1020720
1021708
1024367
1026059
1027094
1027646
1027704
1028864
1029030
1029318
1029766
1030590
1032320
