101742
104282
108208
121029
121730
124464
131963
138325
140121
150393
152484
152797
173319
175030
183470
185724
201396
202754
207233
223769
236773
238407
238881
242195
248530
249024
266879
272184
272307
296054
296847
298245
298548
300175
309534
311546
320242
327351
331420
335616
339524
343860
350768
354101
362673
364407
366154
369391
381698
387552
389914
390756
392937
396903
397075
400735
401971
404019
406630
418229
419302
420381
427768
428816
429282
436333
454134
456059
459341
466468
477191
477616
483545
486113
493029
500910
514478
521549
521837
539813
543323
543563
551714
555753
557456
558271
564430
566577
567455
567840
571913
580533
583115
592916
601900
604625
604653
606450
606490
637041
668724
684785
737170
739109
754715
770844
788436
796787
811153
824022
836821
839456
866805
880292
882861
892371
924203
962012
964485
983459
995229
996220
998202
