101170
103218
103814
103904
104826
105126
105649
106150
106319
106500
109767
110633
110899
111061
111203
111737
111738
111939
111997
112044
113125
113566
114202
116566
116969
118478
118554
120248
120620
121408
121730
121796
123035
123618
123777
123949
124681
126667
127760
127960
128593
129345
129401
130366
130909
131208
131963
132351
134880
135736
137677
137685
137910
138008
138134
139038
139113
140093
143238
143668
145422
146720
147398
147432
147896
148094
148601
148620
148671
149886
150269
151702
152633
152735
152992
153534
154589
156096
156366
157310
158006
159143
159567
159989
160513
161742
162606
162884
163810
163878
163976
164174
169564
170102
170884
171002
171222
171664
172147
172560
172576
172679
173528
173968
173977
174578
175203
175777
176469
176862
178786
179113
183470
184389
188532
191426
192038
192516
192562
193677
193922
194842
195197
195200
197625
197718
198355
199673
200862
200898
201024
201152
201396
202425
204034
204431
205003
207033
207233
207309
209033
209988
212183
214066
214446
215849
217351
217932
219957
220401
221739
223831
224306
226358
226924
227267
227768
234017
235542
236758
237476
238481
238828
238881
239503
239835
240550
241388
241420
241728
242000
242190
244198
244544
244827
245754
247730
248530
248633
249024
250116
250176
251002
251365
252210
254538
256229
256751
257154
258635
261035
261360
262442
263293
264687
265935
266020
266087
266150
266879
267956
269404
269603
271035
272097
272307
272542
274047
274400
274742
274894
275425
275774
277799
278491
278763
281705
281988
282208
282311
283278
284050
284389
286321
286841
291564
291990
292710
293473
293851
293955
293992
294969
296181
296676
297364
297431
297929
298174
298548
298619
299418
299907
301402
303403
304012
305651
305678
306030
306257
309153
309563
309792
310411
312355
312877
313472
314666
315386
315575
316762
318895
321135
321672
322520
323051
327351
327457
327610
328019
328037
331420
332635
333036
333674
335083
335334
335544
336921
339428
339524
339606
339905
340938
341501
341716
342654
343202
343952
344106
350647
351040
351455
351763
351897
352108
352928
353088
353337
354419
354659
355387
355812
355838
358021
358199
358347
359007
360116
361281
361735
362251
362768
363089
365989
366567
368456
369285
371498
371519
372049
372468
374383
375104
377372
377790
379043
379896
380551
380689
380828
381774
383984
385858
387181
387373
389767
390756
390808
391139
392250
392706
392932
394026
394553
396038
396089
397953
399136
399682
400208
400722
402047
403184
403759
404535
406750
407030
408547
411215
412387
414104
415270
416080
418229
418328
419322
420063
421408
422151
423653
424865
425954
427086
427768
427961
428202
428651
428760
429523
430135
431084
432898
433277
436333
437004
439119
439245
439310
440620
441643
443162
443524
444714
444787
445147
445522
446169
447143
448117
448590
449166
449703
449925
450623
451364
451897
451909
452774
453193
453834
454219
455425
457077
458549
458921
459070
459345
460754
462438
462697
462727
464482
464842
466214
466946
468467
468551
468661
468837
468967
469830
470042
470636
470645
470752
470958
471775
472871
472947
473195
473266
473727
474027
474643
475865
476721
476957
477434
478556
479629
480524
480705
482421
482512
482649
483688
483936
485101
486690
487123
487307
487513
487885
488798
490024
490190
490737
491721
491878
492488
495163
495544
496323
500694
501662
502067
503126
503202
504102
504300
505144
505468
506019
507197
507835
509809
510062
510277
510875
511024
511792
514478
514697
515009
515944
516231
516505
518902
519469
520041
520071
521191
521549
521837
521883
521885
523092
523147
524978
525646
525884
526399
527199
527677
528422
531554
532504
534767
538133
538951
539813
540247
541698
543243
544005
544077
544498
544826
545752
545944
549038
549049
549209
550418
550622
550646
551013
551495
552374
552891
554521
556899
557053
558641
558877
559947
560291
561252
562473
562494
563375
563837
565258
566773
567455
567637
569912
570365
571913
572619
573231
573780
574409
574634
574649
575118
575459
576233
576237
578051
579122
582404
582842
583460
584027
585291
586476
586977
590237
590487
594701
595562
596222
596875
598054
599279
599789
600388
600407
600607
601246
601900
604625
606283
606450
606490
606922
613237
615217
615570
618458
619437
619453
619745
620290
622013
623860
624033
624070
624470
625091
626162
626395
630361
630496
640764
654813
657257
659809
667324
670760
673938
675569
678854
684546
693202
702648
703508
704237
705461
707701
712681
714708
715453
716607
719763
721265
722141
724120
732267
735115
735292
735462
738892
739109
740276
741799
742338
745567
749217
750277
752510
752568
753723
754685
754772
757740
759265
761107
762454
764843
771232
774498
777287
778017
779524
779802
781591
794248
794611
797667
798831
799959
802670
805164
805972
806539
810074
811153
811620
811983
813613
816699
819684
821073
823992
828469
833102
833231
836821
837155
840115
842240
842941
844055
849812
864534
865290
866133
866670
867332
867342
868477
869019
870078
874719
876006
876067
876118
876768
881500
884749
886926
889531
891055
891279
892868
892873
892889
893200
893886
894130
895588
895668
896272
896604
897112
899949
902458
903406
903824
904261
904975
905659
906775
908778
911614
912261
912494
913577
915967
916607
917858
918855
923982
924493
926125
926471
926951
926991
930235
931963
932372
937394
939408
942474
945563
949372
949466
950184
950715
951130
951497
952954
953668
954307
955102
955145
956307
956341
958064
958611
958765
959598
962003
963615
964485
964762
964774
964983
965330
966062
968493
970473
971440
971686
971894
972514
973800
975522
976825
977702
979705
982344
983577
983608
984430
984672
985590
986779
988692
989025
989561
990121
990145
990538
991528
992130
995066
995229
995513
997163
