100351
101170
101749
103218
103814
103904
104826
105126
105649
106150
106319
106500
109767
111061
111203
111939
111997
113566
114202
116969
118478
118554
120248
120620
121730
121796
123035
123777
123949
124681
126667
127760
127960
129345
129401
130366
130909
132351
134880
137677
137910
138008
138134
140093
143238
143668
146720
147398
147896
148094
148671
152992
154589
156096
156366
159989
162606
162884
164174
169564
170102
170884
171664
172147
172560
172679
173528
173968
173977
176469
176862
178786
179113
183470
184389
188532
192038
192516
192562
193677
193922
194842
195105
195197
195200
197718
199673
200047
200862
200898
201024
201152
201396
202425
204034
204431
205003
207033
207309
209988
214066
214446
215849
217351
219957
220401
221739
223831
224306
226358
227768
234017
235542
236758
239835
241388
241420
241728
242000
244198
244544
244827
247730
248530
248633
249024
250116
250176
251002
251365
252210
254538
256229
256751
257154
258635
261035
263293
264687
265935
266087
266150
266879
269404
271035
272307
272542
274047
274400
274742
274894
275774
277799
281705
281988
282208
282311
283278
284050
286321
286841
291564
291990
292710
293473
293955
293992
294969
296181
296676
297364
297929
298174
298548
298619
299418
304012
305651
305678
306030
306257
309153
309792
310411
313472
314666
315575
316762
318895
321135
321672
322520
323051
327457
327610
328019
328037
331420
333674
335544
336921
339428
339524
339606
339905
340938
341501
341716
343952
344106
350647
351040
351455
351763
351897
352108
352928
353337
354419
355387
355812
358021
358347
360116
361281
361735
362251
365989
366567
369285
371519
372468
374383
375104
377790
379896
380551
380828
381774
385858
387181
387373
389767
390808
391139
392250
392932
394026
394553
396038
396089
397953
400208
400722
402047
403184
403759
404535
406750
408547
411215
415270
416080
418328
419322
423653
424865
425954
427086
427961
428202
428651
428760
429523
430135
436333
437004
439119
439245
441643
443162
444787
445147
445522
446169
447143
448117
448590
449925
451897
451909
452774
453193
453834
454219
455425
458549
458921
459345
462438
462727
464842
466214
466946
468467
468551
468661
468837
468967
469830
470042
470636
470645
470752
470958
471775
472871
473195
473727
474027
475865
476721
477520
479629
482421
482649
483688
483936
485101
486690
487513
487885
488798
490190
490737
491721
492488
495544
496323
501662
503126
503202
504300
505144
506019
507197
509809
510062
510277
511024
511792
515009
515944
516505
518181
518902
519469
519885
520041
520071
521191
521549
521837
521883
521885
525646
525884
526399
527199
527677
528422
534767
538133
538951
539813
540247
541698
543243
544077
544498
545752
545944
549038
549049
550418
550622
550646
551013
552891
556899
557053
558641
561252
562473
563375
563837
565258
565366
566773
567455
567637
572619
573231
573780
574409
574634
574649
575459
576233
576237
578051
579122
582842
586977
590487
594701
595562
596222
596875
598054
599279
599789
600388
600607
601246
606450
606922
613237
615570
618458
619437
619453
619745
620290
622013
624033
624470
625091
626162
630361
640764
654813
657257
659809
667324
670760
673938
675569
693202
702648
703508
704237
707701
712681
714708
716607
719763
724120
732267
735292
735462
738892
739109
740276
741799
742338
745567
749217
752510
752568
753723
754685
754772
761107
762454
764843
771232
774498
777287
778017
779524
779802
794248
794611
797667
799959
805164
805972
806539
811153
811983
816699
819684
823992
828469
833102
833231
837155
842240
842941
844055
849812
865290
866133
866670
867332
868477
869019
870078
874719
876006
876067
876118
876768
881500
886926
889531
891055
891279
892868
892889
893200
893886
894130
895668
896272
896604
899949
903406
903824
904261
904975
905659
906775
908778
911614
912261
913577
915967
916607
917858
918855
923982
924493
926125
926471
930235
931963
932372
937394
942474
945563
949372
949466
950715
951130
951497
952954
954307
955102
955145
956307
956341
958064
958611
958765
959598
962003
963615
964762
964774
965330
968493
971440
971894
972514
975522
977702
979705
983577
984430
984672
986779
988692
989025
989561
990145
991528
992130
994504
995066
995229
995513
995957
997163
