100577
112511
121192
121730
124464
129080
132014
132966
140121
146201
175030
180625
184326
193275
193677
201396
209886
213211
214446
223769
224646
236734
236773
238407
238881
242569
248530
253734
255262
272307
294965
296054
298245
298548
298776
306020
320242
327351
335616
335643
339524
339885
355848
356905
360011
362574
364407
367552
369391
390756
402047
428816
429282
436629
458549
466468
467113
470859
475419
479246
479256
493195
494566
514478
516505
521974
526488
534767
536673
538493
539813
543323
563579
567200
567455
571913
573780
585524
585525
599293
604625
606450
609428
663763
718355
742430
743700
793968
836821
866805
882052
