100715
103101
110133
111800
111901
113350
114078
118861
122194
129865
133955
137892
140050
140423
147495
149358
156003
157573
167694
168797
170455
175030
178316
178862
179210
183542
184748
205463
219557
220201
222969
226481
227535
228989
232528
235302
235939
242142
243854
245407
250387
258511
260630
262911
263990
264105
269544
272184
274391
284255
285334
289967
290288
296939
299262
308866
314302
319861
321127
321596
326332
331082
334123
335124
341903
348211
349205
353471
355952
356654
357076
358989
366154
368346
371266
375557
377865
378833
382160
383055
385584
386377
388509
398255
399114
404674
407077
408037
409076
411179
414823
419573
422439
422794
423513
427626
430423
435438
436180
448379
460069
460608
462236
467509
469008
474358
480061
480255
481492
484230
486113
490639
490873
494705
496594
513037
514356
516054
519415
521874
525304
526417
527643
527874
532721
535224
535231
536284
536854
545082
551178
555913
558271
567520
572129
573796
577041
579243
596504
596702
599341
600515
603454
607388
608531
610037
613501
613840
615241
616311
618413
621494
623204
640725
659309
659569
666558
668617
675861
682984
690391
697503
703456
703490
716101
721052
728815
733528
735241
740166
748791
756445
757060
758591
766154
767398
768277
772088
777544
778878
784863
866455
