110633
121730
131963
148601
151702
161452
175030
179210
183470
193677
201396
207233
214446
223769
226358
238881
248530
249024
261035
266879
272184
272307
274742
277799
282311
298548
327351
331420
335616
339524
358199
366154
371519
390756
402047
416080
418229
427768
436333
458549
469830
473727
478556
483936
487123
493195
504300
514478
516505
521549
521837
534767
536673
539813
552891
554521
567455
571913
573780
599293
601900
604625
606450
606490
693202
739109
802670
811153
836821
867342
874719
962003
964485
994052
995229
