103535
104826
110518
110899
111287
111853
111939
121437
123777
126482
128859
130019
134527
138928
139598
147309
147839
152806
159372
163689
170884
171664
175777
180346
183398
192562
194469
195197
196296
199673
202507
204431
208648
211730
212363
220206
221670
232439
234017
240554
242190
249608
250397
252018
257026
261223
261458
264188
267872
269326
270247
270562
273126
274836
278479
281988
282208
284497
285865
287610
287867
290267
291564
294969
295802
296170
296181
298203
302502
305651
306257
306788
307631
309703
312882
317806
319219
319870
322520
326520
326681
333036
333674
340253
342292
343385
346333
351040
351455
355838
355952
357620
365174
366567
366721
369285
369654
372700
381774
381928
382341
383082
385858
386951
392742
392769
393334
394541
394553
397047
403759
406378
416163
417862
420839
421353
425005
425352
433987
435091
439245
448117
449515
451811
451909
452320
453193
455505
456040
458339
461875
467993
470065
471841
472209
478658
483688
486748
486850
487307
490485
491131
491988
492034
497347
503168
503202
511341
512448
518488
520041
523545
523619
524117
527144
530139
542971
545295
546948
548128
548830
551846
551892
552870
558328
560661
562473
569912
570365
574952
575118
576233
578301
580793
583460
586977
591743
594666
595774
598984
600388
602068
606632
607076
611271
613644
614270
616225
618438
622013
626378
626395
632049
634282
636595
663848
666723
674245
692362
708114
713589
718406
736206
740166
741648
743906
748575
759265
762864
770491
771171
773026
778695
779524
802089
805362
818850
828186
828400
828469
836943
842941
852509
866385
866455
869371
869865
870255
872971
875606
883129
888696
896272
902458
902688
904285
905119
907465
910386
911241
913872
915537
916607
917867
924002
924268
924624
926491
930235
931714
941175
948719
950781
951420
952954
953088
956265
957231
958765
959459
964915
969958
971440
973800
974145
974985
977640
979705
983577
