100351
101749
102532
105649
106174
106500
107216
108228
109765
110073
114932
118606
119521
120286
121796
123000
123618
124681
125300
127960
130464
132253
132519
132873
132936
134977
140555
141845
145215
145614
147391
149797
149886
151260
156003
158032
159554
160378
161742
163869
163920
164753
168953
168956
170131
176750
176761
176911
178222
180223
183500
188309
189283
191293
191715
191747
193102
193191
194561
195681
195808
197394
198279
198355
200898
202045
202428
202591
205800
206123
206416
209988
210628
215374
215849
216067
216564
220140
221900
223786
226924
231629
231687
232159
238481
243775
247287
247822
252324
254395
257705
261750
261752
262442
264642
264679
267463
271745
273864
274132
274953
280880
285090
286306
289707
291343
291899
291990
293771
301967
303169
303696
304554
312415
312856
313472
313731
314138
315575
317456
321135
323778
327613
330859
332348
332635
335224
339456
344106
347828
349131
350390
352108
353509
353663
355812
359007
361736
364137
364206
364627
364641
365367
365816
369660
371266
375104
378820
380236
380329
380881
388905
390199
392551
396106
397295
397621
398918
401213
401419
402831
408044
410508
410824
411823
412666
413948
416890
416959
421256
423518
426430
427150
430340
430391
434667
435172
436127
438454
440971
444490
448590
449890
451082
453725
453834
458921
460243
460889
462236
463711
463903
464208
465004
465308
467022
470042
472947
475078
476566
478530
479010
480524
490737
495409
495748
498400
499127
502556
503371
503579
505518
507335
510875
511185
513144
514697
516402
519261
519327
520071
522150
527178
527677
530327
530688
532504
533673
537265
537723
539188
539572
543243
544269
548866
549049
549209
552096
555398
557270
558074
560291
563195
564071
565411
565442
565900
567395
567712
574109
574409
575523
576610
577768
578150
582720
582842
590436
592322
592631
594535
595417
596414
598886
600515
600652
601640
601993
607278
607544
607833
610554
611059
612953
613217
615324
617567
618337
618825
619157
621358
621743
622063
624174
625091
625483
626073
626176
669659
675569
705461
711253
712021
717621
752805
755485
756427
773493
795345
801364
810796
819684
822185
826583
827637
831310
834995
835363
846545
863640
863705
864534
866133
869786
871644
872365
874591
876768
877790
886537
888336
892868
894344
897112
898398
899330
899949
902470
905016
905659
915090
915947
918855
923982
935003
937394
949144
949285
950817
957568
964386
965265
966062
968493
968496
969035
969405
969544
970021
976041
977943
980578
981371
984803
989745
1012953
1029318
1030590
