100497
102939
103218
109572
109767
111302
111958
113350
113661
113670
116969
118478
118750
121440
122584
122918
123035
123777
124940
129001
129289
133113
133456
133892
134880
138296
139038
139918
140050
140578
142372
143415
147333
147896
151984
156655
157314
159143
160513
162567
163264
163267
165072
165324
165402
166992
167382
167694
169209
169482
170884
171664
172953
174805
176040
176862
177483
177684
179113
180171
181964
183067
184936
186319
187359
187833
190992
192139
193986
194202
196667
197571
199655
199673
201704
202856
204034
206040
206779
206910
209033
211854
214721
216620
218262
219557
224116
225321
228009
230749
230907
231496
234017
236507
238174
239730
240326
241363
241558
244198
246299
246558
249668
251002
253363
257026
258366
259479
264417
264832
267198
270174
270378
272234
275978
277744
277935
279256
279261
280575
281822
281890
281988
284033
284389
284497
285038
291564
291986
294969
296181
296432
297431
299418
299971
301402
302502
303392
305884
306638
307055
307299
307631
309153
312256
312376
312694
312931
314165
314666
315699
316762
318677
320806
321172
322520
322835
324242
324973
333036
333674
335052
336381
336979
339517
340815
341894
342376
343736
349140
351455
351763
353994
354659
355838
355952
356280
359121
362768
362946
365174
367989
369654
370690
371348
372049
372104
372729
374383
374519
376830
379043
379262
380551
380828
381585
381668
381774
385858
387869
388509
394026
394553
395643
395817
396493
398410
400827
403297
403979
406378
407184
409376
410242
410392
413891
415279
416831
417862
418856
419395
423633
423766
426918
429913
437193
438691
442411
444655
444802
447368
448117
449654
449743
450950
451301
451909
453193
455505
456040
456271
456750
462438
462727
464230
470645
472122
472209
472481
472871
476100
479127
480481
482398
489487
491131
492120
495047
503202
503525
505144
505482
506123
507102
507835
508093
509277
510062
511341
515368
525202
528853
530807
530981
531053
531298
532366
535603
536615
537131
538020
538302
539695
540322
544927
545877
548830
550799
552914
554214
555528
555806
557537
557959
558155
558328
559042
564995
567787
569912
570365
576233
578311
578355
579398
583460
594526
594666
597927
598984
599240
600388
602580
603395
604707
606632
606879
607784
610330
611237
612082
614636
616225
618014
619253
621018
622013
622143
622284
622990
625637
626162
634282
640764
640967
651048
663848
665336
666009
668179
692982
698572
703448
707962
708114
713589
714700
725594
727036
733146
734723
740276
740344
741648
743021
743527
745526
745567
746247
746805
748103
755363
755417
760414
766565
767352
772616
773271
774498
775182
776745
788356
791569
805362
842941
846552
864953
865318
866455
869677
869865
870253
872971
876118
879086
879343
880795
881061
881192
884155
887803
888613
889264
889372
889496
890224
892502
896272
904975
908239
909640
913872
914498
914618
916881
923682
926491
