109730
111303
113960
118554
121147
123801
148673
149358
151893
153534
170035
170515
192516
192616
195200
197718
211249
231859
266150
270517
271035
272913
293992
295601
299907
309563
309792
313520
321672
327617
329014
330312
335334
335918
336432
339428
344630
352928
353337
358519
361281
366096
366986
368624
371498
371575
371928
374468
375027
377483
377785
380689
383055
392504
393980
397255
403184
405080
414077
417564
419686
423513
425686
428651
430423
437840
445147
445867
446165
447143
454219
459345
459432
460228
460839
462819
465145
467042
467487
468467
468961
471529
475440
480133
480373
483231
498041
499712
500190
507911
509785
510060
510689
511024
511504
511792
513268
514356
523766
524408
526049
537653
538951
545944
548513
555151
556899
557170
558639
559445
562494
575459
578537
579243
587387
591687
592027
592390
600263
600607
602122
603798
606283
606608
610931
615217
617116
624366
653292
679489
688336
719939
753723
755525
780862
822437
864313
867749
868017
868996
870197
876791
902784
