101919
106755
109665
110753
113797
113895
114995
116105
117321
118658
119307
120683
121607
123517
131005
131961
132571
133945
133992
136453
137356
142694
144681
146257
146995
149217
152647
153963
154289
156268
156694
157310
158802
159032
162721
163878
164470
165022
168799
172406
172938
172983
175433
175596
176216
178786
179079
180207
181796
188032
190168
192104
192647
193748
194125
195105
195384
197591
199847
201048
201410
201782
202154
204208
204408
205168
207132
213858
216942
219450
220201
220933
222650
223072
224869
225351
227960
229609
232183
232785
233624
234800
235232
238099
238203
238365
238828
239392
239503
241017
243136
244024
246530
247304
247754
249553
249865
250116
250985
253296
257832
258511
258523
261595
262604
262963
263293
263990
266161
267994
270221
271039
272511
274400
275025
278259
284718
286890
287800
288540
288764
290920
292710
293839
294323
294412
297420
297442
305085
305499
307210
308998
310184
311654
313537
314874
317089
317207
322054
323823
324206
324246
325354
327025
328019
329146
331165
332928
333181
334634
335142
335510
338947
340999
341077
341164
343169
343189
344096
344854
347545
348211
349380
350143
350541
353824
358249
358331
359310
361047
361398
361695
365229
366254
366982
370173
370185
370453
373747
375746
376659
377445
377790
379116
379326
379576
382790
384261
387325
392706
393374
393960
396475
398652
399388
400662
400749
402443
403765
404236
405527
414485
415922
416623
424534
426731
427698
428202
428247
428709
428820
430456
431711
433360
434234
434745
435688
440904
441643
443006
443524
444787
447537
450052
451204
451487
452286
454197
454551
454838
455673
458348
459228
461473
463512
465114
466946
467955
468837
469710
470752
472019
472067
473543
473908
474269
474357
476097
477100
478749
479735
479754
481067
485666
486598
489055
493340
493718
494940
496456
497771
497799
498749
500809
503126
504200
505029
507251
512350
515944
516113
516884
517522
517711
518300
519042
519320
519408
519469
519887
521461
521885
525815
527643
529805
530317
531887
534467
535929
536787
536990
538407
538673
540247
540379
543400
545541
547021
548624
550227
551553
555395
555714
556179
556927
558015
563889
564110
564233
564428
565979
566081
567637
567649
568991
572139
573796
574634
577267
578445
579607
580576
589029
589844
590914
596546
601378
605153
606922
607408
610249
613804
614173
618515
619437
622027
622269
637661
660318
665373
674222
697717
708709
714708
723560
725052
735561
737446
739714
742338
752568
754685
756856
757740
758395
758594
761107
769479
784887
789460
794248
799344
806597
819872
827039
828612
836316
844497
849812
863452
868156
872511
886050
887722
889564
890276
893091
893939
894130
899080
902666
904225
904261
904661
904967
906442
909751
919511
923572
926125
927136
931432
937410
942746
955310
956341
956580
957240
963615
964774
969099
970654
971686
973819
975522
978356
984547
987412
990979
993336
994504
995513
1006069
1007975
1008376
1008900
1011599
1014310
1014685
1019590
1021708
1027094
1027646
1028864
1029766
1032320
