103904
104142
109767
111287
113350
114719
118478
118861
122584
123949
125407
125902
126482
128859
133955
134880
138419
139038
145219
145974
147333
147896
149249
152992
156590
167694
168144
170198
176424
176549
176862
179934
187833
189535
198623
199673
206673
209033
210355
212363
212415
219557
223318
229149
234017
239835
242000
244198
244827
245547
251002
251719
257398
261443
261458
264832
266265
270220
272436
274892
276369
278479
281486
281822
284033
289967
290089
290818
294969
296137
296181
299540
301402
304012
304332
317641
317704
319196
321172
322520
322977
326598
329514
330852
335124
336381
342376
343385
344704
345758
350593
355838
355952
357620
358989
361859
365174
369549
369654
373549
376322
377685
380551
380829
382537
383944
388509
392807
393334
394541
395817
409376
417862
418826
422794
435091
441344
442439
443307
445522
447368
448117
449654
450235
451156
451909
452829
457187
461803
462438
463457
464331
466147
468967
470636
472871
474302
476957
482969
484910
488785
490090
490190
496995
497579
515864
518210
518488
519415
523273
524648
524786
525304
528902
529795
534303
540994
542068
548135
548715
551892
555013
555806
555845
557959
567220
567520
569912
570365
576233
583460
588666
588675
594619
594666
596702
598984
599341
600388
603204
603454
606879
608531
609522
610381
612824
616225
619463
622013
622143
626070
626162
627182
633457
640694
640725
640984
643227
649774
653959
666558
670760
674344
686704
686964
689996
692982
698572
709656
714926
717415
718406
720797
730072
733146
733908
740276
742499
745567
756445
759265
764636
769912
777544
778878
783083
791569
866455
