101024
101919
104144
106541
113350
116105
132873
133945
136453
145933
146257
147550
149358
149637
156003
156694
157480
157880
158666
159875
161452
162721
164707
170202
179079
192454
200739
201782
203896
207999
209827
220140
220201
223124
223769
238099
238407
239147
241363
258511
261750
263990
271745
284718
288540
294538
296054
303182
305085
305396
307081
307920
309534
310821
313574
319952
323823
327617
329146
332928
334513
348211
353471
355952
359239
362574
364362
364627
365229
366154
366254
368346
370185
370453
371266
373276
379116
383055
383544
386537
388509
389862
393960
398608
400827
408070
411622
411697
411990
414485
415922
416480
420381
421479
423513
429282
430340
430456
431711
431759
433360
438350
440904
443612
446165
447537
449959
450466
454691
459955
460069
460608
461439
461473
462236
464625
467487
468525
469710
471148
472067
473543
475057
477100
479010
480106
485986
486113
486598
490522
493195
494127
495748
498041
501079
503181
505629
506288
511908
512350
517522
519415
522150
523772
527643
529566
531793
531887
532366
536673
537265
537653
538455
540379
544269
545570
552096
555991
558074
558271
562740
565979
567840
570838
573796
576610
577640
578813
585615
589957
590436
592916
594113
600515
601993
602687
603195
603359
607544
610554
613217
620536
632628
641965
669659
700038
723572
730692
733615
734827
737446
752805
756427
774914
779227
783674
787346
801364
830520
831310
833255
834995
849340
866455
866758
869786
871644
872971
879348
882421
885967
893939
897318
909626
909751
914678
914959
921280
927136
933793
939722
940625
949269
956580
969405
969544
970355
974308
976826
976830
978356
978400
1001158
1008900
1011599
1015262
1017280
1023424
1025140
