101024
102086
102475
106319
114363
114474
119314
119510
121147
123825
123948
124500
126864
129575
129652
137677
139113
144418
146208
147663
148775
149180
149358
149637
153850
154982
156634
157377
159875
161156
169296
169564
170035
170515
171393
177115
184407
184558
192058
192516
192616
195200
197718
197892
198339
199123
202075
207999
223124
227159
230896
237374
239186
240550
257154
257400
264020
265595
266150
270517
271035
272609
276905
280838
293992
294538
295374
295601
296815
297364
299907
300297
300882
303808
305396
305678
305723
308169
309560
309563
309792
311176
317644
322537
325622
327617
329014
333857
335335
335918
336921
338862
339428
339905
342633
343694
352928
353337
354157
358497
361488
365043
365989
366986
368624
371498
371575
372440
372737
373743
374158
374468
380131
382891
383544
384122
387117
387373
390100
390234
390808
391197
392932
393980
395963
397821
399542
399682
402039
404347
405901
406479
406495
407141
408070
408175
413960
414077
415967
417564
418716
419062
419136
419686
423459
423653
424567
427086
429785
431431
431746
431759
437913
439314
440757
443070
445147
446165
447717
448909
449008
450466
451897
453458
454083
454219
454311
454323
459070
460228
460915
461997
462697
464558
466214
468961
479114
480106
480133
480373
481388
485876
488325
496253
498041
498176
499225
499712
500089
500586
502112
503081
507911
508075
509386
510225
510973
511792
512483
514324
514356
517916
520357
521806
527838
531554
531793
537653
539301
540942
541775
543430
544077
544826
545944
546628
548976
549392
551013
552282
555704
555991
556062
556228
557170
558639
560373
563799
563904
566225
575459
578715
579124
582695
586508
589209
589776
590026
592027
592421
594113
594644
594749
595004
599279
600263
601110
602111
605409
606283
611122
612127
614286
615217
619574
621412
622410
624366
624471
660059
673938
698237
698889
715453
719834
719939
738717
747029
747212
753583
755525
762773
794611
794666
805164
817038
822437
827754
844047
849340
849398
863491
864160
866670
867332
867749
868017
868554
870598
871654
880018
881500
881847
882024
885967
886814
888764
890863
891055
895588
902784
909107
910909
911619
913577
921067
928552
930557
935817
936298
939408
939722
955102
959718
