100034
100194
100351
101185
101299
101532
101749
102484
102959
104394
105649
106234
107030
108163
108228
108455
109954
110073
110899
113895
114170
114363
115211
116257
116441
116969
117934
118164
118234
118478
118606
118750
119521
119803
120248
120286
120628
120935
121147
121440
121730
121796
123158
123618
123777
123801
123948
123949
124464
124507
124738
126875
127104
127303
127960
128032
129289
129575
130030
130181
130464
130555
130760
131005
131961
132014
132351
132571
133070
133113
133892
135736
137379
137677
138296
139113
139363
140480
141636
141778
142372
142694
142770
143204
143668
144206
144834
145215
145614
145875
146201
147391
147410
147896
148040
149025
149318
152715
152806
152824
153582
153850
153963
154544
156096
156268
156365
158032
158587
159143
159554
160378
162884
163869
163878
164470
164753
165109
165324
168332
168953
170131
170214
170515
170884
171039
171664
173181
173319
173528
174568
175122
175433
175596
175868
175869
176262
176862
176911
178751
178786
180207
180223
180230
180625
181548
183470
183500
184389
184558
185724
187314
188032
188309
188482
189283
190168
190280
190844
191561
191715
192058
193677
193922
194469
194561
194842
195197
195200
195384
195681
197752
198194
198279
198355
198623
200907
201048
201396
202019
202045
202227
202307
202591
203538
204037
204208
204408
204423
204431
206123
206960
207132
207233
208868
211854
213874
214517
215374
215849
216067
216620
216942
217160
217276
219450
219951
221900
222000
222001
222416
223072
223536
223786
224869
225351
226621
226924
227452
228096
228319
228457
229146
231859
232159
233624
234176
234763
234848
235232
235297
237191
238203
238365
238828
238881
239186
239503
240321
240804
241017
242802
243089
244198
245072
247754
248473
249024
250116
250481
250985
251002
251568
253296
253730
253734
254208
254661
255262
257154
257705
258366
258379
258523
259947
260000
260584
261061
261595
261715
261752
262231
263293
264004
264642
266150
266161
266265
266879
267463
267994
269441
269991
270220
270378
271346
272307
272393
272511
272748
273864
274132
274440
274894
274953
275134
275353
275588
275596
275978
276365
276676
278259
278811
280880
280966
281988
282068
282311
283278
283502
285059
285090
286321
286841
286890
287668
287800
288764
288828
289707
290045
290585
291343
291522
291564
291899
291990
292190
293771
293992
294323
294965
294969
295374
296308
296343
296815
297420
298548
299373
300175
300297
300882
301967
302709
303169
303315
303778
304353
304554
305499
305678
305723
306257
306322
307548
308334
308992
309025
309147
309153
309792
309871
311654
311783
312415
313776
314138
314234
314647
314702
314874
317456
317847
318537
318677
319870
320242
321145
321672
322054
322520
322537
323778
324104
324352
325265
325354
325622
325720
326471
327358
329014
329057
329339
330312
330859
331165
331420
331551
332432
332924
333181
333665
335142
335334
335335
335643
337132
337322
337531
338042
338437
339428
339445
339524
339606
339905
340361
340999
341463
342716
343189
343202
343385
343805
344096
344106
344415
344630
344854
345803
346071
346289
347545
348281
348380
349466
350054
350541
350768
350842
350887
351455
353509
355387
355812
356217
357330
357611
357957
358249
358331
358497
359007
359310
360514
361281
361736
362516
362743
364137
364729
364948
366721
366982
366986
368030
368624
369391
369654
369660
370173
371498
371519
372108
372811
373230
373747
374383
374468
374632
375746
376659
377790
378698
378825
379262
379534
380150
380329
380551
380881
381294
381377
381585
381774
382117
382891
383170
383294
384122
384957
385713
385880
387369
387373
387387
388392
389285
390199
390756
392321
392551
392552
392932
395908
396106
396475
396894
398681
399356
399388
399542
400735
401036
401082
401213
401419
401894
402443
402886
403184
403445
403759
404019
405527
405901
405975
407872
407966
408175
409690
409957
411304
411823
412316
413148
415230
416080
416890
419136
419656
420879
421137
421256
421408
421852
422151
422933
423322
423518
424961
425686
425954
426731
427283
428544
428651
428709
428816
428820
430135
430619
431192
432898
433174
434667
435172
435688
436127
436551
436687
437259
441643
442764
443524
445147
445207
446002
446308
447143
447368
447717
448590
449468
449488
449743
449870
451363
451717
451909
452286
452774
453193
453725
453834
454083
454219
454838
455894
456258
457077
458348
458549
458615
458692
458921
459070
459228
459345
459885
460889
461998
462055
463108
463222
463512
463711
463903
464208
464605
465145
465308
466084
466214
466468
466946
468241
468467
468501
470752
472019
472042
472871
473727
474045
474073
474269
475078
475359
475419
475848
477413
477918
479256
479754
480046
480481
480524
481388
481424
482458
482622
482827
482999
483143
483161
483211
483545
484328
484493
486690
486850
487076
488580
488754
489886
490090
490190
490381
491022
492002
492770
493340
493464
493713
493876
496253
498151
498400
499712
500586
500809
502104
502556
502604
503126
503202
503371
503579
503989
504102
504714
505510
505693
506984
507335
507835
507911
508101
509386
509394
509918
510350
510450
510875
510973
511341
511792
511971
512310
513144
513268
514697
515368
515944
516100
516113
516402
516496
516884
517175
517461
517640
517711
518300
518914
519068
519261
519887
520071
520693
521461
521837
521885
521912
521974
524408
525889
526049
527178
527838
528558
529805
530139
530981
531831
532233
532893
533449
533789
534467
534619
535563
535929
537810
538928
538955
539188
539301
539508
539572
539813
541417
542487
542534
543214
543243
543323
543400
543430
543563
544077
544090
544950
545518
545541
547021
547990
548866
548927
549209
549705
550144
550227
550817
551446
551846
552282
552356
554199
554567
555395
555398
555704
556062
556192
558926
560291
560724
561252
561850
563195
563600
563641
563889
563904
564071
564110
564233
564256
564430
564686
564995
565223
565900
566577
567455
567712
567787
568991
571624
571913
572139
573259
573519
573780
574109
574136
574409
574634
574836
575459
575523
576233
576692
577925
579132
579607
580132
580576
582720
583460
584167
584471
585130
586326
587513
589209
589776
589952
592027
593224
594535
594749
595172
595417
596160
596414
597177
598886
600143
600388
600652
601110
601755
601916
602814
603122
604650
604653
605409
606187
606283
606450
607784
609428
610249
611957
612082
612612
612824
613237
613272
614173
614270
615217
616105
616689
616767
617567
619157
619437
619574
619745
621743
622013
622063
622143
623335
624471
626162
626176
626395
635753
638457
640694
641883
653292
663374
665395
667324
668724
674222
674245
681336
681537
691554
695988
697717
708709
711978
712021
714708
719107
719763
721265
721553
723560
724769
725052
725674
733176
738717
739109
739714
739860
740276
742057
742338
746247
747609
747764
749584
749610
750400
751640
752568
753087
753723
754685
756856
758123
758395
758594
759495
761035
761107
769443
769936
772750
777287
777523
777955
777984
779524
780709
784522
787252
789460
794248
799344
801580
804072
805164
806452
810796
811153
811983
816743
819684
821073
822185
822353
822437
823956
824022
827039
828612
832102
833231
835363
836225
836316
836564
836821
837831
838190
840790
841816
842057
842941
844055
846545
846552
849812
864534
864992
866133
866658
866670
867149
867332
868156
869865
871178
871654
872009
872511
873863
874591
876006
876531
877339
879335
880018
881592
881614
882215
884582
886050
886537
887722
888336
888696
889564
889768
890276
892889
894344
898398
898843
899503
899638
899949
901658
902470
902649
902696
902784
902830
904204
904261
904661
904967
904975
905016
905418
906775
908694
909001
909107
912494
913577
915090
915340
915947
917482
917858
919299
922132
922209
922589
923019
923572
923888
923982
924161
924491
926125
926471
930235
931919
931963
932372
932438
937410
947024
947240
948719
949782
950589
951497
952954
953213
955102
956307
958765
959390
959410
960146
961553
962012
962022
963615
964485
964762
964774
965265
966062
969035
971686
972883
973080
973819
975187
975522
977640
981233
982772
983577
983578
984803
984892
985144
986125
986779
987412
989745
989996
991528
992899
993336
994504
995513
1001029
1002898
1003246
1006101
1006496
1007975
1008376
1014310
1014685
1019590
