101749
102532
105649
107216
109075
110073
118606
121796
123618
124681
130184
130464
132253
134163
145592
145747
147391
149886
151025
153041
160378
161742
162224
164308
173528
180230
181607
188482
189283
194411
197394
198355
200898
203819
209988
214303
215374
215849
221900
222204
223788
226924
226985
231620
231687
242680
243039
247851
249298
252704
254395
254903
261264
261750
262702
265244
267463
273864
274953
275425
280880
285365
287754
302709
303696
307095
312877
314138
315575
318300
321135
321596
335332
345624
350390
350864
352441
353663
355592
359007
372811
374115
375104
375986
377735
378436
378820
379272
382117
384624
388905
393439
397621
399615
400253
412387
416657
416959
418357
423518
423915
432898
434667
440533
447692
448590
449584
450623
457077
458615
458700
458921
460453
460889
463711
464842
470042
475078
478530
480524
482649
488638
490260
490737
491767
495409
498303
498824
499840
503371
503579
508797
510875
514476
516389
525646
527677
531250
532504
535838
539446
543243
545865
555942
557579
559947
560291
566035
567321
567712
568128
574409
574649
577207
582842
584045
584126
585456
593140
594535
596414
598886
600515
607278
611059
615324
615597
626176
631244
645215
645406
675569
703617
711978
717621
749466
758123
758819
819684
819859
821908
822185
833102
834995
835363
835609
837950
840826
845834
846545
864534
866133
868830
874591
881068
881662
888336
894596
898398
899330
899949
905016
905659
911400
913899
918021
923982
933048
949144
949677
957568
965265
966062
966593
968496
976854
977943
981371
984803
989745
992853
997163
998827
1004644
1023595
1029318
1031992
1033300
1035095
