140050
143958
149358
151025
156292
175030
184407
223769
225099
225646
232780
238407
249298
255353
261750
272184
284704
294538
296054
296847
300426
309534
321596
332928
334513
335616
336239
338862
339517
343860
344568
348211
349593
352441
353926
354817
355592
366154
370185
379504
384624
388509
389914
394767
396903
402518
408070
418357
419302
420381
429282
437148
439351
442119
446165
447692
461473
483021
485986
486113
491979
492034
496799
498315
503181
513933
538455
539350
551714
558271
562693
567840
577207
582826
584064
584282
592916
593140
594113
600515
616647
620536
650011
705311
758819
772088
811558
834995
867344
872971
880747
880786
881068
885967
889372
899264
900203
923924
924203
930557
964541
992853
1007139
1010656
1026236
1026531
1033068
1044348
