100497
100876
102309
102647
102939
103218
103371
104717
105649
106748
107756
109220
109572
109767
110455
110457
111302
111958
112511
113036
113566
113661
113670
115022
116969
118234
118478
118554
118658
118750
119454
120248
121147
121440
121730
121796
122584
122918
123035
123593
123618
123777
123825
124464
124681
124940
125045
126277
127802
127960
128213
129001
129017
129289
129415
130366
131008
132897
132966
133113
133456
133892
134084
134146
134880
137296
137677
138058
138296
139038
140234
140578
141207
141231
142122
142372
142694
143116
143204
143382
143415
144205
144417
145478
145747
146559
147287
147333
147432
147896
148414
148475
149886
151702
152033
152148
153850
154248
154544
154982
155211
156041
156634
156655
156690
157314
158587
159143
159567
160513
162284
162567
163178
163264
163869
163878
164308
165072
165109
165324
165402
166603
166734
166992
167382
167476
169209
169482
170586
170884
171002
171664
172406
172953
173319
174793
174805
176040
176862
177483
177684
178285
179113
180171
181607
181964
182290
183067
183500
184936
185724
186319
187042
187359
187833
188482
188772
188845
190328
192058
192139
192445
193191
193275
193285
193360
193388
193922
193986
194202
194411
195105
195200
196667
197571
197892
199655
199673
200658
200853
201118
202040
202045
202856
204034
204208
204365
206040
206779
206910
207645
209033
211854
213211
214066
214721
214908
215849
216620
218262
221964
222000
222416
222650
223109
224116
225015
225321
226924
227696
228009
228704
230749
230907
231496
231893
234017
235938
236507
237374
238174
238581
238881
239186
239730
240326
241017
241327
241558
242195
242569
244198
245071
246299
246558
247754
247851
248530
248633
249668
251002
251036
252278
253363
253734
254623
255262
257026
257982
258366
259479
259627
259706
259881
260074
260786
261019
261063
261502
263293
264417
264679
264832
265244
266150
267198
267343
267463
268343
269187
270174
270378
271035
272075
272234
272307
273854
273864
274894
275978
277744
277815
277935
278259
279256
280575
280966
281822
281890
281971
281988
282311
282802
282991
283910
284033
284389
284497
285038
286321
286384
286753
287389
288039
288714
290496
291564
291986
291999
293947
294115
294969
296038
296181
296432
297431
297467
298776
299166
299418
299907
299971
300920
301402
301967
302502
302965
303392
303696
305003
305884
306020
306466
306638
307055
307299
307407
307631
307985
308949
308992
309153
309445
309563
309792
309886
310184
312256
312376
312877
312931
313095
313130
313260
314165
314666
315695
315699
315774
316587
316762
318300
318677
319006
319231
320242
321172
321672
322520
322835
323778
324242
324277
324973
325322
326124
326897
328019
328086
329014
330312
332348
333036
333674
335052
335224
335334
336381
336979
339524
339905
340260
341501
341894
342376
342654
343259
344630
347067
347453
347715
347942
349140
349876
350143
350390
350768
351455
351715
351763
352928
353994
354659
354730
354972
355402
355812
355838
355848
356280
356945
358331
359007
359121
359175
361047
361180
362768
362989
363387
363692
365037
365101
365174
365900
365989
366986
367291
368624
369391
369654
370690
371348
371575
372049
372104
374383
374519
375104
375746
375840
376046
376830
379043
379262
379536
379896
380551
380689
380828
381585
381668
381774
384261
384643
384880
385249
385858
387373
387869
390100
390756
391816
392937
394026
394027
394553
394863
395532
395643
395817
396493
398410
398935
399542
399590
399611
399682
401439
401971
402047
402254
403667
403979
405933
406378
407134
407141
407184
408080
408175
409376
409935
410242
410392
412247
412387
412436
413891
414417
415206
415279
416080
416831
416959
417564
417862
418129
418229
418856
419395
419747
421496
422247
423633
423766
425536
426964
427086
427768
428202
428651
429913
430029
430420
432553
432898
433709
435797
437193
438691
439358
440971
441318
441489
442411
442885
442934
443015
443197
443524
444023
444655
444802
445147
446438
447321
447368
448117
449367
449654
449743
450548
450950
451301
451487
451897
451909
452286
453193
454083
454219
455505
456040
456538
456750
457077
457705
458365
458615
459070
459341
459432
460222
460746
462438
462727
464230
464842
466095
466214
466468
468467
469639
470645
470752
471775
472122
472209
472481
472871
472947
473266
474566
474879
475419
475440
476100
477056
477413
477520
477616
478820
479127
479246
480133
480373
480481
480524
481388
481872
482512
483402
484493
485361
485626
486268
487513
487514
487931
488931
489263
491131
491709
492120
492851
494566
495047
495194
496630
497771
498824
499840
500312
502111
502470
503126
503202
503525
504300
505144
505482
506019
507102
507569
507835
507920
508093
508100
508569
509277
509622
510060
510062
511024
511243
511341
511464
511792
512483
513268
514324
514478
515368
517175
517415
517640
517749
518871
518914
519137
519469
519885
520531
521885
521974
523766
524485
525202
526985
528853
529466
530807
530981
531053
531298
531554
531947
532007
532233
535929
536615
536744
537131
537370
538020
538302
539301
539572
539617
539695
539813
543243
543489
543558
543563
544028
544077
544498
544927
545058
545518
545877
545944
545984
548830
548999
549038
549392
549498
550070
550144
550509
550799
550953
552715
552765
552914
552972
554214
554469
554521
555395
555468
555528
555618
555704
555714
555753
555806
557270
557390
557537
557959
558112
558328
558639
559042
561252
561468
561726
564783
564995
565366
566225
566577
567455
567649
567712
567787
568128
569912
570365
571707
572285
574109
574634
575459
575523
576125
576233
576459
576664
576731
576902
578051
578311
578355
579001
579398
579607
580829
581567
582964
583351
583460
584027
584447
585524
587069
587925
589209
589303
589515
590237
593137
593535
594526
594666
594749
594803
597332
597927
598984
599279
600263
600388
600607
600773
602580
603395
604625
604707
604947
606283
606450
606632
606879
607784
607833
608331
609428
610330
610645
610931
611122
611237
612082
614636
614776
616225
616308
616377
616767
617558
617729
618014
619253
619437
619574
620005
621018
621378
622013
622027
622143
622410
622990
623335
624033
624366
625483
625579
625637
625648
626162
632915
634282
637904
639744
640764
640967
651048
656857
659809
663848
665336
666009
668179
675318
675569
677551
680859
688011
692982
693202
698572
703448
703679
704237
705081
705461
707962
708114
714700
715147
715341
715453
715903
718355
722141
725594
725674
726988
727036
733146
733176
734723
735292
737348
738077
739761
740276
740344
741223
741648
742338
743021
743527
745526
745567
745847
746247
746498
747446
747609
748748
751356
752568
753723
754772
755363
755417
757291
758594
758595
759650
760352
760414
761107
763292
766565
767352
770844
772616
774498
775182
775561
776745
776789
777643
778660
779426
785547
785590
788356
789996
791569
794248
805362
806691
823514
826615
833102
835609
836821
840055
840247
842170
842834
842941
846552
849812
863993
864534
864810
864953
865318
865945
866805
868017
868148
868830
869677
869865
870253
872511
873863
874035
874719
875980
876118
879086
879270
879343
880018
880795
881061
881192
881662
882861
884155
884673
887474
887803
888260
888613
889264
889496
890224
891686
892502
893886
894130
896272
897112
902011
902609
902696
902784
903506
904914
904975
905016
905721
905873
906775
907179
907738
908239
908778
909640
911400
911500
912487
913577
913872
913899
914498
916519
916838
922072
922526
923682
926491
931963
