100497
101532
102179
102370
104120
105672
108067
109302
109767
109954
110691
110899
111302
111939
113350
116969
122584
123035
123777
123949
125407
126875
126930
127145
130532
130799
131368
140093
140850
143988
145395
147896
149963
151812
152806
152992
155879
158654
160985
162567
164901
171664
172576
175183
175621
176862
186815
187833
189356
190992
192038
194449
194469
195757
198623
199673
204431
210484
210939
211044
215571
216415
217779
219557
220763
223729
226056
230734
230907
234017
235462
236540
239730
239757
241558
244198
245141
245660
247209
247730
248818
249934
251002
251719
252444
259079
261367
261458
264832
266265
271346
271349
275298
281279
282186
283278
284672
286841
287867
288010
292347
294434
294969
297929
298543
298620
301402
303666
305022
305343
307359
310194
310392
312418
312931
317806
319569
321172
322288
322520
323487
328183
329339
333036
333674
341763
342376
343385
346333
352391
355520
355838
355952
356280
361022
361188
362768
362770
364261
365174
366803
368080
369285
369654
370743
371348
372970
379043
379173
380551
380828
381294
381774
382537
385744
385858
387862
388509
395643
396894
397272
400827
403445
404261
407924
410392
411774
411990
415230
416926
418826
419702
423766
424142
425005
425522
427096
427250
427961
428148
430968
435049
435091
436895
439245
439910
446169
447084
447317
447368
449176
449488
449654
450235
453193
453200
455970
456209
460048
460626
463507
464331
468355
469173
470065
470645
471841
472186
472481
472871
473380
473870
474027
480746
481064
484910
485311
485938
488809
491988
493713
495392
503254
505510
506123
506611
507102
510062
510597
511341
512554
513742
518488
519415
520041
521717
522324
523586
527983
530802
536615
541417
541665
542485
548152
551892
555013
556646
557537
560697
562031
563375
564995
566129
566502
571624
575595
576233
583460
584492
588342
589957
598063
598984
600388
604098
604514
606425
610365
610381
611397
615047
615119
616225
616689
618615
622013
622271
624470
624701
624871
626070
626161
626162
640764
641858
653861
663289
674344
692982
696493
698572
700210
709656
713222
714528
714700
721553
724769
727526
739860
740276
747927
748962
750241
751146
751640
755860
756633
768034
770491
772174
772616
773271
773904
777179
778493
783674
838190
842941
848915
866455
867448
867553
868242
869865
872674
872971
873925
875193
882421
884716
890224
896272
