111288
114474
118554
119510
121147
123366
123801
123825
126864
127895
130555
131208
137677
138058
140062
140480
141636
146078
146283
149358
151893
161156
169564
170035
171222
181548
195200
205182
211249
217160
217456
222309
222416
225012
237374
240550
241682
245356
251923
259945
266150
271035
282336
285059
289116
290045
293332
293947
298138
303182
305678
306466
309445
309563
309792
314228
320327
321672
324352
325720
327617
328086
335334
337132
338862
339428
339606
343694
344630
349466
352928
353299
358021
361488
366986
368624
371575
371928
380131
383544
384643
387373
390234
396168
396609
404347
405901
405975
406437
407716
408266
419062
423123
424865
425686
428651
436804
440757
441489
442713
445147
446165
446308
446533
446694
448359
448792
453374
454219
459345
460069
464605
465145
465889
467042
468467
477413
477520
480133
480373
480705
484351
484511
484935
486268
489993
490250
494752
502111
505071
505801
509785
510225
511024
511792
514324
516919
522905
524408
527838
528718
530730
532233
536214
536669
539508
541311
543558
548446
549038
552282
558639
558641
558940
560369
562494
563916
565260
570060
571960
574836
575459
577476
578051
584167
584471
586508
592027
595004
598054
598811
599279
602122
603111
604591
605409
610212
610931
611122
615217
616308
617827
618387
620536
621378
621444
660186
668785
673938
719834
733615
753583
753723
755525
759495
762773
771767
773468
794611
801793
805164
813375
818643
827856
832604
844055
864992
867332
868017
871178
876791
877574
880018
881592
884582
890020
890737
898484
901658
902784
903506
909626
912261
912494
913577
917055
917858
921280
925898
930557
946457
946547
958301
970355
972625
981625
981977
