105649
106075
116290
116610
124681
124985
127960
130184
145215
153041
156003
160378
176911
178285
180230
180786
183666
188482
200898
202045
217932
219957
242981
244544
247822
247851
252547
254464
259636
264679
266177
267463
273864
282802
284530
285334
286306
289747
299397
303696
313472
314138
315575
317586
328799
331880
332348
335224
343816
344106
350390
359007
364641
367153
369660
378820
379272
382117
384267
397621
408044
410845
413973
414915
416657
418357
425424
426969
430029
430340
438114
440924
448590
453834
457077
458615
460889
462236
464842
465877
470042
472947
478530
480524
481872
482649
482827
484493
485101
488638
498824
502556
506019
507544
507612
510479
519306
520071
534619
539572
543243
547968
556703
557270
560163
561468
567223
574409
574649
588586
590237
594535
600407
607833
615986
621108
622063
623542
625483
626176
705461
712763
742581
746498
756427
758819
834995
864534
866133
867805
876780
877173
877790
889928
897112
899949
901985
902011
902470
905016
906775
908694
911400
913899
937394
956686
968496
977943
988307
