121729
121730
124464
132722
132966
146201
151702
159555
161452
175030
179210
180625
181935
185724
193677
198270
207233
213211
222000
223769
226358
238881
240815
249024
261035
261850
264004
266879
268342
272184
272307
274742
279304
294965
296054
298245
298548
302871
306020
320242
331420
335616
335643
344290
354101
359512
366154
371519
374593
375633
389914
390756
392937
401971
416080
418229
421049
427768
428539
429282
431316
436629
439115
448397
450205
466468
467113
469008
475838
477056
478556
493195
500312
503187
504300
514478
516505
521549
521837
531503
539813
540772
543323
545730
554521
555753
558271
558926
562991
564430
566577
571913
580533
581617
582554
599293
601900
603349
604625
606450
718355
756582
760960
779698
790376
836821
874719
880985
