100034
100194
100351
100378
100497
100577
100784
100842
100876
101170
101185
101205
101299
101486
101532
101742
101749
101912
101998
102086
102090
102179
102309
102370
102475
102484
102532
102647
102667
102939
102959
103003
103218
103366
103371
103535
103618
103799
103814
103872
103904
103968
104088
104120
104142
104231
104277
104282
104345
104394
104626
104717
104749
104826
105047
105126
105246
105351
105649
105672
105843
105919
105943
106075
106150
106174
106234
106319
106500
106518
106748
106755
106982
107030
107216
107250
107329
107463
107756
108067
108163
108208
108209
108228
108455
108543
109075
109220
109302
109572
109615
109665
109730
109765
109767
109954
109999
110073
110250
110455
110457
110518
110633
110691
110753
110899
111061
111203
111209
111211
111287
111288
111302
111303
111543
111670
111737
111738
111853
111939
111958
111996
111997
112044
112161
112335
112511
113036
113123
113125
113425
113566
113625
113661
113670
113730
113797
113895
113960
114170
114202
114342
114363
114474
114495
114666
114719
114932
114995
115022
115211
115283
115409
115438
115559
115663
115809
116078
116257
116290
116441
116517
116566
116610
116969
117070
117321
117610
117667
117755
117790
117912
117934
118164
118234
118364
118478
118554
118606
118658
118750
119278
119307
119314
119454
119510
119521
119803
120004
120086
120171
120248
120286
120620
120628
120683
120745
120935
120966
121029
121076
121147
121192
121408
121437
121440
121443
121516
121607
121729
121730
121796
122037
122110
122130
122436
122584
122918
123000
123035
123158
123358
123366
123434
123517
123593
123618
123725
123777
123801
123825
123948
123949
124069
124101
124326
124464
124500
124507
124681
124738
124940
124985
124990
125005
125045
125300
125407
125528
125671
125902
126006
126059
126177
126277
126482
126617
126667
126864
126875
126930
127104
127145
127303
127760
127790
127802
127895
127943
127960
128032
128083
128213
128593
128703
128859
129001
129017
129080
129289
129318
129342
129345
129401
129415
129556
129575
129919
130019
130030
130089
130181
130184
130366
130464
130477
130532
130555
130760
130764
130799
130909
131005
131008
131208
131368
131879
131961
131963
132014
132253
132351
132519
132571
132640
132683
132722
132897
132936
132966
133070
133113
133383
133456
133892
133917
133992
134084
134146
134151
134163
134527
134880
134977
135030
135083
135612
135624
135702
135736
136110
137296
137356
137379
137677
137685
137722
137806
137871
137910
138008
138058
138134
138170
138296
138305
138325
138419
138754
138886
138923
138928
139038
139113
139363
139564
139598
139963
140052
140062
140093
140121
140167
140234
140239
140340
140480
140555
140566
140578
140850
140922
141207
141231
141259
141311
141332
141636
141778
141815
141845
142062
142122
142372
142694
142770
143054
143116
143204
143238
143322
143382
143415
143668
143947
143988
144205
144206
144417
144418
144681
144822
144834
144896
145215
145219
145395
145422
145478
145592
145614
145747
145875
145974
146032
146069
146078
146201
146208
146283
146298
146559
146600
146720
146803
146995
147287
147309
147333
147391
147398
147410
147432
147563
147772
147896
148040
148094
148414
148440
148475
148601
148620
148671
148775
149025
149180
149217
149249
149296
149318
149428
149579
149797
149886
149963
150269
150382
150393
150432
150575
150585
150817
150865
150995
151017
151260
151271
151412
151531
151702
151802
151812
151830
151893
152033
152148
152384
152459
152484
152633
152647
152715
152735
152797
152806
152824
152897
152992
153041
153213
153534
153582
153656
153850
153900
153963
154132
154248
154289
154386
154544
154589
154737
154741
154982
155031
155211
155647
155725
155879
156041
156096
156268
156365
156366
156475
156590
156634
156644
156655
156680
156688
156690
156715
156805
156998
157047
157310
157314
157377
157508
157656
157663
157729
157745
158006
158032
158431
158436
158554
158587
158639
158672
158802
158811
159032
159143
159365
159372
159554
159555
159567
159989
160121
160181
160249
160378
160443
160513
160677
160892
161156
161394
161742
162055
162224
162284
162365
162567
162606
162754
162796
162884
163178
163264
163470
163661
163689
163810
163869
163878
163920
163968
163976
164004
164174
164308
164382
164470
164738
164753
164901
165022
165023
165072
165109
165324
165358
165402
165496
165749
165759
166279
166469
166524
166603
166734
166926
166992
167055
167249
167382
167476
167717
167840
168079
168122
168144
168332
168799
168953
168956
169209
169261
169277
169296
169447
169482
169564
169695
169895
170010
170035
170102
170131
170198
170214
170515
170586
170744
170884
170918
171002
171039
171222
171287
171393
171664
171728
171771
172147
172406
172417
172552
172560
172570
172576
172679
172938
172953
172983
173181
173319
173528
173791
173968
173977
174124
174133
174485
174525
174537
174547
174568
174578
174793
174805
175122
175183
175203
175433
175596
175621
175777
175868
175869
176040
176101
176187
176216
176262
176264
176424
176469
176549
176750
176761
176862
176911
177115
177126
177483
177684
177889
178222
178285
178289
178751
178786
179113
179416
179586
179750
179934
179988
180008
180086
180171
180172
180207
180223
180230
180346
180366
180625
180786
180808
181548
181607
181639
181686
181796
181867
181935
181964
182026
182028
182290
182535
182855
182928
183067
183398
183470
183500
183666
183912
184036
184242
184326
184343
184389
184558
184726
184791
184892
184936
185126
185610
185625
185724
186319
186625
186654
186815
186884
187042
187233
187255
187314
187359
187465
187589
187715
187833
188032
188309
188482
188532
188564
188725
188772
188774
188845
188933
188982
189283
189535
189769
189915
190005
190040
190062
190168
190199
190280
190328
190844
191293
191426
191537
191561
191681
191702
191715
191747
191954
192038
192058
192104
192139
192445
192516
192562
192616
192647
192902
192911
193102
193191
193227
193275
193285
193333
193360
193388
193536
193575
193677
193696
193748
193871
193922
193986
194125
194202
194240
194276
194411
194449
194469
194561
194666
194842
195105
195197
195200
195383
195384
195642
195681
195757
195808
195858
196296
196327
196667
196867
196934
197038
197210
197394
197571
197591
197625
197718
197752
197892
198194
198270
198279
198339
198355
198513
198623
198920
199021
199123
199278
199285
199323
199554
199647
199655
199667
199673
199847
200047
200082
200173
200366
200658
200726
200853
200862
200887
200898
200907
201024
201048
201118
201127
201152
201253
201396
201410
201610
201744
202019
202040
202045
202075
202154
202227
202307
202323
202425
202428
202507
202591
202754
202856
202996
203067
203148
203373
203478
203538
203819
204029
204034
204037
204208
204301
204365
204400
204408
204423
204431
204821
205003
205162
205168
205182
205258
205668
205800
205866
206040
206077
206078
206093
206123
206155
206416
206673
206779
206910
206960
207033
207073
207132
207166
207233
207287
207309
207645
207749
208410
208648
208838
208868
208955
209033
209055
209218
209656
209886
209988
210355
210484
210628
210939
211044
211109
211354
211550
211581
211672
211854
212139
212183
212301
212363
212415
212450
212581
212994
213205
213211
213412
213858
213874
213936
214066
214177
214303
214399
214446
214463
214517
214589
214656
214721
214908
215168
215374
215378
215560
215791
215849
216067
216415
216510
216564
216620
216732
216942
217076
217160
217276
217342
217351
217779
217932
218258
218262
218744
219222
219236
219324
219450
219951
219957
220206
220401
220554
220630
220763
220933
221216
221670
221739
221900
221964
222000
222001
222204
222309
222416
222645
222650
223053
223072
223109
223318
223458
223493
223536
223729
223767
223786
223788
223831
224069
224116
224306
224509
224585
224646
224651
224869
224910
225012
225015
225321
225351
225819
226056
226358
226621
226924
226985
227159
227267
227452
227509
227696
227768
227901
227960
228009
228096
228171
228319
228457
228477
228559
228704
229146
229149
229452
229535
229609
229735
230479
230734
230749
230762
230896
230907
231331
231496
231620
231629
231687
231859
231878
231893
232029
232159
232183
232439
232785
233624
233668
234017
234176
234537
234763
234800
234848
235226
235232
235297
235337
235462
235467
235542
235637
235938
236037
236154
236313
236507
236540
236597
236608
236734
236758
236773
236843
237191
237374
237432
237476
237920
237940
238161
238174
238203
238365
238481
238496
238581
238828
238857
238881
239075
239186
239392
239412
239503
239730
239757
239773
239835
239844
240085
240321
240326
240393
240409
240550
240554
240569
240804
241017
241327
241388
241420
241558
241604
241682
241728
241864
241922
242000
242027
242062
242190
242195
242569
242680
242802
242928
242981
243039
243089
243136
243291
243362
243775
244024
244198
244320
244413
244544
244827
245059
245071
245072
245141
245144
245356
245468
245547
245754
245775
245850
246011
246299
246530
246558
246987
247160
247172
247209
247287
247304
247546
247730
247735
247754
247792
247802
247822
247851
248473
248504
248530
248633
248756
248884
248968
249024
249262
249457
249553
249608
249668
249680
249865
249934
250116
250176
250180
250397
250481
250963
250966
250985
251002
251036
251114
251365
251477
251568
251719
251923
252017
252018
252031
252210
252278
252324
252444
252547
252704
252947
253050
253171
253255
253296
253363
253466
253520
253730
253731
253734
253973
253974
254208
254395
254538
254623
254661
254731
254903
254986
254994
255262
255686
255913
256054
256229
256318
256611
256648
256751
256884
256991
257026
257154
257398
257400
257493
257705
257832
257982
258065
258221
258366
258379
258405
258430
258523
258533
258581
258635
258851
258896
259079
259329
259479
259627
259636
259650
259706
259881
259945
259947
260000
260074
260082
260523
260584
260786
260837
261019
261035
261061
261063
261103
261185
261215
261223
261240
261264
261360
261367
261443
261458
261502
261595
261658
261683
261715
261752
261761
261850
261855
262091
262161
262231
262284
262442
262572
262604
262702
262963
263042
263245
263293
263515
263652
263713
263805
263913
264004
264020
264132
264188
264417
264526
264642
264679
264687
264832
265244
265391
265595
265724
265739
265935
266020
266087
266150
266161
266177
266265
266458
266667
266879
266917
266995
267007
267121
267198
267234
267343
267366
267391
267463
267872
267956
267994
268342
268343
268918
268985
269015
269078
269187
269326
269404
269417
269441
269529
269603
269957
269982
269991
270174
270204
270220
270221
270247
270306
270341
270378
270517
270562
270843
270918
270998
271035
271039
271207
271346
271349
271415
271525
271779
272075
272097
272202
272234
272307
272341
272393
272436
272511
272542
272609
272651
272748
272913
272966
273010
273126
273229
273694
273854
273864
273947
274001
274047
274132
274377
274400
274440
274554
274579
274742
274836
274892
274894
274953
275025
275134
275298
275353
275425
275588
275596
275774
275835
275978
276030
276121
276151
276365
276369
276394
276667
276676
276785
276905
277301
277744
277799
277815
277935
277940
278259
278479
278491
278593
278763
278811
279256
279756
280433
280575
280838
280855
280880
280966
280999
281114
281142
281274
281279
281283
281486
281555
281686
281705
281822
281890
281971
281988
282068
282186
282208
282311
282315
282336
282802
282914
282991
283016
283278
283502
283600
283625
283800
283910
283918
284033
284050
284389
284497
284530
284672
284816
285038
285059
285090
285144
285249
285365
285517
285865
286161
286306
286321
286384
286391
286527
286532
286753
286841
286879
286890
286903
287136
287389
287610
287668
287754
287788
287800
287867
288010
288039
288098
288120
288714
288764
288828
288846
288913
289116
289246
289284
289515
289664
289707
289747
290045
290089
290249
290267
290340
290496
290585
290794
290818
290889
290920
291343
291490
291522
291564
291752
291899
291986
291990
291999
292190
292246
292347
292710
292878
292885
293332
293338
293473
293480
293702
293771
293839
293851
293947
293955
293992
294115
294269
294323
294412
294434
294723
294965
294969
295265
295363
295374
295601
295735
295768
295802
295867
295879
296038
296137
296170
296181
296308
296343
296352
296432
296455
296486
296603
296676
296815
296905
297097
297298
297302
297364
297408
297420
297431
297442
297467
297686
297929
297997
298138
298174
298203
298245
298368
298426
298548
298619
298620
298776
299166
299373
299386
299397
299418
299540
299627
299907
299971
300175
300297
300882
300920
301197
301402
301872
301967
302223
302249
302379
302502
302565
302580
302709
302827
302871
302965
303169
303267
303315
303392
303403
303546
303696
303718
303778
303808
304012
304332
304353
304554
304580
304639
304901
305003
305006
305022
305209
305343
305419
305469
305499
305651
305678
305694
305723
305884
306020
306030
306046
306257
306322
306466
306583
306620
306638
306745
306788
307055
307095
307192
307210
307299
307359
307407
307548
307559
307631
307719
307813
307985
308169
308334
308599
308745
308900
308949
308992
308998
309025
309147
309153
309435
309445
309520
309560
309563
309662
309703
309792
309871
309886
310184
310313
310392
310406
310411
310576
311176
311282
311409
311545
311546
311590
311654
311783
312163
312256
312355
312376
312415
312418
312468
312700
312834
312856
312877
312882
312931
313095
313130
313260
313472
313520
313537
313731
313776
314138
314165
314210
314228
314234
314296
314607
314647
314666
314702
314874
314954
315018
315068
315386
315575
315695
315699
315774
316390
316534
316587
316678
316762
317089
317108
317109
317207
317456
317586
317641
317644
317704
317710
317809
317812
317847
317905
318075
318265
318300
318322
318537
318677
318882
318895
318927
319006
319196
319219
319231
319309
319334
319544
319569
319870
319895
320242
320277
320327
320533
321098
321135
321145
321172
321330
321672
321909
322054
322288
322520
322537
322612
322776
322835
322977
323045
323051
323183
323601
323778
323785
324104
324205
324206
324242
324246
324277
324352
324362
324441
324679
324973
325127
325208
325265
325322
325354
325622
325720
325765
326124
326471
326483
326520
326598
326603
326681
326832
326842
326897
327025
327034
327179
327351
327358
327457
327610
327613
327984
328019
328037
328086
328105
328141
328183
328202
328799
328952
329014
329057
329339
329453
329514
329649
329650
329675
329819
330205
330295
330312
330852
330859
331009
331165
331420
331511
331551
331661
331745
331880
332083
332099
332348
332432
332635
332665
332924
333036
333181
333382
333665
333674
333809
333857
333921
334185
334389
334634
335052
335083
335142
335224
335282
335332
335334
335335
335510
335544
335643
335685
335918
336005
336381
336432
336730
336776
336831
336921
336979
337037
337132
337322
337406
337531
337743
337931
338042
338409
338437
338547
338678
338947
339428
339445
339456
339524
339606
339675
339885
339905
340209
340253
340260
340350
340361
340681
340938
340999
341077
341122
341164
341463
341501
341628
341716
341749
341763
341866
341894
342215
342292
342376
342422
342499
342546
342633
342654
342699
342716
342837
342941
343169
343189
343202
343259
343306
343385
343441
343694
343805
343816
343869
343952
343970
344096
344106
344290
344415
344630
344660
344704
344797
344854
344884
345301
345624
345758
345785
345803
346071
346081
346289
346333
346696
346951
347067
347187
347220
347453
347545
347548
347648
347715
347828
347942
348085
348255
348261
348281
348380
348586
348948
349015
349049
349131
349140
349220
349360
349380
349466
349537
349765
349811
349876
350054
350143
350390
350498
350541
350578
350593
350647
350768
350842
350864
350887
350888
350903
351013
351040
351070
351455
351686
351715
351763
351897
352108
352255
352391
352402
352928
352960
353088
353144
353235
353265
353299
353337
353361
353509
353647
353663
353744
353820
353824
353994
354054
354101
354197
354393
354419
354659
354730
354775
354972
355387
355402
355520
355661
355676
355812
355838
355848
356178
356217
356280
356360
356905
356937
356945
357309
357330
357611
357620
357957
358021
358149
358199
358249
358331
358338
358347
358497
358519
358633
358958
359007
359121
359175
359310
359512
359746
360011
360116
360303
360480
360514
360750
360868
361022
361023
361047
361075
361180
361188
361281
361398
361488
361526
361695
361735
361736
361791
361859
362251
362310
362516
362673
362743
362768
362770
362894
362989
363089
363106
363387
363665
363690
363692
363884
363922
363962
364137
364206
364261
364407
364641
364644
364729
364895
364948
365037
365043
365101
365174
365367
365536
365816
365900
365949
365989
366033
366096
366567
366593
366682
366721
366764
366803
366982
366986
367086
367153
367291
367523
367552
367958
368030
368080
368149
368456
368624
369206
369285
369390
369391
369549
369633
369654
369660
369927
370173
370411
370690
370800
370809
370861
371348
371498
371519
371575
371716
371882
371928
372049
372104
372108
372440
372468
372524
372700
372737
372766
372779
372811
372937
372970
373230
373394
373549
373616
373743
373747
373750
374115
374158
374383
374468
374519
374593
374632
374847
374977
375003
375104
375633
375663
375746
375840
375986
376045
376046
376322
376484
376659
376830
377242
377372
377445
377483
377685
377735
377785
377790
378436
378698
378820
378825
379043
379152
379173
379262
379272
379326
379349
379528
379534
379536
379576
379721
379896
380054
380131
380150
380236
380329
380551
380689
380828
380829
380853
380881
380986
381138
381294
381377
381585
381624
381668
381698
381774
381830
381928
382117
382341
382431
382537
382790
382891
383035
383075
383082
383140
383170
383294
383464
383481
383508
383520
383585
383681
383804
383805
383944
383964
383984
384122
384261
384267
384542
384643
384671
384851
384880
384957
385149
385205
385249
385271
385404
385474
385713
385858
385880
386192
386509
386951
387181
387325
387369
387373
387387
387480
387552
387630
387643
387680
387862
387869
388392
388599
388847
388861
388905
389285
389767
390100
390199
390234
390756
390808
390982
391139
391197
391419
391425
391690
391816
392200
392250
392264
392321
392366
392504
392551
392552
392562
392706
392716
392742
392769
392807
392932
392937
392994
393049
393334
393374
393439
393575
393614
393747
393813
393967
393980
394026
394027
394323
394530
394541
394553
394580
394795
394863
395532
395643
395713
395817
395908
395963
396036
396038
396059
396089
396106
396168
396370
396475
396493
396609
396894
397047
397075
397255
397272
397289
397295
397384
397443
397621
397669
397676
397821
397953
398225
398410
398652
398681
398738
398745
398918
398935
399087
399136
399356
399388
399542
399590
399611
399615
399682
400208
400212
400253
400264
400374
400477
400662
400722
400735
400749
400916
401036
401053
401082
401212
401213
401419
401439
401551
401836
401894
401971
402047
402120
402254
402443
402637
402831
402886
403181
403184
403445
403552
403667
403759
403765
403979
404019
404236
404261
404264
404347
404441
404535
404757
404833
405288
405527
405575
405783
405901
405933
405975
405997
406056
406221
406252
406378
406437
406478
406479
406495
406630
406750
406912
407030
407118
407134
407141
407184
407242
407473
407537
407628
407716
407872
407924
407966
408044
408071
408080
408125
408175
408197
408266
408382
408547
408592
409376
409431
409547
409613
409690
409935
409957
410063
410111
410242
410392
410508
410571
410824
411159
411215
411304
411438
411677
411724
411823
411843
412056
412247
412316
412383
412387
412436
412468
412666
412833
412977
413043
413106
413148
413891
413948
413960
413973
414000
414077
414104
414108
414417
415206
415230
415270
415279
415300
415447
415493
415967
416080
416163
416219
416595
416623
416627
416657
416831
416890
416959
417071
417475
417564
417862
417969
417976
418074
418129
418229
418328
418446
418826
418856
419062
419136
419322
419395
419656
419702
419747
420063
420269
420571
420751
420839
420879
420949
421049
421137
421214
421256
421353
421408
421496
421852
422053
422151
422247
422379
422418
422933
423037
423322
423332
423459
423518
423574
423633
423653
423673
423766
423778
423915
424086
424142
424361
424534
424567
424584
424597
424865
424961
425005
425086
425197
425352
425424
425522
425536
425539
425686
425954
426430
426731
426964
426969
427086
427096
427150
427250
427283
427450
427698
427768
427961
428048
428148
428202
428247
428273
428345
428417
428539
428544
428604
428651
428709
428760
428816
428820
428892
428931
429140
429523
429537
429540
429785
429909
429913
430000
430029
430135
430391
430420
430553
430619
430968
431084
431120
431192
431316
431431
431746
432121
432161
432305
432553
432888
432898
433111
433174
433277
433478
433538
433579
433709
433720
433916
433987
434234
434667
434713
434730
434745
435049
435091
435172
435534
435684
435688
435733
435797
435807
436127
436333
436551
436629
436687
436693
436804
436822
436895
437004
437007
437016
437161
437193
437259
437421
437557
437840
437913
437974
438114
438454
438686
438691
438718
439087
439114
439115
439119
439141
439245
439261
439310
439314
439358
439910
440514
440533
440546
440620
440757
440924
440971
441032
441318
441344
441482
441489
441643
441738
441816
442411
442439
442713
442764
442885
442934
443006
443015
443070
443162
443197
443258
443307
443377
443524
443552
444023
444127
444175
444316
444490
444655
444714
444776
444787
444802
445147
445207
445370
445522
445612
445867
446002
446169
446308
446438
446533
446694
446783
447013
447084
447143
447204
447294
447317
447321
447368
447504
447717
448117
448359
448397
448590
448664
448792
448909
448989
449008
449166
449176
449367
449468
449488
449515
449584
449654
449703
449743
449870
449890
449925
450052
450205
450235
450524
450548
450623
450723
450950
451082
451153
451156
451204
451301
451363
451364
451487
451545
451717
451811
451897
451909
452182
452286
452308
452320
452425
452470
452774
452829
453036
453193
453200
453374
453458
453603
453671
453725
453834
454083
454134
454197
454219
454323
454416
454551
454642
454692
454720
454796
454838
455008
455065
455085
455141
455409
455425
455505
455673
455894
455970
456040
456059
456209
456258
456538
456750
457077
457187
457287
457396
457552
457679
457705
457818
457930
458098
458202
458241
458339
458348
458365
458450
458549
458615
458692
458700
458746
458921
459070
459228
459341
459345
459432
459771
459885
459887
459950
460222
460228
460243
460453
460626
460697
460746
460754
460771
460815
460839
460889
460915
461581
461699
461803
461875
461991
461997
461998
462055
462181
462438
462697
462727
462734
462736
462819
463030
463108
463222
463457
463507
463512
463711
463903
463912
464208
464230
464331
464482
464519
464558
464605
464795
464842
464928
465004
465114
465145
465285
465308
465309
465591
465877
465889
466084
466095
466147
466214
466468
466475
466573
466627
466946
467022
467032
467042
467113
467246
467955
467993
468241
468355
468426
468467
468493
468501
468551
468661
468751
468791
468837
468961
468967
469173
469298
469639
469697
469793
469829
469830
469962
470042
470065
470483
470564
470636
470645
470752
470859
470958
470971
471529
471628
471630
471672
471775
471841
472019
472042
472122
472209
472370
472393
472481
472493
472871
472947
472987
473102
473195
473266
473727
473870
473908
473939
474027
474045
474073
474269
474302
474357
474394
474468
474566
474643
474850
474879
475078
475253
475359
475419
475440
475838
475848
475855
475865
476097
476100
476137
476228
476436
476466
476566
476646
476721
476957
477001
477033
477056
477191
477413
477434
477520
477616
477648
477779
477865
477918
478296
478530
478556
478658
478744
478749
478820
478898
479114
479127
479246
479253
479256
479629
479735
479754
479946
480033
480046
480133
480193
480373
480481
480524
480705
480726
480746
480775
480968
481064
481067
481153
481388
481424
481563
481872
482421
482458
482512
482549
482622
482649
482650
482740
482761
482817
482827
482969
482999
483002
483143
483161
483211
483231
483402
483490
483545
483688
483936
484010
484073
484328
484351
484493
484647
484910
484935
485101
485289
485311
485361
485611
485626
485666
485826
485876
485938
486023
486268
486310
486690
486748
486850
487043
487076
487123
487176
487307
487498
487513
487514
487885
487931
488139
488446
488580
488635
488638
488754
488785
488798
488809
488931
489055
489057
489263
489274
489479
489886
489993
490024
490090
490190
490260
490381
490485
490737
491004
491022
491131
491179
491709
491721
491767
491806
491808
491823
491878
492002
492120
492487
492488
492770
492851
493013
493029
493340
493366
493464
493713
493718
493876
493903
493927
493937
494017
494161
494444
494566
494752
494809
494940
494954
495018
495047
495163
495194
495245
495409
495424
495425
495544
495578
496119
496253
496323
496456
496630
496730
496738
496931
496995
497347
497579
497711
497738
497740
497771
497799
498151
498300
498303
498355
498400
498613
498749
498824
499127
499225
499712
499734
499840
500089
500190
500312
500586
500694
500737
500809
500908
500910
501092
501662
501835
502013
502067
502104
502111
502112
502470
502556
502604
502923
502970
502999
503081
503126
503168
503187
503202
503254
503371
503525
503538
503579
503775
503989
504102
504200
504300
504387
504554
504714
504984
505029
505071
505144
505468
505482
505510
505518
505693
505801
505822
505859
506019
506611
506632
506984
507102
507197
507216
507251
507335
507358
507544
507569
507738
507835
507911
507920
508058
508075
508093
508100
508101
508354
508569
508797
509277
509386
509394
509577
509622
509785
509809
509851
509918
510060
510062
510199
510225
510277
510350
510386
510450
510479
510597
510689
510718
510745
510875
510973
511024
511185
511243
511341
511464
511504
511507
511716
511737
511792
511971
512140
512310
512448
512483
512554
512707
512740
513085
513144
513268
513322
513742
514200
514324
514349
514476
514478
514697
515009
515368
515371
515864
515944
516100
516113
516115
516231
516389
516402
516496
516505
516797
516808
516884
516919
517175
517302
517415
517461
517640
517711
517749
517916
518075
518181
518210
518300
518439
518488
518871
518902
518911
518914
519042
519068
519137
519261
519306
519320
519327
519357
519408
519469
519472
519872
519885
519887
519997
520013
520041
520056
520059
520071
520086
520204
520357
520424
520531
520632
520693
520708
520840
521133
521183
521191
521291
521306
521461
521549
521717
521724
521806
521837
521883
521885
521912
521974
522324
522574
522905
523092
523147
523192
523273
523410
523545
523586
523619
523766
523891
523916
524115
524117
524222
524235
524408
524485
524542
524648
524786
524910
524978
525166
525202
525249
525481
525646
525672
525762
525815
525884
525889
526049
526088
526399
526400
526488
526941
526985
527144
527178
527199
527231
527590
527677
527838
527983
528165
528192
528422
528558
528601
528716
528718
528848
528853
528902
528968
529296
529466
529795
529805
530139
530317
530327
530688
530730
530802
530807
530981
531053
531067
531164
531231
531250
531298
531319
531392
531393
531554
531831
531875
531947
532007
532008
532233
532337
532504
532669
532893
533061
533279
533341
533401
533449
533673
533789
534303
534467
534579
534619
534673
534767
534910
535159
535249
535323
535454
535563
535633
535736
535838
535929
536214
536334
536441
536549
536615
536669
536744
536787
536911
536971
536990
537036
537113
537131
537370
537630
537723
537810
537881
537976
537979
538020
538133
538147
538302
538349
538407
538493
538673
538928
538951
538955
539052
539188
539301
539358
539446
539508
539572
539617
539653
539695
539813
539968
540247
540458
540625
540772
540942
540994
541162
541273
541417
541611
541665
541689
541698
541775
541799
541909
541967
542068
542073
542084
542277
542288
542380
542487
542534
542697
542908
542969
542971
543042
543053
543214
543243
543323
543400
543430
543489
543558
543563
544005
544028
544077
544090
544498
544826
544927
544950
544969
545049
545058
545059
545118
545177
545283
545314
545518
545541
545598
545605
545730
545752
545865
545877
545944
545984
546403
546628
546904
546948
547021
547811
547968
547990
548128
548135
548219
548439
548513
548624
548715
548830
548866
548927
548999
549038
549049
549209
549392
549498
549585
549705
549754
549759
549788
549858
549954
550070
550144
550227
550268
550418
550509
550622
550646
550799
550817
550953
551013
551228
551446
551495
551553
551594
551749
551846
551892
552027
552042
552046
552232
552282
552356
552374
552498
552555
552715
552765
552794
552870
552891
552896
552914
552972
553698
553754
553832
554164
554173
554199
554214
554469
554521
554565
554567
554667
554852
555013
555151
555224
555395
555398
555468
555528
555618
555704
555714
555753
555806
555810
555845
555942
556062
556179
556192
556228
556703
556739
556852
556899
556927
556969
557053
557153
557170
557270
557344
557390
557456
557537
557579
557665
557959
558015
558112
558328
558611
558639
558641
558877
558926
558940
559009
559042
559052
559127
559445
559542
559947
560011
560139
560163
560291
560369
560373
560382
560661
560697
560724
560935
560962
561097
561252
561468
561723
561726
561850
561920
561973
562031
562138
562473
562494
562595
562603
562656
562907
562991
563195
563375
563574
563579
563600
563641
563799
563837
563889
563904
563916
564065
564071
564110
564233
564256
564428
564430
564686
564738
564783
564980
564995
565138
565223
565258
565260
565366
565411
565442
565546
565900
565973
566007
566035
566081
566129
566212
566225
566257
566502
566577
566773
566774
566952
566995
567034
567096
567220
567321
567395
567455
567637
567649
567712
567787
567957
567971
568128
568331
568346
568454
568735
568774
568991
569508
569585
569912
570060
570365
571184
571624
571707
571913
571960
572037
572123
572139
572285
572329
572511
572619
572676
572842
572859
573231
573259
573393
573519
573780
574109
574136
574409
574503
574634
574649
574836
574952
574988
574995
575118
575210
575363
575459
575523
575745
575877
575890
576125
576166
576233
576237
576362
576439
576459
576608
576664
576692
576694
576731
576902
577229
577267
577476
577768
577925
578051
578150
578192
578301
578311
578355
578389
578445
578639
578715
578931
579001
579117
579122
579124
579132
579398
579429
579607
579663
580132
580533
580576
580695
580793
580829
580983
581567
581812
581869
582404
582554
582622
582720
582770
582842
582964
583115
583316
583351
583460
583485
583606
584027
584045
584126
584167
584224
584255
584447
584471
584492
584633
584758
585130
585291
585340
585456
585524
585712
585939
586117
586120
586199
586326
586476
586508
586678
586977
587069
587277
587513
587925
588342
588437
588586
588666
588675
588730
589029
589209
589303
589515
589776
589844
589952
590026
590101
590231
590237
590487
590828
590872
590903
590914
591492
591687
591704
591743
591870
592027
592296
592322
592390
592421
592613
592631
593137
593170
593224
593459
593535
593782
593911
594027
594105
594239
594526
594535
594619
594637
594644
594666
594701
594749
594803
595172
595332
595341
595417
595562
595774
595837
595863
596160
596222
596228
596414
596546
596695
596875
597071
597177
597332
597521
597738
597927
598054
598063
598246
598334
598679
598811
598886
598984
599245
599279
599687
599727
599789
600143
600263
600365
600388
600407
600505
600607
600652
600773
601072
601110
601148
601246
601306
601378
601640
601755
601900
601916
602111
602122
602293
602580
602649
602814
603111
603122
603134
603204
603293
603395
603718
603798
604098
604514
604591
604625
604650
604653
604707
604947
605068
605153
605409
605492
605700
605763
605811
606187
606250
606283
606425
606450
606466
606490
606608
606632
606879
606898
606922
607076
607278
607408
607514
607784
607795
607806
607833
607888
608161
608210
608228
608263
608331
608489
608651
609205
609428
609522
609958
610063
610168
610212
610249
610330
610365
610381
610537
610608
610645
610931
610984
611059
611122
611237
611271
611397
611957
612082
612127
612525
612612
612824
612925
612953
613049
613237
613272
613585
613644
613804
613847
614106
614173
614216
614270
614286
614487
614493
614636
614754
614776
615047
615119
615217
615243
615324
615570
615597
615725
615986
616105
616141
616189
616225
616308
616377
616425
616689
616767
617116
617558
617567
617729
617827
618014
618337
618355
618387
618438
618458
618515
618595
618615
618667
618779
618825
619106
619157
619193
619253
619257
619437
619453
619463
619574
619745
620000
620005
620225
620290
620425
620532
620552
621018
621108
621358
621378
621444
621499
621627
621742
621743
621991
622013
622027
622063
622143
622228
622269
622271
622371
622410
622586
622751
622766
622798
622990
623137
623205
623335
623542
623860
624033
624070
624145
624174
624212
624366
624395
624470
624471
624545
624701
624871
624879
625091
625483
625494
625579
625637
625643
625648
625753
625943
626070
626073
626161
626162
626176
626378
626395
626399
626543
627182
628198
630066
630191
630361
630496
631244
631451
631461
632049
632658
632691
632915
633457
634043
634282
634638
635534
635753
636595
637041
637661
637904
638457
639696
639744
640694
640764
640895
640967
640984
641858
641883
642259
643227
645215
645406
645896
647081
647256
648052
649026
649774
651048
651715
652000
652979
653292
653861
653959
654813
656857
657257
658355
658655
659809
660059
660318
663289
663374
663763
663848
665336
665373
665395
666009
666723
667324
667575
667593
667778
668179
668217
668724
668785
670007
670760
672623
673938
674222
674245
674344
675318
675569
675871
677551
678854
679489
680859
681336
681522
681537
682824
684214
684546
684785
684889
685854
686704
686964
687362
687943
688011
688016
688328
688336
688836
689996
690298
690846
691229
691554
692362
692542
692584
692982
692993
693202
695988
696493
697160
697228
697708
697717
697907
698072
698572
698767
698889
700210
701121
701934
702648
703218
703448
703508
703617
703679
704237
704673
704816
705081
705461
706156
707701
707962
708114
708299
708709
709021
709656
711253
711308
711978
712021
712421
712681
712763
712966
713222
714299
714528
714700
714708
714926
714981
715013
715147
715341
715453
715903
716605
716607
716646
717186
717413
717415
717621
717866
717996
718355
718406
718468
718506
718509
719107
719194
719763
719834
719939
720072
720705
720797
721216
721265
721386
721420
721553
722124
722141
723322
723544
723560
723977
724120
724769
725052
725406
725594
725674
726371
726988
727036
727526
729038
730072
730825
731670
732267
733146
733176
733557
733831
733908
733998
734723
735115
735179
735292
735462
735561
735711
736206
736980
737170
737348
737370
738077
738717
738892
738937
739106
739109
739714
739761
739860
739929
740276
740344
740458
740464
740766
741223
741648
741799
742057
742338
742396
742430
742499
742581
743021
743527
743700
743906
743909
744131
744152
744475
744887
744897
745526
745567
745847
746033
746247
746498
746656
746673
747029
747212
747446
747609
747764
747927
747986
748107
748149
748748
748962
749217
749414
749466
749584
749610
750189
750241
750277
750309
750400
751146
751356
751640
751921
752203
752510
752568
753087
753583
753723
754357
754685
754715
754772
754789
754792
755363
755417
755485
755525
755553
755674
755860
756209
756582
756633
756856
756866
756908
757291
757578
757740
758123
758160
758378
758395
758478
758594
758595
758658
759248
759265
759495
759650
760174
760352
760414
760865
760960
761035
761107
761912
762073
762454
762665
762683
762773
762811
762864
763292
764204
764636
764703
764843
764868
765143
765772
766565
767352
767640
767642
768034
768666
769023
769152
769443
769479
769912
769922
769933
769936
770263
770491
770844
771008
771171
771232
771728
771767
772174
772616
772750
773026
773466
773493
773904
774307
774320
774498
774609
775182
775561
776007
776030
776554
776745
776789
776870
777103
777179
777287
777319
777523
777643
777955
777984
778017
778493
778660
778695
779426
779524
779569
779698
779802
780709
780862
781190
781591
783083
783541
783906
784522
784887
785547
785590
785945
787252
788124
788356
788436
788976
788999
789391
789460
789996
790376
790557
791569
793957
793968
794092
794248
794273
794427
794448
794611
794701
794720
795345
795412
795756
795799
796787
797667
798559
798831
798930
799344
799959
801580
801793
802089
802604
802670
802942
803781
804072
804484
805041
805164
805362
805683
805972
806452
806539
806597
806691
807093
810074
810219
810467
810796
811153
811620
811983
813375
813613
814748
815145
815334
816093
816699
816743
817038
817581
818643
818850
819320
819684
819859
819872
821073
821908
822185
822353
822437
823514
823956
823992
824022
825683
826258
826583
826615
826694
827039
827144
827637
827754
828186
828400
828469
828612
828654
829305
829333
832102
832235
833102
833153
833231
834588
834629
835363
835609
836225
836316
836564
836821
836943
837155
837831
837950
838190
838497
839435
839456
839662
839912
840055
840115
840247
840790
840826
841816
842018
842057
842170
842240
842834
842941
843255
843754
844047
844055
844497
844499
845834
846545
846552
847660
847675
848540
848915
849398
849583
849812
850013
852509
863109
863452
863640
863705
863786
863993
864033
864160
864313
864534
864810
864953
864992
865067
865290
865318
865466
865525
865945
866133
866385
866658
866670
866805
867000
867149
867332
867342
867448
867553
867576
867719
867739
867805
868017
868062
868148
868156
868375
868477
868506
868554
868636
868711
868830
868996
869019
869035
869060
869206
869371
869677
869865
869888
869921
870078
870253
870255
870287
870559
870598
871042
871178
871274
871596
871654
872009
872365
872418
872431
872511
872674
872973
873863
873925
873976
874035
874128
874591
874719
874736
875193
875431
875606
875750
875771
875980
876006
876067
876118
876199
876531
876768
876780
876791
876895
877056
877095
877173
877339
877424
877496
877574
877790
877979
878173
879086
879099
879270
879271
879335
879343
879701
880018
880292
880445
880558
880616
880687
880795
880985
881061
881166
881192
881238
881500
881592
881614
881662
881847
882024
882052
882122
882180
882215
882396
882861
883129
883307
883667
883748
884155
884221
884582
884673
884716
884749
884762
884793
886050
886460
886524
886537
886706
886814
886926
887120
887266
887474
887624
887722
887726
887803
888260
888269
888336
888613
888696
888764
889010
889243
889255
889264
889405
889496
889531
889564
889768
889928
890020
890224
890276
890387
890737
890863
890922
891055
891167
891279
891470
891686
891796
891814
892371
892502
892868
892873
892889
893080
893091
893200
893758
893886
894130
894316
894344
894596
895588
895618
895668
896238
896272
896389
896604
897112
897213
898005
898398
898484
898843
898847
898956
899080
899176
899330
899503
899554
899601
899638
899733
899949
900071
900728
900765
900950
901075
901658
901985
902011
902225
902458
902470
902609
902624
902649
902666
902685
902691
902696
902784
902830
903406
903506
903640
903655
903657
903824
904057
904204
904225
904261
904285
904661
904787
904914
904967
904975
905016
905059
905119
905139
905418
905659
905721
905810
905873
906442
906700
906775
907179
907465
907738
908239
908694
908778
908872
909001
909107
909640
909985
910272
910386
910832
910909
911227
911241
911400
911500
911592
911593
911614
911619
911665
912261
912323
912462
912487
912494
913056
913200
913373
913577
913872
913899
914212
914379
914498
914881
915090
915340
915537
915947
915967
915992
916148
916245
916519
916607
916838
917021
917055
917482
917858
917867
918021
918128
918133
918214
918459
918479
918603
918855
919299
919331
919511
919667
920945
921067
921456
921459
921598
922012
922072
922132
922209
922347
922526
922589
923019
923572
923662
923682
923729
923784
923888
923932
923982
924161
924214
924254
924268
924491
924493
924624
925981
926125
926471
926491
926494
926647
926653
926660
926951
926991
927307
927687
928374
928552
928649
930168
930235
931403
931432
931714
931919
931963
932152
932372
932380
932389
932438
933026
933048
933050
933448
933463
934224
934515
934984
935003
936250
936298
936517
936946
937357
937394
937410
937601
938182
939073
939185
939404
939408
940833
941175
942245
942445
942474
942746
942775
945489
945563
945662
946201
946451
946457
946483
946547
946889
947024
947227
947240
947644
948522
948719
949127
949144
949285
949287
949337
949372
949466
949677
949779
949782
950184
950589
950715
950781
950817
951012
951130
951317
951420
951497
952380
952528
952954
953088
953180
953213
953482
953571
953668
953733
953965
954011
954307
955102
955145
955150
955310
956208
956223
956307
956341
956698
956708
957197
957231
957240
957255
957568
958064
958301
958337
958611
958765
959390
959410
959459
959598
959718
960146
960264
961026
961140
961336
961422
961553
962003
962012
962022
962422
962902
963523
963615
964257
964377
964386
964437
964485
964762
964774
964818
964915
964970
964983
965265
965330
965727
965787
966062
966593
967239
967703
967849
968493
968496
968664
969035
969099
969925
969958
970021
970450
970473
970654
970894
971440
971686
971894
971922
971992
972514
972625
972883
973080
973274
973800
973819
973987
974145
974855
974985
975068
975187
975522
976041
976749
976825
976854
977640
977702
977943
979705
980578
981210
981233
981371
981480
981820
981977
982129
982273
982344
982772
982996
983100
983459
983577
983578
983608
984430
984547
984551
984672
984803
984892
985144
985590
985871
986125
986410
986708
986779
986878
987412
988307
988675
988692
989006
989025
989353
989561
989745
989996
990121
990145
990518
990538
990979
991528
992130
992717
992899
992906
993336
993397
993442
993844
994504
995066
995229
995436
995513
995957
996211
996220
996393
996421
997163
997800
998202
998827
999010
999259
1000560
1000572
1001029
1002713
1002826
1002898
1003246
1003424
1004644
1005325
1006069
1006101
1006496
1006506
1007975
1008376
1008533
1008562
1009010
1010502
1010695
1012953
1014310
1014685
1015764
1016135
1017859
1018350
1019099
1019250
1019590
1020268
1020360
1020720
1021653
1021708
1021721
1023595
1024367
1026059
1027094
1027646
1027704
1028096
1028864
1029030
1029318
1029514
1029766
1029879
1030087
1030590
1031560
1031992
1032002
1032320
1033300
1034094
1034336
1035095
1035211
1035557
1036452
1036736
1037072
1037646
1038016
1040323
1043402
1043765
1044791
