101919
133945
136453
140050
145933
149358
149637
155640
156003
156694
158666
164707
179079
179210
203896
207999
209827
211249
220140
223124
223769
226572
227120
238099
241363
261750
279261
284704
284718
303182
305085
309534
310821
315486
323823
329146
348211
353471
357076
359239
362574
364362
364627
365229
366154
368346
370453
383544
386537
388509
398608
400827
406394
408070
411622
411990
419686
421479
429282
430340
432460
440904
446165
447537
454691
460069
461439
464625
465434
467487
468051
468525
469824
472067
473543
475057
486113
486598
494127
495748
498041
505629
506288
512350
517522
519415
523772
531793
532366
536673
537653
538455
540379
545570
550556
551714
552096
555991
558271
565979
567840
570838
576610
578813
588694
589169
589957
592064
592916
594113
601993
603195
613840
632628
641965
686267
700038
733615
752805
756427
774914
779227
787346
801364
831310
834995
849340
869786
871644
872971
882421
885967
886314
893939
897318
914678
914959
921280
933793
937404
940625
947740
956580
962845
969405
974308
976830
981733
983889
998836
1008900
1010656
1011599
1015262
1025140
