100169
100378
100497
100977
100985
101105
101669
101682
101749
102120
102475
102647
102939
103182
103218
104047
104626
105316
105649
106150
106319
106867
107591
108163
108521
109302
109363
109551
109572
109910
110899
111302
111828
111939
111996
112006
112041
112335
113670
113725
113838
115526
116078
116517
116566
117790
117912
118355
118478
119307
120461
120953
121107
121147
121294
121443
121730
122918
123035
123618
123825
124326
124464
124681
124738
124829
124940
125579
125615
125911
126046
126231
126426
126617
127101
127739
127960
128265
129289
129401
129919
130225
130366
130464
131514
132138
132260
132519
132966
133113
133707
134631
134880
136688
137060
137223
137677
137871
137982
138008
138058
138296
138395
138451
138794
139038
140239
141100
141259
141332
142694
143116
143826
145467
145747
146032
146069
146201
147563
147896
149020
149419
149886
151702
152242
152266
152370
152459
152992
153136
153769
153850
153963
153970
154084
154132
154248
154589
156096
156475
156644
156655
156715
156805
156998
157508
158639
159082
159555
160010
160433
160806
160892
161105
161674
161721
162284
162402
163558
163661
163869
163936
164308
164423
165023
165061
165072
165109
166279
166603
166799
167055
167077
167298
168024
168079
168584
169209
169402
169561
169564
170293
170729
170884
171287
171396
171480
171614
171664
171799
172147
172277
172406
172953
173048
173528
174525
174578
174617
175456
175844
176264
176750
176911
177045
177373
177483
177965
178271
178829
179113
179724
180171
180374
180952
181027
181495
181624
181964
182461
182855
183182
183912
183939
184036
184343
184791
184841
185724
186337
186738
186884
187042
187715
188482
188629
188845
189419
190005
191307
192058
192139
192516
192562
192639
192763
193056
193227
193275
193677
193871
193986
194411
194749
194762
195105
195200
196143
196976
197064
197394
197718
197841
197939
198270
198404
198674
198805
198923
199278
199285
199323
199673
199769
200047
200173
200726
200796
201816
202040
202428
204046
204827
205363
205731
207166
207233
207749
209033
209659
209988
210355
211606
211657
211736
212020
213211
213461
213936
215126
215168
215614
216241
217076
217737
218744
219957
220108
220192
220808
222000
223072
223363
224098
224365
224522
224581
225321
225811
226026
226358
226924
227142
227188
227275
228704
229546
229711
231687
231807
231893
233068
234220
235106
237263
237476
237771
237911
238174
238481
238496
238848
238881
239730
240562
241327
241433
241596
242062
242733
244198
245092
246558
246987
247209
247304
247754
247851
249024
249449
249668
250397
250700
250825
251036
251654
251719
252855
252971
253363
253734
254623
254830
254849
255494
255686
255913
256742
256763
257154
257398
257995
258366
258533
259856
260786
261103
261852
263361
264004
264237
264417
264679
265789
266150
266873
267234
267366
268342
269187
269404
269413
269417
269529
269732
270114
270918
271240
271865
272045
272710
273537
273854
273864
274001
274742
274894
275398
276030
277744
277985
278811
279223
280194
280686
280850
281142
281555
281954
281956
281988
282261
282540
282802
283016
283278
283351
283533
283625
283910
285517
285995
286161
286321
287131
287730
288466
289220
289284
291218
291344
291453
291752
291806
291944
291986
292246
293020
293049
293947
293965
293992
294412
294568
294965
294969
295075
295538
295867
296815
297113
297431
298174
298368
298450
298742
299386
299634
301402
302249
302709
302871
303158
303422
303546
303696
304012
305001
305022
305469
305678
305884
306020
306030
306466
307055
307299
307437
307536
307966
308169
308334
308525
308683
308821
308900
308992
309153
309520
309563
309792
309886
309907
310155
310380
312376
312468
312700
313016
313095
314138
314234
314666
314863
315575
315699
316587
316762
317884
318322
318339
318677
318886
319231
319839
320242
321965
322466
322612
322776
323076
323601
323618
323729
323804
324242
324277
324385
325322
325354
325831
326124
326483
326485
326603
326664
326842
327452
327984
328105
328876
330312
331420
333674
333924
334185
335094
335643
335685
336107
338053
338085
339300
339428
339524
339905
340253
340311
341101
341194
341341
341894
342120
342422
342688
343259
344290
344483
345337
346081
347067
347220
347715
347947
348261
348380
348948
349140
349360
349408
349756
350054
350647
351613
351763
352108
352255
352928
353820
353824
354101
354972
355203
355387
355838
355848
355942
356498
356884
358497
359512
360222
361384
361791
362093
362310
362768
362989
363690
363692
363922
363974
364367
364658
365101
365174
365265
365613
365792
365816
365900
366177
366548
366986
367291
368624
369391
369633
369769
370455
371519
371866
372104
372638
373506
373549
374383
374511
374519
375104
375108
375840
376300
376513
377414
379262
379576
380131
380551
380689
381585
381808
381915
382790
382915
383075
383443
383681
384751
384804
384880
385319
385630
385858
386890
387660
388275
389100
389814
390756
390808
391139
391197
391928
392833
393462
394148
394553
394811
395532
395643
395817
396445
396674
398410
398745
399542
400749
400788
401971
403759
404757
405933
406221
406378
406437
406484
406495
407134
407141
407242
407628
407872
407912
407946
408080
408175
408235
408799
409352
409376
409421
410392
412383
413295
413547
413937
414069
414081
414188
414417
415088
415279
415780
415967
416537
416959
417557
417862
418229
418371
418856
418943
419058
419944
419999
420839
421049
421496
422901
423332
423494
423518
423591
423653
423673
423778
424086
424321
424592
425455
425951
425954
426341
426731
427086
427408
427768
428417
428539
429719
429826
430778
430886
432161
432898
433205
433579
433654
434713
435091
435374
435389
435797
435869
437421
437808
437840
437913
438646
438691
439115
439171
439358
441032
441047
441318
441489
442103
442141
442238
442411
442885
443006
443524
444678
444787
445147
445207
445430
445614
446308
447143
447321
447368
448117
448585
448590
449026
449654
449743
450205
450399
450524
450548
451658
451669
451756
451897
452286
452308
452878
453200
453603
453918
455008
456298
456892
457077
457930
458163
458746
458921
459052
459070
459345
459432
459723
460099
460222
460746
460889
461611
461997
462438
462697
462727
463253
463761
463912
464167
464842
464880
465145
465645
466095
466214
466690
467113
467246
467949
468072
468426
468745
468961
469298
469829
470042
470636
470752
471775
471841
472122
472209
474027
474104
474879
475467
475601
475865
476702
476821
477033
477056
477413
477677
477785
478556
478625
479396
479474
479946
480218
480524
481388
481873
482740
482827
483143
484135
484507
485168
485548
485626
486023
486197
486237
486348
486858
487374
487885
488362
488496
488740
489479
489485
490737
491803
492143
492851
493696
493903
493977
493984
494161
494174
494444
494920
495425
495580
496685
496929
497021
497740
497772
498151
498300
498529
498969
500312
501835
501865
502470
502999
503126
503187
504102
504317
504538
505111
505602
505693
505779
506019
506206
506895
507197
507226
507317
507358
507544
507729
508005
508067
508618
508797
509007
509277
509785
510144
510745
511024
511129
511341
511598
511757
513029
513128
513469
514324
514478
514697
515368
515602
515788
516505
516797
516801
517323
517346
517641
517749
518808
519068
519469
519472
520071
520204
520267
520418
520632
520800
521715
521837
523099
523195
523327
523766
523818
524485
525481
525646
525762
526400
526976
526994
527231
527677
527840
528271
528848
529060
529805
530805
531053
534153
534619
534910
535047
535129
535929
536074
536214
536313
536339
536487
536615
536669
537131
537170
537182
537370
537630
537976
539188
539260
539653
539695
539813
540772
540798
541273
541286
541453
541470
541689
542068
542226
542908
542971
543323
543699
544077
544498
544826
545177
545283
545590
545730
545867
545888
545944
545984
546256
546453
547021
547031
547328
547712
548515
548537
548624
548667
548999
549038
549263
549498
549689
550070
550144
550799
550893
551846
552577
552715
552866
552972
553698
553886
553926
554521
554852
555374
555714
555753
556846
557221
557602
557871
558004
558112
558328
558926
559009
560011
560139
560291
560962
561007
561354
561468
561615
561739
562031
562434
562991
563386
563483
563837
563868
564051
564430
565138
565366
566035
566212
566225
566886
568132
568646
568859
569472
569912
570299
570365
571913
572037
572123
572659
572850
572859
573823
574503
574634
575287
575459
575523
575722
575745
575826
576233
576380
576902
576954
578038
578051
578365
579117
579398
579893
580256
580533
580829
581633
581812
581869
582270
582554
583156
583460
583630
584045
584377
584447
584986
585301
585369
585548
586977
587069
587093
588382
588675
589325
589515
589811
590237
590352
590903
591465
591620
591731
591870
592202
592510
593535
594027
594114
594237
594239
594535
594666
594749
594803
595248
595736
595816
596209
596619
597247
597738
598984
598989
599178
599235
599279
600365
600607
600624
600773
601072
601588
601900
602293
602481
604772
605261
606290
606450
606879
606898
607089
607514
607806
607833
609958
610249
610511
611237
611366
612288
612525
612824
613132
613209
614776
615217
615774
616225
616308
616377
616767
616783
616827
616864
617647
617993
618347
618550
619437
619574
619694
620005
620420
620532
621627
621707
621918
621991
622013
622027
622063
622143
622174
622269
622410
622586
623497
623642
624033
624135
624470
624767
625637
626116
626162
626585
628778
634282
637339
637904
645107
649774
651351
655657
658655
659809
661747
661750
666723
667593
668054
668217
668243
671210
673150
682321
682601
684889
686964
694502
696493
696497
697160
697760
697903
701121
705461
711032
712966
714833
714926
715341
715453
717312
717489
718355
718486
719763
720603
727526
729592
731835
732110
733146
734723
735292
737348
737370
739012
741223
742006
742918
743021
743024
743527
744856
745567
746033
747609
748021
748710
748748
748897
748914
749038
749414
750277
751146
751356
752568
752575
753723
754685
754772
755417
755792
756153
756582
756856
756895
756981
757291
757332
757680
757740
757822
758094
758594
758595
758658
759360
760414
760960
761107
762412
762454
765033
765564
765772
766565
767352
773466
775561
775671
776745
777179
777984
778187
778698
778982
779242
779569
785547
785985
787610
788124
789767
790704
791569
792749
794248
794675
795412
796552
796862
798831
798943
799990
804991
805164
805362
806691
808622
812459
815881
821047
822353
823514
825168
825189
826835
828469
830899
832718
834588
836821
838497
839992
840055
840247
841816
842170
842941
843317
845332
847294
848540
849812
849882
859456
863993
864313
864345
864534
865207
865590
865945
866133
867719
867960
868017
868830
869677
869921
870253
870293
871314
872953
873712
873863
874298
874415
874591
874719
875200
875501
876118
877339
877424
877496
878173
880018
880102
880506
880616
880687
880795
880985
881166
881662
881754
883386
883507
884018
885232
885525
886524
886706
887120
887214
887266
887397
887891
889564
890147
890224
890351
891055
892502
892622
893132
893886
894130
895072
896272
896389
897112
897119
897141
897154
897213
899554
899725
899788
900716
900765
901075
901985
902624
902696
902784
903174
904661
904787
904975
905016
905119
905130
905481
905482
905530
905873
906775
908130
908210
908239
908694
908701
908778
908792
911967
912307
912487
913577
913872
915967
915992
916519
916607
916838
918260
918459
919844
921456
923572
923982
924447
926125
926991
927343
929968
930235
931403
931620
931963
932260
932389
933511
934354
936517
936571
937394
939734
939882
941389
942445
945662
946483
947227
949125
950015
950274
950781
950817
