101170
103218
103904
104826
109767
110899
111203
111939
112044
116969
118478
123035
123777
123949
126667
128593
129401
130909
134880
135736
138008
138134
139038
140093
147398
147896
148094
148671
152992
156366
158006
159143
159989
160513
162606
163267
163976
164174
167694
170102
170884
171664
172147
172576
175203
175777
176862
179113
188532
190264
192038
192562
195197
197625
199673
201024
201152
201704
204034
204431
205003
206396
207033
209033
220401
221739
227267
234017
237476
239835
241388
241420
242000
242190
244198
244827
247730
251002
258635
265935
266020
269603
272542
274047
281705
281988
282208
283278
284389
286841
291564
293851
293955
294969
296181
297431
297929
298174
299418
301402
304012
305651
306257
309153
310411
310821
314666
316762
318895
322520
333036
333513
333674
335083
335544
339517
339771
340938
341716
344568
351040
351455
351763
354419
354659
355838
355952
360116
361735
362251
362768
363089
366567
369285
372049
374383
377372
379043
380551
380828
381774
383984
385858
387181
394026
394553
396038
396089
399136
400827
403759
407030
408547
411215
416926
418328
420925
421408
422151
425954
427961
428760
432893
433277
439245
440620
444714
445522
446169
448117
449166
449703
449925
451909
452774
453193
455425
456271
460754
462438
462727
464482
468661
468967
470636
470645
472871
474027
475865
476721
476957
479629
483688
487307
487885
490190
491878
501662
502067
503202
505144
505468
507835
510062
510277
511908
512745
512746
520041
525884
527199
535603
541698
545785
551495
552374
557053
562473
563375
566436
569912
570365
573231
575118
576233
576237
579122
583460
585291
586977
589957
590487
600388
618458
619453
622013
624470
626162
626395
640764
657257
660586
667324
670760
678854
684803
702648
707701
712681
723572
724120
735115
738892
740276
741799
745567
749217
750277
759265
764843
774498
777287
778017
779524
779802
797667
806539
811983
821073
823992
828469
833231
842941
865290
866455
869019
870571
872971
876006
876118
882421
886926
892889
896272
902458
903406
904975
915967
916607
924493
926471
926951
930235
940625
942474
945563
949466
950184
950715
951130
951497
952954
953668
958611
958765
971440
972514
973800
976825
979705
983577
983608
988692
989561
990145
991528
995066
