100497
100577
101532
102179
102370
104120
104749
105649
105672
108067
109302
109730
109767
109954
110691
110899
111302
111303
111939
112511
113730
113960
115022
116517
116969
118234
118554
118606
120004
120086
121076
121147
121192
121730
122110
122584
123035
123618
123777
123801
123949
124464
124681
125407
126277
126875
126930
127145
129080
129318
129342
130477
130532
130799
131368
132014
132966
134163
135702
139963
140093
140121
140566
140850
141207
141311
143382
143988
145395
146201
146298
146803
147896
149318
149428
149963
150269
150817
151812
151893
152384
152806
152992
153041
153534
155879
156096
156268
158639
159567
162365
162567
163878
163920
164901
167249
170035
170515
170918
171664
171728
172406
172576
175183
175621
176750
176862
178285
179416
180086
180223
180625
181639
181686
184326
186654
186815
187833
188482
190168
192038
192516
192616
193275
193536
193677
193871
194411
194449
194469
195105
195200
195757
196327
197718
198623
199667
199673
200887
201396
202428
204208
204400
204431
209656
209886
210484
210939
211044
212301
213211
214446
215849
216415
217076
217779
219957
220763
221900
223053
223729
224646
225015
226056
226924
226985
227901
228477
230734
230907
231687
231859
234017
235462
235938
236154
236540
236734
236773
238881
239503
239730
239757
241017
241558
242569
244198
245141
247209
247730
247754
247802
248530
248633
249934
251002
251477
251719
252031
252210
252278
252444
253520
253734
255262
258405
259079
261185
261215
261367
261458
264132
264679
264832
265391
266150
266265
267343
267463
270204
270306
270517
271035
271346
271349
272307
272651
272913
273229
273864
274953
275298
278259
278763
281114
281279
282186
283278
284672
285365
286841
287788
287867
288010
288714
292347
293992
294269
294323
294434
294965
294969
295265
295601
297929
297997
298245
298548
298620
298776
299907
301402
301967
302709
304580
305003
305022
305343
306020
306745
307359
308900
309563
309792
310184
310392
312418
312856
312931
313520
314138
316390
316534
318882
319569
320242
321172
321672
322288
322520
323778
325208
327351
328183
329014
329339
330312
333036
333674
333921
334185
335334
335643
335918
336432
336776
336831
339428
339524
339675
339885
341501
341763
341866
342215
342376
342546
343202
343259
343385
344106
344630
346333
348261
349811
350578
352391
352928
353337
353509
354054
354730
355520
355838
355848
356280
356905
356945
358519
359007
360011
361022
361188
361281
361526
362768
362770
362894
363106
363665
364261
364407
364644
365101
365174
365900
366096
366803
366986
367552
368080
368456
368624
369285
369391
369654
370411
371348
371498
371575
371928
372970
374468
375104
377483
377785
378436
379043
379173
380150
380551
380689
380828
380986
381294
381774
382117
382431
382537
384261
385474
385858
386509
387862
390756
392264
392504
393980
395643
396059
396894
397255
397272
400264
401836
402047
402831
403184
403445
404261
407924
408044
408071
409547
410111
410392
410571
411677
414077
415230
416657
416959
417564
417969
418826
419702
420063
422247
422379
423766
424142
425005
425086
425522
425686
427096
427250
427698
427961
428148
428202
428273
428651
428816
430968
432898
433478
434730
435049
435091
436629
436822
436895
437840
438454
439245
439910
440924
441816
445147
445867
446169
447084
447143
447317
447321
447368
449176
449488
449654
450235
452286
453193
453200
453671
454219
455894
455970
456209
457077
457396
458549
458921
459345
459432
460228
460626
460839
462181
462819
463507
463711
464331
464519
464795
465004
465145
466468
467042
467113
468355
468426
468467
468961
469173
469829
470042
470065
470645
470752
470859
471529
471775
471841
472481
472871
473102
473195
473870
474027
475253
475419
475440
477865
478530
479246
479256
480133
480373
480524
480746
481064
482650
483231
484073
484910
485311
485938
488635
488638
488809
489055
490024
490260
490737
491004
491808
493713
494161
494566
495578
497711
499712
500190
500908
502556
503254
503538
505510
505859
506019
506611
507102
507544
507911
509785
510060
510062
510597
510689
511024
511341
511504
511737
511792
512554
512740
513268
513742
514478
516496
516505
518075
518488
518871
518914
519306
519469
520041
520708
521717
521885
521974
522324
523586
523766
524408
526049
526488
526941
526985
527983
530802
531393
532337
534767
535929
536441
536615
538133
538349
538493
538951
539052
539446
539813
541417
541665
543243
543323
545049
545944
548513
548624
551892
555013
555151
556899
557170
557537
558639
559127
559445
559542
560139
560291
560697
561973
562031
562494
563375
563574
563579
564995
565138
566129
566502
567455
568331
571624
571913
573780
574634
574995
575459
575745
576233
576439
576459
577229
578150
580695
581812
583460
584492
585456
585524
586199
587277
588342
588730
591687
592027
592390
598063
598984
599245
599727
600263
600388
600607
601306
602122
602649
603798
604098
604514
604625
605153
605492
606283
606425
606450
606608
607833
609428
610365
610381
610931
611397
614106
615047
615119
615217
615243
616141
616225
616689
617116
617558
618615
619106
620005
622013
622027
622271
624366
624470
624701
624871
625648
626070
626161
626162
628198
632658
640764
641858
652000
653292
653861
659809
663289
663763
674344
675569
679489
687362
688336
690298
692982
696493
697228
698572
700210
704673
704816
705461
709021
709656
713222
714528
714700
714708
715013
718355
719939
721553
724769
725674
727526
730825
735179
735292
739860
740276
741223
742430
743700
744897
747927
748962
750241
751146
751640
752568
753723
754685
754772
754792
755525
755860
756209
756633
756856
758160
758378
758594
759248
761107
768034
768666
770263
770491
772174
772616
773466
773904
774609
777179
778493
780862
788976
793968
810219
822437
836821
838190
840247
842941
848915
849812
863640
864313
866133
866805
867448
867553
868017
868996
869865
869888
871274
872674
873925
874128
875193
876768
876791
879270
879701
882052
884716
890224
891167
896272
902784
908778
