124893
143950
149358
150303
161452
163267
167694
172604
175030
179210
190264
201704
206396
214134
220201
223769
227120
243854
272184
302336
310821
315486
315786
327617
327935
332928
333513
334513
335616
339517
339771
343998
344568
352441
355952
366154
370185
378687
399636
400827
404674
405080
408070
411179
416926
420925
430423
432893
435438
439351
447627
456271
461473
468001
485828
493195
511908
512745
512746
514356
517522
523772
535603
536673
538455
545785
556676
566436
584282
589957
596761
599293
612284
637772
660586
684803
691495
723572
761744
772088
834995
866455
870571
872971
880747
881068
882421
886808
912544
925183
925941
927649
930557
940625
947740
956686
969405
969767
970355
994052
