113036
117912
118554
121147
137677
137806
140052
149358
153534
156634
172560
176187
195200
197718
206077
211672
228989
229535
236608
237940
241604
256648
257154
293992
313520
317644
326332
328086
330312
339428
339606
340209
344630
352928
353337
353471
353647
368624
380689
383055
387373
392504
392552
393049
397821
398225
406437
407537
423513
424865
428651
429540
430423
437007
443162
445207
454219
459432
460069
460228
477648
480133
510060
511024
514356
544077
572676
575459
579243
584471
599279
600263
602122
603293
615217
622766
624033
667575
667778
722124
735241
761912
877056
