100119
100302
100351
100388
100577
100817
101105
101170
101185
101374
101392
101816
102086
102168
102375
102732
103019
103182
103371
103580
103922
104088
104282
104293
104345
104394
105293
105892
106150
106174
106319
106500
106565
106713
106867
106904
107216
107305
107429
107936
108063
108092
108294
108321
108543
108599
108787
108805
109051
109068
109220
109242
109302
109363
109498
109711
109765
109767
109828
109910
110071
110073
110196
110378
110417
110487
110531
110552
110592
110731
110899
111038
111074
111432
111543
111737
111769
111838
111896
111996
112041
112161
112335
112511
112633
113014
113425
113661
113699
113700
113725
113794
113797
113870
113875
114029
114176
114258
114363
114474
114577
114666
114811
114817
114932
114995
115144
115437
115513
115588
116281
116388
116517
116969
117249
117387
117610
117622
117755
117912
118080
118229
118355
118478
118554
118560
118602
118606
118750
118763
118849
119307
119310
119510
119906
120043
120461
120628
120771
120954
120992
121128
121147
121408
121606
121691
122130
122263
122503
122824
122976
123949
124132
124233
124252
124326
124464
124500
124520
124784
124985
125148
125212
125507
125579
125615
125629
126035
126231
126277
127376
127536
127538
127739
127757
127760
128213
128265
128417
128570
128896
129105
129107
129151
129189
129390
129525
129962
130132
130366
130508
130532
130640
131188
131320
131325
131494
131514
131516
131834
132036
132046
132099
132260
132417
132519
132571
132640
132763
132936
133022
133259
133347
133496
133767
133892
134035
134163
134483
134527
134545
134585
134691
135736
136067
136375
136486
136688
137060
137090
137165
137871
138169
138296
138520
138691
138707
138794
138923
139038
139179
139611
139742
140168
140183
140387
140439
140480
140555
140566
140919
140965
141312
141546
141642
141681
142122
142372
142418
142984
143322
143382
143397
143472
143826
144206
144465
144626
144896
145209
145215
145467
145550
145694
145747
145928
146201
146208
146314
146348
146419
146554
146574
146720
146777
146803
147079
147391
147432
147480
147517
147589
148200
148416
148461
148590
148671
148931
149020
149454
149579
149838
149886
150221
150269
150337
150448
150848
150865
151015
151702
151758
152080
152509
152685
152897
152992
153003
153009
153358
153490
153656
153673
153780
153963
154184
154300
154386
154433
154542
154741
154953
154982
155231
155391
155710
155766
155855
155896
156096
156295
156366
156490
156491
156590
156634
156644
156715
156779
156998
157047
157125
157246
157359
157737
157796
157833
158369
158388
158565
158639
158671
158672
158939
159032
159071
159082
159143
159219
159880
160378
160952
161010
161105
161156
161394
161429
161742
161861
161975
162048
162167
162567
162618
162754
162851
162884
163124
163178
163315
163318
163332
163869
164038
164043
164134
164330
165072
165109
165208
165229
165377
165609
165785
166218
166603
166799
167017
167209
167298
167870
168842
168953
168983
169558
169955
170158
170167
170214
170515
170884
171039
171090
171287
171396
171480
171614
171647
171711
171795
172406
172631
172821
172838
173001
173181
173210
173319
173968
173977
174251
174296
174525
174547
174568
174576
174604
174617
174731
175456
175498
175596
176123
176750
176862
176911
177045
177545
177689
177767
178222
178315
178751
179466
179576
179604
179724
180207
180223
180230
180493
180565
180625
180716
180834
181027
181421
181642
181648
181931
181935
181964
182140
182297
182535
182706
182794
183067
183228
183304
183834
184070
184071
184464
184791
184838
184841
185215
185459
185724
185798
186515
186625
186649
186748
186758
186815
187156
187330
187750
187833
188211
188309
188528
188558
188564
188588
188766
188982
188989
189043
189419
189473
189632
189637
189929
190642
190844
191307
191426
191472
191561
191714
191747
191975
192445
192556
192624
192647
192765
193056
193104
193191
193240
193348
193469
193470
193548
193677
193807
193871
193943
194430
194469
195200
195246
195260
195749
196143
196163
196232
196296
197591
197802
197892
198355
198525
198610
198805
199194
199323
199576
199673
199769
199937
199984
200047
200111
200224
200253
200347
200414
200564
200888
200898
201322
201448
201688
201984
202075
202119
202124
202535
202591
203089
203225
203373
203487
203538
203707
203819
203898
204013
204046
204060
204068
204208
204383
204400
204431
204765
204886
204947
205162
205320
205350
205515
205626
205683
205800
205866
205925
206416
206426
206676
206831
206991
207001
208010
208423
208598
208744
208752
209033
209145
209276
209659
209734
209794
209850
209920
210628
210653
211046
211074
211109
211149
211379
211647
211749
212013
212031
212139
212256
212349
212771
213583
213874
214039
214177
214182
214487
214589
215072
215128
215351
215378
215614
215782
215849
215998
216089
216553
216882
216901
217476
217797
218299
218300
219353
219384
219746
219806
219957
220023
220306
220584
221236
221782
221843
222000
222204
222244
222640
222847
222968
223033
223053
223161
223458
223641
224472
224478
224522
224710
225166
225349
225688
225796
225811
225819
226026
226210
226508
226924
227234
227267
227314
227626
227723
227944
228020
228538
228634
228929
228947
229137
229278
229349
229711
230094
230440
231266
231597
231893
232159
232696
232767
233501
233534
233634
233703
234140
234186
234220
234320
234800
234859
235337
235462
235527
235596
235762
235878
235952
236154
236239
236748
237023
237038
237287
237582
237738
238281
238481
238716
238828
238881
239186
239203
239224
239370
239412
239503
239687
239799
239835
240151
240521
241230
241420
241512
241533
241602
241606
241673
241897
241974
242033
242618
242802
243039
243592
244024
244198
244827
245076
245089
245092
245356
245639
245887
246112
246424
246656
246715
247374
247708
247730
247732
247735
247754
247822
247851
248295
248336
248801
249024
249252
249443
249680
249979
250050
250116
250145
250163
250397
250400
250963
251002
251114
251287
251531
251568
251696
251875
252019
252324
252366
252620
252915
252990
253172
253208
253749
253778
254288
254395
254480
254548
254661
254830
254833
255116
255586
255765
255972
256281
256395
256742
256884
256993
257201
257484
257552
257605
257643
257663
257705
257793
257832
257982
257995
258366
258440
258523
258658
259079
259945
259947
260334
260525
260950
261040
261090
261214
261321
261340
261384
261517
261658
261715
262044
262086
262166
262270
262318
262401
262440
262442
262604
262806
262919
262924
263293
263477
263583
263652
263921
264417
264687
264727
265084
265237
265551
265704
265981
266150
266430
266458
266879
267090
267121
267175
267739
267956
268124
268251
268397
268731
268807
268918
268921
269455
269558
269732
269982
270220
270915
270966
270968
271256
271265
271343
271408
271452
271516
271570
271812
272097
272542
272599
272651
272686
272943
273864
274176
274211
274574
274953
275025
275398
275433
275467
276046
276121
276275
276298
276711
277301
277351
277677
277935
277985
278491
278602
278613
278733
278770
278811
279218
279234
279345
279401
279676
280320
280419
280433
280508
280536
280686
280766
280786
280792
280868
281114
281158
281256
281279
281971
281988
282068
282188
282269
282396
282570
282632
282934
283278
283502
283533
283918
284050
284573
284651
285090
285285
285360
285365
285803
285995
286170
286173
286215
286306
286429
286476
286584
286725
286890
286963
287136
287447
287468
287608
287730
287800
287831
287867
288098
288213
288466
288976
289284
289668
289707
289822
290089
290337
290413
290667
291165
291218
291317
291363
291564
291752
291990
292179
292246
292465
292710
292856
292873
293020
293147
293451
293473
293561
293839
293944
293965
294576
294838
295124
295601
295879
295906
296294
296343
296486
296815
296975
297113
297364
297431
297442
298041
298245
298450
298548
298591
298742
298776
298879
299248
299417
299627
299637
300136
300145
300238
300960
301157
301402
301967
302471
302654
302695
302709
302892
302937
302998
303023
303315
303396
303397
303403
303422
303450
303513
303546
303718
304006
304012
304487
304794
304860
304881
305487
305507
305678
305778
305861
306030
306373
306466
306911
307109
307173
307210
307536
307659
307809
307966
308241
308273
308900
308992
308998
309018
309021
309153
309563
310133
310155
310223
310387
310389
310581
311351
311654
312105
312376
312509
312825
312955
313315
313650
313674
313685
313839
313887
313976
314138
314475
314636
314647
314666
315233
315310
315434
315575
315579
315897
316368
316412
316599
316705
316884
317378
317380
317434
317558
317586
317644
317710
317950
318322
318354
318414
318455
318587
318678
318886
318983
319179
319243
319299
319630
319639
319824
319839
319870
319935
320144
320242
320791
320988
321098
321172
321348
321895
321965
322146
322436
322467
322486
322520
322537
322977
323029
323046
323051
323281
323396
323627
323762
323804
323920
323949
324362
324385
324441
324616
324649
325140
325265
325302
325327
325354
325357
325450
325619
326190
326781
326897
327074
327189
327361
327599
327658
328019
328876
328971
329426
329514
329578
329682
330056
330072
330312
330406
330487
330859
331214
331316
331444
332348
332432
332635
332748
332850
333036
333067
333472
333625
333674
333857
333899
333924
334159
334310
334330
334389
334431
334544
334775
334919
335156
335363
335400
335544
335643
336247
336312
336514
337009
337132
337353
337406
337424
337531
337574
337630
337693
337711
337743
337752
337840
338009
338678
338762
339051
339428
339456
339675
339905
340149
340253
340393
340820
341023
341101
341253
341341
341648
342226
342266
342292
342524
342546
342688
343142
343202
343244
343306
343449
343694
343805
343970
344033
344106
344298
344469
344475
344483
344630
344891
345301
345369
345467
345624
345758
345762
345780
346106
346125
346164
346289
346406
347169
347220
347353
347476
347542
347942
348100
348255
348809
348948
348957
349049
349131
349135
349360
349380
349408
349622
349893
350093
350143
350800
350923
350965
350969
351078
351253
351455
351648
351686
351726
351893
351897
351920
352108
352432
352539
352623
352815
352928
352939
353175
353221
353265
353299
353681
353744
353780
353820
353824
354101
354159
354401
354407
354421
354659
354806
354853
355071
355203
355402
355466
355661
355812
355831
355942
356178
356187
356217
356529
357762
357820
357845
358021
358181
358331
358338
358497
358499
358765
358869
359007
359113
359561
359592
359909
360222
360284
360303
360750
360867
360995
361022
361047
361480
361488
361695
361859
362743
362768
362898
362989
363093
363147
363564
363692
363733
363953
364206
364367
365043
365262
365367
365510
365900
365986
365989
366052
366177
366396
366435
366567
366573
366803
366982
366986
367199
367391
367628
367948
367973
368030
368080
368138
368210
368247
368495
368624
368666
368964
369159
369274
369390
369614
369769
370127
370690
371191
371498
371519
371690
371866
372104
372108
372468
372524
372638
372690
372699
373371
373699
373869
374158
374229
374337
374511
374519
374604
374677
374847
375104
375108
375230
375519
375578
375663
375986
376043
376247
376431
376532
376648
377109
377365
377424
377607
377790
378116
378200
378436
378563
378893
379043
379306
379359
379365
379534
380236
380551
380828
380881
380934
381297
381307
381313
381377
381452
381475
381624
381668
381754
381774
381915
382117
382334
382427
382530
382947
383075
383172
383660
383912
384139
384267
384301
384452
384487
384643
385298
385319
385364
385414
385507
385630
385681
385901
385979
386169
386257
386308
386318
386618
386709
386748
386800
386890
387123
387267
387297
387325
387459
387480
387532
387660
387738
387862
388000
388315
388739
388923
388979
389385
389628
389823
389888
390199
390427
390808
390824
391139
391197
391203
391329
391437
391630
391797
392099
392149
392200
392301
392599
392706
392712
392769
392795
393101
393334
393462
393647
394541
394553
394697
394813
394887
395081
395548
396106
396326
396392
396655
396761
396894
397187
397622
397840
397953
398225
398534
398935
399352
399356
399542
399592
399682
399735
400288
400409
400662
400788
400916
401053
401082
401087
402004
402120
402221
402831
402834
402848
403154
403445
403598
403759
404019
404347
404441
404628
405213
405310
405535
405901
405997
406029
406037
406191
406534
406809
406989
407049
407141
407242
407276
407610
407912
407955
408175
408266
408443
408799
408906
409352
410433
410462
410806
410856
411276
411438
411452
411679
411724
411787
411815
411926
412311
412376
412414
412666
413003
413024
413183
413192
413215
413867
413960
414076
414077
414473
414758
415088
415447
415765
415901
415969
416080
416657
416684
416795
416890
416910
416959
417071
417111
417475
417557
418140
418551
418747
418780
419033
419307
419368
419439
419470
419628
420016
420485
420529
420841
420855
420953
420968
421381
421496
421796
421831
422151
422871
422901
422921
423093
423459
423518
423602
423673
423878
423893
424318
424321
424333
424865
425062
425149
425686
425951
425954
426139
426430
426511
426722
426807
427096
427182
427250
427408
427572
427921
428148
428202
428418
428651
428793
428875
429092
429163
429442
429719
429748
429826
429973
430096
430129
430278
430391
430438
430468
430566
430821
430886
431359
431816
431838
432312
432519
432553
432858
432924
432995
433003
433560
433622
433654
434088
434135
434210
434313
434798
434826
435091
435125
435229
435281
435345
435521
435551
435869
436332
436373
436587
436693
436940
437840
438456
438754
438932
439171
439358
439383
439932
440561
440578
440622
440725
440908
441041
441047
442178
442216
442697
442783
442800
443006
443009
443524
443552
443780
444175
444277
444316
444398
444752
445147
445381
445481
445612
445614
445663
445774
446237
446830
446878
447011
447047
447204
447321
447576
447645
447717
448187
448392
448397
448585
448590
448779
449176
449488
449743
450463
450524
450548
450623
450648
450685
450776
451204
451332
451363
451511
451645
451669
451717
451756
451914
452016
452464
452545
452588
452589
452661
453193
453207
453256
453458
453529
453834
453918
454083
454161
454342
454400
454815
454907
455008
455141
455625
455894
456005
456040
456110
456219
456412
456446
456536
456558
456892
457077
457624
457930
458098
458615
458651
458798
458921
459497
459515
459554
459723
460089
460099
460228
460243
460389
460550
460711
460754
460884
460915
460964
461078
461322
461611
461842
461875
462101
462697
462699
462727
462772
463363
463550
463767
463858
464208
464243
464331
464662
464781
465004
465110
465145
465147
465266
465370
465591
466057
466075
466214
466307
466390
466500
466723
466937
466979
467113
467169
467594
467719
468072
468195
468426
468467
468493
468570
468745
468749
468837
469049
469163
469533
469829
470636
470752
470805
470874
471425
471461
471775
471799
472019
472022
472435
472493
472854
473263
473266
473727
473831
473936
474006
474027
474598
474649
474673
474850
475440
475454
475467
475506
475561
475804
476566
477001
477385
477413
477480
477565
477648
477935
477969
478065
478470
478556
478572
478604
478615
479114
479256
479307
479553
479753
479797
480218
480366
480369
480384
480432
480899
481208
481388
481424
481678
482021
482274
482313
482458
482764
482827
483100
483161
483369
483402
483533
483545
483804
484481
484792
484910
485052
485071
485149
485289
485421
485548
485721
486075
486173
486524
487104
487336
487374
487498
487513
487514
487798
487885
487956
488139
488496
488638
488781
488823
488942
488981
489543
489631
490024
490096
490207
490297
490375
490492
490573
490737
490823
490898
491022
491222
491304
491646
491721
491744
491803
492057
492058
492173
492313
492348
492368
492420
492444
492488
492536
492634
492810
492885
493156
493553
493696
493984
494061
494174
494303
494444
494920
494940
495076
495304
495409
495441
495625
496119
496238
496463
496543
496563
496573
496856
496891
497232
497711
497772
497798
498326
498529
498823
498824
499127
499303
499532
499604
499712
499732
499991
500237
500301
500586
500694
501066
501662
501913
502013
502397
502470
502539
502556
502622
502688
502863
502923
503083
503242
503496
504100
504200
504488
504878
504984
505184
505281
505338
505468
505510
505641
505693
505835
505941
505981
506019
506129
506580
506972
506980
507216
507605
507729
507869
507911
507920
508067
508075
508100
508501
508999
509386
509778
509824
510060
510208
510225
510303
510350
510381
510386
510635
510669
510699
510715
510764
510863
510973
511024
511109
511360
511557
511653
511737
511757
511792
511824
512140
512204
512483
513418
513990
514227
514317
514546
515638
515778
516389
516464
516496
516505
516578
516890
517461
517711
517918
518075
518130
518398
518429
518759
518800
519068
519232
519261
519310
519357
519885
519950
519997
520041
520071
520204
520331
520357
520424
520531
520539
521461
521656
521710
521837
521883
521912
522140
522260
522268
522740
522815
522862
522871
523192
523303
523356
523515
523571
523586
523822
524408
524910
525022
525118
525193
525815
525889
525897
526047
526049
526488
526693
526873
526976
526985
527062
527666
527677
527764
527821
527838
527840
528008
528179
528271
528666
528718
528757
528848
529602
529633
529805
529874
530118
530240
530366
530536
530950
531053
531118
531164
531250
531634
532007
532008
532233
532334
532369
532387
532781
533116
533921
534265
534267
534904
534916
535047
535212
535249
535916
535929
536074
536334
536398
536971
537036
537131
537872
537996
538133
538243
538586
538835
538893
539054
539301
539324
539488
539508
539795
539813
539857
540017
540071
540337
540458
540700
540788
540798
541099
541417
541447
541453
541689
541799
542113
542513
542733
542758
542908
542971
543400
543430
543558
543563
543642
543724
543877
544010
544077
544950
545023
545329
545535
545865
545944
545953
546031
546453
546628
546857
547017
547968
548105
548315
548369
548581
548624
548835
548967
549005
549038
549049
549392
549424
549580
549759
550293
550387
550506
550893
550956
551098
551179
551221
551228
551533
551627
551883
552282
552286
552374
552703
552823
552846
552903
552972
552998
553218
553832
553841
554234
554521
554545
554565
554586
554607
554760
555013
555121
555398
555574
555714
555793
556062
556132
556224
556689
556852
556927
557270
557339
557428
557487
557537
557579
557636
557871
558004
558424
558639
558685
558887
558940
559042
559082
559334
560231
560291
560369
560373
560427
560736
561007
561148
561354
561615
561850
561915
562015
562031
562434
562620
562698
562758
563169
563531
563748
563799
563837
563868
563904
564106
564220
564419
564592
565124
565260
565366
565566
565973
566034
566257
566430
567034
567045
567220
567224
567363
567466
567649
568132
568267
568646
568849
568859
569032
569268
569279
569528
569539
570566
571913
572013
572285
572389
572651
572690
572850
573126
573223
573259
573413
573488
573519
573561
573838
573952
574109
574212
574409
574537
575229
575287
575459
575523
575826
576239
576241
576349
576975
576981
577046
577193
577267
577441
578038
578290
578455
578639
578715
578750
578902
579128
579353
579539
579607
580125
580132
580153
580198
580277
580384
580829
580839
581042
581051
581752
581841
581869
582026
582421
582720
582736
582842
583156
583691
583938
584045
584167
584447
584495
584801
584973
584986
585069
585369
585712
586116
586233
586476
586828
586840
587074
587093
587513
587703
587715
587730
587870
587925
588382
588437
588699
588849
589121
589209
589322
589325
589776
590204
590237
590713
591109
591620
591832
592001
592015
592027
592031
592214
592510
592647
592724
593355
593447
593782
594027
594114
594535
594753
594776
594866
594957
595043
595081
595170
595172
595227
595248
595417
595454
595487
596052
596222
596228
596510
596824
597464
598334
598391
598679
598886
598957
599235
599279
599308
599338
599789
600101
600388
600407
600597
600607
600624
600773
601110
601211
601323
601516
602097
602111
602289
602293
602580
602707
602814
602945
602997
603020
603954
604075
604098
604551
604653
604947
605008
605068
605153
605319
605416
605763
605886
606283
606290
606446
606450
606632
606703
606762
606879
606922
607089
607278
607393
607470
607673
607784
607833
608425
608975
609070
609104
609128
609205
609414
609497
609743
610120
610196
610249
610332
610419
610441
611456
611598
611740
612165
612288
612603
612790
612824
613237
614129
614220
614493
614578
614630
614862
614909
615053
615217
615324
615752
615774
616098
616225
616278
616287
616366
616425
616635
616689
616757
616767
616924
617111
617124
618127
618224
618336
618550
618617
619240
619574
619942
620290
620532
620877
620920
621172
621337
621843
621991
622143
622174
622433
622857
622865
623250
623261
623497
623842
624470
624471
624519
624521
624686
624871
625131
626138
626162
626274
626343
626395
626409
627555
627846
628778
631252
634282
634606
634638
635473
636719
638210
642745
645896
648052
648383
649714
649942
652195
652827
653292
653580
655970
655983
657167
657916
658266
658655
659054
659088
660994
664718
666723
667007
667314
667427
668054
668724
669786
669924
674344
675303
675592
679925
680773
681522
681537
682307
684214
685619
686919
687176
687345
689069
689592
691229
691435
691554
697228
697802
697825
697903
698889
699957
700863
701257
701458
701861
703493
704067
704970
705048
705288
705749
707702
709764
711308
711571
711978
712021
712041
714679
715147
715221
715453
715503
716095
716325
716646
716771
717234
717341
717621
717630
717686
719305
719939
720619
721055
721566
722327
723234
724230
724477
724876
725406
725674
726503
728393
729550
729727
731462
733134
733800
733909
734723
734911
735115
735561
736206
736264
738717
738892
738929
739371
739860
740142
740272
740276
740709
740786
741045
741223
742518
742909
742980
744128
744475
744836
744898
745178
745446
745508
746862
747112
747609
747719
748021
748914
749466
749584
750309
750638
750685
750920
751190
751333
751640
752203
752568
752577
752960
753439
753583
754685
754776
755136
755143
755525
755674
756204
756209
756486
756722
756856
756895
757332
757634
757740
758123
758197
758395
758478
759286
760007
760240
760359
761471
761625
762144
762412
762951
763292
764009
764487
764703
765299
765409
766708
768034
769479
770069
770195
770844
771250
771755
771876
773805
774498
775481
776007
776030
776250
777614
777643
777759
778017
778462
778667
778698
779027
779524
779732
779784
779798
780055
780125
780709
782020
782321
782913
783600
783840
783906
784065
785336
785590
785674
786300
787872
788080
788249
788356
788436
789245
790130
790557
791569
793919
793957
794535
794611
794721
794841
795109
795192
795345
796107
796552
796787
797398
797671
797757
797767
798317
798749
798831
798930
798943
799315
801007
801580
802104
802143
803600
804359
804528
805158
805164
805683
806369
807093
808422
808804
808909
809734
810351
810858
811079
811620
814142
814206
814748
815181
815700
816093
817038
818643
819522
820248
820251
820747
821001
821526
822185
822265
822376
822437
823442
823500
824083
824567
825189
825311
826414
826642
826897
827095
827281
827344
827385
827410
827754
828509
828612
828654
829955
830062
830180
830708
831612
831729
831848
832102
832234
832718
832912
833102
833153
833945
834283
835212
835405
836821
837554
837799
837941
838066
838612
838634
838683
839184
839359
839662
840601
840790
840854
841132
841189
841816
842170
842532
842941
843577
844047
844055
844279
845154
845238
845601
845834
846545
847038
847266
847383
849063
849518
849812
849882
857878
860385
860435
863402
863426
863874
863993
864033
864036
864313
864534
864719
864829
864992
865051
865142
865145
865207
865525
865871
866133
866170
866385
866495
866605
866670
866805
866860
867153
867567
867960
868289
868633
868873
869019
869521
869886
870293
870420
870976
871085
871314
872009
872014
872222
872511
872953
873177
873363
873712
873779
873863
874064
874415
874591
874599
874911
875200
875212
875487
875683
875691
875700
875771
875937
877438
877676
877777
878044
879040
879166
879452
879865
880018
880099
880102
880328
880594
880616
881389
881409
881686
881754
881847
882180
882335
882341
882785
883223
883603
883606
883667
883978
884004
884018
884221
884542
884582
884952
885180
885861
885924
886119
886277
886368
886524
887042
887080
887348
887504
887624
887722
887818
887891
889070
889460
889627
890141
890216
890318
890351
890800
891167
891560
891917
892083
892098
892371
892380
892652
892846
892848
892959
893080
893132
893634
894105
895064
895108
895218
895588
895618
895765
896260
896485
897112
897154
897326
897979
898398
898484
898800
898879
899080
899152
899176
899200
899326
899574
899601
899645
899788
899806
899949
901075
901326
901420
901588
901879
901985
902458
902467
902624
903006
903406
903640
903763
904119
904149
904154
904285
904661
904975
905482
905530
905659
905810
906081
906224
906338
906775
907465
907477
908076
908340
908504
908561
908701
910272
910897
911305
911318
911475
911619
911734
911946
911967
912323
912398
912460
913252
913331
913577
913632
913998
914801
915181
916173
916245
916377
916607
917021
917490
917727
917787
917858
917913
918021
918198
918735
918855
918942
919299
919667
919731
920128
920439
921456
921598
922012
922200
922209
922480
922589
922746
922899
923468
923740
923888
923982
924447
924491
924723
925187
926125
927249
928931
928997
929119
929267
930297
930308
930608
930665
931146
932057
932372
932389
932583
932964
932988
933077
933168
933511
934189
934392
934626
934984
935003
935949
936466
937009
937394
939304
939408
940391
944165
945308
945563
946254
946557
947030
947390
948321
948719
948825
948892
948947
949029
949112
949127
949250
949439
949782
950015
950534
950781
950963
951233
951885
951964
952297
952528
952954
953681
953991
954912
955102
955120
955263
956307
956380
956652
956675
956935
957568
957858
958258
958708
958863
958961
959196
959199
960713
960904
961105
961153
961599
962172
962846
962902
963096
963372
963615
963626
964189
964485
964919
965032
965246
965265
965658
965727
966233
967128
967304
967612
967784
967786
968004
969035
969958
970021
970153
970591
970654
970914
971146
971267
971686
971894
972364
972627
972883
972937
973285
973573
973701
973987
974389
975486
975522
975853
976256
976584
976825
976894
977610
977978
978293
979018
979457
979705
979743
979928
980703
981076
981085
981371
981835
981853
982734
983116
983744
984263
984430
984803
984972
985381
985441
987107
987308
987358
987412
988004
988803
988859
989029
989093
989394
989745
990090
990518
990538
991727
992235
992661
993066
993844
994004
994406
994453
994488
995066
995076
995276
995447
995860
996264
996278
996628
996693
996698
997163
997283
998226
998545
999728
999737
999796
1000007
1000125
1000230
1000349
1000503
1000780
1001471
1001489
1001821
1002565
1002915
1003159
1003312
1003366
1003402
1003499
1003984
1005287
1005325
1005523
1005767
1005776
1005793
1006254
1006322
1006344
1006729
1007010
1007158
1007388
1007706
1007975
1007999
1008376
1008413
1008663
1009078
1009112
1009304
1009400
1010123
1011163
1011187
1011324
1011392
1011466
1011522
1012044
1013224
1013296
1013452
1014033
1014622
1014627
1014685
1014929
1014944
1014979
1015043
1016121
1016155
1016299
1016343
1016700
1016894
1017395
1017461
1017523
1017619
1017811
1018363
1018505
1018706
1019039
1019099
1019126
1019250
1019568
1020428
1021696
1022487
1022654
1023148
1024511
1025269
1025324
1025942
1026059
1026443
1027170
1027367
1027696
1027704
1027715
1028096
1028259
1028364
1028504
1028568
1029030
1029580
1030140
1030195
1030310
1030348
1030410
1030458
1030527
1030739
1030770
1031126
1031152
1031280
1031335
1031512
1032314
1033497
1034014
1034073
1034508
1034599
1034684
1034783
1035023
1035275
1035440
1035567
1035774
1036452
1036553
1036645
1036736
1037084
1037167
1037646
1038025
1038238
1038417
1038493
1039517
1039714
1040044
1040213
1040595
1042234
1042614
1042696
1042827
1043027
1043083
1043138
1043199
1043250
1043631
1044106
1044118
1044232
1044261
1045493
1046018
1046125
1046200
1046830
1046906
1047166
1047861
1047905
1047955
1048011
1048027
1048600
1048846
1048849
1049064
1049071
1049313
1049344
1049933
1050540
1050603
1050864
1050999
1051361
1051441
1051971
1052302
1052447
1052503
1052838
1053853
1054188
1054205
1054525
1054548
1054911
1054957
1055071
1055101
1055143
1055721
1056387
1056623
1056892
1057197
1057214
1057307
1057476
1057511
1057742
1057759
1058415
1058491
1058591
1058725
1059459
1059708
1059922
1060176
1060752
1061056
1061508
1061637
1061717
1061805
1061853
1061979
1062597
1062983
1063160
1063364
1063883
1064192
1064219
1064323
1064810
1064956
1065303
1065428
1065517
1065635
1066110
1066122
1066276
1066281
1066512
1066548
1066625
1066967
1067114
1068181
1068315
1068376
1068865
1068909
1068923
1069295
1069521
1069579
1069811
1069829
1070333
1070408
1070412
1070445
1070534
1070565
1071450
1071706
1072065
1072071
1072599
1072676
1072832
1072979
1073180
1073502
1073579
1073949
1074445
1074747
1075009
1075083
1075258
1075341
1075480
1075546
1075949
1076144
1076586
1077111
1077452
1077855
1078099
1078103
1078483
1078690
1078750
1078872
1079482
1080102
1080244
1080317
1080706
1080789
1081716
1082751
1083110
1083380
1083441
1083753
1085057
1085128
1085199
1085225
1085236
1086014
1086500
1086750
1087105
1087486
1087583
1088207
1088642
1089472
1089689
1090029
1090134
1090194
1090202
1090866
1090991
1091333
1091926
1092681
1093208
1093213
1095220
1095891
1096379
1097548
1097861
1098547
1098683
1099219
1099331
1099507
1100162
1100334
1100710
1101837
1102876
1103163
1103450
1103857
1104105
1104517
1105056
1105240
1105395
1105911
1105926
1106191
1106244
1107311
1108055
1108138
1108350
1108766
1109138
1109301
1110497
1110562
1110740
1111022
1111244
1111362
1111461
1112122
1112948
1113308
1113856
1114097
1115415
1115490
1115988
1116356
1119605
1121072
1121094
1121384
1122221
1122960
1123126
1133555
1138473
1140233
1150209
1150381
1150587
1150728
1152090
1152228
1152434
1152822
1154021
1157432
1157947
1158216
1158494
1159082
1160216
1160257
1160281
1160530
1160764
1160772
1160776
1162320
1162329
1162398
1162529
