101389
102375
104231
105047
109572
109767
110899
114666
115438
115809
118478
121437
123777
126059
126619
129757
130188
130571
132763
135736
137163
138170
140050
141815
143182
147410
147896
149963
151984
153731
158972
160791
162190
165402
167694
170162
170884
171287
171664
174942
175183
176112
176262
176862
187833
190458
194469
195197
197627
197778
198548
199984
204034
209608
210484
211109
213109
220889
221670
223739
236040
236355
241558
244198
244914
249740
251002
252287
254661
259705
259927
261223
265739
266265
271553
271779
271915
277744
280745
281894
281988
283278
285144
288842
289246
292347
292878
294109
296343
297431
301872
307173
309127
309153
310576
312256
314356
314647
318677
318895
319166
319870
320151
321172
321909
322387
322520
323601
326483
328721
333036
335544
337531
338762
346427
347220
348322
351686
355838
355952
362946
363093
367477
369285
370988
372049
375617
378092
381774
382043
386245
389285
394026
397035
398410
403729
403759
407237
407638
411591
412173
413148
418074
420571
422151
425954
427096
427250
428148
430160
430438
432893
438350
446397
448664
449488
449925
450950
451909
453193
453338
455425
456750
457002
457591
457924
458452
459236
459933
462055
462727
463016
464482
466937
468661
468797
470065
472673
472871
475865
479087
479346
487176
487885
490090
490112
490190
493713
502161
505482
505960
506580
507835
508101
513054
514643
515901
518488
520405
521982
523273
525386
528367
530139
531053
533159
536890
543354
544003
548180
548830
554667
555013
556628
562473
563375
569912
570365
575118
575625
578147
583460
585130
588437
594239
596160
596217
596463
602580
602687
602814
604098
606632
612082
615300
618779
619810
622396
634282
640895
648052
649774
667314
674245
674344
681522
705311
721553
727026
727356
727526
734639
736844
741648
743629
745567
748119
749038
751640
752586
755984
758478
769024
771641
775182
776250
777319
778695
780132
782166
783906
809376
810769
825189
842941
845965
860435
864033
866385
866455
870068
870255
872398
872971
873763
882421
885828
892889
896272
898564
901480
903197
904975
907021
908872
919805
922536
924624
926951
943376
944339
950781
953088
956265
960146
962847
964915
967280
968700
971992
974145
976749
988692
989289
989826
993741
995444
998545
1000572
1003899
1018350
1025285
1029468
1032233
1033011
1040091
1042234
1042524
1044697
1047195
1051070
1052000
1053853
1054548
1056623
1061317
1067564
1069723
1071032
1073918
1074510
1079768
1086750
1089040
1089586
1090258
1091993
1092210
1095891
1099079
1100710
1101214
1103961
1108657
1115988
1121934
1133574
1150527
1152434
1152604
1154809
1157432
1159102
1160888
1163691
1165385
1167207
1167617
1167855
1168767
1170233
1170356
1171591
1174695
1175278
1177979
1180356
1180907
1185332
