106319
111094
113036
115068
123948
124471
124500
126864
128561
129575
130366
131208
133070
137806
139113
149358
152995
154982
159875
169564
170515
173791
184407
192516
195200
199034
203366
204764
205182
211249
214589
223124
223802
223831
231859
238281
239186
248676
256751
259945
259947
266150
274894
278811
282775
290045
294538
296815
299907
300297
300882
303934
305678
308992
309445
309563
309792
312682
316368
322537
324014
324104
324352
327617
329014
329461
330312
332432
336275
336921
337132
338862
339428
339511
339606
339905
346289
347246
352928
355387
356721
357244
361281
366033
368624
371498
371575
377607
380689
382314
387267
387373
390808
390982
392504
392932
393314
393980
398225
398295
401082
403184
404347
405080
406479
408175
414077
416581
417564
419062
419686
423513
424865
426099
428651
430521
443070
445147
445207
445612
446165
447050
459005
459345
460069
460697
460915
461997
462697
463969
465145
466214
468865
468912
469746
475440
477413
479114
479248
480193
481388
481424
488325
489057
489993
490250
490507
492488
498041
499712
502104
502470
502484
504984
505071
507197
510060
510973
511024
511792
512483
516100
517916
519452
520059
531554
536669
540226
543430
544077
544950
545944
546031
546628
548976
549038
549339
549392
555704
555991
557170
558112
558639
560369
562198
566225
568454
570060
575459
582655
586326
586508
589209
589952
590872
592027
593459
595004
600135
600263
600607
603391
615217
615570
619574
624033
626393
638210
653292
668785
738077
744836
753723
764838
802585
813375
817038
824942
827856
832438
833255
863491
864992
866670
866758
867332
868554
874415
876531
881847
884582
884749
904119
912323
913577
918133
922085
928507
931283
931577
935817
939408
939722
940391
949782
964983
973987
976826
979782
981625
984551
1010656
1020428
1030195
1032078
1034610
1040011
1044291
1044348
1052302
1056892
1067863
1069245
1072252
1077855
1080244
1083206
1089775
1102739
