103904
104626
107981
108168
110899
111958
112044
115438
118414
121576
122918
123777
123949
126059
132640
133892
135083
137163
139038
140050
142372
147410
148122
149249
152992
156366
162567
163264
165402
170884
175868
176862
180171
183912
185215
192028
197625
198862
199647
199673
201704
204431
206960
209564
209608
210484
211388
219778
225855
229735
231331
236355
244198
246299
253766
253974
254661
255686
258366
258581
263245
264832
265981
269413
269603
272068
272234
275596
276600
277744
281988
283918
288517
291564
291752
293878
294969
297436
299971
300614
304012
306257
306638
307631
309153
310313
314647
320791
322520
323690
326483
327861
329057
332788
333674
335124
335544
336347
336381
343449
346333
349164
351455
351763
354817
355838
355952
357629
359121
361791
361859
362768
363093
365174
366803
369654
370278
372970
373276
374847
377348
380828
381668
381774
387862
393334
396036
401287
401551
403759
406221
407030
407237
407638
408547
420839
421586
425883
425954
427464
427936
428148
428462
429537
430438
433174
435684
440604
441739
442238
444175
444776
445481
449703
451685
454161
455505
457818
462727
466145
468022
468192
468355
468661
470065
471628
471841
472209
472871
474027
476132
483533
490112
490190
493937
495376
505338
505960
507835
514660
515368
516407
517083
517397
517682
519718
520394
524220
529296
532366
534548
535603
538098
538955
541390
541883
542397
544090
544927
546904
547214
548128
552824
558887
559042
559391
563531
575890
576233
576237
586977
592296
596199
597497
598439
600388
602174
602814
606679
609685
610037
610976
619463
620000
621200
622143
623887
625643
626070
626162
628679
633611
634282
640694
648052
658355
674245
674326
689996
721553
727526
733680
743412
749038
750189
755363
759850
761018
764636
773026
779630
779989
789110
790557
793038
793957
797943
828469
835606
839662
842057
842941
846324
866385
866455
867553
869865
871596
872971
880558
880605
884542
885828
887803
889372
890626
903406
903423
903640
904975
905072
905119
907465
908239
908561
910386
913872
915181
916116
946201
948847
950781
953213
955703
957166
957231
958096
963523
964257
971992
978853
979705
988675
989561
990118
991528
991783
997649
1000572
1001158
1001992
1008663
1013030
1013535
1014856
1023310
1035563
1037533
1037809
1038088
1039714
1040391
1042707
1043742
1046422
1048123
1048305
1050325
1050419
1052762
1055889
1059674
1062852
1063450
1063950
1067487
1070528
1071120
1071331
1073037
1073239
1073918
1074042
1074510
