121729
124396
124464
132722
138325
140121
146201
148601
151702
173319
175030
179210
180625
193677
201118
201127
207233
222000
222499
223769
224646
238581
238881
242569
248530
249024
253734
257024
272307
281971
296054
298245
319309
320242
327351
331420
335616
339524
339885
344415
358261
358958
363387
366154
366496
368055
371519
385880
390756
391099
392937
392994
396903
402120
402254
406630
418229
420381
429282
436333
459341
466468
478556
479256
516505
521837
526488
539813
545570
559052
564430
567840
571913
585615
592545
592916
599293
601900
606450
625943
663763
684785
717186
764899
770844
790376
802670
824022
831848
836821
880292
883978
924203
964485
1025869
1069182
