110527
111795
123952
129033
134664
141002
143739
145232
146762
147670
149358
149662
156003
159390
167996
170122
172457
183042
186353
201774
209038
209827
210834
216255
238407
240869
242990
247595
260630
263990
271519
272184
273632
284704
284718
285334
285933
288519
290288
296144
300450
302133
304419
309554
310284
310821
319251
319861
319952
323049
323880
324387
326027
332928
335616
343860
347996
349205
350268
351599
351983
354817
355952
356763
359613
361328
361353
362698
366154
367316
368055
369359
371095
376207
376752
378833
384017
389097
392865
397005
397717
400827
402629
404674
405080
408037
411041
414487
416265
417697
427662
429379
429948
430340
430600
433359
438350
439351
442907
446165
447519
448379
460592
463601
468528
477469
480061
480332
488841
491979
495463
496421
496885
513037
527137
527874
529492
530101
531887
535603
535960
537265
539350
545300
551871
557637
564203
567149
568233
569180
572243
575015
578537
579243
580947
583577
585878
595074
595455
596702
601435
601806
602261
606704
613217
619616
622856
625134
630882
633102
673228
699965
714360
726614
733528
739733
771424
772088
778926
796188
809838
818420
822200
872971
873802
882992
898275
907543
912919
925116
930557
933793
935849
942640
953914
956182
956642
956686
963990
970595
970623
975791
979326
991495
998975
1009063
1012796
1017280
1018599
1024398
1028339
1031480
1032905
1041558
1046874
1048291
1058826
1063103
1064451
1066878
1067131
1067863
1071032
1078605
1085992
1090463
1096766
1106348
1106512
1107836
1109874
1121137
1155422
1157303
1169908
1170319
1174792
1180032
1180476
1181279
1181387
1183237
1188127
1195348
1198151
1200982
1204460
