100128
100219
101105
101165
101205
101392
101749
101763
101816
102086
102116
102120
102136
102168
103240
103286
104345
104518
105377
105649
105919
106150
106351
106904
107400
107591
107936
108063
108163
108228
108526
108765
109051
109302
109363
109634
109730
109765
109978
110196
110349
110552
110592
110899
110961
111432
111668
111737
111931
112013
112041
112044
112161
112498
112511
112979
113297
113595
113699
114176
114342
114363
114474
114539
114666
114771
114886
114995
115068
115438
115588
115880
116485
117321
117387
117850
118554
119110
119510
120461
120768
121029
121128
121147
121222
121408
121590
121607
121672
121691
121729
121730
122243
122503
122824
122976
123499
123777
123949
124471
124681
124913
124985
125579
126035
126059
126231
127014
127104
127136
127523
127536
128265
128359
129345
129390
129525
129962
130053
130366
130571
131208
131256
131325
131494
131514
131516
131554
131823
131862
132046
132082
132253
132260
132519
132690
132936
132966
133022
133892
134440
134483
134527
134691
135414
135531
135716
136045
136375
136688
136805
137060
137090
137251
137260
137806
137845
138058
138325
138395
139038
139113
139446
139602
140121
140183
140231
140480
140714
140911
140919
141004
141196
141311
141312
141592
141636
141642
141681
141815
142018
142030
142122
142418
143182
143234
144009
144032
144626
144834
145215
145467
145566
145592
145875
146208
147066
147071
147432
147896
148445
148603
149020
149579
149886
150043
150865
151015
151260
151409
151565
151645
152897
153003
153009
153291
153850
153949
153963
153970
154084
154132
154214
154248
154647
154862
154953
154982
155211
155710
155879
156268
156366
156634
156974
157172
157267
158032
158184
158304
158369
158554
158671
158939
159071
159219
159554
159880
160010
160952
160992
161401
161742
161861
162055
162567
162826
163124
163620
163641
164110
164198
165058
165076
165105
165693
166250
166603
167298
167351
168584
169206
169242
169564
170167
170280
170293
170515
170782
170884
171002
171039
171287
171396
171799
172277
172560
172631
173968
174296
174578
174604
174617
174811
175621
176267
176750
177933
178285
178315
178813
178829
179792
180008
180085
180207
180215
180230
181027
181085
181387
181607
181686
181700
181726
181758
181867
182535
182794
183500
183978
184045
184731
184791
184841
185724
185798
185934
186240
186292
186974
187589
187830
188040
188528
188537
188579
188747
188766
189014
189419
189632
189637
189720
189769
189929
190040
190384
190490
191307
191455
191463
191561
191930
192058
192277
192516
192624
192763
193056
193191
193223
193278
193333
193469
193677
194407
194411
194430
194561
195105
196163
196232
196389
196465
196749
197394
198525
198548
198923
199094
199576
199673
199929
199984
200564
200853
200887
201396
201410
201553
202023
202124
202222
202371
202535
202591
203468
203487
203707
204013
204029
204046
204068
204400
204804
204886
204947
205166
205654
205668
205683
205702
206040
206123
206426
207166
208010
208404
208423
208598
208629
208744
208804
208815
208838
209514
209850
209988
210460
211149
211606
211647
212031
212771
212891
213730
213803
214517
214775
215168
215351
215782
215849
216089
216584
216606
216705
217160
217287
217323
217615
217726
217932
218865
219147
219356
220274
220401
221102
221595
221708
222000
222416
222847
223033
223161
223293
223641
223906
224522
224585
225015
225166
225183
225324
225688
225819
226026
226056
226924
227837
228856
229076
229711
230094
230440
231331
231729
231859
232016
232805
233072
233135
233534
235952
235979
236091
236423
236533
237038
237374
237582
238423
238827
238828
238857
238881
238925
239075
239186
239503
240151
240268
240562
241388
241604
241632
241673
241897
241956
242000
242062
242618
242868
242971
243283
243592
243783
244198
244550
245440
247304
247730
247735
247754
247851
248072
248194
248295
248530
248676
249680
249926
250153
250163
250232
250397
251002
251287
251307
251425
251477
251765
251957
252287
252324
252444
252901
253171
253172
253208
253598
254338
254815
254833
255765
256962
256993
257026
257552
257995
258020
258366
258523
258658
259190
259381
259866
259945
260131
260237
260808
261185
261223
261264
261384
261464
261715
261727
262086
262270
262604
262919
263921
264012
264552
264679
264917
265084
265428
265485
265630
265921
265981
266150
266265
266458
267234
267956
268359
268782
268854
268916
269330
269417
269732
270220
270237
270310
270808
271265
272307
272378
272583
272651
273537
273694
274132
274199
274377
274742
274836
274856
275684
275829
276046
276112
276878
276951
277922
277989
278239
280400
280508
280693
280868
281142
281256
281274
281279
281283
281584
281890
282632
283027
283194
283918
284219
284816
285365
285609
285803
285828
285995
286035
286170
286321
286387
286429
286799
286890
287042
287131
287308
287468
287608
287730
287754
287867
288039
288119
288213
288466
288714
288754
288795
289065
289106
289246
289822
289839
290045
290503
290616
291180
291293
291344
291499
291605
291752
291899
292347
292856
292873
293305
293451
294115
294333
294495
294838
295041
295084
295086
295189
296286
296294
296603
296604
296815
297113
297139
297341
297354
297420
297718
298041
298245
298424
298450
298451
298548
299083
299373
299397
299637
300136
300175
300218
301157
301512
301967
302086
302709
302965
302998
303160
303422
303450
303546
303718
303934
304026
304298
304391
304445
304487
304554
304712
304780
305003
305270
305370
305507
305678
306030
306257
306607
306731
306911
307158
307173
307210
307536
307699
307719
307966
308169
308273
308992
309021
309153
309563
309792
309947
309991
310030
310155
310313
310380
310668
310920
311282
311654
312029
312163
312509
312856
312870
313387
313439
313509
313887
313942
314138
314652
314666
315416
315508
315579
315727
315762
316209
316368
316391
316884
316959
317586
317644
317812
318075
318322
318354
318587
318677
318886
319122
319461
319824
320151
321172
321965
322061
322085
322278
322486
322520
322537
322670
323034
323257
323729
323920
323926
324104
324205
325127
325151
325265
325302
325309
325354
325446
325831
326070
326112
326190
326292
326485
326750
327189
327351
327554
327997
328019
328086
328183
328876
329014
329685
330312
330991
331165
331420
331511
331551
332078
332418
332432
332943
333067
333423
333472
333530
333674
333857
333924
334544
334634
334775
335083
335097
335224
335363
335918
336514
336921
337054
337309
337406
338042
338619
339119
339445
339505
339606
339885
340253
340260
340311
340329
341023
341101
341501
341582
342524
343312
343385
344469
344630
344704
345467
345616
345887
346164
346950
347187
347476
347715
348104
348361
348380
348809
348948
350390
350732
350767
350768
350800
350965
351040
351253
351613
351686
351752
352108
352928
353299
353313
353681
353744
354216
354659
355661
355942
356721
358497
359158
359909
360303
360562
360750
361019
361022
361024
361488
362260
362310
362743
362768
362806
363564
363692
364367
364804
364895
365006
365989
366052
366096
366241
366422
366919
366974
366994
367948
368138
368210
368456
368495
368517
368624
369769
370111
370392
371498
371519
371690
371866
373230
373863
373869
374158
374383
374454
374485
374511
374604
375108
375230
375519
375618
376147
376431
376596
376613
377483
378962
379021
379221
379359
379365
380236
380551
381033
381273
381294
381377
381585
381774
381808
382117
382314
382891
382944
383043
383172
383508
383585
383619
383805
383912
383930
384386
384876
384940
385630
385979
387123
387532
387660
387830
388275
388999
389186
389628
390199
390469
391928
392504
392566
392932
393314
394148
394741
396004
396106
396326
396392
396554
397622
398224
398960
399542
399682
399755
400126
400253
400788
401036
401053
401082
401413
402221
402635
403184
403388
403598
403729
403759
403828
404019
404281
404628
404757
405439
405700
405997
406447
406484
407270
407276
407307
407347
407955
408175
408196
408547
408811
409846
410111
410806
411901
412247
412468
412949
413192
413796
413973
414662
414692
415780
415887
415901
416219
416555
416684
416959
417954
418074
418129
419033
419062
419307
419470
419983
420016
420529
420839
420968
421214
421800
422778
422933
423574
423878
424321
424345
424865
425210
425522
426430
426964
427062
427408
428651
428793
429527
429534
429748
429826
430159
430319
430438
430802
430886
431120
431359
432300
432312
432995
433003
433174
433987
434342
434481
434667
434798
435521
435684
436386
436587
436617
437007
437409
437625
438114
438686
438712
439081
439171
439252
439910
439953
440578
440622
440924
441047
442103
442178
442216
442250
442392
443011
443105
443377
443524
443706
443971
444161
444640
444803
444898
445370
445481
445612
445614
445678
446002
446391
446830
446878
447321
448108
448486
448585
448590
448779
448833
448886
449038
449358
449488
449596
449803
449890
449919
449925
449942
450524
450548
450648
451279
451487
451658
451669
452286
452650
453193
453256
453834
454197
454468
454538
454692
454907
455312
455319
455334
456219
456685
457077
457599
458921
459432
460228
460550
460711
460839
460884
461078
461322
461611
461875
462048
462636
462697
463488
463550
463903
464243
464482
464519
464558
464662
464835
464842
465110
465370
466057
466568
467169
467667
467716
467949
468467
468745
468791
468837
469049
469167
469830
470042
470403
470752
470967
471376
471412
471672
471775
472435
472493
472669
472871
472947
473077
474006
474027
474073
474598
474673
475078
475440
475454
476164
476259
476702
477097
477193
477413
477520
477565
477616
477648
477808
478065
478306
478530
478604
478780
478898
479114
479246
479553
479921
480033
480218
480307
480899
481388
481424
481537
482021
482313
482352
482628
482649
482729
482827
483100
483369
483402
483550
484604
484669
484879
484910
485421
486173
486237
486268
486427
486524
486727
487104
487374
487513
488496
488580
488638
489485
489993
490090
490375
490381
490454
490737
490898
491120
491154
491304
491744
491884
492488
492536
492720
493029
493553
494444
495047
495076
495082
495136
495409
496456
496563
496856
497169
497232
497326
497772
497798
498489
498661
499303
499476
499532
499566
499840
500586
500619
500694
500915
501191
501514
501635
502013
502104
502111
502397
502470
502556
502923
502970
502974
503081
503474
503769
504200
504540
504769
504949
505184
505510
505787
505859
506382
506585
506632
507835
507869
507911
509007
509138
509386
509394
509539
509785
510065
510208
510587
510627
510669
510886
511109
511179
511360
511757
512147
512170
512340
512886
513268
514471
514478
514913
515009
515047
515406
515602
515778
516115
516505
516711
517157
517175
517196
517413
517461
517820
517856
517916
518130
518488
518714
518800
518892
518902
518911
519137
519261
519304
519327
519454
519469
519950
520071
520616
520840
521837
523242
523327
523356
523515
523687
523822
524117
524207
524408
524542
524648
525897
526049
526326
526400
526488
527664
527838
527983
528008
528153
528271
528757
528821
528848
529296
529602
529620
529783
529805
529874
530055
530118
530688
530862
530944
531398
532334
532387
532504
533108
533921
534063
534268
534299
534523
535243
535413
535895
536146
536398
536669
536696
537105
537236
537872
538286
538928
538955
539054
539130
539188
539446
539488
539572
539813
539857
539879
539966
540071
540247
540268
540428
540788
540798
541758
542281
542534
543196
543400
543699
543895
544077
544399
545672
545944
546453
546628
546634
546750
546904
546986
547017
547328
547386
548624
548967
549247
549392
549728
550227
550387
550509
550676
550874
550893
551098
551179
551540
552027
552046
552282
552485
552715
552778
552824
552903
552972
553151
553463
553662
554521
555398
555714
555753
555793
555806
556024
556062
556969
557270
557636
558182
558641
558940
559419
559504
559549
560139
560291
560380
560614
560724
561007
561280
561615
561724
561860
562198
562434
562758
563064
563386
563837
563904
564753
565117
565366
565584
566211
566225
566430
567206
567447
567455
567466
567581
567649
568132
568646
568735
568859
569032
569279
569472
569977
570060
570299
570458
570477
570702
571913
572636
572651
572850
573561
574048
574109
574409
574518
574604
574634
574649
574855
574979
575287
575459
576239
576380
576981
578038
578455
578577
578902
578978
579124
579132
579165
579353
580125
580384
580695
581042
581633
582160
582735
582952
583156
584045
584126
584167
584495
585548
586653
587560
587703
588165
588437
588699
589066
589121
589209
589322
589811
590358
590630
590913
591620
591897
592027
592510
592647
593382
593390
593459
594063
594114
594535
594866
595026
595081
595321
596052
596217
596228
596510
596760
597001
597071
597314
598167
598439
598957
599279
599639
599812
600143
600263
600607
600710
600773
600873
601110
601306
601588
602097
602580
602649
602814
602830
602861
603130
604098
604947
605006
605008
605153
605261
606446
606450
606879
607089
607590
607784
608425
608982
609104
609205
609414
610081
610196
610249
610365
611456
612082
612288
612851
613224
614493
614578
614630
614909
615217
615570
615774
616081
616225
616565
616767
616783
616827
616924
618374
618409
618866
619193
619437
620005
621246
621358
621583
621645
621843
622027
622092
622174
622481
622532
622586
622616
623335
623370
623440
624106
624471
624879
625152
625462
625483
625637
625648
625753
625944
626152
626293
626547
628458
631244
631252
632926
633476
634282
639907
645122
645215
647988
648052
650179
651647
651715
657916
658355
658489
659088
660318
661750
662972
663848
664887
674245
674326
675569
681500
681566
684296
684948
685619
687719
696047
697228
697825
698889
699157
699477
700863
703617
703679
704043
704816
704970
707716
711308
711341
711515
711978
715147
716607
717621
717686
719452
719763
721582
721848
722402
724230
725674
728050
729727
730419
730652
731462
732666
733800
734723
737667
738412
738717
739371
740042
740276
741223
741468
741484
741648
742006
742338
742518
743629
745508
747446
747609
748021
748294
748770
748914
749038
749414
749466
749773
750392
751190
751640
752568
752586
753456
754685
755143
755506
756073
756204
756399
756591
756605
756804
756895
757044
757332
757740
757850
758123
758197
759248
759495
759858
760240
760572
761035
761107
761277
761471
762147
762412
762727
763690
764009
764487
765409
765948
766037
767252
767723
768034
769631
770127
770747
770844
771596
772615
773826
775182
775570
776007
777581
778698
778982
779242
779784
780709
782003
782321
783477
784522
784734
786534
787727
788080
789245
789362
793296
793957
794611
794721
794818
794841
794869
795122
795567
796107
797618
797767
798464
798831
798930
799107
799315
801007
802670
803745
804391
804991
805459
807149
808422
808622
808804
808909
810796
814142
814206
815181
815756
817038
818643
819570
820251
820747
822265
822437
822613
822868
824931
825168
825311
827281
827344
827712
827754
828186
828469
830201
830560
830622
832102
832234
832718
833102
834134
834953
835819
836821
837799
837831
838066
839662
839968
840790
841132
841816
842170
842240
842314
842941
842962
844047
844269
844575
846545
846937
847660
849181
849812
849882
852354
852509
860385
863109
863202
863464
863705
863786
864992
865852
866016
866022
866133
866495
866605
866805
867283
867719
867960
868000
868289
868830
869471
869611
869888
870253
870293
870316
870318
870706
871314
871508
872014
873625
873712
874064
874128
874591
875212
875352
875487
875691
876406
876615
876788
877227
877676
878172
878894
879068
879335
879388
879452
879602
880018
880558
880754
881061
881389
881662
882841
883223
883606
884176
884245
884542
884749
885182
885525
885686
886876
886924
888336
888861
888976
889768
889816
890276
890351
890518
890821
890900
891560
892082
892083
892098
892510
892554
892616
892846
893132
893310
894647
894695
895975
896260
896272
896485
897112
897154
897326
898398
898484
898779
899049
899152
899330
899574
899788
899914
899949
900394
900685
900716
901254
901326
901480
901588
901879
901984
902293
902337
902470
902624
902855
903051
903197
903623
904975
905482
906775
907465
908504
908659
909107
909180
910897
911071
911475
911665
911734
911887
912180
912374
913363
913577
913872
913899
913998
914352
915090
915181
915275
915453
915580
915947
916106
916245
916428
916838
917021
917773
917858
918099
918537
918855
919731
919778
919805
920128
920333
922085
922122
922214
922618
923019
923740
923982
924231
924491
924671
926125
926266
926371
926491
927249
927319
928931
930235
930297
930308
931146
931432
932372
932389
932438
934392
937009
938561
939408
941542
942645
942717
943369
945563
946254
947030
947390
948279
948337
950699
950781
952954
953088
953213
954028
954226
954244
954307
955102
955120
956000
956307
956320
956518
956935
957568
958064
958708
959196
961444
962029
963615
963737
964075
964386
964437
964636
964919
964983
965246
965400
966129
966445
967024
967612
969008
969099
969958
969993
970021
970438
971477
971686
971894
972883
973080
973759
974191
974536
975853
976041
976575
977943
978950
979729
979782
980613
981616
982947
983577
984204
984988
985441
985590
986878
987415
987788
987792
988004
988587
988692
988914
988923
988971
990538
990570
992235
992452
992477
993325
993844
994004
994453
994922
995076
995709
996278
996363
996421
996790
997085
998545
998627
999021
999452
999584
999660
1000572
1001471
1001604
1003499
1003984
1004718
1005523
1005776
1007010
1007535
1007975
1008376
1008413
1008562
1009010
1009078
1009400
1009619
1009734
1010419
1010948
1011163
1011201
1012296
1013224
1013457
1013730
1014033
1014587
1014685
1014944
1015022
1015341
1015959
1016615
1016700
1017395
1017461
1017619
1017704
1018363
1018394
1019603
1020231
1020711
1021696
1023595
1025269
1026225
1026479
1026496
1027170
1027704
1027715
1028470
1028636
1029030
1029318
1029446
1029970
1030038
1030087
1030391
1030527
1030739
1030863
1030936
1030971
1031280
1031560
1032314
1033454
1033497
1033542
1034014
1034508
1034783
1035023
1036212
1036452
1036736
1036807
1036935
1039249
1039354
1039536
1039714
1040091
1041531
1041708
1043027
1043765
1044582
1044945
1045083
1046145
1046422
1046826
1046906
1047109
1047955
1048011
1048263
1048305
1048536
1048849
1049197
1049675
1050603
1051341
1051452
1051587
1052000
1052838
1053473
1053562
1054188
1054205
1054244
1054709
1054887
1055071
1055101
1055221
1055722
1057085
1057307
1057343
1057456
1057511
1057667
1058036
1058415
1058591
1058945
1059225
1059954
1060124
1060176
1060608
1061785
1061789
1062447
1063143
1063785
1064110
1064594
1065616
1066512
1067295
1070069
1070513
1071138
1072390
1072434
1073228
1074445
1074900
1075153
1075341
1075356
1077570
1077708
1080578
1080761
1081425
1081723
1082751
1083441
1083534
1085057
1085158
1086500
1086963
1087105
1088671
1089040
1089618
1089901
1089932
1090194
1091025
1091502
1091958
1092210
1092704
1093004
1096332
1097181
1099037
1099079
1099203
1101120
1103098
1104105
1104776
1105854
1106643
1106792
1107968
1109853
1110027
