100715
100882
101652
104311
106442
106845
107536
107724
110569
111800
114078
117978
137637
143739
146149
148673
149358
154529
156003
156305
161827
168949
172457
172822
173576
179122
179210
180580
200628
200739
217456
220201
221606
234535
235302
242637
249736
253914
262502
269795
275145
282961
283553
286184
287925
302588
303182
304895
306568
309149
309554
310821
313330
314494
318114
318998
319952
320828
327491
331746
332928
334092
335616
339697
347996
348456
349385
350405
351599
355592
355952
356107
359683
361328
361353
366154
367316
373317
388248
391490
392865
393298
405113
406490
408070
408695
418232
418716
419573
427662
431374
436727
438369
439351
440211
441471
445219
450717
456150
462236
470524
480079
481113
481450
484956
485828
486113
495380
496594
496602
507119
507552
510326
512350
512805
513037
515936
523421
525441
526524
529710
536854
537265
541950
547295
555882
555991
556676
558271
564353
565670
574776
577041
581927
584815
588525
589169
593864
598769
599293
599353
606704
606928
609387
610554
611006
612644
618413
623846
626955
650011
652084
684803
696577
716465
733453
734827
756427
758819
760633
765420
765773
767398
772088
774114
792719
796188
813707
818420
820317
832733
845000
849340
866455
881860
884273
893725
904638
909387
912110
937404
947757
956686
956992
962765
969405
970623
971139
975696
979326
988747
998975
1009063
1012523
1019325
1022103
1022598
1022699
1029623
1030083
1044697
1064451
1066878
1071032
1072656
1075171
1085992
1089611
1106348
1107835
1109874
1111386
1113184
1121044
1155422
1165785
1174792
1181387
1188868
1214796
1216823
1221526
1225140
1225191
1233480
