101749
105649
108228
115022
115334
120086
121796
124755
130464
132253
145215
145478
145592
147391
149886
151260
160378
163869
167976
168956
173528
176404
176750
188482
188588
191747
193191
198355
202591
207998
209988
215849
219957
222204
222546
226924
227628
228458
231629
231687
242928
247851
248336
250176
250963
251374
254903
257373
258533
259132
261750
262442
262728
265244
273864
274953
285334
286228
286963
290854
291744
299397
301967
302709
303169
303696
309886
312856
313531
314138
314636
317586
327874
328351
336873
339675
342654
343202
344106
350390
352108
355812
359007
364206
365367
368456
373929
377242
382117
384624
390199
397289
403177
406750
416657
416890
416959
421033
423518
430391
437974
438454
440514
446535
447692
448590
450548
450623
451082
453834
454794
456150
457077
458921
465771
465877
468493
478530
481954
482512
482827
490737
491395
500652
501835
502556
502622
503579
506019
514476
516806
522876
524222
534447
535838
538133
539446
541689
544281
545865
545914
557579
561468
565526
566531
571211
571753
574109
574409
574696
580829
590436
594535
598262
599725
600365
600407
600652
601640
607833
615725
621358
623370
625483
675569
686116
686919
705461
711253
711515
717621
747446
756427
764005
768326
771232
814129
819859
820248
833102
835363
837378
840115
849076
863705
864534
868830
876768
881579
895023
897112
898398
899949
901011
906775
907616
907996
909658
921598
923982
949568
953133
954109
965178
965780
967128
969405
972938
981371
985441
985590
989745
998827
1004644
1005793
1021208
1025779
1029987
1031992
1034531
1035622
1039029
1042285
1046200
1051361
1055920
1056600
1063883
1088150
1095220
1115729
1121044
1124305
1158916
1160216
1160568
1163901
1168652
1170504
1172049
1177312
1177724
1196398
1197850
1199522
1215832
1225265
1240896
