105843
111209
112511
116257
121730
124464
124558
131406
132014
132722
135030
146201
152033
168850
173319
175030
175222
179452
186832
192911
193677
200739
201118
201396
205463
216732
227452
238881
242569
249024
253734
254153
255262
266879
272307
275928
288098
298245
298548
302871
306906
318075
318927
323165
325191
331420
339524
343860
344415
350498
357309
358199
366154
369391
385880
387635
393967
398935
428816
436333
443015
461439
465462
473727
477616
479246
479256
483545
486113
504114
514478
517175
521549
538928
539813
543563
543676
545570
554521
554567
566577
571913
583606
585524
585525
592916
606450
665395
707702
717186
742430
756582
770844
790376
811153
836821
868750
882335
883978
924203
932023
950022
957354
962012
965326
982129
1028216
1063103
1069690
1084769
1152325
1161524
1166682
