100497
100784
101105
102120
102917
103438
103662
104345
104424
104626
105047
105524
105649
106717
108163
108228
108875
109302
109767
110670
110899
111432
111958
111996
112041
112401
112455
112717
113725
114666
114989
114995
115438
117321
117759
118109
118242
118554
119510
120461
121408
121440
121729
121730
121796
122130
122384
122900
123434
123517
123777
123949
124397
124464
124681
124784
125213
125615
125911
126367
126864
126875
126975
127111
127739
128150
128289
128593
128659
128737
129105
129129
129390
129525
131015
131208
131461
131834
132014
132249
132262
132622
132640
133022
133162
133760
133892
134116
134390
134473
134527
134917
135474
135889
136699
136996
137810
137870
138169
138312
138810
139002
139038
139966
140093
140231
140439
140480
140578
141377
141778
142122
142418
143826
144626
145271
145467
145566
146476
146540
146600
147376
147513
147896
148601
148870
149249
149318
149356
150337
150817
151873
151893
152484
152520
152797
152806
152992
153850
153900
153949
154184
154647
154982
155855
157310
158639
158678
159082
160867
160870
161010
161156
161748
163293
163840
163875
163968
164308
164525
164949
165165
165402
165882
166316
166603
167823
168584
168960
168983
169564
170035
170884
171090
171795
171799
172277
172599
173319
173433
173528
174525
174617
174648
175183
175498
176262
176713
176750
176911
177919
177933
178499
179113
180008
180207
180493
181027
181639
181642
181964
183500
183762
183912
184070
184277
184464
184558
184841
185156
185183
185610
185798
186974
187048
187915
188032
188564
188597
188997
189419
189637
190062
190629
191307
191455
192455
192516
192624
193056
193677
194411
194891
195105
195197
196232
196976
197394
197421
197571
197678
198355
198410
198566
198697
199036
199194
199656
199673
200107
200366
200391
201024
201127
201410
201438
201868
202124
202227
202371
202507
203325
203366
204013
204037
204804
205515
205683
206077
206960
207233
207287
207585
208423
208708
208744
208883
209598
209608
209734
209794
209988
211606
211900
213554
213730
214066
214446
215849
216241
217160
217476
218521
219147
220247
222650
223318
224098
224478
224522
225148
226183
226924
226985
227628
227723
228634
228704
228918
229711
232785
233415
235462
236773
236843
237181
237536
237909
238112
239503
239687
239730
240151
240562
241230
241673
241974
242000
242027
243783
244198
245076
245547
247172
247704
247735
249855
249865
250022
250176
250342
250397
251002
251114
251477
252075
252901
253255
253730
256229
256962
257700
257974
258187
258299
258366
258382
259627
259766
260019
260419
261092
261185
262086
262442
262728
263913
264205
264687
264688
265244
265391
266150
266879
267277
269187
269603
269666
269882
269982
270754
270927
270998
271035
272128
272307
273694
274953
275357
275398
275433
276193
276857
277677
278593
278702
278763
279600
281256
281705
281971
281988
282261
283278
283351
283819
284023
285306
285463
285626
285995
286173
286890
287131
287308
288225
288466
288562
289707
291218
291297
291453
291564
291752
291806
291899
292856
292888
293020
293451
293851
293965
293992
294969
295003
295084
295124
296427
296725
297113
298245
298368
298548
298742
299523
300175
300349
300625
300649
300920
301402
302269
302619
303403
303808
305006
305264
305678
306042
307039
307536
307895
307966
308525
308584
308936
308998
309153
309563
309792
309947
310155
312601
312825
313286
313839
314138
316042
316309
317424
317870
318322
319179
319461
320242
321135
321318
321348
321891
322061
322207
322520
322670
323051
323778
323949
324385
325208
325265
325354
325622
326153
326180
326311
326485
327138
327702
329057
330083
330205
330312
331420
332099
332255
332348
332432
332610
332635
333924
334058
334431
334815
335041
335486
337009
338288
338405
338543
339180
339428
339931
340253
340311
341101
341173
341993
342699
343385
343449
343805
344061
344702
345369
346406
346415
346950
347476
347516
347752
347942
348380
348948
348997
349256
350143
350390
350732
350820
350842
351612
351613
351712
351920
352108
352255
352527
352815
352993
353037
353644
353672
355203
355520
355838
355942
356448
357620
357820
358021
358497
359007
359077
359561
359766
359909
359912
360222
360867
361384
361683
362768
362894
363368
364367
364850
365174
365900
365989
366567
366974
367391
367523
368030
368495
369769
369956
370630
371498
371519
372038
372779
373078
373279
373747
375108
375544
376934
378362
378698
379359
379890
380131
380150
380333
380689
380881
381252
381585
381668
381774
383035
383043
383464
384485
384545
385192
385264
385271
386610
387239
387532
387862
388132
388716
388739
388979
388999
389853
390199
390726
390756
392099
392669
392932
393462
394135
394148
394626
394811
396326
396962
397953
398225
400264
400395
400735
400788
402221
402443
402831
403598
403765
403914
403959
404264
404654
405533
406989
407307
407912
408096
409126
409376
409846
410425
411215
411304
412127
412387
412414
412977
413192
413547
413867
414069
414076
414096
414193
414417
415088
415262
415969
416163
416331
416657
416890
416984
417444
418585
418770
418780
419469
420879
420968
422197
422261
423486
424534
424865
425005
425472
425686
425951
426511
426673
427062
428202
428462
428651
428661
428760
429092
429530
429537
429748
429924
430018
430553
430606
430778
431431
431913
432669
432995
433003
433793
434234
435519
435521
435733
435841
437011
437016
437689
437913
438114
438169
440514
440622
440971
441377
441739
443006
445147
446865
446979
447321
447576
448392
448590
448779
450524
450648
450695
451036
451639
452545
453256
453529
453725
454007
454059
454083
454219
455342
455425
455572
456219
456892
457077
457493
457820
458268
458549
459070
459248
459405
460523
460884
462697
462891
464086
464842
464909
465110
465308
465370
466084
466214
466937
467022
468355
468396
468426
468467
468661
468745
469049
469254
469387
470065
470636
470967
471775
472435
472871
472947
473212
473475
473831
474401
474431
475848
475859
476199
476436
476509
476702
476721
477413
477616
477692
477935
477997
478326
478556
478604
479753
480136
480373
480481
480524
480899
481067
481094
481341
481424
482021
482313
482352
482562
483143
483284
484507
485071
485548
485611
485826
485938
487746
488823
490343
491803
491884
492119
492413
493696
493984
495047
495049
496456
496929
497223
498303
498613
498824
499303
499532
499712
499919
500586
500694
500929
501066
501790
502348
502556
502923
503075
503126
503254
504682
505338
505468
505518
506129
506206
506392
506588
507358
507478
507835
507921
508330
509851
510303
510627
510669
510973
511024
511129
511225
511757
512147
512400
512483
513469
515788
516100
516197
516505
517175
517443
518337
518655
518902
519068
519593
520978
521220
521237
522628
523147
523303
523346
523356
523515
523602
523732
523822
524222
524485
524542
524910
525118
525166
525365
525438
525481
525897
527200
527838
527840
528008
528271
528757
531053
531398
531416
532233
532387
532781
533074
534156
534267
534548
535047
535159
535413
535916
536074
536398
536487
536911
537131
537134
537503
538286
538619
539324
539583
539741
539813
540247
540369
540798
542068
542075
542288
542397
542971
543323
543354
543563
545590
545605
545869
545944
546314
546634
546750
549038
549091
549238
549498
550268
550387
550578
550893
551013
551420
551987
552027
552282
553151
553662
554132
555398
555806
555962
556050
556927
557472
557487
557620
557959
558424
558934
559452
559504
559713
560173
560324
561252
562015
562434
562656
562698
562852
563386
563600
563641
563868
565175
565366
566035
566090
566577
567455
567637
567787
568591
568774
568859
570365
571020
571874
571913
572636
573259
574409
574438
574626
574634
574649
575287
575459
576166
576233
576380
576981
577029
577104
578038
578253
578301
578902
579353
580773
583879
584082
584174
585369
586677
586678
587575
587965
588551
588666
589033
589952
590255
590913
591465
591704
592446
592510
593091
593596
594063
594142
595037
595341
596052
596217
596413
597180
597332
597464
598156
598391
598811
599480
599670
600388
600607
601900
602122
602293
602709
602861
603395
604451
604530
604591
604650
604772
604947
605153
605319
606446
606490
607089
607223
607393
607833
608228
609205
609257
610511
612528
613804
614670
614909
615217
615243
615774
616278
616827
616924
617558
618347
619437
621200
621627
621681
621858
622143
622174
622456
623127
624990
625131
626176
626274
626343
628778
631244
633077
633114
634000
634282
639332
640694
642745
643227
643684
649774
650921
655970
657607
657916
658355
661747
664262
666723
667459
668724
673242
674222
677388
677551
679482
681466
684785
685988
688197
695149
697228
704043
704752
711978
713404
716095
717621
719194
721582
723407
723421
723771
727418
730072
730202
732484
733680
733800
734723
735292
735627
739109
741223
741297
741466
741648
743017
745144
747719
748021
749414
751146
752568
752960
753150
753583
755674
756204
756856
756866
757850
758594
758619
759495
759507
762412
765800
766225
766771
768034
769479
772616
773026
773826
777046
777457
777614
778698
779242
779524
779784
780709
783906
788680
794248
794675
794690
794978
795086
795191
796552
796862
797398
805293
806452
806597
806888
808622
808909
811620
815181
815755
817245
817581
817595
817773
818839
819320
819522
819872
820012
820248
821526
822265
824022
824942
825189
825613
826083
827072
827281
827818
828186
828469
829768
830201
832102
832721
834134
834629
835149
835606
835609
836564
836821
838190
838600
839184
839453
840088
843255
844279
845238
849181
849398
849812
852354
863494
863990
864345
864748
864992
865871
866059
866574
867553
867719
867960
868830
869065
869371
869439
869913
870283
872009
872139
873625
875691
876768
880605
880923
881389
882861
882864
883208
883861
884245
884542
884582
886521
887504
887561
887828
888075
889255
889627
890399
891537
891618
891862
892554
893132
894130
894641
895668
896260
898768
899601
899788
899949
900753
901879
902696
903386
903406
904073
904204
904661
905016
905482
905773
908561
911352
911475
912129
913577
913872
913899
915275
915729
915947
916885
918099
918133
918439
918553
919514
920439
922164
922589
923982
924215
926450
926491
927249
927343
929267
929968
930235
930308
930679
931403
931963
932438
932953
935159
937357
940303
948956
949136
949334
949466
949779
950091
950274
950715
950817
951317
951497
952756
954512
955120
955150
956341
956465
957813
958064
958301
958337
961444
963214
963615
963627
964774
964915
965246
965857
966233
967160
967296
970747
970796
971440
972260
972461
974145
975853
979366
979670
981740
982037
982772
984812
987415
987750
988673
988692
989353
989360
989745
990024
990145
991052
991528
992906
993432
993835
995860
998545
998627
999866
1000007
1000572
1001133
1002608
1006130
1006344
1006519
1007054
1007975
1008376
1008533
1008762
1008949
1009075
1009078
1010844
1011113
1013483
1014078
1014685
1015043
1016751
1017859
1018183
1020503
1022691
1023595
1023819
1027704
1027715
1028550
1028864
1029030
1030087
1030310
1030458
1030590
1031992
1032320
1034094
1034783
1036038
1036452
1037190
1038005
1038520
1039954
1040011
1041400
1041445
1042234
1042707
1043402
1043708
1044582
1045906
1046145
1046200
1046906
1047955
1051523
1051878
1052503
1053396
1053405
1053853
1054006
1054188
1054237
1054312
1054525
1055041
1055196
1055363
1055954
1056080
1056892
1057307
1058519
1058591
1059459
1059504
1059674
1060858
1062047
