100784
100977
101105
101749
101763
102136
103814
104626
104713
105047
105149
105351
105649
105919
106591
108063
108067
108101
108765
109363
109498
110297
110899
111906
111958
112041
112044
112979
113032
113566
113794
113797
113875
114760
114989
114995
115068
115588
117249
117755
118234
118554
119307
120461
121128
121470
121590
122824
122918
123777
123948
123949
124464
124784
125579
126059
126566
127960
128265
129525
130030
130640
130764
131148
131208
131348
131514
132260
132571
132622
134527
134585
134631
135309
135736
136097
136254
137163
137581
137806
137982
138395
138758
139038
139113
139363
140183
140555
140591
140784
140850
140911
141234
141377
141642
141887
142122
142659
142694
143116
145073
145215
146208
146540
146554
146574
147896
148360
148601
149020
149350
150043
150817
152995
153358
153656
153850
153900
153963
154248
154524
154544
154897
155710
155826
156268
156366
156370
156644
157267
157310
158032
159450
159554
159662
160378
161058
161415
162144
162567
162964
163315
164308
164330
164508
165402
166799
167356
168364
168584
169564
170884
171799
171803
172086
172679
172821
173018
174525
174537
175616
176911
177126
177933
178119
178786
179724
180223
180990
181027
181312
181935
183912
184045
184077
184389
184731
184838
185156
185265
185934
186748
187121
187930
188309
188551
188558
188629
189016
189043
189194
189328
189419
189637
190868
191909
192028
193056
193227
193360
193469
193943
194430
195024
195200
195621
195749
195864
196232
197201
197415
197591
197957
198410
199034
199054
199673
199769
199933
200047
200564
201608
201887
201984
202371
202475
203366
204013
204046
204764
204849
205683
205757
206426
206960
207233
207287
208010
208423
208804
209564
209988
211111
211388
211606
213511
213959
214775
215374
215849
215998
216127
216241
216492
216530
217160
218865
219353
219778
220364
220933
221900
223109
223641
224522
225819
225855
227452
227723
228704
228856
229452
229711
231331
231859
231865
232553
234661
235596
236748
236758
237181
237491
237582
238828
238857
239503
240151
240616
241230
241824
242000
242718
242913
243047
243279
244024
244101
244198
244550
245059
245076
245980
246550
247218
247624
247735
247754
247976
248141
249382
249865
250022
250204
250397
250481
251654
251965
252664
252901
252909
253466
253766
254153
254469
254661
255586
255686
256229
256395
257910
259627
260419
260525
261185
261264
261360
261384
263913
264832
265084
265487
265630
265981
266150
266716
267007
267607
268782
269567
269643
270370
270435
270927
271265
272068
272123
272301
272651
273644
273694
274199
274212
274467
274742
275053
275619
275684
276275
276600
276667
276878
277710
277744
278323
278763
278811
278869
278908
279313
280693
280792
280880
281205
281360
281956
281988
282261
282533
282775
282802
284560
285607
285803
285995
286035
286173
286215
286321
286372
287042
288098
288466
289065
289104
289106
289241
289307
289392
290045
291165
291553
291752
291899
292190
292885
293839
293943
293965
293992
294156
294762
294862
294969
295086
296815
297420
297467
297718
298450
298594
298742
299386
300145
302471
302709
303083
303309
303696
304012
305516
305678
306042
307039
307210
307536
308573
308900
308992
309563
309947
310155
310170
310313
310581
311654
312256
312821
312877
313439
313472
314234
314647
314978
315049
315186
315397
315579
315774
315897
316368
316591
317089
317870
318236
318300
318322
318678
319006
319839
320242
320316
320910
322061
322207
322520
323540
324104
324385
324605
324726
325354
325984
326190
326767
327861
328202
328876
329057
329461
329950
330312
331420
332635
332850
333472
333577
333899
334431
334634
335481
335544
335550
335685
336247
336275
336381
336564
336921
337386
337630
338085
339445
339505
339905
340149
340253
341173
341341
341894
342834
343202
343312
343449
344106
344884
346106
346289
346343
347161
347246
347476
347516
348255
348948
348997
349220
350143
350390
350719
350887
350965
351013
351455
351712
352108
352527
352980
352993
353509
353744
353820
354392
354659
355050
355520
355661
355831
355848
355892
356721
356945
358497
358869
359077
361024
361281
361488
361791
361859
362768
363733
363873
364367
365431
365900
366241
366567
366919
366986
367153
369654
369769
369932
370111
370216
370278
370690
371498
371690
371866
371928
372049
372811
374337
374468
374511
374847
375104
375108
375338
375519
376043
376300
376468
376596
376847
377365
377445
377607
377750
378412
379359
379466
379576
380236
380539
380689
381774
381808
381915
382117
382314
382985
382996
383912
384261
385169
385319
385901
386748
387239
387325
388392
388979
390051
390199
390756
390808
390982
391437
391557
392504
392833
392932
393314
393334
393462
393980
396036
396508
397131
397508
399352
399611
399983
400208
400722
401087
401190
401287
401482
402047
402148
403445
403598
404019
404122
404236
405072
405901
406056
406484
406989
407030
407141
407182
408382
408547
408934
410856
413192
413209
413791
413867
414104
414193
415088
415331
416219
416537
416959
417564
417862
418280
419033
419368
419470
419983
420415
420841
422118
423518
423842
424321
424597
424865
425686
427382
427464
427921
428148
428270
428418
428462
428547
428651
429092
429826
431265
434197
434234
434667
435684
435733
436016
436778
437421
437689
438718
439081
440604
441047
441739
441803
443377
444175
444403
444678
444954
445207
445481
445522
445614
446002
446209
446391
446535
446830
448108
448585
449703
450205
450524
450548
450623
450950
451545
451669
453207
453529
453671
453797
453834
453918
454059
454161
454219
455039
455312
455551
456040
456332
456538
457251
457287
457818
458098
458101
458280
458339
458549
458746
458921
459345
459451
460304
460697
462697
462727
463253
463488
463629
464217
464519
464605
464835
464842
464868
465370
465596
466493
466898
467225
468355
468396
468661
468745
468837
468865
469254
469365
470042
470752
471841
472019
472209
472871
472947
473077
473196
473698
473942
474269
474401
475157
475296
475420
475454
475637
476132
476702
477056
477413
477520
477935
477997
478112
478326
478484
478639
479114
479474
479753
479910
480366
480481
480802
482512
482895
483402
483533
483545
484135
484505
485384
485495
486075
486163
486237
486268
489055
490112
490492
490737
491256
492488
492536
492580
493029
493372
493937
493984
495325
495376
495929
496456
496894
496929
497651
497764
497772
498529
499532
499919
500694
501023
501115
501661
501913
502484
503081
503126
503202
504100
505338
505482
505602
506632
507197
507639
507835
508058
508067
508075
508467
509218
509835
510144
510622
510627
511024
511757
513774
513907
514067
514683
515047
515329
515368
515602
515638
515788
516407
516505
516797
516905
517083
517461
517640
517682
517784
517916
518075
518759
518800
518892
518902
519306
519320
519327
519452
519469
519885
520014
520059
520394
520491
520508
521291
521549
521598
521724
521885
522769
522815
523822
524220
524222
524910
526088
526488
526976
527200
527838
527840
528601
528700
528716
528718
528757
528821
528917
529296
529904
529923
530055
530944
533162
533646
534619
535413
535736
535916
536334
536398
536669
536722
537145
537170
537742
538133
539741
539813
540146
540157
540247
540798
541417
542513
543323
543430
543699
544090
544927
544950
545209
545590
545865
545910
545944
546031
546706
546904
547031
548063
548118
548180
548581
548690
549038
549049
549238
549339
549403
550155
550799
550893
551179
551540
552027
552703
552824
552972
553151
553957
554234
554633
555673
555793
555806
555942
556859
557011
557270
557537
557708
557871
558424
558639
558972
559009
560373
560901
561064
561282
561989
562434
562758
563386
563834
563837
563868
563889
564110
565546
565672
565955
566502
567280
567311
567321
567455
567649
568158
568735
568886
569912
569977
570060
570723
570925
572285
573956
574409
574537
574757
574941
575459
575732
576380
576867
576981
577925
578038
579893
580006
580256
580277
580773
580829
581812
582655
584126
584986
586977
587069
587093
587715
588268
588498
588604
589952
591423
591465
592001
592882
593447
594027
594063
594142
595081
595248
596052
596217
596228
596414
596619
598439
599466
600143
600388
600449
600539
600652
601588
602174
603130
603214
603301
603738
604625
604653
604772
605153
605286
606283
606446
607089
607168
607267
609085
609151
609205
609478
609958
610976
612288
613804
615263
615324
615570
616225
616565
616635
616790
616924
617111
617567
618012
618180
618391
618866
619193
619437
619463
620000
620005
620532
621006
621048
621200
622027
622174
622269
622433
622439
622586
622684
622782
623860
624033
624174
625131
625377
625483
625648
626070
626162
626163
626305
626409
634282
634638
638210
639570
640694
642745
654968
655781
657257
657959
659176
662972
664517
665373
668032
668785
671396
674222
674245
675318
675569
682321
683240
684785
685619
686919
689996
691936
693851
695988
697825
699324
700166
703617
704043
704970
708709
709021
711341
713391
714312
714679
714708
714833
716325
717262
717268
717552
717621
718379
719359
721421
721553
723771
724230
725052
725594
729727
731874
731930
732484
733175
734111
734117
734723
735561
738077
739109
739929
740042
741466
741709
742006
743412
744146
744459
744741
745144
749038
749645
750189
752568
752577
755363
756204
756621
756856
756895
758123
759476
759850
760240
760359
761018
762010
763212
763217
764487
764636
764703
765382
766639
767344
768575
769023
770475
771232
774498
775182
775671
776007
776247
777046
778698
779533
779630
779784
779989
780709
783477
785926
786084
787610
787614
789110
790625
793038
794248
794675
795799
797258
797398
798749
799798
801074
804528
804991
806597
807386
808622
808909
811954
816386
817038
818643
818839
819859
821662
822596
823514
826525
827095
827344
828509
830308
833216
834438
835606
836316
836821
837799
837831
838612
839184
839662
840115
842941
845961
847002
847660
847693
862785
864515
864748
865658
865852
866723
866805
867553
867699
869631
869865
870316
870976
871596
871701
874415
877676
880102
880558
880605
880760
881244
881500
881686
881754
881847
883193
884542
884749
885828
886050
886501
886524
887504
887646
888404
890276
890351
890643
891216
891971
892436
892502
892554
893080
893758
894695
895064
895668
896272
897112
897141
897154
897326
897914
898005
898413
899152
899167
899725
899788
899949
900910
901399
901421
904119
904661
904707
905968
906281
906775
907256
907710
908504
908561
908792
909425
909896
910575
910897
911353
911475
911614
911734
912284
912610
913872
913899
913998
915181
916116
916519
917049
917830
918198
918260
918416
920439
922200
922418
922618
922746
923888
923982
924231
924671
925817
926266
927411
927592
934392
934626
937357
937934
938188
938245
938584
939095
940391
941247
942083
942090
942579
943036
943612
943633
946483
946836
947705
948522
948847
949144
950022
950274
950781
952756
953473
953668
953681
953725
953767
954021
955120
955263
956307
956935
957354
957568
957813
958096
959199
959369
962012
962998
963523
963585
963615
964137
964485
964774
964983
965015
965172
965780
966062
968664
970021
970473
971007
971686
971894
971992
972011
972627
972710
972883
974536
975247
976097
978552
979705
979729
979928
980703
980736
981210
981371
982862
983244
984551
985441
985685
986779
988004
988587
988673
988675
988692
988914
989353
989394
989561
990118
990538
990650
991528
992541
994612
994968
995860
997649
998202
998429
998545
1000349
1000572
1001029
1001170
1001200
1001494
1001992
1002608
1006729
1007236
1007535
1007975
1008376
1008663
1009010
1009380
1010123
1011163
1013030
1013535
1014033
1014685
1014856
1014979
1015959
1016343
1019257
1019603
1019604
1020524
1020711
1022740
1023027
1024511
1025017
1025065
1025269
1025641
1025962
1026945
1027715
1028609
1029458
1030880
1031992
1032002
1033497
1034093
1034683
1034684
1035023
1035774
1036067
1036212
1036452
1037646
1037809
1039138
1039714
1040011
1040091
1040391
1040530
1042707
1043083
1043742
1044582
1045996
1046103
1046200
1047109
1048305
1048927
1049074
1049197
1052302
1052503
1054006
1054205
1054525
1054709
1054887
1057307
1058185
1058254
1058591
1058725
1059002
1059122
1063143
1063160
1063200
1065536
1066192
1066512
1066548
1067487
1068707
1069182
1069929
1070303
1070528
1072489
1073037
1073495
1074312
1074840
1078690
1080645
1083134
1083441
1086500
1087105
