100212
100351
101389
101392
102086
102917
104231
104749
105047
105126
106150
108228
108294
108680
109302
109572
109767
110417
110899
111342
112041
112235
112387
112511
112979
113036
113487
113725
114281
114449
114601
114666
114932
115438
115514
116517
117730
118234
118478
118675
120124
120286
120461
121128
121408
121590
121730
121796
122221
122824
122976
123050
123501
123517
123777
123801
124042
124464
125349
125485
125579
126059
126367
126662
126691
127960
128265
129318
129757
130015
130053
130188
130366
130555
130769
131208
131348
132054
132253
132260
132417
132722
133707
134285
134473
134483
134545
134631
136688
137163
137270
138058
138170
138543
138707
138754
138950
143182
143238
143382
143415
143725
144164
144171
144626
145215
145823
146201
146701
147079
147410
147896
148360
148931
149318
149423
149428
149797
149963
149980
150448
150817
151216
151645
152033
152462
152801
153731
154132
154214
154300
154570
154953
155231
156054
156096
156490
156644
156708
157047
157172
158639
159071
159399
159555
159748
160378
160806
160907
161206
161674
161915
162190
163332
163869
163934
163968
163984
164593
165005
165785
166603
167002
167209
167298
167409
168009
168956
169561
170131
170167
170729
170884
171090
171287
171393
171664
171711
171799
172756
173319
173416
173746
173876
174942
175673
176112
176123
176262
176379
176862
177126
177148
177796
177933
177965
179416
179727
180493
180522
181495
184660
184756
184791
184838
185566
185798
187156
187833
188374
188513
188558
188588
189419
189637
190458
191307
191909
192455
192950
193677
193943
194469
195260
196232
196577
197750
197778
198355
198548
198923
199984
200047
200525
200573
200862
200898
201188
201448
203225
204046
204400
204764
205470
205515
205866
205954
206111
207002
208423
209608
209659
210484
211109
211111
211458
212576
212581
214066
214303
214517
215060
215374
215849
216241
216570
218865
220407
222020
222968
223109
223220
223517
223739
224186
224478
225166
225688
227267
227628
227723
229076
229582
230410
230440
231351
232553
233415
235708
235783
235859
236154
236326
236595
237131
237374
238857
238881
240083
240151
240766
241230
241558
241974
242200
242201
242212
242913
244049
244198
244550
244673
245092
247304
247735
247792
248072
249024
249567
249740
250700
251002
251273
251365
251428
252505
254153
254203
254219
254316
254661
254815
254833
256962
257700
258038
259561
259630
259650
259705
259927
260244
261223
261226
261240
262442
262924
263706
263913
264567
264687
264938
265739
266648
266879
266884
267343
267956
269732
270435
271553
271915
272097
272307
272583
272651
273229
274132
274199
276839
277301
277744
278811
279311
279504
280156
280966
281377
281584
281646
281951
281956
281988
282393
283554
285144
285828
286054
287468
288098
288119
288466
289916
291165
291218
291344
292347
292885
294969
295143
295265
295458
296343
296815
297113
297431
298245
298368
298450
298548
299926
300380
301486
301872
302709
302715
302871
303213
303403
303422
303616
304421
304780
305678
305778
306731
306788
306906
307173
308273
308467
308525
308695
309127
309153
310170
310380
311351
312029
312256
312856
312870
312919
313084
313472
313887
314126
314138
314228
314356
314647
316042
316368
316859
317434
317590
318075
318300
318677
318895
318927
319122
319146
319461
319484
319870
320151
321909
322387
322520
322776
323051
323804
324062
324352
324441
325354
326483
327610
327766
327889
328201
328721
328952
329506
330084
331420
331511
332121
332850
332943
333036
333924
335224
335334
335918
336514
336968
337386
338762
339293
339428
340253
340311
340456
341582
341989
343754
344415
344630
344832
344970
345337
345624
346125
346406
346443
347220
347476
347981
348322
348948
349380
349536
350143
350498
350732
350965
351569
351602
351686
353299
353744
355838
356791
356828
356945
356977
358199
359007
359042
360297
360794
361281
361977
363093
363976
364367
364658
364672
364948
365613
365986
366033
366241
366561
367391
367477
367948
369206
369285
369302
369391
369484
369769
370593
371118
371498
371575
371613
372272
373616
374365
374522
375519
375587
376847
377445
377790
378092
378650
379379
380309
380881
381774
381808
382043
382117
383425
383508
383585
384261
384542
385630
387611
388275
388634
389285
389385
389425
389830
390039
391425
391758
392833
392932
393980
394073
396547
396655
397035
398410
398935
399087
399107
399468
399590
400253
401272
401963
402693
403759
405901
407237
407514
407610
407638
407808
407912
407955
409352
410175
410508
411571
412376
412666
412959
413148
413192
414076
414193
414758
415236
415967
416910
417411
418074
418451
418617
420571
421796
422151
423611
424458
424865
425424
425538
425686
425954
427096
427250
427783
428148
428720
428793
428816
429151
430159
430438
430802
430812
432640
432995
434197
435797
435869
436127
436333
436373
438114
441047
442178
443011
443171
444143
446166
446397
447204
448486
448590
448664
448779
449358
449488
449584
449890
449925
450950
451511
451669
451909
452331
452545
453193
453207
453338
453834
454161
454219
454672
454904
455319
455342
455425
456750
456790
456892
457002
457591
457691
457914
458081
458098
458101
458254
459933
460089
460884
460889
461118
461699
462055
462727
463433
463512
464868
464909
464983
465158
465308
465370
466147
466493
466937
467667
467760
467763
468363
468467
468661
470042
470065
470255
470393
470636
470805
470944
472673
472871
473077
473266
473727
474431
474598
475601
475637
476566
477413
477918
478530
478604
479114
479256
479346
479474
480366
480524
481388
481954
482313
482352
482622
482649
482999
483402
483502
483545
483818
484569
484669
484792
485101
485384
485901
486936
487176
487355
487513
487798
487885
488823
489485
489631
489768
490090
490112
490190
490523
490823
491168
491721
491744
491895
492616
493372
493553
493713
494174
494410
496323
497223
497232
498225
498489
499532
500777
501191
501994
502006
502111
502161
502869
503081
503083
503989
504102
504500
504984
505358
505779
506129
506159
506183
506206
506580
506632
507835
508075
508797
508877
509182
510479
511024
511569
513990
514668
515329
515901
516229
516578
518305
518436
518488
518494
518661
518762
518800
519327
519469
519593
519885
520071
521161
521183
521350
521461
521549
521982
522851
523273
523403
524613
524910
525249
526976
527600
527677
528271
528367
528821
529466
529911
530055
531053
531505
531554
532007
532233
532475
532781
533162
533587
533921
534156
534267
535929
536398
536669
536890
537872
538955
539054
539813
540247
540251
540942
540956
542020
542084
542333
542461
543323
543558
543563
543676
544077
544498
544528
545138
545598
545605
545944
546314
546839
547077
548180
548345
548557
548570
548830
548866
549226
549634
549845
550268
550646
551934
552703
554368
554521
554567
554667
555398
556628
557339
557390
557636
557871
558639
558934
559024
560324
560845
561468
561615
562434
562473
562620
562982
563375
563799
564371
564749
565117
566430
566577
567971
568128
569912
570060
570365
570702
570873
571913
572265
573223
574409
574855
575118
575459
575625
576267
576301
576902
577984
578038
578147
578608
580153
580256
580942
581310
583146
583460
583606
584447
584495
585130
585186
585524
585694
587093
588320
589121
589526
589776
589952
590237
591253
591620
591864
592027
592135
592618
592628
593447
593459
594027
594535
594723
595081
595226
595227
596052
596160
596217
596222
596440
596463
597464
599480
599789
599808
600505
600773
600867
601745
602580
602997
604159
605296
605303
605523
605844
606632
607089
609257
610931
612082
614220
614909
615263
615300
616170
616308
616355
617832
618004
619437
620744
621175
621583
622174
622396
622857
623370
623604
624070
626161
626163
626176
626305
626343
628778
630037
630496
640895
642550
647602
649774
651286
653580
655970
658129
658494
659054
664828
665738
666430
667314
668770
674245
675569
681522
682101
684785
685619
686919
688065
690298
696339
697228
697903
704970
711980
714299
714548
714981
715221
716095
716607
716869
717234
717341
717565
717686
718818
721553
721566
722159
725052
725674
726503
727026
727526
728050
728309
732666
733250
733443
733680
733971
734639
736844
738557
739371
740042
740709
741223
741484
742430
742518
742968
743629
744128
747609
748294
748914
749038
749724
751640
752415
752577
752586
753257
754357
754776
755674
757924
761137
762412
763942
765033
768034
769158
769631
770844
771232
772750
774498
774798
776007
776247
776250
777046
777319
777457
778695
782166
783906
784887
790376
792696
794611
794818
794978
796172
797398
798831
799041
801187
804391
804815
804859
804972
806345
807828
808622
814206
816971
817595
818839
819320
821338
824083
824398
825189
825311
826694
827281
827637
830062
832528
833102
833186
834181
834283
836821
836943
837997
838612
840115
841409
841680
842240
842634
842941
843326
844536
845965
847294
849812
852354
860435
863109
863427
864033
864313
864719
865908
866133
866385
866723
867719
868045
868750
869879
870293
872222
872398
873763
874591
874911
875200
875601
875771
876067
877438
879040
879202
881754
882335
882841
882872
883978
885538
885828
886370
886537
889405
889627
889830
890874
891167
891917
892875
893132
894344
894543
895314
896272
896444
897112
897154
897326
897914
898398
898564
899080
899257
899895
900394
901342
901420
901480
902546
902785
903197
903493
903506
904772
904958
904975
905119
905968
906442
906631
907616
907866
907922
908076
909180
910241
911071
912307
913577
913899
913998
914668
915429
916702
917858
918078
918260
918480
919805
921598
922413
923772
923784
923982
924624
927894
929267
933469
934626
936946
938145
938188
939342
941075
942717
942746
944339
945273
946836
949285
950022
950589
950781
952141
952721
953088
954244
955120
955263
956935
957568
958606
959246
960146
960904
962012
963615
964075
964878
964915
964983
966233
968700
970021
970153
970173
970359
970473
970654
970916
971245
971686
971894
972334
974216
975143
975187
976749
979457
979497
979705
979743
980703
981371
982129
982614
984130
984274
984672
984803
984812
985441
986037
986356
986878
987100
987153
989289
989745
989826
990538
990777
992218
993213
996363
998545
998708
999584
1001471
1002608
1003675
1005793
1007975
1008376
1009030
1010411
1012882
1014033
1014663
1014685
1014944
1015043
1016299
1016570
1016615
1016882
1016894
1016985
1017058
1017345
1017581
1017619
1017704
1018350
1018638
1018702
1019603
1023120
1024692
1025269
1026754
1027170
1027715
1027743
1028216
1029030
1029676
1030863
1030971
1032925
1033381
1033525
1034094
1034684
1034783
1035595
1035774
1036212
1036452
1036736
1037646
1039138
1040091
1040853
1041276
1042234
1042524
1043138
1043689
1043865
1044423
1046830
1047023
1047905
1048518
1049197
1049835
1051070
1052000
1052503
1053129
1053853
1054084
1055101
1055192
1056100
1057085
1057356
1058449
1058519
1058591
1058725
1059122
1061317
1061837
1062293
1063728
1063946
1064200
1064637
1064810
1065332
1065901
1066165
1066512
1067295
1067907
1068315
1068889
1069579
1070565
1070572
1071254
1071450
1072004
1072489
1072676
1073185
1073476
1073747
1073883
1073918
1076330
1080578
1082751
1086080
1086750
1089901
1090057
1090194
1091993
1095891
1097861
1098732
1099079
1102832
1102967
1104517
1104545
1104744
1106530
1108055
1109077
1109348
1110423
1111553
1112122
1112529
1121622
1121934
1122125
1123126
1124305
1133175
1138473
1150527
1151012
1152434
1152864
1153614
1154207
1157432
1157557
1158336
1159082
1159100
1159102
1161198
1162191
1163691
1164608
1165070
1166682
1166747
1167207
1167436
1167617
1167855
1168448
1168767
1169009
1169277
1169828
1170233
1170356
1171591
1171871
1173969
1174219
1174695
1175087
1175278
1175583
1176241
1176950
1177312
1177979
1179263
1179792
1180356
1180907
1183011
1185332
1185543
1187108
1187758
