101532
101912
102179
103904
104345
108927
109302
110899
111958
112044
116969
123035
123777
126059
128096
129745
132640
133892
135429
137871
140050
142372
147896
149249
150585
152520
156366
157427
165402
166469
170884
171287
171664
175183
176862
179750
183398
188795
190264
195001
195197
196296
197571
199655
199656
199673
200405
201024
204431
206093
206396
208410
216618
216620
220763
225255
232029
232696
236355
236843
239730
244198
248057
251002
251719
253255
254661
258187
258366
260808
265739
267607
268398
269603
275298
278166
281705
281890
281988
283278
284704
291564
291752
293878
294969
295802
296844
297431
297718
297929
298174
301402
303666
304012
305022
305651
307595
307631
308334
308393
309127
309153
309435
310821
312256
312601
312694
312931
314607
314666
316059
319870
321172
324282
327681
329057
333036
333674
337743
341173
343385
346333
346745
347752
350054
350842
351455
353361
355838
355952
357620
363368
364512
369654
373230
374383
379043
381774
383984
386201
388401
388509
391131
393396
393962
394026
396036
398410
400827
401036
403759
406772
416480
421558
430553
431481
433296
435091
435733
436764
437016
444776
446169
447011
447368
449925
457493
460048
460754
461276
464331
468355
468661
471841
472209
472871
485938
490090
490190
490381
493937
498151
503254
505088
505338
507835
512746
515368
520204
520897
530981
531831
533279
534548
537134
538670
542068
544090
548830
552824
554565
556852
558328
563600
563908
566436
569912
572901
576233
581752
585291
586977
588437
593782
594666
597177
599919
600388
602068
603395
605763
606632
606879
608531
619463
620522
622143
622990
626070
626162
626395
632049
634282
640694
651048
655970
670760
674245
689996
692467
705311
708114
720705
722651
733146
751620
753087
756167
757597
757634
767252
772616
776531
783674
798089
799798
814744
827818
828186
828469
831915
834283
866167
866385
866455
866696
867553
869865
870283
872971
879166
880558
881192
882421
883810
884542
889462
896576
899503
903640
904975
906492
908232
911369
913869
913872
914678
915967
917482
919805
921675
922209
922589
923682
926494
930235
931403
933793
941809
948956
949127
949466
950781
952954
953681
953965
957231
957469
958096
958444
962422
969002
971440
972514
975106
975486
983577
988692
991215
993432
1004918
1007054
1013357
1016751
1018026
1023027
1023819
1025140
1027704
1029468
1030370
1030502
1030764
1030778
1035014
1039714
1040391
1042707
1046422
1046459
1048123
1048305
1050325
1050479
1052762
1053853
1054188
1054705
1055174
1056080
1057679
1057854
1058235
1059674
1062852
