100577
104282
112511
124464
146201
151702
154741
165109
168850
173319
175030
179210
180625
185724
186515
193677
198270
201396
217342
222000
228704
238407
238881
242802
249024
252620
262572
266879
272184
281971
286472
288098
294965
297302
298245
298548
298776
298879
307039
309534
313839
317710
320242
335616
335643
338678
343306
366154
369391
371519
389914
398935
402120
404019
411697
416080
418229
421496
432460
432553
444316
448397
451717
459515
467113
469008
473727
474045
475803
478556
479256
483545
486113
492420
521837
526488
539813
543563
543676
554521
556739
560724
571913
577640
585524
598052
598334
604653
606450
627846
662750
695988
707702
717186
744898
770844
788436
796787
831848
836821
866805
882180
882335
883978
892371
922012
924203
964485
1046162
1063103
1111362
1135742
