104122
106541
110527
116183
129652
129865
132873
136453
142933
145163
145921
147839
149358
151025
152024
155384
157480
157880
159875
160985
162835
167292
167694
168850
170122
175030
179210
181780
186567
188603
189356
190264
192454
220140
223127
225250
228137
232475
232647
238099
238407
244484
244914
246504
252240
261750
263990
272184
274391
275813
278121
281388
283101
284704
286472
287958
288519
289967
297198
303182
303544
307920
309534
311290
321153
321563
321596
323823
323850
327617
335408
335616
337232
338862
348211
353700
355592
355952
356857
357076
357585
359239
366154
370453
371266
371346
373276
378982
380495
384337
384624
386178
386287
389914
400827
402039
404286
404674
405080
408070
408730
411179
411697
413232
421226
422630
422794
425600
428185
428778
429896
430340
432460
432893
440297
440557
444381
446067
447692
450466
454311
460608
462236
463601
469008
469551
480106
481113
485828
485986
486113
486808
488325
489487
492286
494647
498041
502230
510761
512350
512746
515936
516033
518888
523772
529543
534476
535711
537265
541311
541950
543298
556559
563672
567223
577640
578876
579243
584282
585469
588694
593807
595004
595455
598052
601993
606579
610554
613217
620265
623887
627027
662750
669659
682613
700038
733873
734691
735749
744506
751399
756427
766612
772088
774114
777174
801364
825190
834995
837578
849340
863491
866455
868054
871644
872120
872971
875163
876096
877522
881068
882421
884179
885287
885967
889372
890522
890626
909626
912919
924203
929414
930557
933793
936719
939722
940381
944595
956265
956686
966894
967557
969405
973860
975746
978356
978400
980992
1010656
1017563
1020586
1020966
1025779
1035622
1041024
1044348
1045275
1048291
1049902
1052581
1063103
1063450
1066872
1071032
1074042
1074673
1076513
1085992
1093430
1098635
1105090
1106512
1107665
1111959
1121044
1135742
