105649
107724
115022
116517
124681
130464
131862
132253
132519
133917
140387
140566
142145
143017
145614
147391
148475
149318
149886
154132
157246
159183
159554
160153
161742
163869
176750
176911
180223
188309
190081
198355
203819
204009
205440
205800
215374
219957
222204
226924
226985
228171
231687
249000
254395
264679
269982
272651
273864
280880
285334
289781
302336
302709
303403
304554
309886
312415
314138
315486
316835
317586
318300
326854
328812
332348
335036
344106
352108
352441
355592
359007
369660
371266
375104
382117
386709
390199
392200
396088
397295
400253
406750
410697
416657
416959
417071
422630
423611
430135
430340
430391
449584
450548
451082
453834
456150
460889
464842
465308
468551
470042
476566
478530
480524
483622
485101
485828
487798
488638
495625
496109
498303
498613
500694
506019
507844
511237
519261
522268
524222
524910
527677
532620
534619
535243
537265
538133
539446
539572
550372
552823
560291
564954
572608
574409
574988
594535
595454
596228
599725
607833
608228
621108
623370
624174
625483
647915
658691
675569
683508
705461
758819
761744
771232
771666
777643
800950
801007
817595
822185
823514
826936
833102
838045
841409
842170
843577
846545
863705
864534
866133
868830
869696
890874
895023
897112
899949
901985
905659
907235
907616
911734
913899
915947
923982
954109
956686
964711
965265
969405
973330
981371
985590
989745
990856
997163
1005767
1018706
1021428
1023595
1029318
1031992
1035275
1035622
1039029
1045275
1046665
1055722
1058185
1059459
1063883
1063946
1066192
1070534
1087105
1106512
1107311
