100351
104088
104122
105649
106174
106500
107216
108294
109220
109765
110073
110527
114817
114932
116517
117622
118080
118606
118849
120248
124681
124985
126277
130508
131516
132519
132873
132936
134163
140387
140555
140566
145215
145478
145592
145614
145747
146419
147391
148461
149886
150269
150337
151025
152024
154386
156295
157246
158672
160378
161742
163178
163869
168953
176750
176911
178222
180223
180230
180834
180874
181642
186625
188309
188588
191747
193191
193240
198355
200898
201688
202591
203819
205800
206416
206676
209276
210628
214177
215849
219353
219957
220140
221843
222204
225250
226924
228634
231893
232159
238481
243039
244544
247551
247822
247851
248336
250963
251114
252324
254395
257373
257484
257705
258025
261715
261750
261752
262440
262442
266177
269982
270966
272651
273864
274211
274953
275813
278491
280508
281114
282068
282934
284050
285090
285365
286306
286963
289707
291990
297198
297752
299397
301967
302246
302709
303403
304554
309886
314138
314636
315575
315897
317586
318455
321153
321596
325446
330859
332348
332635
335400
336247
337630
339456
339675
339977
343202
344106
344298
345624
347942
349131
352108
354853
355071
355402
355592
355661
355812
358932
359007
362989
364206
365367
365900
369614
369660
371266
375104
375986
378436
378982
380236
380881
380934
381297
382117
384267
384337
384624
386287
386709
388315
390199
392200
392366
396106
397953
402831
405310
405997
410985
411159
411438
411724
412666
413183
416657
416890
416959
417071
417444
422630
422921
423518
423673
423878
425600
426430
428418
430340
430391
432687
440557
443552
447692
448590
450548
450623
452425
453834
454815
457077
458615
458921
460243
462236
463601
464208
464662
465004
468493
470042
476566
482827
485828
487798
488638
490737
491536
494647
495409
495625
498084
498824
499127
500694
502556
502622
504878
505941
506019
510381
510386
510479
515936
516389
519068
519261
519327
520071
520531
522268
523571
524668
524910
525022
527677
528848
530366
530950
531250
533708
534267
535838
536971
537265
537879
538133
541099
541689
545865
545953
547968
549049
549759
552823
555398
555942
557270
557579
560291
561915
562620
566035
566257
567223
567280
571753
574109
574409
575523
578902
580153
580829
582720
582842
584045
584126
585069
590237
593807
594535
595043
595172
595417
595454
596228
598679
598886
599789
600407
600652
601993
603020
607278
607833
609414
609497
610332
610554
613217
615324
616105
618127
621743
623370
626547
627027
642259
669659
684214
686919
689592
711978
712021
717621
749466
756209
756427
758123
763292
764703
766612
766708
777643
777759
779784
794786
795345
801007
801364
805158
806369
814129
820248
822185
832912
833102
834995
837578
842170
843577
845834
846545
864534
866133
867805
868054
868830
871644
872009
872365
872392
874591
875163
876096
881068
883667
891167
892380
893634
897112
898398
899949
901985
905659
906775
911318
911734
912919
913899
918021
918855
921598
923982
935003
937394
950963
956686
957568
959196
959199
965265
965727
965732
967128
967304
968004
969405
970021
975746
979743
981371
983116
984803
985441
985590
985710
989745
991727
992661
996628
997163
1005767
1005793
1009400
1010123
1011324
1014929
1018706
1024487
1025779
1030140
1030739
1031383
1034893
1035275
1035622
1037084
1042614
1045275
1046125
1046200
1046665
1046906
1048291
1048849
1050540
1051361
1059459
1062597
1063883
1065303
1066276
1066872
1066967
1069521
1070534
1071450
1076586
1081232
1085254
1085992
1087105
1095220
1101837
1106512
1107311
1108350
1121044
1124305
1160216
1162398
