106845
107981
111299
111320
111911
115016
115350
122194
125628
129865
133014
136196
140050
141519
144223
149358
151984
157573
167694
168797
170455
171931
173068
173559
175030
177158
177989
179210
179452
180580
180587
207265
207999
209038
210342
213832
221812
230354
231223
231767
232528
235302
238407
240869
241262
245375
253595
257800
263990
264998
269944
283553
284068
284538
284704
285067
286241
288540
291606
296144
296978
309534
314494
316044
320828
327617
330960
333727
335616
340494
344568
349205
349914
352286
354817
355952
356107
357076
361353
366154
368753
369132
373276
374935
376091
378081
378833
384624
391840
397005
398830
404229
404419
404674
405080
407466
407672
408070
411041
411179
414356
414487
415543
418357
420524
421479
422794
423894
429948
431713
436393
438276
438292
439351
440651
442907
444007
444381
446067
446165
446458
448223
450717
455558
456648
460143
460608
462236
463601
473273
475260
477105
477469
479054
480061
480106
483240
486113
489876
490639
495498
495577
497048
498485
500027
505985
511293
512350
512746
518763
518888
525441
528388
535690
536854
537265
537965
542984
545927
548152
549386
555991
556676
557851
561360
562572
562740
563679
567223
575595
578537
579243
584297
585265
586140
588824
602261
603359
615241
615790
616156
618708
656134
657804
699965
707420
716050
734827
763902
765773
766612
772088
792437
801380
804295
805211
818420
821181
824213
824734
825190
830896
832733
835247
837578
862520
866455
871644
872909
872971
873127
880747
881163
884179
884390
894215
907509
914853
930557
933793
935849
946912
947757
949140
953867
961337
977837
978400
980231
980970
987379
990425
991767
991985
1019006
1019059
1022598
1025184
1031427
1035736
1039082
1039853
1043782
1043904
1060391
1063103
1064451
1065835
1067863
1070399
1071032
1071940
1074407
1077513
1078605
1089611
1089632
1099683
1114156
1121044
1155422
1158650
1159230
1168023
1169908
1170991
1173035
1174792
1181387
1183237
1190770
1191183
1192624
1195348
1197342
