101816
102116
103540
106150
108521
109978
111901
111931
112161
114995
116485
117321
119110
122976
123499
127523
134585
137251
139124
140911
142122
142694
145163
146883
147066
148603
150221
154589
156268
157745
158639
158715
163810
164904
165647
169206
169242
171338
173968
174811
175596
177933
181726
181758
183418
184791
187589
187830
188028
188040
188579
190384
190867
190868
191426
192647
197380
199094
200887
201410
202023
204400
204886
207166
207287
210460
213894
217287
218865
221424
221708
224971
225015
225166
225324
227960
228721
231729
232183
235938
236533
236652
238099
238828
239503
241956
242062
247754
250163
252539
253208
254815
258523
262106
263652
266161
267234
267956
269417
273694
275364
275829
278602
278763
281283
284718
286890
289392
289822
291180
293442
294115
294412
297420
302086
303113
305003
305370
310030
310142
314234
315508
316587
318587
321198
322085
322776
327935
328019
329954
331165
331551
332078
334323
334634
337406
339505
341131
341697
347187
348211
348456
349175
350143
353313
361928
364658
365536
370185
372524
374454
375751
376109
376613
381273
381377
381568
383805
387830
392706
395357
398236
404236
404419
412436
415887
416219
417954
418129
419983
426964
430319
439351
443524
447321
448779
449038
449358
451487
451572
454197
454692
458651
461473
462890
464519
466365
467716
468837
470752
471775
477918
482037
484604
484956
486598
487513
496799
497169
499566
501191
504200
505859
512350
515778
517461
518714
518843
518902
519469
519887
521931
523192
525481
526088
528716
529805
531392
532334
535413
536284
536398
537580
539324
540247
541799
543400
543699
547386
549728
550227
550646
552027
552972
553463
553832
556676
559419
563837
565366
567649
568735
572333
574634
574757
576867
577867
579607
583553
587925
588165
593390
596510
599365
599812
601306
602649
604947
608425
608527
609205
610081
610249
613132
619437
621494
622616
625462
625648
625753
626152
628458
685984
716325
716607
719340
719763
726988
731462
735561
737370
738412
741582
742338
745508
747609
749414
750392
751399
752203
752568
754685
755506
756605
757740
758594
761107
764518
776007
782003
783477
794869
798831
819570
825311
825838
827055
827712
828612
838361
842240
849812
866016
869471
870318
870706
875955
880747
881324
882338
882841
885525
885686
890276
892616
895405
897079
911665
916245
916838
919345
919731
922618
925269
930297
931432
932389
934931
949712
954307
963615
963894
967612
969099
969993
971686
976575
978356
980513
987750
989025
993844
1007975
1008376
1008562
1012796
1014587
1014685
1015043
1015632
1016246
1020711
1034783
1036452
1036736
1037646
1045705
1046826
1047955
1048011
1048317
1051587
1054887
1057085
1057307
1060608
1072004
1073228
1074416
1075341
1075356
1081922
1082751
1087572
1089618
1093004
1104776
1107968
1108055
1112122
