102233
108773
117978
121408
124069
128213
133070
137677
137806
139113
141636
141778
148673
149358
153534
156634
171151
171222
172974
174578
174839
175673
190280
195200
200391
205109
217456
222012
222020
229099
252606
280966
287447
293992
303182
305678
308992
309445
309475
309563
309792
311282
316368
320135
322537
324352
329014
330312
331746
332432
340260
342716
343805
344696
350732
361353
361488
365989
375851
380689
383170
383294
404347
405080
405113
407141
408070
409935
418716
424865
428651
430932
442885
443070
444540
445147
446165
447050
449468
454219
455334
456683
457679
460228
462014
468467
475440
476436
480373
489993
490858
492488
497481
502104
502111
502604
504984
507933
509785
510973
511024
511527
511792
526524
527838
531554
536214
539289
543430
545605
545944
548681
549038
549392
552046
552846
555468
555991
556062
560373
562198
566408
574941
575459
577476
578715
584801
586476
588525
592984
593459
599279
601110
601405
603093
604361
606283
613272
615217
624828
662312
673938
696120
698237
700437
715453
731934
734827
740249
746495
746930
747029
759495
793919
794611
823956
829305
833153
849340
863491
864160
865313
872222
875601
880018
881847
882416
884749
887474
899176
910272
910909
912494
917858
919299
922413
932372
952528
973987
986779
995709
998226
1001604
1011028
1022598
1025942
1032078
1035023
1049835
1056892
1060917
1065428
1066878
1089611
1089775
1103163
1103976
1121072
1158336
1160772
1164196
1166138
1166148
1174346
1182559
1184076
1186493
1188868
1194623
1205586
1206731
1225140
1238217
