117305
124558
140050
145163
148673
149358
151984
154529
159875
167694
168850
174204
175030
175380
179122
179452
200739
205463
211249
228227
232475
236355
244703
244914
263990
266313
274391
285334
302336
305919
307920
313531
316037
319166
323165
325191
327099
342631
343860
348211
352286
355952
357076
362946
366154
371266
383055
384624
408070
408730
411832
432893
438350
443448
449959
453626
456150
458452
459236
460069
461439
462236
462415
477290
481113
483021
485828
486113
487727
490873
514643
518763
518888
520405
529566
532288
535690
536284
537065
537265
537392
541009
545570
552096
566775
582194
585525
592464
592916
593807
602687
605982
705311
733528
738677
743180
751399
755984
756427
758819
769024
771641
772088
774914
788604
796358
849340
866455
868054
869786
870068
871644
872120
872317
872971
876096
880747
881068
882421
884298
886947
887157
893157
893939
904747
907021
922536
922689
924203
939722
956265
969405
971965
990425
1005572
1011599
1014298
1025779
1030345
1033011
1042722
1044348
1044697
1059635
1060391
1063103
1067564
1069723
1071032
1073556
1074510
1079768
1081866
1085992
1106512
1108657
1111712
1121044
1156974
1160628
1164032
1165940
1173138
1174346
1177724
