101796
101912
104293
104626
105661
108163
108209
109767
112044
116969
118478
120771
123035
123949
127111
128859
129071
129289
129757
130996
132763
133438
138170
139038
140050
144164
144206
144834
145974
147839
147896
153656
156366
159369
160892
162567
164382
165402
169205
170102
170884
176862
179750
183398
185215
186815
190942
192512
194469
196296
197985
199673
200165
202307
204431
204821
205401
208708
210492
210955
212022
212581
215267
215571
229732
232029
234017
235297
239730
240557
244198
244827
245141
247730
249457
249608
251002
251307
253259
254986
257398
258366
258635
261223
261761
263245
263706
265739
266716
267798
269326
269603
274836
277313
277744
277935
281274
281486
281988
283918
284704
284937
293851
296137
296181
296219
297431
300457
301402
303230
304012
304820
306257
306382
307573
309153
311782
312931
315003
315727
317641
320493
321172
322520
327861
328681
328709
331511
332696
332788
334389
336381
339517
339771
341173
341716
342062
344568
345758
345803
346071
346333
347171
348322
349239
351763
354393
354659
354817
355520
355952
357620
361022
361188
361859
362768
363093
364930
366803
369654
372038
373006
373276
374383
375234
377098
378940
381294
381774
387862
389285
389945
394553
400827
402637
403445
405626
407237
409229
410741
415052
420839
422151
422933
425522
427936
429913
431481
435091
435733
437413
438350
445522
447011
447368
448076
449166
449925
450575
451363
451658
455425
459933
460805
461276
462976
470065
472871
473939
474394
477305
480775
483161
484910
487235
490090
493464
493937
501317
501819
505787
507835
508101
510492
511908
512836
515264
516744
518488
520086
523273
525166
526400
527199
528165
532366
533449
542552
542908
544206
545295
548299
548821
548830
552824
553533
554173
554300
557959
561850
561920
562169
564995
567971
576237
586977
593782
597442
600388
602814
603598
607297
607784
608169
608651
608950
610365
611366
611419
614578
616209
616329
618779
619810
621200
621858
624367
625643
626070
626162
626293
626395
634282
647256
657167
658355
663848
664576
674245
681336
697160
700210
708114
708119
712986
718406
725406
738892
741170
742903
750189
751146
753087
756633
759265
783906
788680
789110
791569
791686
802124
821491
828400
829768
830520
839662
842532
842941
852509
863647
866385
866455
872827
872971
878198
879166
879507
880558
880786
884542
889372
893116
896272
896576
897979
898413
903640
904975
907465
910665
911369
915181
915275
917601
919805
921459
924491
926491
931403
933793
940854
944856
945563
946901
949029
949334
950583
950781
952954
953088
957143
957394
957469
958444
962022
971992
983856
986410
987275
997283
1000572
1001837
1005206
1007158
1007611
1008663
1013535
1015566
1016135
1017523
1027704
1028287
1030629
1031280
1031553
1033289
1037482
1037533
1039714
1040251
1041221
1043083
1044035
1048305
1052000
1054188
1056766
1058591
1059674
1064563
1065798
1066122
1071032
1073989
1076336
1082060
1083110
1086750
1089040
1089409
1092210
1092681
1096379
1098337
1098635
1099079
1099716
1103089
1107189
1108114
1109186
1134756
1152434
1153518
