114621
117305
128096
134956
140050
149358
170122
179210
186567
190264
205440
205463
206396
214134
220201
223769
236355
236991
268398
284704
285334
286712
292349
293878
296054
296844
303666
310821
312682
312694
313531
327099
332928
335616
343037
343860
354157
355952
357076
364512
365229
368040
388401
388509
393927
400827
402013
403119
405963
408070
411179
416480
430340
436538
447627
447692
448629
456150
460048
461604
481113
490250
494474
494628
512746
513590
515936
526524
536284
536673
536998
538455
544269
546376
551714
551992
555991
556676
562693
566436
567223
578537
596761
597907
598052
600135
602068
603359
605982
608531
613501
619042
621494
691495
699737
705311
781095
783674
824284
829012
834995
866455
866696
872971
880747
882421
883810
886879
912544
914678
930557
933793
936974
939722
941809
956686
969405
977832
978356
1016026
1018026
1025140
1030370
1030778
1044348
1050325
1051945
1052762
1063103
1066878
