100209
100351
100743
101105
101165
101749
102375
103044
103046
103814
103904
104003
105293
105649
105843
106186
106214
106232
106319
106591
106982
107811
108875
109279
109363
109381
109767
110071
110073
110211
110592
111209
111432
111456
111668
112006
112041
113487
113566
113595
113725
114081
114817
115242
115809
116257
116969
117086
117302
117387
117388
117669
117850
118229
118302
118364
118478
118554
118675
118946
120248
120461
121147
121437
121700
121796
122168
122381
122926
123777
124069
124252
124464
124500
124681
125579
126059
126249
126619
128265
128359
129071
129415
130571
130799
131263
131406
131572
131823
132014
132722
132763
133022
133633
134281
134545
135030
135736
135996
137677
138170
138395
139064
139113
140183
140784
141196
141592
141815
141907
142309
143238
143988
144164
144206
144896
145017
145209
145422
145478
145550
145566
145592
145614
145928
146032
146201
146275
146314
146554
148122
149020
149350
149428
149886
149963
149980
150176
150817
150825
151873
152266
153557
153731
153799
153850
153949
153963
153970
154066
154647
154737
154897
155710
156096
156644
157047
157246
158639
158707
158972
159035
160433
160791
160806
160974
160992
161156
162884
163674
163810
163936
164382
164453
164738
165109
165402
165496
165690
165897
166524
166799
168079
168201
168983
169488
170035
170102
170162
170293
170729
170884
171177
171664
171725
171799
172679
172938
173324
173418
173528
174251
174547
174942
175183
175222
175937
175990
176214
176216
176286
176750
176752
177205
177274
177528
177603
177965
178222
178252
178285
178334
178794
178921
180171
180223
180273
180374
180415
180557
180874
181312
181867
181964
182361
182377
183055
183672
183834
184070
184731
184756
184841
185016
185096
185772
185798
186832
186974
187229
187330
187715
188380
188917
189043
189769
190394
190629
191293
191307
191857
191954
192058
192516
192911
193333
193469
193858
193871
194335
194636
195023
195024
195197
195241
196190
196232
196329
196875
197132
197201
197627
198270
198443
199285
199673
199779
199984
200416
200564
201118
201396
202122
202124
202371
202425
202996
203487
203511
203518
203999
204034
204543
204947
205071
205626
205793
207287
207829
208598
208904
209659
209794
210934
211606
212013
212783
212932
213109
214177
214332
214517
214798
215267
215289
215849
216732
217342
217351
217726
217797
217829
218025
218198
218739
219353
219422
220306
220830
220889
221670
222000
222403
222416
223105
223293
223788
224186
224262
224522
225166
225520
227151
227267
227452
227723
228704
228856
230124
230762
231893
231930
233415
234186
234495
234803
234829
235297
235527
236040
236046
236164
236326
236534
236843
237181
237374
237491
238217
238828
238833
238857
238881
239503
240562
241017
241230
241897
242569
243484
243983
244024
244198
244544
244673
245144
247551
247624
247708
247730
247735
247851
248676
249865
250153
250963
251477
251493
251930
252170
252287
252589
252620
253734
253781
255031
255198
255262
255407
255535
255765
256742
257373
258025
258194
258366
258405
258523
258808
258896
259143
260993
261223
261396
261502
261752
261761
262044
262086
262409
262572
263546
263583
263913
264205
264277
264582
264893
265301
265551
266177
266265
266430
266716
266884
266917
267467
268666
269187
269732
269975
270310
270690
271256
271477
271778
271779
272307
273537
273864
274199
274953
275828
275928
276720
277301
277313
277744
278763
279756
280452
280693
280745
280999
281111
281256
281322
281894
281988
283278
284600
284995
285365
285609
285803
286035
286104
286173
286321
286412
286476
286637
286890
287042
287131
287308
287854
288842
289246
289773
289833
290337
290585
291218
292422
292451
292878
293040
293764
293771
293992
294109
294115
294838
294965
294969
295086
295946
296308
296725
297302
297752
297988
298041
298368
298742
299083
299397
299637
300625
302246
303160
303616
303635
303696
303934
304554
304857
304860
305264
305370
305419
305651
305678
306257
306638
307039
307173
307210
307874
308900
309153
309435
309563
309792
309886
310155
310170
310427
310576
310581
310841
310978
311654
312418
312604
312700
312821
312825
313887
314018
314607
314644
314647
314740
314874
314938
315168
315416
315504
315579
315870
317586
318322
318678
318872
319219
319299
319824
320144
320791
320846
321172
321198
321348
321568
322061
322193
322989
323051
323208
323479
323601
324362
324441
324664
324985
325354
325435
325446
325450
325622
325831
325922
326190
326234
326276
326935
327610
327681
328183
329769
331203
331420
332078
332217
332418
332665
333450
333530
334185
334438
334919
335400
335544
336243
336247
336514
336533
337531
337592
337630
337693
337736
338288
338619
338798
339505
339524
339606
339977
340311
341102
341341
341458
341582
342221
342546
342688
343189
343312
343449
343805
343886
343968
344415
344587
344630
344660
345467
345500
345660
345762
346406
346427
346539
346950
347220
347476
347680
348261
348281
348380
349536
349622
349769
350390
351230
351686
352703
353107
353319
353647
353724
354101
354558
355676
355838
356182
356320
356828
356945
357276
357309
358021
358932
359310
361488
361926
362058
362425
364367
364658
364930
365455
365690
366241
366567
366711
366974
368495
369390
369391
369474
369660
369666
370988
371498
371519
371882
372049
372524
373006
375104
375108
375617
375618
375663
376043
376124
376486
376527
376847
377059
377365
377785
378065
378183
379016
379021
380333
381774
382427
382663
382693
383035
384238
384261
384801
384803
385880
386245
386800
386890
387194
387297
387532
387635
387862
388500
388634
388739
388905
389299
389693
389821
390487
390670
390835
390982
391675
392366
392604
392795
392932
393462
393647
393650
393967
394026
394121
394799
395532
395989
396859
396962
397622
399468
399755
400253
400722
401963
403177
403729
403759
404367
404757
405314
405527
406484
406989
407242
407270
408729
409547
410814
410856
410985
411159
411591
411679
411787
412173
412481
412949
413192
413937
414193
415605
415695
415780
415967
416219
416524
416684
416799
416890
417111
417444
417557
418229
418551
419062
419307
419594
419738
420953
421214
421395
422261
422405
422567
422871
423602
423747
424114
424318
424458
424638
424865
425149
425686
425951
426406
427096
427250
427287
427805
428202
428820
428875
429339
429530
429537
429748
429767
429914
429973
430159
430160
430278
430802
430886
431547
431743
432305
432669
432687
432703
432995
433003
433109
433538
434234
434667
435521
436090
437142
438169
439081
439932
440622
441156
442147
443015
444787
445370
445612
445663
446397
447047
447143
447204
447321
447717
448228
448392
448590
448664
448779
449038
449488
449654
449890
450147
450524
450648
450839
451669
452425
453193
453384
453834
454478
454796
454834
455312
455749
456892
457924
458101
458268
458584
458671
458746
458921
459070
459305
459326
459345
460243
460711
460754
460889
461611
462181
462259
463016
463030
463253
463550
464208
464482
464519
464558
464787
464835
465110
465462
466057
466214
466421
466568
468192
468551
468745
468797
468837
469049
470042
470235
470403
470752
470866
472669
472871
473077
474045
474401
474730
475545
475671
475803
475865
476137
476652
476798
477413
477616
477692
477785
478604
479087
479246
479332
479392
479753
480373
480899
480968
482018
482352
482512
482699
483161
484013
484879
484934
485098
485101
485938
487885
488496
488562
488742
488933
490024
490035
490090
490673
490737
490872
491536
493984
494061
494444
494592
494923
495441
496891
497131
498084
498334
498489
498529
498956
498969
499519
501092
501790
501913
502013
502397
502556
502970
502999
503775
504114
504317
505482
505859
505960
506580
506781
507755
507835
507976
508067
508075
508101
508397
508797
509001
509835
509864
510479
510635
510669
511024
511179
511732
511757
511792
511956
512170
513029
513054
513847
514478
515499
515602
516201
516578
517175
517443
518075
518167
518398
518436
518800
518902
519068
519137
519306
519327
519469
519472
519581
519736
519885
520424
521355
521894
522228
522267
522579
522905
523273
523346
523356
524408
524668
524678
524777
525386
525481
525660
525889
526457
526886
527061
527677
528558
528593
528757
528799
529667
529795
529805
530139
530317
530327
531053
531160
532337
533061
533159
533708
534490
534619
534865
535051
535243
535831
535838
536861
537436
537542
537879
538091
538133
538243
538407
538559
538928
539054
539446
539572
539661
539677
540337
540788
541799
542073
542513
543125
543354
543676
543699
544003
544206
545671
545944
546180
546757
546857
546986
547747
548135
548219
548265
548830
548841
549038
549049
549238
549263
549433
549659
549759
550149
550268
550387
551617
551892
552042
553841
554157
555013
555714
555942
556739
557170
557306
557541
557579
557665
558004
558424
558646
558934
560369
560724
561989
563064
563868
565366
565584
566035
567220
567280
567395
567436
567447
567787
569977
570365
570458
571501
571753
571913
573223
573231
573766
574920
575740
576349
576608
577984
578147
580132
580277
580384
581042
581286
581827
582404
583156
583500
584126
584447
584986
585524
585565
586206
588437
588688
588699
589124
589179
589776
590153
590694
591109
591465
591620
591897
592647
593170
593390
594027
594239
594535
595152
595248
595841
596052
596222
596414
596463
596760
597314
597332
597417
597446
597681
597899
598391
598439
600388
600449
600652
600773
601588
601732
602580
602649
602814
602997
603066
603975
604098
604667
605261
605409
605523
606283
606450
606841
607223
607501
608653
609104
609205
609458
609922
610292
610394
610403
611717
612288
612925
613272
614220
615217
615300
615324
615358
616105
616225
616561
616594
616924
618311
618347
618634
618779
619240
619369
619437
619562
619810
620005
620014
620083
620425
621048
621200
621743
622086
622174
622865
623370
623497
623621
624727
625753
626070
626343
626547
627204
631244
633165
633179
634282
637053
642259
644203
647845
648052
651248
651982
652309
653292
655399
655983
660059
660497
661695
661747
664517
665377
665395
666223
667778
669593
671878
673938
674245
674344
681427
682457
684214
688016
688065
692658
695753
695988
696019
696497
702062
703679
705081
707702
711515
716095
717186
719534
720284
721319
722159
725404
727356
728035
731036
731403
732484
733269
734313
734723
735337
736102
736787
736844
738892
741466
741484
741648
742518
742980
745339
745508
745567
747781
748119
748294
749038
749773
751571
751640
751920
752203
752225
752577
752960
753583
754776
755092
755525
756073
756204
756213
756582
756621
756856
757950
758395
758478
759858
760240
761236
764487
764636
765146
765948
766358
768860
769023
769158
769777
771250
773826
775182
775671
776250
777457
778466
779710
780132
780709
781591
783906
786253
789245
794675
794701
794786
795277
796884
797667
798464
798472
800526
801836
803600
804328
804359
804391
804991
805743
806515
808622
808909
809376
810769
811153
812927
813375
814129
815181
817595
818839
819749
825168
827564
827754
829305
832293
832297
832718
834868
835847
836345
836821
837050
837997
838612
839184
839662
842941
842962
843401
844499
844535
845062
845419
845834
845965
847660
847693
849181
849812
860385
860435
862656
863202
863427
864036
864534
864607
865461
865800
866370
866385
866598
866620
867633
867719
867805
867960
868295
868477
868830
870078
870255
870598
871314
871596
871654
872365
872392
872412
873625
873976
874591
875431
875771
876038
876067
876389
877339
877485
878246
879068
879507
880018
881500
881754
883603
883818
883978
884542
884749
885538
885828
885861
886366
886926
888035
888898
889391
890020
890141
890216
891216
891917
892652
892889
892959
893116
893117
894695
895023
895405
895794
896272
896292
896854
896923
897878
897897
898398
898800
899574
899601
899725
899949
900152
901075
901342
901879
901948
901981
902041
903493
903506
904661
905119
905482
905773
906394
906775
906957
907477
907710
908076
908504
908872
908982
909799
910238
910475
911180
911619
911734
912147
912307
912398
912460
912494
913787
913899
914974
916245
916403
918070
918133
919805
920662
920997
922418
923572
923757
924027
924363
925876
926951
928931
929044
929267
932023
932057
932374
932438
933632
934154
934224
934392
937394
938584
940391
942898
943376
943482
944118
944844
945563
950781
950786
951823
951952
951964
952956
953200
954307
955120
956000
956525
957197
957354
957469
958314
959903
960264
962847
963067
963303
963615
964075
964915
965265
965326
965658
965732
966233
966582
966773
967024
967255
967280
967612
968700
968923
969099
969958
970436
971894
971904
971992
972779
972937
973987
974145
975853
978950
979497
979705
980453
980801
981371
981932
982164
983291
984130
984204
984430
984545
985590
985710
987100
988692
990145
990887
991052
992661
993393
993741
993844
994612
995054
995444
996264
996628
997163
997332
998009
998434
998545
999021
999397
999728
999970
1000572
1001220
1002407
1003499
1003899
1004644
1004766
1004959
1006950
1006960
1007975
1008015
1008376
1008949
1010069
1010263
1010844
1012008
1013030
1014685
1014944
1014979
1015043
1015669
1016343
1016646
1017054
1017852
1017880
1018706
1019250
1019258
1019568
1020488
1020524
1022785
1022947
1023410
1024323
1024487
1025285
1025324
1026160
1026225
1026912
1028263
1028470
1028636
1028864
1029318
1029458
1029468
1029514
1029676
1029987
1030087
1030140
1030391
1030590
1030880
1030971
1031383
1032078
1032233
1032507
1033381
1034684
1034893
1035595
1035652
1035670
1036452
1036673
1037646
1037693
1037809
1038955
1039081
1040091
1040980
1041090
1041694
1042524
1044423
1045493
1046162
1046200
1046665
1046730
1047195
1047587
1047955
1048125
1048452
1048518
1048849
1049835
1051621
1052302
1052838
1053169
1053405
1054084
1054102
1054525
1054548
1054887
1054914
1055947
1056379
1056600
1056623
1056909
1057461
1057554
1057887
1058415
1058591
1059177
1061200
1061317
1061511
1061567
1061717
1061789
1063160
1063343
1063625
1064323
1064810
1065001
1065901
1066642
1067933
1068923
1069690
1070388
1070469
1071351
1072004
1072489
1072790
1072832
1073088
1073539
1073664
1073860
1074537
1074947
1075134
1075546
1077708
1078414
1078563
1080244
1080578
1080706
1081232
1081716
1082527
1082751
1083206
1084735
1084769
1085119
1085254
1086014
1086117
1086180
1086500
1086963
1087105
1087208
1087232
1088671
1089040
1089586
1089824
1090057
1090258
1090652
1090818
1091025
1091502
1091680
1092210
1092282
1093208
1093614
1093717
1093839
1094792
1095721
1097043
1097486
1097686
1097861
1098840
1098850
1099947
1100710
1101214
1101825
1102684
1103163
1103961
1103976
1106546
1108055
1108138
1108254
1108766
1109077
1109301
1110795
1111303
1111553
1111658
1113856
1114825
1115988
1120715
1120736
1121072
1121094
1122352
1123126
1124305
1124706
1127403
1133574
1135807
1138473
1140442
1145587
1149164
1149541
1150209
1151811
1151977
1152325
1152434
1152604
1153425
1153614
1154064
1154254
1154809
1156815
1158216
1158284
1158494
1158947
1160888
1161081
1161524
1161779
1162082
1162398
1162404
1162686
1163248
1164184
1164560
1164616
1165385
1167436
1171502
1172145
1174500
