111901
138874
144573
149358
151984
152472
175030
205463
220201
222546
238407
248818
251775
255353
257146
261750
263990
285334
285727
290854
303666
306111
309534
313531
319952
332928
335616
338862
344568
345366
354817
355952
357076
357905
361353
361928
377062
384624
387599
388401
400827
408070
412807
415771
420925
426036
431711
432893
438350
439351
447692
449959
456150
460608
461473
480106
484956
487727
488325
492396
516806
529543
529566
535690
536673
538455
556676
560438
590436
592464
599293
602687
615790
686116
693534
756427
781095
786590
837378
866455
870977
872971
880747
882421
885100
924203
939722
969405
972938
996122
1005206
1005407
1010794
1016974
1017280
1025140
1025779
1034531
1035622
1066878
1071032
1089611
1108657
1115529
1121044
1127399
1155422
1158916
1170504
1177724
1195348
1214200
1214469
1220333
1239584
1240896
