103814
106150
110487
114621
114995
120004
123517
127943
132351
134956
158639
168079
170122
172406
172821
174525
178754
179727
180990
186567
197260
201575
201843
202040
204718
214134
214463
218521
220201
232785
236991
239503
241017
245072
253367
258405
266161
267956
269404
274400
278763
282914
286890
291512
297113
300649
302580
303422
306583
314234
318882
322776
332928
343037
348371
348997
350143
353820
353824
357076
365229
379152
381377
384261
400662
400722
403119
403765
404236
405919
410740
411179
415447
420269
422060
426731
428202
441905
447013
449358
454013
455894
458098
460017
462829
464687
468837
471775
474566
479754
480046
485844
487513
488635
493340
494628
503126
506199
518075
518714
519885
521461
525815
532159
534673
535413
536284
538735
540337
544260
545869
546376
548350
548547
551394
551992
552778
554852
556676
557034
562693
564256
565366
567649
568158
568670
575844
588730
597907
601975
602649
605153
605982
609319
613501
613804
614173
619042
619437
621494
622027
627641
638992
657607
674222
715147
726808
729124
735292
742518
746656
749414
752568
755674
757740
758594
781095
794248
803252
805683
807430
812927
819872
821047
837831
845961
847038
849812
880747
895649
895859
896406
898005
911665
912544
916245
922164
926848
932584
938866
951294
954307
963615
964774
970796
978356
979497
982344
990538
995513
1007975
1008376
1014685
1015043
1024009
1027646
1028770
1032925
1034093
1034094
1036452
1043402
1043765
1045705
1047955
1048927
1054006
1057307
1058254
1061508
1063672
1063688
1065195
