100194
100497
100577
101749
102120
102156
102233
103218
103904
105649
106748
108228
108938
109054
109572
109730
110691
110899
112044
114601
114666
114995
115022
115334
116566
118164
118478
118658
120086
121147
121222
121796
123236
123801
124464
124755
124990
127285
127760
127790
128859
129318
130366
130464
132122
132253
133892
135553
135889
137677
137910
138296
139113
140167
140578
141184
141311
141332
143204
143665
145215
145395
145478
145592
146201
146208
147071
147391
147410
147772
147896
149149
149579
149886
149963
150031
151260
152797
153829
154193
154737
156634
158639
159564
160378
162076
163088
163869
164038
165609
165647
166939
167976
168379
168956
169412
170586
171222
171287
171803
172406
173319
173528
174942
175168
176216
176404
176713
176750
176862
179113
179727
180808
181421
182855
184920
186515
187833
188482
188588
191358
191747
192516
193191
193278
193575
193677
195205
197892
198355
201396
202591
202754
203373
203999
204037
204431
205109
205866
207309
207998
209988
210939
213412
215168
215849
219957
221346
222204
223493
225686
226924
227628
228458
228477
228918
229513
231629
231687
231859
235297
236154
238857
238881
239412
239730
240630
242913
242928
244198
244827
245072
247851
248336
248530
249535
249955
250176
250963
251002
251374
251568
252444
252606
252620
253296
253734
254276
254903
255972
256060
256229
257373
258533
258555
259132
259947
261223
262442
262728
263293
265244
265739
266150
266917
267391
267956
270220
270378
272234
272880
273277
273864
274836
274953
275025
275134
275462
275782
275978
278677
279401
279787
280966
283278
284355
286228
286963
287447
288098
288685
291744
292246
292347
293559
293992
294412
295084
295265
296181
296343
296604
296815
297431
298245
298776
299397
299418
300175
301967
302709
302871
303169
303696
304012
304589
305419
307173
308334
308992
309153
309563
309886
311351
312856
313520
314138
314636
314647
314813
316042
316343
316368
317586
317710
319309
319870
321137
321657
322387
322520
323046
324352
326598
327802
327874
328183
328351
329014
332610
333036
333674
334919
335334
335544
335918
336873
337743
339428
339445
339675
339885
342654
343202
344106
345780
346427
347220
350143
350390
350725
350768
351455
351763
352108
353824
355812
355838
356178
358021
359007
359121
362274
362768
364206
365367
365989
366803
368080
368456
369567
369654
371498
373230
373699
373929
377242
377445
378563
380054
380689
380828
381774
382117
383964
387181
387325
387373
387680
387862
388097
388392
389821
390199
390756
393334
394541
395023
395532
395817
397289
397673
399682
400662
400722
402484
403177
403181
403445
404019
404347
405919
406750
409690
411452
414327
416657
416890
416959
419979
420269
420800
421033
421137
422349
423518
424865
425686
427096
428651
428978
429537
430391
430438
431120
432122
436333
437351
437974
438454
440514
441344
441660
442885
444540
445207
446172
446535
447204
447317
447321
447981
448590
449358
449529
449925
450548
450623
451082
451717
451897
453193
453834
454013
454083
454219
454794
457077
458098
458746
458921
459432
459515
460228
460955
461324
462048
462697
462819
464331
465147
465771
465877
466184
468426
468467
468493
470752
471543
471841
471923
474302
475440
476652
478530
480373
481954
482512
482740
482827
483143
483545
483767
484935
486102
486268
487123
488635
489543
489993
490737
491395
492488
493373
493937
494444
496573
496665
497579
498022
498495
500652
501111
501835
502556
502604
502622
502999
503579
506019
507317
510597
510973
511024
511792
512483
513202
514476
514478
514562
515710
516464
516505
517415
518843
518911
519887
520491
521837
521885
521912
522140
522726
522876
522905
523273
523672
524222
524542
525249
525481
526900
526941
527437
529795
530862
531053
533000
533789
534447
535838
535929
537170
538133
539294
539410
539446
539813
540226
540247
541689
543323
543558
543683
544281
544950
545865
545914
545944
545984
547162
551446
552846
554234
555753
556062
556301
557170
557390
557579
558641
560047
561468
562198
563483
564686
565124
565260
565366
565526
566090
566403
566531
566577
568454
569912
570060
570069
571211
571753
571913
572139
574109
574409
574634
574696
575459
575782
579132
580132
580829
583460
584447
585939
587069
589209
589776
590487
591864
592647
594535
598262
599061
599725
600173
600365
600388
600407
600607
600652
601640
601900
602111
602580
602814
603391
606450
606922
607784
607833
609224
611740
612824
612915
615217
615243
615725
616689
616767
617993
618438
619880
621175
621358
622371
623313
623370
624828
625483
625753
626395
634638
636458
640694
648052
655970
657706
660059
662370
665395
675569
681537
684785
686919
696493
697152
703679
705461
711253
711308
711515
717621
724438
725052
731934
734723
738892
739860
743412
747446
747908
748250
749246
749307
751640
752568
756582
759265
761559
764005
768326
770357
771232
772456
773331
776007
776250
777319
777555
778462
779732
787826
789110
794594
794611
801580
807828
814129
814744
817898
819320
819859
820248
822437
825378
828400
828612
830534
833102
835363
836316
836821
836943
839435
839577
840115
842057
842941
845965
847660
848540
849076
863705
864534
866385
868830
869078
869865
873063
874128
874734
875023
875601
875750
875771
876768
879166
880018
880558
881192
881500
881579
885531
886899
888764
889462
889954
894249
895023
896272
896367
897112
898005
898398
898484
899949
901011
903230
904661
904975
905873
906775
907465
907616
907996
909658
909799
910897
911241
914109
915181
917858
921598
922589
922899
923982
925187
932374
937696
943482
945563
949334
949568
949782
950781
951420
953133
953733
954109
954307
956341
957354
957469
958765
958863
959573
959654
961140
963615
965178
965780
965907
967128
968700
973987
975449
976383
978617
981371
983577
985441
985590
986410
986779
988614
988692
989745
991720
995860
996211
998545
998827
1004644
1005793
1006301
1006775
1007975
1008663
1014685
1015768
1020488
1021208
1027704
1029987
1030880
1031126
1031992
1034094
1035023
1036452
1037482
1037646
1037693
1039029
1039589
1040391
1042285
1046200
1047955
1048011
1049071
1049074
1049835
1051361
1052000
1052089
1053227
1054006
1055920
1056600
1056892
1058036
1058591
1060608
1061637
1062852
1063037
1063883
1064726
1066253
1069144
1075258
1076336
1076634
1080244
1082751
1086014
1088150
1089409
1090258
1090818
1090866
1092210
1093004
1095220
1095268
1095891
1098455
1099079
1099219
1101017
1101226
1103089
1103163
1103450
1105926
1108055
1112194
1112722
1113856
1115729
1121384
1122125
1124305
1149848
1152667
1153214
1158336
1159102
1160216
1160568
1162320
1163691
1163901
1164112
1164320
1166148
1166433
1166534
1166865
1168652
1168767
1171591
1172049
1173969
1177060
1177312
1178332
1179263
1180756
1184199
1185433
1186493
1190088
1192820
1193320
1193606
1193925
1196398
1196697
1197850
1197856
1198352
1199522
1205586
1206265
1208199
1215832
1215974
1216276
1217183
1217916
1221464
1221607
1221907
1223164
1225265
1228206
1232057
1233160
1234287
1234306
1235962
1237545
1237605
1238217
1238732
1245019
1246442
1246576
