101583
104122
105447
106541
107536
107724
107981
110527
111901
114621
115133
116183
117305
117978
119781
124558
128096
129652
129865
130260
132873
133955
134956
135206
136196
136453
138455
138874
139918
140050
142933
144573
145163
145232
145921
146680
147839
148673
149005
149358
151025
151984
152024
152438
152472
154529
155384
156003
156305
157025
157480
157880
158715
159875
160985
162835
165303
165583
167292
167694
168139
168850
170122
171338
174204
175030
175380
179122
179210
179452
180580
180587
181447
181780
182205
183042
184407
186353
186567
188028
188603
189356
190081
190264
192454
195818
197888
200165
200531
200739
201704
201774
203896
205440
205463
206396
207999
208980
209827
210342
210834
211249
213894
214134
215571
217456
218904
219557
220140
220201
221812
222546
223124
223127
223769
225250
226572
228137
228227
228721
228989
231223
232475
232647
232780
236355
236652
236991
238099
238407
239137
240070
241363
242041
242990
243151
244484
244703
244914
245375
246504
247595
248818
249298
249703
249736
251775
252176
252240
252539
252829
253259
255353
257146
259005
261750
263990
265832
266313
268398
271745
272184
274391
274448
275813
278121
279304
281388
282341
283101
283553
284704
284718
284937
285067
285334
285727
286184
286472
286712
287958
288519
289512
289967
290854
292349
293878
294538
296054
296144
296844
297198
301949
302336
302783
303113
303182
303544
303666
305397
305919
305943
306111
306568
307920
309534
310142
310821
311290
312682
312694
313531
314494
315486
316037
316044
317110
318998
319166
319251
319861
319952
320493
320951
321153
321563
321596
323165
323487
323823
323850
324387
325191
327099
327617
327935
329954
330960
331746
332928
333465
334092
334513
334595
335124
335408
335616
336239
336347
337232
338748
338862
339517
339771
340494
340857
342631
343037
343860
344568
345366
348211
348456
349038
349175
349914
350268
351983
352286
352441
353700
354157
354817
355592
355952
356857
357076
357585
357905
358113
358261
358583
359239
361105
361274
361353
361476
361928
362574
362946
363069
364512
364589
365229
366154
366496
368040
368055
368753
370185
370453
371146
371163
371266
371346
373276
374935
375355
375751
377062
377348
378081
378687
378982
379116
380495
381568
382597
383055
383544
384337
384399
384624
386178
386287
387117
387599
388401
388509
389914
393927
394153
395357
396610
396903
397222
397717
398295
399636
400827
402013
402039
402629
403119
404286
404419
404674
405080
405113
405252
405963
406180
406490
408070
408730
409229
411179
411622
411697
411832
411990
412751
412807
413232
413942
414915
415771
416480
417739
418357
418716
419686
420381
420925
421226
421479
422630
422794
423513
425600
426036
426099
428185
428778
429282
429896
430340
431374
431711
431713
431759
431767
432460
432571
432893
433733
435267
436538
438350
439351
440297
440557
440904
442907
443448
444007
444381
445611
446067
446165
446290
446458
447627
447692
448629
449959
450466
451572
451772
453626
454311
456150
456648
458452
459236
460048
460069
460608
461439
461473
461604
462236
462415
463380
463601
466365
468001
469008
469551
471279
475913
477100
477290
480106
480332
481113
482037
482982
483021
484956
485828
485986
486113
486598
486768
486808
487727
488325
488731
488875
489487
490250
490873
491031
491979
491988
492286
492396
494428
494474
494628
494647
495498
495577
495748
496421
496799
497481
498041
498485
498581
501079
502230
508716
508777
510761
511451
511908
512350
512746
512805
512934
513590
513739
513933
514356
514643
515936
516033
516806
518763
518888
519415
519498
520405
523772
526524
527508
529492
529543
529566
531887
532288
532366
534476
535603
535690
535711
536284
536673
536998
537065
537265
537392
537653
537965
538304
538455
539350
540322
541009
541311
541883
541950
542913
543298
544080
544269
545295
545300
545570
545785
546376
548152
548299
548681
548976
549386
551714
551992
552096
553406
555882
555991
556559
556676
557623
558271
560438
560803
561892
562287
562572
562693
562740
563672
563848
563875
564203
564954
566436
566775
567149
567223
567840
568233
568382
569180
571013
572243
572608
576281
576610
577207
577640
577668
577867
578537
578876
579243
580605
582194
582695
584282
585469
585525
585615
588525
588694
589169
590436
592464
592804
592916
593122
593807
595004
595455
595606
596702
596761
597907
598052
599293
600135
601677
601993
602068
602261
602687
603359
603598
605982
606579
606679
607017
608531
609685
610037
610554
612284
613217
613501
615032
615562
615790
615811
619042
620265
621412
621494
623887
627027
633611
635247
641965
650011
656898
658691
659198
662750
669659
673368
678781
682613
686116
687794
688975
691495
693193
693534
696577
698237
699737
700038
701944
705311
713513
714360
716050
733528
733873
734691
734827
735749
738677
739512
741582
743180
744506
746592
751399
755144
755984
756427
757296
758819
761744
766612
769024
771641
771666
772088
773468
774114
774914
777174
779222
781095
783674
786590
787888
788604
796358
797590
800950
801364
804295
805211
809838
810644
813900
821181
824284
825190
825838
827055
827856
829012
829307
830520
831456
832272
832438
832733
833255
834871
834995
837378
837578
838361
846324
849340
863491
866455
866696
866758
868054
869320
869786
870068
870977
871644
872120
872317
872971
875163
876096
877522
880747
880786
881068
881324
881628
881860
882421
883810
884179
884298
885100
885287
885967
886879
886947
887157
889372
890522
890626
892980
893157
893939
894187
895081
904747
905114
907021
908547
909626
912110
912544
912919
914488
914678
914853
920759
921280
922536
922689
924203
925898
929414
930557
931577
931934
933793
935817
936719
936974
937404
939722
940381
941809
942640
944457
944595
944856
946912
949140
949836
956265
956580
956686
957143
957803
958904
963894
966894
967557
967609
969405
970595
970623
971139
971965
972938
973557
973860
975212
975696
975746
976796
976826
977704
977832
978084
978226
978356
978400
979173
980992
981625
983326
983947
988747
989892
990425
996122
1000882
1001158
1005206
1005407
1005572
1007139
1010656
1010794
1011599
1012796
1014298
1014576
1015632
1016026
1016246
1016974
1017280
1017563
1018026
1018465
1020474
1020586
1020966
1022598
1025140
1025779
1029914
1030345
1030370
1030778
1031427
1032905
1033011
1033353
1033424
1033731
1034531
1034610
1035622
1036948
1040251
1041024
1042722
1044348
1044697
1045275
1048291
1049330
1049902
1050325
1051945
1052581
1052762
1055690
1057396
1058826
1059635
1060391
1063103
1063450
1065479
1066872
1066878
1067131
1067387
1067564
1067863
1069723
1070399
1071032
1071120
1072252
1073556
1074042
1074416
1074510
1074673
1076513
1077913
1079768
1081026
1081866
1081922
1085992
1089611
1093430
1096439
1096766
1098635
1098705
1099716
1102129
1102739
1105090
1106512
1107665
1108657
1111293
1111577
1111712
1111959
1115529
1121044
1127399
1135742
1155422
1156974
1157303
1158650
1158916
1160628
1164032
1165940
1169908
1170319
1170504
1170991
1173035
1173138
1174346
1177724
1179295
1180032
1180476
1181279
1188868
1190770
1192624
1195348
1198151
1214200
1214469
1216889
1220333
1221526
1225140
1233480
1239584
1240896
