100169
100194
100577
100945
101105
101205
101392
102475
102550
103977
104231
104345
105649
106150
106186
107874
108765
108927
108938
109144
109363
109498
109551
109572
109730
110899
111061
111303
111432
111939
112006
112013
112041
112511
113699
113797
114176
114666
114811
114886
115511
115526
116116
116388
117249
117669
117757
117790
118478
118554
118560
118606
119510
120734
120954
120966
121128
121730
122407
122433
122466
123290
123642
123777
124132
124396
124681
124732
124913
125348
125576
126006
126231
126426
126566
126662
126667
127111
127136
127536
128737
128896
129105
129390
129670
130464
131208
131348
131514
131554
131572
131823
131834
132014
132346
132641
132721
132722
132739
133022
133113
133892
133917
134691
134917
137090
137233
137581
137677
138058
138170
138395
139038
140234
140578
140784
141181
141196
142870
143116
143234
143382
143668
143988
144009
145215
145566
145592
146201
146540
146585
146720
147333
147896
148775
149020
149886
151353
151702
151793
152266
152992
153200
153656
153850
153963
153970
154066
154184
154248
154647
154890
155231
155748
155907
156096
156121
156490
158554
158671
159219
159506
159564
160378
160728
161919
162148
162402
162567
163470
163620
163869
163934
164225
164308
164525
165076
165145
165324
165402
165690
165785
166799
166992
167298
168799
170293
170777
170884
171039
171090
171103
171206
171222
171287
171615
171795
171799
172406
172560
172838
173319
174236
174525
175183
175203
175450
175847
176488
176713
176750
176862
177045
177531
177933
178315
179113
179185
179724
179792
181027
181421
181626
181639
181657
181796
182535
183178
183482
184251
184502
184841
186801
186884
187833
187930
188309
188482
188588
188933
189419
189637
189720
189769
190868
191307
191747
192445
192516
192763
192901
192911
193056
193469
193470
193677
193796
193807
193943
195200
195211
195384
195757
195864
196174
196232
196293
196540
197201
197219
197957
197968
197985
198355
198410
199616
199769
199984
200391
200907
201118
201127
201410
202124
202371
202674
203487
203563
203740
204046
204208
204288
204391
204400
204431
204765
205515
206349
206416
206676
206905
207177
207287
208332
208744
209659
209677
209988
210484
211111
211447
211749
212097
212231
214086
214303
214517
215324
215374
215782
216064
216979
219957
220521
221102
222403
222650
223161
223458
223493
223729
224478
224509
224522
225614
225706
225811
226621
226924
226985
228020
228538
228704
229546
229711
229768
230094
230940
230980
231687
231893
232439
233042
234017
235209
235297
235462
235596
235783
236344
237437
238161
238423
238481
238881
239129
239422
239503
239835
240151
241230
241558
241673
242569
242607
242913
243592
244198
244827
245076
245493
246255
246299
246323
246715
247077
247209
247730
248530
249000
250022
250176
250397
251002
252184
252901
253230
253734
253778
254208
254830
254849
254873
255198
255686
255913
255954
256540
256697
256735
257663
257995
258366
259756
259881
261061
261367
261722
262090
262442
263042
263882
264151
264687
265350
265739
266150
266648
267947
267956
267994
269732
269906
269982
270220
270966
272307
272583
273214
273854
273864
274409
274657
274894
274953
274971
275025
275835
276667
278763
279676
280156
280498
280575
280693
280850
280880
281256
281882
281890
281971
281988
282269
282726
282802
284023
284033
284050
284177
286215
286306
286321
286753
286932
287042
287131
287490
288466
289246
289747
290405
291345
291553
291564
291899
291944
292246
292347
292710
293965
293992
295823
296038
296181
296343
296818
297354
298245
298450
298742
299627
299907
300145
300649
301157
302471
302619
302709
303422
303934
304012
304157
304346
305003
305516
305651
305678
306030
306607
307536
307559
307874
307966
308273
308695
308900
309153
309348
310155
310220
310380
311714
312955
313887
313925
314253
314647
315139
315575
315631
316412
317027
317424
317586
317884
318245
318265
318322
318339
318886
318956
319299
319309
319895
320316
321180
321182
322156
322922
323034
323618
323804
324206
324352
324362
325309
325354
325831
326190
326234
326483
327015
327138
327358
327554
327610
328019
328376
328876
329819
330072
330084
330312
331165
331247
331412
331420
331448
332286
332348
332719
333577
333674
333899
334330
336005
336514
337358
337743
338405
338409
338798
339905
340253
340456
341023
341166
341341
341648
341716
342442
343202
343449
343694
343754
344797
345624
346245
346406
347169
347476
347568
348948
349360
350143
350390
350978
351013
352465
352527
352975
353991
355520
358021
358701
358932
359007
359219
360284
361047
361384
362310
362516
362814
362989
363405
364367
364671
365037
365174
366008
366033
366522
366525
366803
366974
367139
368030
368080
368495
368517
369285
369539
369654
369769
370111
370988
371456
371519
372038
372183
372638
372863
375108
375535
375633
375772
376147
376532
376854
379139
379459
380333
381069
381307
381808
381915
382427
383170
383617
383964
384073
384261
384267
384801
384851
385319
385630
385880
385979
386750
386756
387239
387373
387459
387532
388202
388392
388634
388739
388801
389285
389628
390982
391139
392301
392504
392937
393980
394148
394811
395270
395384
395817
396894
397272
399427
399468
400253
400788
401190
402831
403445
403598
403759
404019
404347
404358
404367
404882
405267
406484
406987
406989
407141
407270
408382
408799
409613
409846
410111
410397
410425
410921
411215
412740
413540
414076
415088
416219
416537
416795
416890
416959
417444
417954
418371
418585
419033
419473
419944
421796
422261
422530
422871
422933
423811
424597
424865
425954
427096
427250
427283
427921
428189
428273
428547
428604
428820
428931
429092
429537
429617
429826
429959
430695
432122
432305
433538
434342
436583
437259
437458
437932
439034
439087
439171
439383
439825
440622
441144
441225
441660
442178
442570
442697
443070
443117
443152
443262
443618
443780
444410
444898
445147
445481
446043
446533
446830
447011
447140
447204
447321
447658
448585
449016
449529
450524
450548
450623
450731
450776
451204
451363
451458
451854
451897
452092
452308
453193
453834
454907
454965
455425
456219
456538
456884
457077
457399
458101
458323
458615
458921
459204
459345
460550
460711
460915
461163
461324
461624
461991
462697
463507
463711
463969
464331
464781
465110
465158
465285
465370
465591
466084
466468
467022
467169
468241
468396
468493
468745
468749
468837
469924
470065
470636
470752
470774
471267
471628
471775
472370
472871
472947
473077
473727
474006
474048
474505
474566
476566
476658
476721
477692
477808
478470
478823
479114
479256
479549
480366
480782
480899
482531
482649
482740
482761
482921
483161
483490
483533
484328
484493
484669
485101
485876
485938
486050
486628
487104
487374
487513
488638
489886
490024
490096
490190
490282
490823
491395
491767
492137
493464
494444
495544
496238
497021
497131
497239
497772
498334
498613
498969
499303
499532
499748
500206
501269
502397
502923
503081
503187
503202
503538
503765
506129
506206
506588
507605
507933
508067
508618
509001
509879
510635
510669
511109
511112
511464
511747
512483
513907
514044
514478
515602
515636
516402
516505
516578
516890
517461
518075
518759
518800
518902
518914
519045
519290
519383
519469
519472
519593
519679
519718
519802
520041
520267
520508
520719
521982
521986
522268
522815
522905
523099
523356
524775
525118
525481
525897
526047
526399
526887
526976
527150
527677
528008
528271
528415
528558
528700
528757
529761
529783
529805
530240
530254
531053
531565
531729
532387
532781
535047
535243
535249
535306
535413
535449
535454
535929
536398
536487
536861
536971
537573
537872
538091
538133
539324
539399
539737
539741
539813
540071
540247
541162
541177
541985
542448
542576
543430
543958
544248
544498
545368
545406
545914
545944
546140
547328
547660
548830
548866
549038
550156
550293
550602
550893
551179
551221
551420
551892
552282
552903
553151
554300
554519
554521
554586
554880
555013
555062
555151
555398
555653
555714
555753
555942
557390
557579
557636
557816
557871
558440
558641
559419
559504
559713
561354
562015
562434
563799
563868
563904
563916
564071
564110
564233
564995
565802
565955
567321
567466
567923
567971
568646
568859
569472
571020
571874
571913
572013
573126
573223
573259
573393
573519
573753
574168
574649
574988
575459
575827
576241
576608
577442
577768
578147
578192
579353
580384
581051
581841
582842
583711
583933
584082
585291
585524
586193
586233
587093
588412
589104
589952
592001
592015
592510
593782
594027
594310
594535
595043
595081
596217
596222
596875
597442
598334
598679
598886
598989
599061
599725
599919
600388
600449
601148
601640
601900
601965
601992
602293
602457
602580
602583
602997
604098
604159
604433
605153
605523
606450
606626
607089
607453
607784
607833
608651
609205
609319
609712
609743
612288
613642
613855
614220
614286
614909
615217
616594
616635
616689
618347
618550
618634
619437
619463
620486
621358
621627
621738
622174
622465
623192
624122
624174
624519
624769
625462
625577
625637
626070
626343
626543
626865
628778
629549
630502
630663
631244
631975
648052
651029
652134
654290
655399
655970
657257
658355
660497
662972
665377
665673
670260
671210
674245
674374
688849
691435
691791
697228
698499
703679
704970
709764
715934
716317
716607
717621
719359
719763
724230
725594
728228
729550
730007
732267
733800
733909
734173
734723
737878
740685
741223
741466
741769
743110
743388
747540
747719
748250
748989
750685
751056
751571
751640
752568
752960
753107
754715
754789
756804
756866
756895
757634
758197
759495
762412
762727
763292
763690
766708
767197
770844
771071
772616
773493
774498
776007
776250
777319
778493
778698
778982
779569
779663
780196
781302
782330
788247
789110
789650
790583
790704
791569
794611
794978
795345
797767
798749
798831
798930
802709
803292
804528
804991
805164
805459
808909
810018
811153
811620
811951
813375
814206
815145
815803
815942
816003
818643
819522
821001
822185
824083
825189
825683
826897
827281
827712
828865
829305
829768
829769
829902
830180
830201
831848
833153
834534
835212
835256
836316
836821
838612
839184
840183
842240
842941
845601
849063
849812
860385
863202
863786
863993
864313
864345
866079
866133
866385
866495
866805
866982
867149
867654
867960
868148
868830
869208
869888
870253
870293
870803
871314
871822
872222
873535
873625
876389
876768
877676
878626
879166
879598
879803
880760
881614
881662
881754
881911
882335
882757
882841
882864
883978
884749
887080
887891
888764
890028
890216
890276
891055
892083
893080
893091
893459
894695
895314
895405
896272
896576
896583
897071
897105
897326
897762
899601
899949
901075
901658
901879
901900
903640
904633
904772
904975
905016
905059
905482
906631
906775
907866
907965
910027
910238
910334
910897
911227
911256
911614
911665
911887
912460
913577
913899
915181
915555
915967
916148
916237
916245
916300
916702
917858
918021
918264
919731
920439
923982
927343
929267
929431
930421
931376
932650
933342
934189
935003
936000
937332
937394
940354
940505
941543
941598
942376
942629
942775
942830
943036
945414
945455
945563
946068
949029
949568
949779
950091
950184
950781
952954
953088
953343
953668
953733
954307
955120
956184
956307
956341
956935
957354
957393
957469
957568
957917
958036
958178
958314
958611
959383
960142
961444
961599
963615
964485
964558
964915
965015
965135
966445
968493
968700
969445
970654
970798
970916
971686
972165
972627
973691
974417
975853
977640
978950
979056
979998
980613
980754
981371
982164
983266
983313
983635
984204
984430
984672
984812
985590
986629
986807
987750
988004
988859
988971
990729
991720
991727
995311
995513
995860
997085
997149
998061
998202
998545
999326
1001489
1001617
1003498
1003499
1003518
1003675
1004718
1005793
1006767
1007022
1007975
1008376
1008413
1009010
1009912
1012882
1014033
1014685
1015043
1015526
1015669
1017324
1019250
1019603
1020976
1024511
1025065
1025942
1027704
1028470
1029114
1030391
1030971
1031992
1033497
1034014
1034094
1034599
1035268
1036212
1036275
1036452
1037482
1037646
1037809
1038036
1039101
1039138
1040091
1042524
1043083
1043574
1043765
1044582
1045188
1046200
1047905
1047955
1048011
1048125
1050031
1052000
1053657
1054084
1054525
1054887
1055101
1055143
1055196
1055722
1056218
1056909
1057511
1057667
1058491
1058591
1058725
1059674
1059922
1060124
1060821
1061200
1061637
1061879
1065517
1065879
1066512
1067245
1067573
1068315
1068923
1070303
1070333
1070408
1071008
1071135
1071450
1072489
1072676
1072832
1072966
1073088
1073977
1074015
1074343
1075341
1076514
1076586
1077089
1080578
1084524
1085088
1085622
1086230
1086698
1086750
1086983
1087105
1089775
1090057
1090194
1090537
1090818
1092043
1093208
1094567
1095891
1096332
1096379
1097861
1097881
1098547
1098836
1099079
1099947
1100710
1101214
1104105
1104212
1105168
1105632
1105926
1106200
1106273
1106790
1107189
1107636
1107772
1108350
1108477
1108766
1109096
1109186
1109301
1109653
1110029
1110811
1111303
1111362
1111411
1111436
1111553
1112122
1112698
1113092
1113196
1120037
1121072
1121094
1122125
1123126
1124305
1124706
1133586
1134150
1138473
1149541
1151413
1152207
1152333
1152434
1156090
1157017
1157557
1157721
1158336
1158947
1159705
1160093
1160772
1161198
1161290
1161524
1161856
1161862
1162167
1162191
1163180
1163690
1163691
1163724
1164724
1165807
1166148
1166395
1166687
1166865
1167207
1167436
1167617
1168051
1168334
1168767
1169281
1170356
1171227
1171591
1172049
1172598
1172843
1173099
1173669
1173969
1174484
1174500
1174591
1174695
1175608
1176241
1176487
1176947
1177312
1178029
1178802
1178872
1179263
1180497
1181464
1183011
1185896
1186173
1187402
1187758
1188579
1189171
1189589
1191106
1191417
1192512
1192820
1193469
1195165
1196629
1196697
