112511
115679
121730
124101
124464
130752
132014
138187
146201
165109
173319
193677
201396
202754
209827
223493
236773
238407
238581
238881
272184
272307
275134
275928
298548
300175
302871
306906
313291
335616
339524
343860
344415
366154
368055
369391
389258
389312
390756
392937
392994
396903
397075
406630
418229
420381
436333
443015
473727
477056
479253
479256
514478
521837
539813
543323
560724
565546
580533
606450
626543
684785
816697
836821
902830
923928
935624
955150
964485
965326
1063103
1111362
1164265
1198475
