103814
112161
112570
114995
119454
122926
123499
143054
146720
147071
156268
159450
168139
169218
175866
176216
178786
178813
180172
180990
184077
184251
185183
186567
187554
188028
200531
200726
201315
203556
205866
207002
207585
212301
213511
214134
214517
218865
220407
222650
225015
228092
237313
238828
239137
239503
244024
244350
246306
247754
250481
252641
252829
253296
257982
258405
258523
259627
263293
263990
270435
272301
273694
275025
278763
280320
283553
284718
289392
289668
297420
301949
301985
302783
308900
315579
322776
323051
328019
332928
334634
335481
336239
339505
339664
347516
348255
348261
349811
350143
351013
353820
354392
361047
370455
377445
377790
383805
384261
386149
387325
392706
407802
411179
412751
415502
416219
416795
418129
427779
428202
429680
429858
432034
432750
443524
447981
448392
453671
455008
455551
456892
457287
461473
464519
466075
469254
469896
470752
471775
476814
477290
479754
483402
487513
488635
491004
503126
504949
505859
509465
516827
518902
519499
520521
521191
521461
521885
522636
525815
526088
526457
528700
535413
535891
550546
553406
553817
553957
556676
561082
563064
564777
565366
565672
567649
570112
572243
574634
574757
580605
581812
584282
584447
588268
597738
615661
619437
621645
622586
625006
626426
634000
656645
673368
674222
687794
711341
716869
719340
725052
733528
745257
746592
747609
751399
752203
752568
753150
755674
768575
772088
776007
782330
794248
795820
815881
842240
845961
847693
866723
870078
880747
880954
887722
890276
894187
898005
899645
902225
903824
908778
923888
934154
938866
948196
953725
954307
956341
956708
963615
964774
971686
971894
973439
973928
978356
979830
980613
987750
989029
991720
992130
992541
992717
993844
994564
1007975
1008376
1014565
1014685
1014979
1024987
1028864
1033353
1036452
1036736
1037646
1045705
1047955
1048011
1052503
1052696
1054887
1057307
1059343
1060391
1060608
1066859
1068707
1082751
1082865
1088642
1091761
1098099
1098732
