100351
101389
101749
102086
102375
103814
104231
104749
105047
105126
105649
105843
106319
108294
109572
109767
110073
110899
111209
111342
112235
112511
113036
114666
114932
115438
115809
116257
116517
118234
118364
118478
118554
118946
120286
121147
121408
121437
121730
121796
122926
122976
123517
123777
123801
124464
124500
126059
126249
126619
127960
129318
129415
129757
130053
130188
130366
130555
130571
131208
131406
132014
132253
132722
132763
135030
135736
137163
137677
138170
138707
139064
141815
143182
143238
143382
145017
145215
145422
146032
146201
147410
147896
149318
149428
149797
149886
149963
150817
150825
151216
151873
152033
153731
153850
154132
154570
156096
157172
158639
158972
159399
159748
160378
160791
161156
162190
163810
163869
163984
164593
164738
165402
165496
166524
168956
170035
170131
170162
170884
171287
171393
171664
172938
173319
173528
173876
174942
175183
175222
176112
176262
176750
176752
176862
178285
179416
179727
180223
182361
184756
186832
187229
187833
188588
189769
190458
191293
191857
192455
192516
192911
193677
194469
195197
196577
197627
197778
198355
198548
199984
200047
200862
200898
201118
201396
202996
203511
204034
204764
205866
207002
207829
209608
210484
211109
211458
213109
214066
214177
214303
214517
215060
215374
215849
216732
217351
217829
218198
218739
218865
220407
220889
221670
222020
222416
223109
223517
223739
227452
227628
231893
235783
236040
236154
236164
237374
238828
238857
238881
239503
240766
241558
242200
242569
242913
244024
244049
244198
247851
249024
249740
250963
251002
251365
252287
253734
253781
254153
254661
255031
255198
255262
258194
259650
259705
259927
261223
261240
262409
262442
264687
264938
265739
266265
266879
267343
267956
271553
271779
271915
272097
272307
272651
273229
273864
274132
275928
277744
278811
280452
280745
280966
281894
281988
283278
285144
286321
287042
288098
288842
289246
289833
292347
292878
292885
293040
293771
293992
294109
294115
295143
295265
295458
296343
296815
297431
298245
298548
299926
301872
302709
302871
303213
303403
303696
304857
305419
305678
306906
307173
308900
309127
309153
309563
309886
310576
312256
312856
312870
313472
314138
314228
314356
314647
316042
316368
316859
317586
318075
318300
318677
318895
318927
319870
320151
321172
321909
322387
322520
322776
323051
323601
324352
324985
326483
326935
328721
329506
331420
332121
332665
333036
334185
335224
335334
335400
335544
335918
336247
337531
337630
338288
338762
339428
339524
339606
341582
342546
343189
343805
343968
344415
344630
345624
346427
347220
348261
348322
349380
350143
350390
350498
350732
351569
351686
352703
353299
355676
355838
356945
357309
358021
358199
359007
361281
361488
361977
363093
364658
364948
366033
366561
367477
369206
369285
369391
370988
371498
371575
372049
373616
374365
375104
375587
375617
375663
378092
380309
380881
381774
382043
382117
383508
384238
384261
384542
385880
386245
386800
387297
387635
388905
389285
391425
391758
392932
393967
393980
394026
396547
397035
398410
398935
399087
399107
400253
403177
403729
403759
405901
407237
407242
407638
409547
410175
410508
411591
412173
412666
412959
413148
415967
416219
418074
420571
421395
422151
423611
424318
424865
425424
425686
425954
427096
427250
428148
428720
428816
430160
430438
434667
435797
436127
436333
443015
446397
447204
447321
447717
448392
448590
448664
449038
449358
449488
449584
449890
449925
450950
451511
451909
452331
453193
453338
453834
454219
454796
455425
455749
456750
456892
457002
457591
457691
457914
457924
458098
458254
458921
459070
459933
460889
462055
462181
462727
463016
463030
463433
464208
464482
464519
465308
465462
466214
466937
467667
468467
468551
468661
468797
470042
470065
470255
472673
472871
473266
473727
475865
476566
477413
477616
477918
478530
479087
479114
479246
479256
479332
479346
479392
480524
481388
481954
482018
482512
482622
482649
482999
483545
485101
487176
487513
487798
487885
490090
490112
490190
490523
490673
490737
490872
491168
491721
493372
493713
494444
494592
496323
498225
500777
502111
502161
502556
502869
502999
503081
504102
504114
504984
505482
505859
505960
506159
506580
506632
507835
508101
508797
509835
509864
510479
511024
511569
511792
511956
513054
514478
515901
516229
516578
517175
518075
518488
518762
518902
519137
519306
519327
519469
519885
520071
521183
521461
521549
521894
521982
522851
522905
523273
524408
524910
525249
525386
525889
526457
527061
527677
528367
528799
529466
529911
530139
530327
531053
531554
532007
532233
533159
534267
534619
535243
535831
535929
536398
536669
536890
538133
538928
539446
539572
539813
540247
540251
540942
541799
542084
543354
543558
543563
543676
544003
544077
544498
544528
545598
545605
545944
546757
548180
548219
548830
548866
549038
549659
550646
554521
554567
554667
555013
555398
556628
557170
557306
558639
559024
560369
561468
562473
562620
563064
563375
565366
566577
567280
567395
568128
569912
570365
571913
572265
574409
575118
575459
575625
576267
576902
578147
580132
580153
583460
583606
584447
584495
585130
585524
585694
588437
588688
589776
589952
590237
592027
592135
593390
593459
594027
594239
594535
596160
596217
596414
596463
599789
600505
600867
601732
602580
602814
604098
605409
606283
606450
606632
610292
610394
610403
610931
611717
612082
614220
615217
615263
615300
615324
616308
618311
618779
619437
619810
620425
621175
622396
623370
624070
626176
626547
630037
631244
634282
640895
644203
648052
649774
651982
653292
660059
665395
665738
666430
667314
667778
668770
673938
674245
674344
675569
681522
682101
684214
690298
696339
697228
704970
707702
711515
714981
716607
717186
721553
722159
725674
727026
727356
727526
728035
734639
736844
738557
741223
741648
742430
742968
743629
745567
747609
748119
749038
751640
752586
754357
754776
755525
756582
758478
765146
765948
769158
769777
770844
771232
775182
776250
777046
777319
777457
778695
780132
780709
782166
783906
790376
794611
794701
801187
804972
809376
810769
811153
817595
819320
821338
825189
825311
827637
829305
832297
833102
836821
837997
840115
841409
841680
842240
842941
844499
845834
845965
849812
860435
863109
863427
864033
864313
864534
864607
866133
866370
866385
866723
868477
868750
868830
870078
870255
872222
872398
873763
874591
875601
875771
876067
880018
882335
883978
885828
885861
888035
889391
889405
889830
890020
890141
890874
891167
892875
892889
894344
894543
895023
896272
896444
897112
898398
898564
899080
901480
902785
903197
903493
903506
904975
905968
906775
907616
907866
908872
911071
911734
913577
913787
913899
917858
919805
920662
921598
922413
923572
923982
924624
926951
927894
932023
932374
933632
934224
937394
938584
940391
943376
944118
944339
945273
946836
949285
950022
950781
951823
953088
956000
957354
957568
960146
962012
962847
963615
964915
964983
965326
966582
967280
967612
968700
970021
970153
970359
970473
970654
971992
972937
973987
974145
974216
975187
976749
979457
979497
979743
980453
981371
982129
983291
984430
984803
985441
986878
987153
988692
989289
989745
989826
990538
992218
992661
993741
995444
996628
998545
1000572
1003675
1003899
1004644
1005793
1007975
1008376
1010411
1014663
1014685
1015043
1016299
1016570
1016615
1018350
1018702
1022785
1023410
1025285
1028216
1028864
1029318
1029458
1029468
1029514
1029987
1030590
1032233
1034094
1036452
1036736
1037646
1040091
1041694
1042234
1042524
1043138
1043689
1043865
1047195
1047587
1047955
1048518
1048849
1049835
1051070
1051621
1052000
1052302
1053129
1053853
1054548
1054887
1056600
1056623
1057356
1058449
1058725
1061317
1063946
1064200
1067933
1069690
1070469
1070565
1070572
1071254
1071450
1072790
1073539
1073918
1074537
1078414
1080244
1082751
1084769
1085119
1086080
1086117
1086750
1087105
1089040
1089586
1090057
1090258
1091993
1092210
1093614
1095891
1097861
1099079
1100710
1101214
1102832
1103163
1103961
1103976
1106530
1108055
1109348
1110795
1111553
1112122
1113856
1115988
1120715
1121072
1121934
1122125
1124305
1124706
1127403
1133574
1150527
1151811
1152325
1152434
1152604
1153425
1154809
1157432
1159082
1159102
1160888
1161524
1162191
1162398
1163248
1163691
1164608
1165385
1166682
1167207
1167436
1167617
1167855
1168767
1169009
1169277
1169828
1170233
1170356
1171502
1171591
1174695
1175278
1177979
1179792
1180356
1180907
1185332
