109638
113036
126035
126718
130555
131208
136064
137677
138058
148673
149358
153850
161156
173410
179988
180580
181421
184558
192516
195200
197718
199911
204764
223124
223802
228989
231859
236292
237374
245356
266150
282269
287447
293944
295601
296815
303778
303808
303934
305678
309563
309792
310528
312955
313935
316368
317644
319811
321145
322537
323131
325622
327358
330312
335918
336921
338042
338105
338354
339428
339445
339606
343694
343805
344630
351897
352928
353337
356721
357845
357905
359239
361281
361488
365989
368624
371498
371928
375355
380689
383055
383170
386703
390100
390982
392245
393980
399682
401061
404347
408056
408070
412209
419656
422055
423459
424865
433772
435267
436940
439628
442934
445147
445207
445611
446165
446533
447717
448792
459155
459345
462014
462697
463969
464558
465145
466214
467246
468467
470958
472493
475440
477648
478898
480373
484351
488731
491154
492488
499063
500190
500586
504102
507911
509386
510060
510973
511024
511792
522905
523092
523772
524735
525889
529566
530862
532007
533693
533789
535249
535690
536214
537653
543430
543558
544077
544826
545944
546403
552282
555151
555991
556062
558639
558641
559252
560373
560803
562656
563916
566408
570446
575459
579243
584167
588525
589776
589952
594749
595077
599279
602111
606283
610931
613847
615217
615562
616227
621006
624033
638210
653292
700038
703679
708299
734827
740249
759495
761637
773468
776789
780709
794611
805164
818643
819320
822437
824284
838066
864313
866605
867332
871654
872222
876079
876531
880018
881500
898484
903506
912261
914109
919299
935817
939722
940391
949140
949598
949782
955102
956000
956307
964983
970153
975212
976796
988004
988301
992235
1010656
1024526
1031126
1035023
1035440
1044348
1054186
1056892
1058945
1059708
1064257
1065428
1065479
1065517
1069245
1071135
1073949
1074909
1075891
1077899
1080244
1089611
1090057
1091087
1104276
1105782
1107420
1108061
1109049
1111712
1114857
1122125
