109665
112041
113032
113566
115588
118234
119307
122130
122243
130030
132045
132571
134585
137581
141207
146803
151645
153963
154248
156096
156268
165583
167870
168201
172821
177045
180990
188040
192647
197808
200887
201130
204017
204208
204400
207287
214134
215791
217182
218865
220201
220278
224869
225160
232475
236758
238099
239503
244024
247754
250022
250163
256735
258523
260525
263990
269417
272097
274721
278593
278763
280792
283502
287682
288704
294412
294841
296501
303479
305006
306030
308900
317110
318265
319006
320560
333147
341866
344329
344884
348211
349380
350143
350969
362310
363564
370185
376043
377445
378081
379576
381252
384261
387532
394153
399983
404122
404236
407182
413278
413942
414104
415331
418381
419983
421226
423842
426731
428202
431811
439351
443258
447321
451545
456892
458098
458163
458746
462101
464217
468837
470752
482982
484914
492536
494554
495325
497651
503126
505693
513933
517461
518902
519469
519885
521075
521724
522574
525748
526088
535413
535736
535929
536334
537159
541799
544445
548624
549728
552972
556676
557011
559419
559604
561989
562693
563889
564535
571191
572139
573956
581812
587069
588268
591704
595863
600539
602649
605811
609205
613804
616924
618391
619437
621494
622027
622586
625648
674222
687512
735292
739719
742338
742518
744741
749414
752568
772088
776007
783477
786084
794248
795799
804222
836316
847660
849812
874051
874722
880747
881244
886524
893091
896292
899167
900152
903352
904661
904707
904747
905114
905968
911614
912544
922618
931831
963615
964137
964774
965857
971894
977130
983947
987750
990538
994439
1001550
1006729
1007975
1008376
1011163
1014685
1014979
1015043
1016172
1019250
1019604
1020711
1027715
1030880
1033353
1033731
1034093
1036452
1045705
1051621
1052503
1054006
1054887
1056014
1057307
1066548
