112235
119510
121147
129151
130366
131208
137806
139113
140480
149358
153850
154982
163776
169564
171222
192516
195200
197718
200391
206077
212139
213554
220554
250530
252606
266150
268112
270517
284519
287490
288039
293992
295084
295601
303778
305678
309563
309792
312682
314587
316309
316368
319231
321672
324352
339428
339905
352928
354157
358021
361281
361488
366033
366986
368624
371498
371575
374468
380689
383294
384122
401082
404347
405901
407141
408070
409690
424865
428651
431913
445147
447627
454083
454219
454323
459070
461997
462697
464605
465591
466214
468467
472493
475440
477413
477648
480373
481388
481424
489057
489886
490250
492488
499712
500929
502470
504102
507911
509386
509785
513268
513590
515406
523602
523672
526524
532233
538455
545605
545944
549038
549424
551013
552282
555151
555991
558641
565260
566090
566225
574836
575459
578290
578537
589776
589952
595077
597071
600135
600263
615217
616767
624033
691495
699737
715453
727906
738717
780709
794690
819320
824284
844055
864313
866670
870598
874430
881847
886814
891055
902784
903506
912374
912494
927307
930557
932953
936974
937357
939722
955102
956307
973987
995709
1010844
1029886
1032078
1035023
1035567
1040011
1044348
1062047
1066878
