100743
101796
101912
103438
104293
104626
105649
105661
108163
108209
109638
109767
112044
112935
113036
114995
115022
116517
116969
117321
117790
118234
118478
120771
121729
122130
123035
123517
123949
124396
124464
124681
126035
126718
127111
128859
129071
129289
129318
129757
130464
130555
130996
131208
131862
132253
132483
132519
132722
132763
133438
133917
136064
137677
138058
138170
138325
139038
140121
140387
140566
142145
143017
144164
144206
144834
145614
145974
146201
146720
147391
147896
148475
148601
149318
149886
151702
153656
153850
153943
154132
156096
156366
157246
157310
159183
159369
159399
159554
160153
160892
161156
161742
161748
162567
163869
164382
164593
164738
165402
169205
170102
170884
172406
172679
173181
173319
173410
173977
174917
175596
175869
176750
176862
176911
177045
177451
179750
179988
180223
180625
181421
182311
183398
184558
184791
185126
185156
185215
186758
186815
188309
190168
190868
190942
192455
192512
192516
193677
193807
194469
195200
196296
197718
197985
198355
199673
199911
200887
201118
201127
201438
202307
202323
203819
204009
204431
204764
204821
204886
205401
205800
207233
207287
208708
210492
210955
212022
212581
215267
215374
217351
219957
220439
222000
222204
222426
222499
223802
224646
226049
226924
226985
227947
228171
229732
231687
231859
232029
232785
233328
234017
235297
236292
237374
237682
238581
238857
238881
239392
239503
239730
240557
241017
242569
244024
244198
244827
245072
245141
245356
247730
248530
249000
249024
249302
249457
249608
251002
251307
253327
253466
253734
254395
254815
254986
255198
256884
257024
257398
258366
258635
259907
261215
261223
261761
263245
263293
263706
264679
265005
265739
266087
266150
266716
267648
267798
267956
269244
269326
269603
269982
272301
272307
272651
273010
273854
273864
274836
277313
277744
277935
278763
280880
281274
281486
281971
281988
282269
282701
283918
286890
287447
289259
289781
292710
293851
293944
294412
295601
296137
296181
296219
296815
297431
298245
300457
301402
302709
303230
303396
303403
303778
303808
303917
303934
304012
304554
304820
305006
305678
306257
306382
307559
307573
307718
309027
309153
309563
309792
309886
310528
311782
312415
312931
312955
313935
314138
315003
315727
315774
316042
316368
316835
317586
317641
317644
318300
318481
319309
319811
320242
321145
321172
322520
322537
323051
323131
325622
326854
327351
327358
327861
328681
328709
328812
330069
330312
331420
331511
332348
332696
332788
334389
335036
335282
335918
336381
336921
338042
338105
338354
338798
339428
339445
339524
339606
339885
341173
341716
342062
343189
343694
343805
344106
344329
344415
344630
345758
345803
346071
346333
347171
348322
349239
350143
351013
351763
351897
351920
352108
352928
353337
354393
354659
354730
355520
356721
357620
357845
358331
358958
359007
361022
361188
361281
361488
361859
362768
363093
363387
364930
365989
366535
366803
368624
369654
369660
371498
371519
371928
372038
373006
374383
375104
375234
377098
377445
378940
379126
379576
380689
381294
381774
382117
383170
385880
386703
386709
387862
389285
389945
390100
390199
390756
390982
391099
392149
392200
392245
392937
392994
393980
394553
396088
396653
397295
399682
400253
400662
400722
400916
401061
402120
402254
402443
402637
403445
404347
405626
406630
406750
407237
408056
410463
410697
410740
410741
412209
414104
415052
416219
416657
416959
417071
418229
419656
420839
422055
422151
422933
423459
423611
424534
424865
425522
426731
427936
428978
429913
430135
430391
431481
433772
435091
435733
436333
436940
437413
439628
441905
442934
445147
445207
445522
446533
447011
447204
447321
447368
447717
448076
448392
448792
449166
449584
449925
450548
450575
451082
451363
451658
453207
453834
454013
455008
455425
459155
459341
459345
459933
460805
460889
461276
462014
462697
462738
462976
463433
463969
464558
464842
465145
465308
466095
466214
466468
466946
467246
468467
468551
468837
469167
470042
470065
470752
470958
471775
472493
472871
473939
474394
475440
476566
477305
477648
478530
478556
478898
479256
480373
480524
480775
483161
483622
484351
484910
485101
487235
487513
487798
488638
490024
490090
491154
492488
492536
493464
493937
495625
496109
497651
497771
498303
498613
499063
500190
500586
500694
501050
501317
501819
503126
504102
505641
505787
505859
506019
507835
507844
507911
508101
509386
510060
510492
510973
511024
511237
511792
511953
512836
515264
516505
516744
518488
518871
518902
518911
519261
519469
519885
520086
521191
521461
521724
521837
522268
522905
523092
523273
524222
524735
524910
525166
525249
525889
526400
526488
527199
527677
528165
530862
532007
532337
532620
533449
533693
533789
534619
535243
535249
535929
536214
536334
537976
538133
539324
539446
539572
539813
540247
542552
542908
543430
543558
544077
544206
544826
545944
546403
548821
548830
550372
550646
552282
552823
552824
553463
553533
554173
554300
555151
556062
557390
557959
558639
558641
559052
559252
560291
560373
561850
561920
562169
562656
563916
564430
564995
565366
566408
567649
567971
570446
571913
573126
574409
574634
574988
575459
576237
576496
578640
581130
584167
584447
586977
588730
589776
589844
589952
592545
593782
594535
594749
595077
595454
596228
597442
599245
599279
599725
600388
601900
602111
602814
605068
606283
606450
606922
607297
607784
607833
608169
608228
608651
608950
610249
610365
610931
611366
611419
613847
614220
614578
615217
616209
616227
616329
616924
618779
619810
621006
621108
621200
621858
623370
624033
624174
624367
625483
625643
625943
626070
626162
626293
626395
634282
638210
645318
647256
647915
653292
657167
658355
660620
663763
663848
664064
664576
674245
675569
681336
683508
684785
697160
700210
703679
704816
705461
708114
708119
708299
709021
712986
715147
716869
717186
717935
718406
719763
723560
725406
733176
734430
738412
738892
738974
740249
741170
741223
742903
745508
750189
751146
752568
753087
754685
756633
758594
759265
759495
761637
764899
770844
771232
776007
776789
776832
777643
780709
783906
788680
789110
789433
790376
791569
791686
794248
794611
801007
802124
802670
805164
806117
815881
817595
818643
819320
821491
822185
822437
823514
824022
825894
826936
828400
828612
829768
831848
833102
836821
838045
838066
839662
841409
842170
842314
842532
842941
843577
846545
849812
852509
863647
863705
864313
864534
865067
866133
866385
866605
867332
868830
869696
871654
872222
872827
873863
876079
876389
876531
878198
879166
879507
880018
880292
880558
881500
883978
884542
887722
890276
890874
893080
893116
894014
895023
896272
896406
896576
897079
897112
897979
898413
898484
899949
901985
902475
902624
903506
903640
904899
904975
905659
907235
907465
907616
910665
910897
911369
911614
911734
912261
913899
914109
915181
915275
915947
917601
919299
919805
920662
921459
923982
924214
924491
926491
928649
930297
931403
932389
940391
940854
945327
945563
946901
948835
949029
949334
949598
949782
950583
950781
952954
953088
954109
954307
955102
956000
956307
956341
957036
957240
957394
957469
958444
958732
962022
963615
964485
964711
964983
965265
966930
967612
969099
970153
971894
971992
973274
973330
976297
981371
983147
983856
985590
986410
987275
988004
988301
989025
989745
990538
990856
992235
993844
995860
997163
997283
999584
1000572
1001550
1001837
1005767
1007158
1007611
1007975
1008376
1008663
1013535
1014685
1014979
1015043
1015566
1016135
1017523
1018706
1019250
1021428
1023595
1024526
1025869
1027704
1028287
1029318
1030629
1031126
1031280
1031553
1031992
1033289
1034014
1035023
1035275
1035440
1036452
1037482
1037533
1037646
1038325
1039029
1039714
1041221
1043083
1044035
1046665
1047955
1048011
1048305
1051621
1052000
1052503
1053405
1054186
1054188
1054887
1055722
1056508
1056766
1056892
1057887
1058185
1058591
1058945
1059343
1059459
1059674
1059708
1062651
1062941
1063883
1063946
1064257
1064563
1065428
1065517
1065798
1066122
1066192
1066859
1069182
1069245
1069371
1070069
1070534
1071135
1073949
1073989
1074909
1075891
1076336
1077111
1077899
1080244
1082060
1082751
1083110
1086750
1087105
1087572
1089040
1089409
1090057
1091087
1091593
1092210
1092681
1093004
1096379
1097861
1098337
1099079
1101858
1103089
1104276
1105782
1106911
1107189
1107311
1107420
1108055
1108061
1108114
1108175
1109049
1109186
1110424
1111244
1111303
1112122
1113856
1114857
1121384
1122125
1134756
1150092
1152434
1153518
