102086
113036
118554
119510
119781
123948
124069
130555
137806
139113
141778
146208
149358
152995
153850
156634
162055
164525
169564
172560
181392
181548
189016
192516
195200
197718
199911
200366
204764
208980
217160
227159
231859
237374
239186
243279
259005
266150
271035
287042
293992
295084
296815
297467
299386
300297
303808
305678
308992
309563
309792
311282
314184
316368
317644
321672
324104
324352
327358
328990
329014
332432
335334
336921
338042
339428
339445
341166
341270
343805
343869
344630
352928
358338
361281
361488
362743
364948
365792
366096
366986
371498
371928
374468
375338
377028
377750
380689
387599
387643
388392
390234
390982
392932
393980
397874
399542
405901
406155
406478
407141
408070
411622
419062
419136
419686
423653
424865
425686
427086
428651
433838
437689
445147
445207
446002
446165
446694
447717
448359
449105
450466
454219
454796
459345
460228
460915
462697
464605
468467
471279
472493
475440
477413
477520
480332
480373
484351
486268
492488
495929
498581
500190
502104
503081
505801
507197
509218
510225
510622
511024
511792
517916
519452
520491
521598
527838
528718
537653
539508
543430
545944
546403
546628
549038
551934
558639
558641
560369
560373
560803
561892
563904
567311
570060
570446
574941
575459
578537
579132
579243
584185
589776
589952
595004
600143
600263
603214
603391
606283
615217
615570
616767
619193
621006
621444
624033
624728
668785
698889
753583
759495
780709
797258
805164
807093
818643
819320
824284
834871
838066
864313
864992
871701
877574
881500
881847
884582
884749
885448
887474
891055
894409
904119
910272
911731
916519
932372
939722
943612
943633
956307
959536
972883
984551
985443
985685
986779
988004
988587
989353
992532
995709
1001170
1010656
1025017
1035023
1040011
1054186
1058725
1067863
