100194
101796
104790
105047
108468
108938
109767
110899
111939
114666
116969
118478
121576
123642
123777
123949
126619
127790
130532
130996
133892
135206
135889
136893
137871
138170
138190
140050
140578
147410
147772
147896
148440
149963
152339
154059
156366
157480
160513
160892
161394
162567
163264
163470
165765
167012
170884
171664
174942
176424
176862
183042
183912
185215
187833
193575
196328
198194
199656
199673
199984
203921
204080
205003
207033
209608
210939
211109
214225
217779
226086
234017
235297
237738
241363
244198
244827
249173
249740
251002
252176
252287
254475
260808
261280
263245
264151
264263
266191
266265
270220
271779
272966
274754
275782
277677
277744
281988
284704
288685
291564
292347
293851
296144
296181
296219
297929
298174
302223
304712
306257
307173
309127
309153
310821
312376
312931
314607
314647
314813
317641
319166
319251
319870
319952
326483
328721
330205
331511
333067
333674
335544
341716
348542
349164
350054
351763
354817
355952
360750
361188
364296
365174
368080
369654
370988
372351
375021
377348
379043
380495
380828
381774
384803
394541
397272
400827
403445
403759
407030
410392
410581
410741
416480
417111
418965
423574
425954
427096
427250
427921
428462
430160
430438
432305
432893
433654
435091
438350
442907
445481
445663
449529
449654
449743
449919
451363
452092
453193
454161
455425
462736
464331
471923
472871
475335
483533
483688
490190
493713
499286
504975
505787
506611
511290
516115
516797
517918
518398
519997
520599
525202
526900
529492
529543
531053
535603
536890
538246
539350
539410
540736
542908
548830
554300
555806
562740
564995
567149
569912
574168
578301
583460
586117
593782
595455
596217
600388
602261
605763
606762
607784
611957
612824
613642
619453
622143
622371
624701
625643
626070
626395
634282
636853
655294
660191
674245
675528
683032
714360
714926
724769
729839
734723
739258
739860
741170
742861
751640
757597
759265
764843
765983
776030
777179
778493
779891
787888
791569
798930
809946
810769
827893
836943
841816
842177
842941
866455
866785
869078
870253
871355
872971
874736
879507
882215
883222
885828
890147
893116
896272
898831
901480
903406
903640
904975
908561
915181
917773
919805
920333
930235
931934
933793
939073
946068
949127
949334
949466
953088
955991
957469
957803
959459
963215
963523
964536
969084
970623
971992
977090
978488
983577
999796
1001996
1003424
1017280
1017855
1028287
1031553
1032905
1037809
1040091
1040936
1042827
1043083
1045593
1049657
1050419
1053853
1054237
1056112
1056332
1057679
1058036
1058591
1060176
1060821
1061637
1066628
1071331
1073032
1080510
1082060
1086750
1095891
1096766
1097740
1098337
1099079
1101214
1103098
1106966
1110423
1133574
1140364
1152434
1155422
1157432
1162156
1163691
1166865
1167207
1167617
1168767
1170356
1171265
1171591
1172598
1173969
1175680
1177002
1178295
1178332
1194669
1196697
1202965
1203263
1204097
1204127
1204480
1208199
1216762
1218881
