103047
111911
112384
116964
117305
124558
125170
129865
138076
138755
140050
141519
142054
145163
148673
149358
149662
150303
151864
151984
154529
158079
159390
159875
167694
168850
169094
170455
172457
174204
175030
177989
179122
179452
184272
193058
193219
198094
200739
207265
221606
225597
227391
232475
235302
236355
244703
258785
260835
263990
280075
282961
284718
288540
290288
302336
302852
304766
307920
313330
313574
316037
317226
325191
325217
327099
328075
330626
340892
342631
343860
346697
352286
355952
356697
357076
366154
367316
370185
381380
384624
384798
388004
390288
392166
397222
398255
407922
411041
415543
425814
427893
429282
430600
430985
432893
433359
436868
438350
440297
449959
456150
458452
459236
460069
460608
461439
462415
472067
474002
477290
478873
479054
480255
481113
483021
484060
486113
490873
496594
503104
508424
512762
513037
518763
518888
522400
523421
525441
530101
531887
535690
536854
537065
545570
549935
557623
563503
565239
569180
571013
581043
581768
582194
582514
583577
585525
592102
592464
592916
593807
594319
598465
605982
613619
614928
615032
618413
621705
623887
624442
659309
659905
697503
708621
733528
741718
743180
755984
757193
758819
759889
761437
762002
765623
768277
772088
773862
774914
788604
796358
813707
817236
818420
832733
849340
866455
871644
872120
872216
872317
873394
876096
880747
881068
881163
884298
892944
898275
898615
899017
904747
924203
931112
939722
940447
945271
945568
945698
947757
948701
953867
956182
963812
971886
971965
979326
980727
980856
986547
989892
1004631
1011599
1014298
1024869
1031856
1033011
1034196
1037406
1042722
1043782
1044348
1044697
1048120
1058467
1063103
1064739
1069723
1071032
1073556
1074510
1076700
1078605
1085992
1099725
1104205
1106512
1111712
1112491
1114513
1121044
1127399
1153203
1155422
1156974
1160628
1164032
1174346
1174792
1177724
1180681
1181387
