113527
118554
121147
121408
125213
125899
126035
126864
129652
131208
133760
137677
137806
138058
139113
141778
146476
148775
149358
151893
153850
154982
161156
164525
166316
169564
170035
181447
184558
188766
192516
195200
200366
200391
202075
211249
217160
250530
265921
266150
266878
271035
288562
290045
293992
297364
300349
300920
303808
305678
305694
307402
309445
309563
309792
310914
325622
330312
332432
334513
336921
339428
339905
343805
350732
352255
352928
353337
357905
360867
361476
365989
368624
371498
375663
380689
382314
384485
387599
389853
389860
392504
392669
392932
397222
398225
408070
411304
413960
417739
424865
425686
428651
431431
437689
437913
445147
454083
454219
454311
459345
459432
460228
462697
466214
468467
470967
476436
480373
481424
500586
505071
507933
510973
511024
511792
512483
514356
516100
523515
523732
524408
524542
527838
532233
533074
533789
538455
540942
543558
545605
545944
549038
549091
551013
552282
555991
558639
562494
562656
562852
566090
568382
575459
577029
586678
587575
589952
598811
600607
602122
604530
604591
604650
615217
620265
621627
734827
753583
757296
759495
794611
797258
818643
819320
824942
833255
836564
838600
847010
849340
849398
863491
864313
864992
866758
869913
870237
871654
875771
878894
884582
887474
890020
895081
898484
904204
913577
917858
918133
919299
932438
935159
956307
958301
972883
976826
978084
982772
989353
993835
1002898
1010656
1035023
1037693
1040011
1051878
1056892
