100128
100351
101205
101392
102086
102543
102917
103286
103904
104345
104518
104626
105498
106129
107936
108168
108526
108805
109302
109665
109978
110899
111670
111906
112006
112041
112044
112511
112956
113032
113036
113725
113797
114658
114989
115022
115438
115526
115787
116628
117302
118234
118414
119510
120004
120286
120622
120992
121192
121576
121730
122130
122243
122824
123035
123499
123517
123777
123948
123949
124069
124681
125348
125579
126217
126426
126930
127943
128265
129525
129954
130019
130555
131494
131823
131834
132045
132082
132640
132739
133892
134631
135083
135414
136254
137806
138255
138395
139038
140183
140480
140566
140919
141181
141207
141642
141778
142372
142418
142659
143668
143826
145017
145215
145467
145823
146481
146720
146803
147391
147410
147431
148122
148461
148813
149249
149886
150065
151353
151645
151702
152033
152715
152735
152797
152801
152824
152991
152992
153041
153213
153963
154248
154289
154544
155075
156096
156121
156268
156634
156705
156715
157047
157287
158671
159082
159183
159880
160010
160952
161742
161861
162055
163264
163332
163753
164225
164525
164590
165229
165402
165785
166603
167870
168142
168201
168983
169242
170884
171002
172560
172679
172869
174115
174525
175866
175868
176750
176862
176911
177045
177318
177469
177933
178451
179576
179604
180171
180223
180493
180952
181312
181392
181548
181964
182463
182535
183182
184045
184070
184841
185126
185215
185798
187465
188040
188588
189535
189637
189769
190174
191307
191747
192028
192516
192647
192763
192950
193056
193677
194411
195197
195200
195808
195866
196296
197625
197718
197808
198270
198355
198862
199285
199647
199673
199769
199911
200047
200366
200564
200887
201130
201921
202124
202157
202386
202754
203487
203898
204017
204208
204400
204431
205654
206106
206111
208744
209276
209608
209988
210261
210484
211149
211458
213563
214775
215614
215791
215849
216064
216808
216828
217160
217182
218465
220023
220278
220306
220829
221580
221843
222403
222634
223052
223493
223993
224306
224471
224478
224522
224869
225160
225349
225591
225811
227142
227159
227626
227723
228267
228538
229546
229711
229735
230856
230980
231687
231879
231893
232029
232159
233501
234116
235708
235783
236154
237038
237374
238112
238857
238881
239186
239503
239835
240151
240646
240833
241191
241533
241891
242694
242971
244000
244024
244198
245144
245814
246299
246384
246590
247304
247735
247754
247851
249024
249715
249823
250163
251477
251654
252223
252909
253062
253466
253934
253974
254538
254830
254903
256735
256946
256962
258366
258523
258581
258658
258896
259756
259766
259881
260808
261090
261304
261850
262086
262270
263245
263361
263652
263913
264832
265084
265739
266020
266150
266768
266917
267463
267956
268342
269187
269404
269413
269417
269558
269603
269732
270174
270415
270446
270966
271035
271256
272097
272234
272307
273864
274204
274467
274721
274953
275401
275425
275596
275684
276358
276989
277313
277744
278166
278593
278677
278763
279499
280156
280693
280890
280994
281256
281646
281890
281988
282641
282914
283502
283918
284549
284980
285626
286321
286476
286554
287131
287136
287308
287663
287682
288039
288213
288466
288517
288704
289065
290337
290616
291218
291261
291317
291344
291564
291752
293834
293839
293965
294412
294841
294969
295084
295397
295802
296501
296604
296815
297113
297436
297988
298245
298548
298742
299397
299417
299971
300136
300175
300297
300380
300614
302709
303091
303479
303546
303602
303696
303801
303808
304012
304052
304344
305006
305678
306030
306042
306100
306257
306474
306638
307536
307631
308900
308992
309153
309792
310155
310380
310581
310668
311282
311731
312170
312601
313393
313509
313674
313685
313731
313887
314138
314184
314188
315504
315575
316368
317108
317586
317644
318265
318322
318678
320316
320498
320560
320791
320839
320841
321180
321672
322552
322977
323034
323690
324104
324352
324403
324901
325239
325357
325831
326190
326276
326483
326664
326961
327351
327358
327452
327554
327610
328102
328326
328363
328640
328876
328990
329014
329057
329075
330279
331273
331420
331859
332083
332121
332432
332665
332788
332850
333067
333147
333183
333674
333924
334185
334775
335334
335544
336107
337424
337840
338042
339428
339524
340253
341006
341101
341166
341270
341648
341866
342546
343015
343312
343805
343869
344329
344630
345624
345660
346333
346406
347067
347322
347947
348094
348100
348371
348948
349164
349220
349360
349380
349478
349622
350390
350965
350969
351253
351763
352928
353820
354216
355203
355838
356945
357620
357629
357957
358338
359007
359042
359121
359909
361281
362058
362310
362743
362768
363045
363046
363093
363564
363996
364206
364367
364804
364850
364948
365174
365265
365792
366096
366567
366803
366974
367948
369391
369769
370216
371498
372811
372970
373931
376847
377028
377414
377445
377479
378008
378893
379133
379152
379306
379448
379466
380236
380515
380689
380828
380881
381013
381252
381668
381698
381808
381832
382526
382985
383437
383464
384261
385264
385979
386149
386376
387532
387643
387862
388799
389258
390051
390234
390982
392424
392932
392937
393261
393334
393462
394148
394811
396036
397874
398410
398935
399468
399542
400662
400788
401551
401971
402445
403177
403181
403759
404827
405439
405901
405997
406037
406155
406221
406478
406484
406772
407030
407118
407141
407237
407250
407307
407638
407955
408044
408799
408811
409352
409443
409846
409986
410428
410433
410740
411787
411850
411901
412316
412376
412414
412932
413192
413278
414151
415088
415780
416080
418126
418229
418251
418381
418451
418585
418747
419062
419136
419307
419594
419944
420839
420953
421586
421796
422151
422497
422871
422901
423459
423653
424638
424865
425783
425883
425954
426563
426731
426894
427086
427408
427936
428062
428202
428462
428651
428661
429092
429537
429748
430159
430438
431481
431811
433174
433838
434197
435229
435521
435869
437016
438754
439041
439081
440924
440971
441047
442103
442238
442439
443258
443262
443377
444678
444776
445147
445614
445799
446438
446694
446979
447220
447321
447717
448359
448585
448590
449105
449176
449890
450524
451082
451669
451685
451717
453918
454161
454416
454796
455505
455894
456059
456219
456892
457077
457865
458098
458163
458291
458615
458692
458746
458798
459248
459345
459950
460099
460228
460746
460884
460889
460915
462101
462214
462697
462727
462829
463016
463253
463550
464167
464243
464605
464835
465308
466095
466145
466451
468022
468192
468259
468304
468426
468467
468493
468745
468749
469724
470065
470752
471524
471628
471775
471841
472209
472493
472871
473831
474006
474027
475420
475440
475601
476443
476702
476951
477692
477785
478456
478604
480136
480373
480899
481171
482313
482965
483490
483791
484351
484507
484914
485025
485312
486197
486524
488496
488823
489263
489665
490190
490381
490551
491702
491744
492413
492488
493366
493464
494554
495325
495931
496456
497772
497798
498334
498969
499532
499734
500190
500694
501883
502104
502397
502556
502974
503126
504317
504538
504769
505184
505338
505693
505801
505941
505960
506972
507317
507622
507911
508075
509574
509785
510144
510225
510627
511792
512147
514478
514660
515047
516505
517397
518655
518808
519261
519469
519482
519718
519885
521075
521837
522574
523099
523346
523818
524222
525118
525748
526488
526693
526976
527677
528700
528757
528821
528917
529602
529805
529874
529904
529923
530008
531634
532159
533162
533921
534548
534904
535518
535916
535929
536074
536334
537159
537742
537872
538098
538955
539508
539611
539813
540337
540559
540798
541286
541390
541799
542084
542397
543430
543514
543563
544090
544445
545590
545869
546403
546453
546628
546634
546750
546986
547031
547214
547712
548063
548128
548624
549049
549209
549634
549728
550799
550874
550893
551013
551179
551457
551934
552027
552972
553151
555398
555714
557312
557636
558182
558424
558641
558887
558934
559042
559391
559419
559547
559604
560291
560324
560369
561525
561615
562758
563386
563531
563904
563908
564430
564535
565480
565802
566212
567455
567637
568132
568859
570060
570223
570446
571191
571913
572139
572842
573766
573781
574409
574821
574836
575229
575287
575459
575523
575890
576233
576237
576285
576372
576459
576712
576975
577870
578038
578253
578290
579132
580094
581464
581812
582375
582906
584185
584986
585369
586193
587488
588268
588849
589776
591101
591704
591897
592296
592510
592545
594027
594063
594237
595077
595248
595863
596052
596199
596217
596356
596414
596510
597180
597464
597497
598156
598679
598989
599670
600263
600388
602293
602649
602814
602830
603391
604350
604625
605261
605319
605523
605811
605844
606267
606450
606898
607278
607501
607678
607833
609151
609205
609478
609582
610441
610511
613711
614745
615217
616142
616551
616565
616767
616924
619437
619562
619649
620095
621200
621246
621444
622027
622143
622174
622767
623364
623497
624070
624728
625376
625483
625643
626162
626516
626547
628679
628695
628778
634000
634282
635753
644899
648052
655399
655781
658355
663499
665897
668634
671210
674222
674245
674326
675569
681539
684546
684785
686919
687176
687512
695231
696047
696497
698499
698889
703493
703617
705461
712583
714833
715193
717186
718646
720705
721374
721553
722396
725674
727027
727526
727906
729550
730728
733680
734723
734911
735292
737667
739109
739719
741223
742006
742338
742518
747446
747709
748989
749414
750718
752568
752960
753456
753583
756073
756167
756204
756895
757332
757860
758197
759495
759628
761035
765564
767578
767723
768034
768895
770844
771204
771728
772616
773026
773493
776007
776247
776531
777457
778466
778698
779533
780196
781190
783483
783679
788170
789733
790557
790704
793957
794248
794675
796107
797398
797943
803600
804222
804528
805158
805164
806597
807093
808622
812820
815145
815181
817595
819320
819522
821001
821047
825168
825311
825755
828021
828469
828865
830708
830899
831241
833102
835363
835606
836821
838066
838612
840115
840183
842057
842941
843326
843549
844535
845834
845932
846545
849063
849812
862656
863202
863640
864313
864345
864992
865871
866133
866167
866385
866670
867553
867960
868045
868830
870883
871085
871331
871822
873343
873712
873976
874051
874415
874722
874733
875947
876615
876659
876768
877064
877574
877676
878168
879125
880547
880558
880835
880905
881192
881389
881754
881847
882170
882864
883223
883326
883531
883606
883667
884542
884582
885448
886368
887474
887803
888784
888861
889405
890216
890457
891055
891167
891216
892846
893091
894132
894409
895444
895649
895812
895859
896260
896292
896583
896923
897071
897112
898398
898790
899080
899503
899725
899788
899949
900152
901399
901879
903352
903406
903423
903493
903640
904119
904975
905072
905119
905482
906156
907465
908191
908232
908239
910272
910386
910665
911731
912147
912345
913042
913869
913872
913899
915090
915686
918439
919394
919805
922012
922200
922589
923682
923888
926311
926666
929267
930235
930308
931831
931963
932057
932372
934189
937394
937549
938188
942746
946107
946201
946836
948321
950274
950659
950781
951096
951294
951317
953213
953817
953965
955120
955150
955703
956341
956675
956935
957166
957231
957813
959536
960264
961949
963209
963523
963585
963615
964075
964257
964485
964774
965265
965400
965857
966062
966233
966930
968551
972201
972942
976584
976831
977130
977224
977226
978237
978530
978853
979705
981835
983244
983313
983608
984274
984430
984812
985443
985590
985710
987750
987792
988692
990538
991783
992532
992699
993213
994439
994453
995276
995513
995709
995860
996278
996421
997163
998545
998703
999728
1000572
1001029
1001550
1005767
1006960
1007022
1007975
1008376
1008468
1009400
1011163
1011965
1012045
1012951
1014295
1014685
1014944
1015043
1015669
1016172
1016887
1017324
1018185
1018394
1019250
1020856
1021208
1021894
1022740
1023027
1023310
1024009
1027646
1027715
1028470
1029030
1029318
1030310
1030458
1030880
1034094
1034783
1035563
1036038
1036212
1036452
1037533
1038088
1038805
1039249
1040011
1040323
1040391
1040530
1041708
1042707
1043027
1044608
1045705
1046422
1046459
1048123
1048305
1050419
1051621
1052503
1053469
1054006
1054186
1054205
1054312
1055722
1055889
1056014
1057299
1057307
1057511
1057845
1057854
1057947
1058449
1058519
1058591
1059674
1059854
1060916
1062852
1063143
1063688
1063950
1064709
1064820
1065948
1066512
1066554
1067295
1068315
1068593
1070069
1070528
1071331
1071450
1072489
1073037
1073185
1073239
1073918
1074445
1076330
