121730
124464
135030
140121
146201
148601
152033
155211
179210
193677
205463
222000
223769
238881
248530
249024
252620
255124
262306
272307
274742
281971
292349
296054
298548
327351
331420
333815
335616
343860
354101
367552
390756
392937
393927
401971
402013
404019
416080
443929
447474
459341
478556
479256
487658
494474
514478
516505
521837
536673
539813
543323
545730
551714
566577
567455
571913
572842
598052
601900
603359
606450
606490
617729
663580
710040
735627
739109
756582
762665
764899
770844
836821
880292
911352
922012
955150
964485
1054704
1063103
