100194
100351
100577
101912
102475
103904
103977
104231
104345
105649
106748
108228
108938
109302
109572
109730
110899
112511
113699
114342
114666
115022
115068
115334
115511
116388
117757
117790
118234
118478
118554
118560
118606
119510
119521
120086
120966
121730
123290
123642
123777
124132
124396
124464
124500
124681
126006
126667
127111
128593
129345
129670
130464
130555
131208
132014
132641
132721
132722
133113
133892
133917
134917
137233
137581
137677
137806
138058
138170
138325
139038
140578
141220
143116
143382
143668
143988
145215
145592
146201
146585
146720
147333
147896
148601
148775
149886
149963
150865
151702
151793
153200
153656
155748
156096
159506
159555
160378
162567
162585
163470
163869
164225
164308
164525
165402
165690
166992
170884
171039
171222
171287
171664
171795
172277
172406
172560
173319
173876
175183
175203
176750
176862
176911
177045
178285
179185
179416
180230
181421
181657
181796
183482
184502
184791
185724
186884
187833
188309
188482
188588
188747
189769
191747
192445
192455
192513
192516
192911
193470
193677
193807
195200
195384
195757
196174
196293
196540
196667
197201
197968
197985
198355
199984
200047
200391
201118
201127
204208
204431
204821
206416
206659
206676
206905
207287
207309
209988
210484
212450
214086
214303
215374
216064
216808
219957
223458
223493
223729
224306
225614
226621
226924
226985
228704
229768
230940
231687
231893
232439
234017
234320
235209
235297
235462
235783
236344
236595
237597
238423
238481
238881
239503
239835
241420
241558
242569
242607
244198
244827
246299
247209
247730
248530
249000
250176
251002
253734
254208
254219
255198
255686
255913
255954
256735
258366
259881
261061
261367
261715
262090
262442
263042
264151
264687
265739
266150
266648
266879
267956
267994
269982
270220
270966
272234
272307
273214
273854
273864
274409
274657
274796
274894
274953
274971
275025
275835
278593
278763
280498
280575
280880
281890
281971
281988
282269
282802
284033
284050
286215
286306
286321
287042
287447
287490
289246
289747
290045
291564
291899
292347
292710
293992
294109
294965
296181
296343
297929
298245
299907
300649
302709
303396
303934
304487
305003
305651
305678
306257
306788
306906
307173
307559
308900
309153
309792
309886
311714
312856
312955
313472
313925
314647
315139
315575
315631
317027
317527
317586
318265
318339
318895
318956
319122
319309
319870
322156
323618
324352
324362
326483
327358
327909
328019
329819
330312
331420
332286
332348
333120
333674
336005
337358
337743
338409
338762
338798
339428
339905
341166
341716
342442
343202
343694
344415
344797
345624
349360
350143
350390
351013
352108
354101
354730
355520
358021
358932
359007
359219
361047
362814
362989
365037
365174
365367
366008
366033
366525
366803
368030
368080
369285
369391
369654
370988
371456
371519
371575
372038
374085
375633
376043
379459
380131
380828
380944
381628
381774
382180
382961
383170
383617
383964
384073
384261
384267
385149
385880
387373
388392
389285
390982
391816
392504
392937
393980
396894
397272
400253
400722
401213
402831
403445
403598
404019
404347
406772
406987
407141
409260
410921
411215
412740
413540
415967
416795
416890
416959
417444
418585
420848
422933
424597
424865
425686
425954
427096
427250
427921
428202
428273
428604
428931
429537
432122
432305
433538
435404
437259
438114
442570
443070
443552
444898
445147
445481
446169
446533
447011
447013
447204
447321
447658
448590
449529
450548
450623
450776
451204
451363
451854
451897
452092
453193
453834
455008
455425
456538
457077
458101
458615
458921
459070
459345
460228
460915
461163
461324
461991
462697
463507
463711
463969
464331
465285
465591
466084
466468
467022
468192
468241
468493
469924
470065
470752
471267
471628
471775
472182
472871
472947
473727
474048
474566
475440
476566
476658
476721
477056
477808
478823
479114
479256
479549
482649
482740
482761
482921
483161
483490
483533
484328
484493
485101
485876
485938
486628
487513
488638
489631
489886
490024
490190
491395
491767
493372
494444
496238
497131
497239
498613
500694
502556
503081
503187
503202
503254
503765
507933
508618
509577
511464
511747
511792
512483
514044
514478
514668
516402
516578
517461
518003
518759
518902
518914
519137
519469
519718
520708
521982
522268
522815
522905
523545
524775
525481
526399
526900
527150
527231
527677
528415
528700
529761
530254
531053
531554
531565
535243
535249
535413
535454
535929
536971
536990
537573
537872
538133
539324
539737
539813
540247
541162
542576
543430
543642
543699
544498
545406
545914
545944
545984
547660
548830
548866
549038
549049
552282
552972
554300
554521
554667
555013
555151
555398
555753
555942
557170
557339
557579
558424
558641
559713
560724
563904
563916
564071
564110
564233
564749
564995
565546
565802
567321
567649
567971
570060
571020
571913
572013
572139
573126
573259
573519
574409
574649
574988
575459
576241
577442
577768
578192
580665
581051
582527
582842
584126
584447
585524
586193
589952
590237
592027
593782
594535
595043
596875
597442
598334
598679
598886
599725
599919
600388
600449
601640
601900
602580
604098
604625
606450
607593
607784
607833
608651
609319
609712
612824
613642
614220
615217
615570
616635
616689
618387
619437
621358
621627
624174
624519
624769
625637
626070
626543
630502
630663
631244
631975
638210
639907
648052
651029
655970
657257
658355
660497
670260
674245
680679
684785
686919
691791
698499
703679
711978
716317
717621
719359
725052
725594
728228
732267
733146
734723
737878
741223
747029
747609
748250
751640
752568
754357
754715
754789
756866
757634
759495
762727
763292
765772
766708
770844
771071
772616
773493
776007
776250
777319
778493
779569
790583
791569
794611
794978
795345
798930
802709
805158
805164
811153
811620
811951
813375
815145
816003
818643
822185
824398
825189
829305
829768
829769
830180
831848
833153
836316
836821
842240
842941
845834
849812
863786
863993
864313
864534
866133
866385
866670
866723
866805
866982
867149
867654
868830
869879
870253
872222
874064
876389
876768
879166
879598
879803
880070
881614
881662
881847
882335
883978
884749
885724
886537
888764
890276
891055
893091
894409
895405
896272
896576
897112
898843
899949
901658
903197
903640
904975
906775
907866
907965
910027
910386
910897
911227
911614
911665
913577
913899
915181
915967
916148
916245
917858
918021
919731
923982
932324
934189
935003
936946
937332
937394
937696
940354
940505
942629
942775
945414
945455
945563
946068
949029
949568
949779
950091
950184
950781
952954
953088
953343
953668
953733
954307
956307
956341
957354
957393
957469
957568
958611
963615
964485
965015
968493
968700
970654
970798
971686
972165
973330
973691
977640
981371
982164
983313
984204
984430
985590
986779
986807
987750
988004
990729
991720
991727
995513
995860
998202
998545
999326
1001489
1001617
1003498
1003675
1004718
1005793
1007975
1008376
1009010
1014685
1015043
1015526
1017581
1019250
1025942
1027704
1029114
1029634
1031992
1034094
1034599
1036275
1036452
1037482
1037646
1038036
1038955
1039101
1039714
1042234
1042524
1043083
1043574
1046200
1046906
1047955
1048011
1051070
1052000
1052074
1052503
1053405
1054887
1055143
1055722
1058591
1058725
1060821
1061637
1065517
1065879
1066967
1067295
1069579
1070333
1070408
1071008
1071135
1071450
1072832
1072966
1073088
1073539
1073928
1073949
1073977
1075341
1076586
1077089
1082751
1084524
1085088
1085622
1086230
1086750
1087105
1089775
1090057
1090818
1092210
1095891
1096379
1098337
1098509
1099079
1100710
1101214
1104276
1105632
1105926
1106273
1106790
1107189
1107636
1108055
1108350
1109186
1109653
1111244
1111362
1111411
1111436
1111553
1112122
1113196
1115988
1116587
1121072
1122125
1124305
1124706
1134150
1152207
1152333
1152434
1153425
1156090
1157017
1157721
1158336
1161524
1161856
1162167
1162191
1163691
1163724
1164608
1165807
1166148
1166395
1166687
1167207
1167436
1167617
1168767
1170356
1171227
1171591
1172049
1172598
1172843
1173969
1174484
1174591
1174695
1175608
1177042
1177060
1177312
1180497
1181464
1185896
1186173
1189589
1191106
1192820
1193469
1196697
1198352
