103814
118234
118364
118946
122926
122976
123517
130053
138707
139064
143238
143382
145163
145422
149428
151216
151873
154529
154570
156096
157172
158639
163810
164593
172938
174204
175380
176752
179727
182361
184756
191857
192455
200047
200862
205866
207002
207829
214517
215060
217351
217829
218198
218739
218865
220407
232475
236154
236164
238828
239503
240766
242200
242913
244024
244049
259650
262409
263990
267343
267956
272097
274391
289833
292885
294115
295143
295265
303213
305419
305919
308900
316037
316859
322776
323051
324985
326935
332121
341582
342631
343189
343968
348211
348261
349380
350143
352286
357076
364658
374365
375587
383508
384238
384261
386800
396547
399087
399107
407242
408730
411832
412959
416219
424318
447204
447321
448392
449038
449358
452331
453626
455749
456892
458098
458254
462415
463433
464519
473266
477290
477918
482018
483021
487513
487727
490873
491168
491721
494592
500777
502869
502999
505859
509864
511569
511956
516229
516578
518075
518888
518902
519469
519885
521183
521461
521894
522851
525249
526457
527061
528799
529911
532288
535831
535929
536284
536398
537065
537392
540247
541009
541799
544528
548219
550646
557306
563064
565366
566775
576267
584447
584495
585694
588688
592464
593390
594027
600505
605982
614220
615263
618311
619437
620425
624070
651982
665738
666430
668770
690298
696339
697228
704970
714981
716607
722159
728035
733528
738677
742968
743180
747609
751399
754357
754776
765146
765948
769158
769777
772088
777046
777457
794701
825311
841680
842240
844499
849812
863427
866723
870078
872120
872317
876067
880747
884298
885861
886947
890141
892875
893157
893939
899080
902785
904747
905968
911071
913787
920662
922689
923572
927894
932374
933632
946836
963615
966582
967612
970473
970654
972937
974216
979457
979497
980453
984430
987153
990425
990538
992218
1005572
1007975
1008376
1010411
1011599
1014663
1014685
1015043
1023410
1028864
1029514
1030345
1034094
1036452
1036736
1037646
1043138
1043865
1047955
1048518
1051621
1053129
1054887
1057356
1060391
1067933
1070565
1072790
1082751
1085119
1086117
1093614
1097861
1102832
1108055
1112122
1113856
1120715
1127403
1151811
1153425
1156974
1162191
1163248
1164032
1169828
1171502
1179792
