100351
101749
104749
105126
105649
108294
110073
111342
114932
116517
117305
120286
121796
126249
127960
129415
132253
145215
146032
149318
149797
149886
150825
154132
159748
160378
163869
166524
168956
170131
173528
173876
176750
178285
179122
179416
180223
188588
189769
191293
196577
198355
200898
203511
214066
214177
214303
215374
215849
223109
227628
231893
244703
247851
250963
251365
253781
258194
261240
262442
264938
266313
272651
273229
273864
274132
285334
293040
293771
295458
299926
302336
302709
303403
303696
304857
309886
312856
312870
313472
313531
314138
317586
318300
327099
329506
332665
335224
335400
336247
337630
338288
345624
350390
351569
352703
355676
356945
359007
361977
366561
369206
371266
375104
380309
380881
382117
384542
384624
388905
391425
391758
400253
403177
409547
410175
410508
412666
421395
423611
425424
428720
434667
435797
436127
443448
448590
449584
449890
453834
456150
457691
458921
460889
462181
462236
463030
464208
465308
467667
468551
470042
470255
476566
478530
479332
480524
481954
482512
482649
482999
485101
485828
487798
490523
490673
490737
490872
493372
502556
506159
506632
508797
509835
510479
518762
519137
519306
519327
520071
524910
527677
530327
534267
534619
535243
537265
538133
539446
539572
540251
544498
545598
548866
552096
555398
559024
561468
562620
567280
567395
568128
572265
574409
580153
582194
590237
593807
594535
596414
599789
601732
610292
610403
611717
615324
623370
626176
626547
630037
631244
675569
684214
711515
756427
758819
771232
796358
801187
804972
817595
827637
832297
833102
837997
840115
841409
845834
863109
864534
864607
866133
868054
868830
869786
871644
874591
876096
881068
887157
889391
889405
889830
890874
891167
894344
895023
897112
898398
903493
906775
907616
907866
911734
913899
921598
923982
934224
937394
949285
951823
957568
969405
970021
970359
971965
979743
981371
983291
984803
985441
986878
989745
992661
996628
1004644
1005793
1014298
1018702
1025779
1029318
1029987
1030590
1041694
1047587
1048849
1056600
1058449
1059635
1063946
1064200
1070469
1070572
1071254
1071450
1073539
1074537
1085992
1086080
1087105
1106512
1106530
1121044
1124305
1160628
1162398
1165940
1167436
1169277
1177724
