100186
100202
100351
100397
100743
101105
101185
101205
101682
101742
101796
101912
102233
102475
102509
102917
103240
103371
103540
103655
103922
104231
104293
104513
104626
104749
105498
105649
106150
106351
107216
107844
108163
108209
108521
108526
108600
108765
108805
109051
109527
109730
110518
111432
111828
111906
112041
112768
113425
113487
113725
113797
113838
113870
113954
114474
114495
114932
114995
115022
115862
116388
116969
117302
117334
117850
118229
118478
120021
120055
120099
120461
120786
121128
121672
121729
121892
122976
123264
123777
123801
123949
124132
124414
124464
124784
125509
125579
126217
127111
127119
127376
127960
128083
128155
128265
128593
128645
128843
128896
129001
129071
129105
129114
129409
129415
129757
129958
130464
130532
130555
130752
130800
131071
131188
131208
131263
131348
131862
132260
132262
132286
133113
133707
133789
133917
134035
134585
135333
135414
137060
137133
137251
137379
137677
137685
137982
138017
138058
138118
138325
138395
138510
138794
139124
140183
140392
140578
140809
140911
141100
141181
141196
141311
141636
141648
141664
141887
142418
142520
142694
143017
143488
143668
144027
144206
144465
144834
144896
145147
145215
145467
145614
145974
146201
146314
146540
146573
146720
146883
147391
147896
147898
148475
149020
149299
149598
149886
150109
150221
150337
151531
151702
152260
152266
152590
152647
152715
152806
153656
153963
154132
154589
155231
155855
155896
156096
156121
156490
156581
156634
156708
156715
157047
157267
157745
158123
158369
158565
158639
158939
159567
160892
161027
161355
161394
162167
162567
163620
163810
163869
164263
164315
164525
164593
164738
164904
165229
165647
165690
165785
166079
166799
167097
167298
167350
168983
169205
170102
170158
170162
170837
170884
171706
172406
173210
173319
173410
173418
174525
174537
174578
174617
175111
175596
176404
176911
177627
178334
179724
179750
180230
180374
180415
180493
181027
181887
181964
182311
182535
183140
183212
183398
183418
183631
184558
185126
185215
186974
187330
187833
188482
188551
188558
188576
188588
189357
189419
189637
189858
190119
190629
190867
190868
191307
191426
191975
192058
192277
192624
192647
193191
193469
193922
194077
194430
195197
195495
195749
196163
196232
196822
197380
197624
198355
198697
199285
199576
199656
199673
199911
200596
200887
201021
201127
201253
201322
201438
201688
201887
202045
202124
202307
202386
202428
202691
203225
203366
203898
204009
204400
204764
204947
205109
205166
205320
205401
205515
205626
205800
206093
206111
206676
207033
207287
208232
208404
208744
208815
209010
209145
209794
209988
210628
210955
211900
212139
212581
212834
213268
213412
213461
213545
214517
214739
215782
215849
215998
216882
217162
217181
217351
217476
217618
217797
218237
218238
219147
219957
220306
220378
221102
221236
221424
221900
222001
222204
222499
222562
222640
222650
223033
223053
223536
223802
223965
224478
224971
225819
225855
226026
226049
226056
226924
227723
227947
227960
228538
229711
229974
230094
231620
232016
232029
232070
232183
232548
233133
233328
233634
234478
234661
235938
235979
237181
237432
237582
237597
237738
238112
238828
238881
239129
239503
240151
240504
240562
241017
241230
241558
242281
242480
242883
242913
244024
245092
245144
245356
245493
245775
245887
246558
246853
247624
247735
247754
247822
248336
248530
249024
249336
250400
250963
251002
251307
251568
251654
251826
252181
252901
253466
253598
253734
254395
254815
255620
256395
256540
256962
257643
257663
257995
258366
258382
259907
260131
260606
260950
261340
261464
261517
261761
262086
262106
262444
263293
263652
263706
263913
263921
264020
264151
264206
264679
265595
266150
266161
266265
267234
267798
268279
268342
268731
269244
269326
269417
269492
269732
270220
270370
270927
270998
271452
272123
272301
272683
272880
273002
273010
273829
273864
273947
274199
274405
274657
274742
275156
275298
275364
275425
276032
276094
277313
277744
277935
278602
278763
279676
280194
280487
280766
280890
280994
281256
281890
281956
281988
282050
282208
283002
283428
283533
283918
284033
284219
284386
284655
284689
285626
285732
285995
286161
286215
286476
286554
286890
286926
287308
287468
287608
288466
289392
290588
290616
291022
291317
291344
291758
291899
292246
292482
292856
292885
293442
293451
293839
293965
293992
294115
294412
294965
295084
295124
295787
296174
296181
296907
297113
297354
298245
298742
299754
299768
300145
300349
302520
302619
302695
303309
303315
303403
303808
304012
304298
304820
305003
305264
305516
305678
305861
306030
306382
306911
307244
307573
307874
308525
308815
308900
309021
309153
309520
309563
309792
309886
309947
310088
310155
310313
310380
310389
310581
310920
311282
312256
312774
312856
312877
313112
313130
313674
313685
313887
314234
314607
314647
315003
315305
315504
315579
316042
316368
316587
316852
316884
317027
317586
317641
318414
319024
319133
320144
320316
321145
321198
322207
322520
322537
322776
323029
323046
323051
323155
323281
323804
323912
324242
324352
324385
324531
325265
325322
325354
325619
325622
326190
326234
327681
327861
328019
328376
328468
329014
329339
329426
329769
329867
330084
330312
330450
331420
332078
332133
332348
332788
332924
333183
333899
334323
334389
334544
335036
335282
335469
335544
336107
336312
336514
336921
337165
337353
337406
337630
338105
338798
339002
339119
339428
339524
339880
340147
340295
340373
340837
341102
341131
341341
341501
341697
342130
342474
342688
343015
343117
343312
343869
343970
343979
344007
344630
345563
345803
345921
346106
346333
346690
347169
347171
347476
348380
348810
348948
348997
349360
349756
350054
350143
350390
350647
350719
350965
351013
351230
351455
351612
351686
351712
351763
351920
352108
352527
352623
352897
352928
352980
353175
353438
353694
353820
354393
354659
354972
355080
355508
355520
355676
355812
356160
356721
356886
356945
357957
358021
358032
358331
359007
359310
359492
360222
360750
361022
361188
361677
362181
363387
363690
363733
364367
364658
364672
364930
365028
365174
365203
365455
365536
365690
365900
366241
366711
366919
366974
366994
367391
367407
367948
368222
368495
368517
368624
369391
369769
369927
370417
371118
371336
371498
371866
372038
372524
372572
372592
372638
372690
373078
373929
374507
374519
374677
375519
375618
375851
376109
376431
376513
376532
376616
376648
376854
377365
377380
377384
377790
378158
378563
378650
378893
379021
379576
379896
380333
380689
380864
381159
381313
381585
381774
381915
382985
383585
383621
383912
384542
384940
385880
386196
386709
386748
387239
387267
387373
387459
387862
388716
388739
389033
389285
389328
389860
390199
390217
390670
390693
390808
390982
391203
391445
391816
392149
392200
392366
392706
392712
393462
394135
394811
396088
396719
397384
397622
398236
398410
398534
398681
398960
398974
399261
399462
399468
399682
399971
400788
401087
401272
401304
402254
403019
403759
403828
404236
404441
404491
404535
404827
405997
406430
407610
407912
407955
408096
409957
410697
410740
410856
410985
411672
411679
411901
411926
412436
413024
413192
413973
414104
414831
415052
415088
415742
416910
416959
417071
417564
417886
418126
418129
418229
418335
418780
419307
419395
419439
419470
419594
419711
420016
420839
420841
420953
421466
421796
421851
422261
422933
423611
423673
423811
424321
424333
424534
424584
424865
425522
425686
426406
427012
427250
427283
427408
427892
427936
428418
428462
428651
428978
429748
429913
430018
430096
430135
430278
430778
431746
432122
432995
433003
433959
434197
434210
434481
434944
435091
435281
435338
435733
436127
436940
437142
437383
437840
437974
438169
438646
438718
438754
439081
439252
440210
440757
441047
441117
441482
441565
442178
443780
443929
444058
444143
444776
445147
445207
445292
445370
446739
446979
447011
447204
447321
447717
448076
448187
448228
448392
448585
448590
448909
449166
449358
449529
449890
450524
450548
450575
450685
451204
451363
451658
451685
451909
452774
452878
453207
453458
454083
454354
455008
455312
455505
455688
455780
456059
456391
456772
457077
458081
458098
458323
458651
460754
460756
460884
461107
461276
461322
462014
462697
462727
462890
462976
463016
463253
463350
463488
463491
463851
463903
463969
464208
464558
464605
464753
464842
465110
465145
465370
465591
466075
466214
466468
466690
466895
466946
466979
467169
467764
467993
468297
468467
468745
468749
468848
469049
470636
470752
470805
471412
471775
471956
472871
473077
473263
473727
474394
474401
474442
475157
475170
475353
475440
475454
476566
476680
477279
477305
477413
477565
477610
477692
477918
478437
478470
478530
478556
478916
479302
480193
480524
480775
480899
482313
482542
482628
483128
483161
483622
483857
484848
484879
485361
485876
485956
486524
487374
487513
487746
488496
488638
488781
488785
490207
491803
491895
492313
493464
493502
493984
494174
494444
495441
495578
496028
496463
497232
497771
498303
498326
498529
498613
498748
498969
499333
499566
499855
499991
500694
500915
501066
501168
501317
501819
501913
502923
503035
503081
503504
503538
503769
504538
504549
504614
504769
504984
505835
505859
506013
506019
506588
506895
507358
507844
507875
507911
508045
508067
508075
508101
508397
509007
509386
509547
509778
509824
509835
510669
510710
510816
510973
511024
511179
511237
511557
511792
511860
511953
512483
512836
513098
513469
513774
515602
515788
516223
516505
516709
517402
517461
518130
518439
518843
518911
519232
519383
519452
519469
519593
519604
519887
520008
520071
521191
521837
521912
521931
522574
522646
522852
522905
523092
523099
523192
523242
523356
523586
523687
523822
524222
525118
525166
525481
525660
525806
526047
526088
526376
526400
526441
526488
526840
526886
526976
527437
527840
528008
528165
528271
528716
528757
529677
530127
530862
531250
531392
531416
531554
532007
532233
532369
532387
532633
533061
533587
533789
533921
534767
534904
535243
535413
535916
535929
536214
536334
537142
537580
537630
537708
537872
537976
538133
538955
539054
539324
539509
539741
539813
540017
540234
540247
540798
540956
541365
541417
541763
541799
542059
542277
542925
543375
543430
543558
543642
544077
544206
544281
544364
544498
544950
544963
545590
545877
545944
546628
546750
547082
547651
548690
548821
549038
549403
549845
549954
550149
550293
550372
550646
551221
551627
552027
552282
552813
552904
553533
553832
554567
554586
555005
555013
555151
555704
555714
555793
555797
555962
555981
556062
556628
556689
557170
557668
558639
558641
558887
559504
560369
560373
561468
561560
562015
562031
562199
562434
562456
563169
563600
563799
563837
563868
564419
564966
564995
565366
565546
565955
566129
566408
567638
567649
568128
568132
568465
568796
569268
569912
569977
570223
570365
570723
571180
571753
571913
572285
572333
572557
572643
572954
573259
573521
573766
573848
573956
574634
574757
574855
575287
575459
575645
575826
576239
576240
576496
576831
576867
576919
576975
576981
577449
577476
578038
578147
579353
579398
579607
580384
581622
583146
583156
583553
584249
584447
584471
584986
585130
585548
586233
586977
587925
588138
588320
588412
588437
588620
588699
588730
589044
589121
589179
589325
589844
590237
591109
591465
591704
591832
591897
592027
592618
592647
593782
594027
594535
594753
594866
595148
595454
596052
596217
596619
597247
597442
597464
598679
598989
599245
599279
599365
599725
599919
600172
600263
600341
600593
600624
600773
601211
601940
602018
602814
602830
603391
604413
604772
605068
605153
605261
605844
606450
606469
606632
607089
607223
607278
608169
608210
608228
608366
608527
609104
609178
609257
609478
609538
610365
610441
611419
612082
613132
613206
613224
614220
614754
615114
615217
615570
616225
616329
616561
616878
618147
619463
619574
620005
620532
621006
621094
621200
622081
622174
623497
623614
624033
624174
624395
625131
625377
625483
625643
625753
625943
626070
626106
626122
626335
626711
628667
628778
631932
632049
634282
638210
642860
645318
653292
657611
657916
660620
663763
664064
665336
668054
668634
674245
675569
679925
680791
682824
683508
684785
685619
685984
687176
690846
693691
699324
700863
704909
705461
708119
708299
709065
711135
711341
711978
714679
715147
715221
716325
716605
717565
717621
718379
719194
719340
721265
723234
723407
723560
723771
724230
725406
725796
726988
727613
728228
729550
731036
731074
731930
732484
732714
734723
735561
736206
737370
738412
738892
739860
742396
742903
743028
744093
744146
745257
745339
746755
746930
748914
749724
750189
750685
751146
751181
752203
752568
754409
754685
755136
755417
756091
756204
756591
756856
756895
757147
757860
758594
760228
760240
760359
761035
761111
761697
762412
762646
764518
765299
765564
767208
769023
769123
769357
769479
771564
772616
773026
773493
773805
776007
776030
776247
777614
777643
778667
778698
779204
779524
779784
782913
783906
785904
785985
787610
788133
789167
789433
789767
790376
791569
794248
794611
794675
796552
797398
797527
798831
798930
798943
800526
803876
804528
804815
805041
805158
806117
806597
806614
807033
807093
812459
814206
815803
815881
816092
816978
817778
818643
819522
820725
820747
821001
822353
823514
824022
824083
824931
825311
825755
826083
826936
827072
827637
827754
828400
828612
829834
829902
830062
830180
830708
831241
832293
833102
834629
835212
835254
835609
836821
836845
837705
837799
838376
838612
838936
839184
839662
840790
842170
842314
842941
844122
844279
845238
845419
845666
845932
847558
847693
849095
849181
849812
852509
860385
860435
863647
864036
864534
864948
865067
865207
865658
865871
866133
866185
866385
866495
867332
867805
867960
868295
868873
869213
869433
869865
870420
870976
871314
872009
872139
872222
872734
872827
873049
873281
873614
873625
873712
873863
875691
875771
875955
876212
876659
877173
877676
879068
879166
880018
880981
881614
881754
882338
883978
884176
884508
884542
884749
885458
885828
887049
887722
888404
888777
888898
889070
889111
889283
890216
890874
890978
891560
892554
893080
893116
893758
894273
894344
895064
895072
895339
895405
895429
896272
896292
897079
897141
897326
897826
898398
899061
899788
899949
900554
903640
904633
904664
904772
904899
904975
905059
905482
906224
906631
907465
907616
907796
908021
908076
908561
910665
910897
911400
911475
911614
911887
911963
912261
912494
913577
913872
913899
913998
915275
915340
915561
915947
916173
916702
917490
917601
918922
919299
919345
919731
919805
919841
920725
920765
922214
923614
923740
923982
924491
925269
925531
926491
926956
927319
927411
927492
928931
929119
929267
929431
930297
930308
932279
932981
933161
933901
934189
934354
934931
936540
937394
939342
939545
939835
940391
941075
941247
942775
942898
944216
945455
945563
945594
946254
946557
948247
948321
948710
948835
949285
949334
949712
949782
950781
950786
951912
952756
952954
952959
953088
953473
954249
954307
954996
955102
955120
955263
956307
956341
957240
957469
957568
958171
958316
958444
959028
960713
961949
962373
963422
963585
963615
964075
964485
964806
964818
964899
966233
967612
967786
968811
969236
969958
971686
971894
972595
973128
974102
974145
975853
975895
976245
976717
977224
977610
980513
981371
981616
982179
982757
983577
983856
984551
985381
985590
986037
986410
987308
987750
988692
988792
988971
989025
989289
989343
989360
989737
989745
990110
990135
990538
992235
992452
992661
992699
993844
994191
995311
995548
995860
997137
997980
998545
998589
999415
999584
999728
999737
1000212
1000572
1001471
1003119
1003133
1004943
1005523
1005776
1006344
1006731
1007611
1007975
1008376
1008507
1008562
1008663
1009030
1009112
1009849
1011493
1014295
1014685
1014847
1014856
1014979
1015043
1015669
1016700
1016712
1016887
1017310
1017619
1019250
1021428
1022949
1023800
1026225
1026569
1027170
1027704
1027715
1029318
1029676
1030310
1030391
1030458
1031553
1031629
1031701
1031740
1032002
1033289
1033542
1034014
1034683
1034825
1035275
1035874
1036212
1036452
1036736
1036807
1037084
1037646
1038520
1039714
1040091
1041073
1042707
1043083
1043361
1043765
1044106
1045705
1045781
1046018
1046200
1046322
1046665
1048011
1048317
1049535
1049627
1050419
1051441
1052000
1052503
1053073
1054616
1054709
1054887
1054911
1055071
1055722
1056397
1056892
1057461
1057823
1057904
1058185
1058415
1058491
1058591
1058725
1059225
1059343
1059459
1060176
1060578
1061200
1062047
1063883
1064257
1064563
1065031
1065517
1066122
1066512
1066565
1066625
1068315
1070069
1070388
1071135
1071450
1071508
1072004
1072706
1077111
1077899
1082751
1083655
1084492
1086102
1086180
1086295
1087105
1087232
1087572
1087581
1088207
1089824
1089901
1089932
1090818
1092210
1092681
1093004
1096278
1096289
1096379
1096411
1098547
1098732
1098836
1098937
1099359
1099677
1100632
1101120
1101837
1101858
1102876
1103089
1103857
1104744
1106273
1106911
1107201
1107420
1107926
1108055
1108061
1109186
1109301
1109853
1110811
1111244
1111284
1111612
1112122
1112698
1113856
1114097
1114432
1115415
1121094
