100194
103904
103977
104345
109054
111939
112044
113109
114666
118071
118478
123642
123777
123949
127790
132640
133892
137379
138134
138170
140578
141126
145395
147410
149579
149963
152992
153656
156305
159143
161394
163470
163689
164174
164382
165324
168423
170884
171664
171795
175777
176862
179750
180215
183398
187833
192038
197452
197985
199984
200173
204037
208648
209608
209794
210939
215168
226056
235297
240630
244198
244827
247209
249668
251002
251568
258797
261280
264151
265419
267391
269603
270220
270809
271497
271779
272234
275298
275978
277935
280536
281322
281890
281988
288685
289246
294335
308334
309153
310821
312256
314647
314666
317641
318998
319870
319952
321172
322520
329057
333793
334781
337743
341716
344704
348281
350054
351040
351763
355952
358760
360750
361791
362768
365174
366803
368080
369654
370690
372104
375744
378563
381294
386201
389821
401255
410581
415008
417111
420751
422151
425954
427096
427250
427283
428760
433174
435091
440848
444342
446169
447084
449166
449743
449925
451363
452589
453193
453338
455425
462727
464331
464928
471841
472182
472871
475335
480829
483688
485938
490190
499286
510450
515368
518398
519310
521982
523545
531053
539410
541950
545785
555121
561920
563600
570365
571327
578301
583460
589169
590883
596217
600388
602580
604098
606879
607784
612824
616225
616689
622396
625643
626070
626162
631252
632049
634282
643227
664576
693193
696493
696577
703448
717552
725406
734723
739860
742751
748250
751640
774114
777319
786504
788356
822353
828173
829307
832102
832883
838936
845965
863647
866455
869831
869865
872971
874736
875750
876060
879507
881192
889768
896272
896576
903174
905119
907465
915181
915275
915967
917482
942245
946440
949334
950781
952954
963523
968700
970623
971992
975696
979705
983577
987269
987275
988747
989996
998545
999796
1006214
1007158
1008663
1017581
1023349
1025285
1037482
1042524
1043161
1044697
1048305
1052000
1061471
1061637
1062852
1062858
1064563
1070388
1071032
1084345
1086227
1095891
1099359
1108114
1108193
1155422
1158305
1159102
1162193
1163691
1166865
1167207
1168320
1168767
1169319
1169349
1171591
1173969
1174695
1177347
1178332
1179295
1180587
1180756
1182430
1183358
1184199
1191161
1196697
1198352
1204097
1209219
1213768
1214331
1215924
1218083
1221526
1224008
1228206
1233480
1235047
1237802
