101583
124370
129865
133014
134419
138455
140050
142784
143739
144120
147495
149266
149358
150303
162269
172457
173068
174204
175030
177989
178862
179210
182205
183542
186567
193219
200165
201947
205440
220201
221606
226570
228989
232475
233220
240869
241262
253259
260835
263990
269349
274391
275145
276616
282961
284704
284718
284937
285334
289744
295722
296054
296939
298513
299262
302133
302336
304895
308103
314494
315486
316971
317176
320493
322611
325508
326027
332928
333465
339771
342554
344568
345366
346858
347042
349205
349445
351599
352441
353917
355952
358261
358459
358782
359239
366496
367989
368055
371266
373276
374181
375211
376207
376752
380388
381380
383055
386055
396903
400827
404674
407466
408037
408070
409229
414485
419573
420381
422630
429282
430340
435267
436180
438276
438350
445611
446067
446165
447519
450468
450717
453449
453626
455558
456150
468528
477100
477469
481080
481450
488731
488875
491581
495371
496602
497545
499204
505897
508424
513037
519834
523772
525070
525441
527626
535690
536854
537066
537265
537392
542652
545295
545570
555991
556559
560803
563875
567840
572608
574389
575595
579243
579772
581043
592102
592464
592916
593171
598574
599293
599353
601724
603598
606690
608203
615562
615790
618413
619611
623517
630096
635247
647380
658691
699965
700038
703490
733528
741019
747498
749279
753505
761744
772088
773468
773804
781095
800950
817236
818420
821505
824284
830520
831250
832733
849340
865294
872216
872909
872921
872971
881163
882992
889372
897633
917073
924203
929414
935817
939722
943536
943905
944856
949140
953385
956265
956686
958288
961337
963774
969405
973557
974768
980469
980856
986985
998432
1005206
1007307
1010656
1015814
1018648
1021980
1026459
1027225
1031480
1033353
1033424
1035622
1037406
1040251
1043782
1043904
1044348
1047094
1048120
1050325
1060604
1062264
1062346
1062681
1065479
1067131
1071032
1071940
1076700
1097404
1097933
1098635
1098705
1099716
1104306
1106348
1111712
1156421
