105447
107981
119781
140050
149358
157025
165583
200739
201704
203896
208980
214134
218904
220201
222546
232475
236355
238099
259005
263990
279304
292349
293878
296054
302336
317110
335124
336347
348211
354817
355592
355952
370185
371266
373276
377348
378081
387599
394153
408070
411622
413942
414915
419686
420381
421226
422630
432460
432571
439351
446165
450466
463601
471279
480332
481113
482982
498581
513933
532366
535603
537265
537653
541883
551714
552096
556676
560803
561892
562572
562693
564954
577207
578537
579243
592916
593807
595004
603359
606679
609685
610037
621494
623887
633611
641965
656898
756427
766612
772088
824284
834871
834995
837578
846324
866455
872971
880747
889372
890626
892980
904747
905114
912544
939722
956686
967609
977832
978226
979173
983947
1001158
1010656
1031427
1033353
1033731
1048291
1050325
1052762
1063103
1063450
1067863
1071120
1074042
1074510
