101583
106013
111911
116964
122074
129652
132328
139918
140050
141519
146149
147495
149005
149358
149662
150303
153146
156003
172457
173068
173559
175030
177989
179122
183365
183627
201704
223769
224628
232647
236787
242041
250156
253595
258006
261750
263990
272184
282348
284704
285334
288519
290288
293261
293878
296054
296844
296939
297198
299262
299586
300450
303666
308866
312106
313574
314494
315486
315659
318521
319251
319861
321127
321596
321730
326163
332928
333727
334513
335124
343037
344262
349914
350918
351599
355952
357905
358193
358782
361274
361476
361776
367316
367540
376091
376752
378833
379116
381568
384249
384624
388509
390696
397222
398255
400827
404674
407672
408037
408695
415543
415579
417739
421273
422630
436155
436538
439351
441170
445865
446067
447537
447627
447692
447748
448629
450717
452539
454311
460608
461473
466365
480255
481567
484511
486113
486598
486768
489428
490059
490639
492286
495371
506197
508777
511451
512746
513064
514356
516054
518080
519415
525441
535603
537265
537392
538455
542121
543689
545927
557637
567223
567840
568319
569180
577207
577668
583577
583822
587734
589753
590436
590899
592916
595074
598314
599293
602068
603195
607017
607424
608531
610037
612284
615032
619616
620265
624303
624787
631865
649359
658691
678781
683374
688975
691495
699965
717974
725689
733528
738293
748683
767398
772088
783674
796188
797590
818420
821296
830520
831250
831456
834995
849340
863491
866455
870553
872971
881163
883810
885851
889372
895081
898275
914853
917243
930557
937734
939837
941776
943173
952663
956580
956686
959811
960607
963812
965875
968904
974838
979326
989892
991010
1002086
1005407
1010656
1021980
1025779
1026472
1031480
1040750
1043904
1050325
1052068
1055690
