106748
111901
114601
114995
116566
118658
123236
127760
132122
137910
141311
141332
143665
147071
150031
153829
158639
159564
165647
171803
172406
176216
176713
179727
180808
184920
191358
203373
203999
205866
220201
225686
228477
228918
229513
236154
239412
242913
245072
249535
253296
255972
256060
257146
263293
263990
266917
267956
275025
275462
278677
279787
284355
292246
294412
295265
305419
306111
311351
316343
321657
332610
332928
334919
345366
350143
353824
357076
361928
362274
377062
377445
380054
387325
397673
400662
400722
403181
405919
411452
415771
420269
428978
431711
439351
446172
447204
447321
447981
449358
454013
458098
458746
461473
465147
470752
471543
476652
483143
483767
484956
486102
487727
488635
489543
493373
498022
501111
502999
507317
513202
515710
516464
518843
518911
519887
521885
522140
525249
525481
526941
535929
540247
545984
556301
556676
557390
563483
565366
566403
572139
574634
584447
585939
587069
592464
592647
599061
606922
625753
697152
725052
749246
752568
770357
772456
773331
776007
781095
786590
787826
807828
828612
830534
836316
839435
839577
847660
870977
874734
875023
880747
885100
886899
896367
898005
904661
905873
932374
954307
956341
961140
963615
988614
991720
996122
1005407
1006301
1007975
1010794
1014685
1016974
1030880
1034094
1036452
1037646
1047955
1048011
1049074
1053227
1054006
1060608
1064726
1082751
1090866
1093004
1098455
1099219
1108055
1113856
1121384
1149848
1152667
1162320
1166433
1177060
1190088
1192820
1193606
1193925
1214200
1221907
1233160
1235962
1246442
