101816
103019
103371
105892
108543
109242
111737
111896
113425
113566
114995
116183
118560
119307
119803
122130
127760
131823
132571
136453
138707
139179
143382
145163
145921
146720
146803
147517
150221
155384
155766
156096
158639
159032
162754
166603
167292
167870
170122
172406
172821
173181
173418
173968
173977
174547
175596
177545
182140
186567
186649
186758
188982
192647
192765
193807
194636
200047
200416
203373
204208
205866
207287
212256
215378
215614
216901
223053
223105
225166
225349
228020
232475
234186
234320
236154
237491
238099
238828
239503
240521
244024
244673
245887
246656
247754
249252
250116
250163
251696
252240
253208
255972
256884
257605
257832
258440
258523
259756
261040
261658
263293
263583
263652
263990
264205
266458
266917
267956
268731
270915
272097
274391
275025
275828
278602
280320
280868
281388
283502
284651
286429
286890
287800
287958
288519
289668
292710
293020
293839
297442
298591
302937
303396
303546
307210
308998
310581
311351
312700
317950
318587
323762
323823
326897
328019
334775
334919
335408
337711
338009
339505
343244
344660
348211
348255
348261
349380
350143
352939
353820
357076
358331
361047
363692
364658
365262
365510
366982
369274
370453
372468
375578
383035
383075
384261
384301
386169
386800
387325
388500
388923
389299
391329
391675
392706
396761
399352
400916
404628
404674
405527
407049
407270
408730
411179
411452
416795
419439
420269
421214
421226
421381
423747
428202
429896
432924
438456
440297
442800
443009
443524
444381
444398
444787
447204
447321
448228
451204
455894
456892
462101
463858
464787
465147
468837
469163
469551
469829
470752
471775
472019
473936
474850
476137
482764
483402
486808
487513
490024
491721
492286
492885
494061
497711
499732
502539
504200
505641
505859
507920
508999
510863
512350
515778
516033
516464
516496
516578
517461
517711
518075
518888
519469
519472
519885
521461
521883
522140
523192
525815
529667
529805
530317
532334
532337
535929
538407
540337
541799
542073
543400
548315
548624
550268
552042
552286
553832
556927
557541
561989
563837
565366
567649
572389
573126
573413
573766
576349
577267
578639
579607
584282
584447
587925
589124
594027
596510
602097
602649
603954
604667
606290
607673
609205
610249
614129
614220
619369
625753
652827
669786
680773
681427
691229
705081
709764
715147
728035
745508
750685
751399
752203
752568
754685
754776
755674
756856
757740
770069
771755
772088
776007
777457
783600
785674
790130
797671
804359
805683
814748
822376
825311
828612
847038
847660
849812
863993
866723
867153
868295
869886
870078
872120
875431
876389
878044
880099
885180
886119
887722
889460
890141
890522
898879
899645
904661
906338
916245
916933
919731
920662
921456
923572
926125
930297
948892
954307
954912
963096
963615
970654
972937
975522
977978
978356
979018
979457
979928
980801
981853
982164
984430
987412
990538
998009
1000349
1003159
1007975
1008376
1008949
1012044
1014685
1015043
1019099
1019250
1020966
1025324
1034014
1036452
1036736
1037646
1043138
1043631
1044232
1047181
1047861
1047955
1048011
1048452
1048518
1049902
1052447
1052503
1057307
1061508
1061511
1061805
1064956
1065635
1066548
1068923
1069579
1070408
1072065
1072071
1072832
1075341
1082751
1087486
1088207
1089472
1090866
1097861
1099219
1099331
1105090
1105395
1105911
1108055
1111303
1113856
1115490
1121384
1127403
1149541
