102509
104231
104345
108063
108163
109302
110518
110899
112044
114342
114495
114666
115133
115438
116969
118478
121222
123264
123777
123949
126059
128593
128843
129001
130532
130571
131256
132690
133113
133892
134527
135206
137133
137379
137845
139038
140578
140714
141004
141592
141815
143182
144834
144896
145875
145974
146573
147896
147898
149299
149579
152897
155879
156366
158184
161394
162567
164263
165303
166079
170102
170884
171039
171287
174537
175621
180215
181964
185934
187833
191561
195197
197624
198548
199656
199673
199929
199984
201704
206093
208838
212581
212834
212891
213412
215168
215571
217323
218237
220401
225183
226056
231331
234661
236355
237738
238827
241388
241558
242000
242281
242480
242868
242883
243151
243283
244198
246558
247730
251002
251425
251568
251826
252287
252444
257026
258366
260950
261223
261727
264917
265981
266265
268279
268398
268916
270220
272880
274657
275298
276112
281142
281279
281890
281988
282208
283918
284033
284655
286035
289246
289839
290503
292347
293305
293878
297718
302520
303315
304391
304712
306257
307173
307573
307719
310313
312256
314607
314647
314666
315727
317027
320151
320493
321172
321563
322520
323034
323046
323487
323850
323912
323926
324242
325127
325265
326070
326292
327681
328183
332418
333674
335083
340253
343385
348104
350054
351040
351455
351686
353438
354659
355520
355952
360750
361022
361677
362768
364895
364930
365174
368138
373230
373276
374519
376596
376616
378563
380551
381294
381585
381774
387862
391445
397384
398410
398681
401036
401053
403729
404441
408547
409957
411990
412468
413796
416555
418074
419395
420839
421800
422933
423574
425522
427250
427283
428462
430438
433174
435684
437409
438350
438712
439910
444776
444898
445481
445678
448108
449488
449529
449919
449925
451363
451658
451685
451909
452774
453193
455505
455780
456685
458452
459236
460754
461107
464482
467993
472871
474027
474073
474673
476259
479553
480033
482628
483857
484910
488580
488785
490090
490381
490454
491031
492720
495047
496463
498748
502013
502923
502970
503474
504549
505510
505787
507835
508045
512340
513098
513739
516115
517196
517413
518488
520616
523586
524117
524207
524648
526326
526376
526400
527664
527840
529543
531398
532366
533108
534299
538304
540322
540428
544206
546904
548152
552824
556628
557668
558887
561860
562031
562740
563600
564419
564995
566129
566211
569912
570365
573259
576239
576240
576281
579165
579398
585130
585548
588437
593122
593782
599919
602068
602580
602814
604098
606632
606879
607017
607784
612082
614578
614754
616225
624106
624395
625637
626070
626106
626293
631252
632049
633476
634282
639907
648052
651715
658355
659198
663848
665336
674245
674326
684948
690846
701944
705311
711135
719452
721582
725406
725796
731036
736206
739860
740276
743629
750189
751640
755417
756399
760572
764009
767252
770747
772616
775182
776030
777174
783906
787727
791569
793957
798930
810644
828186
828469
830180
832102
834629
839662
840790
842941
844122
849181
852509
863786
866185
866455
868000
869320
870253
870420
872971
879166
880558
882421
883810
884542
889372
889768
889816
890900
893116
894647
896272
901480
901984
904975
907465
908561
913872
914678
915181
915275
915340
915561
916106
917773
919778
919805
920333
920765
924491
926491
927492
932981
933901
936540
944457
945563
950781
952954
953088
953213
954996
957469
958316
964437
964818
969958
970438
973128
974145
974191
976717
978400
983577
986410
987788
989289
990570
1000572
1003133
1009010
1011493
1014576
1014856
1017280
1017461
1018465
1022949
1027704
1029446
1030087
1031280
1031553
1031701
1034683
1039714
1042707
1044697
1045083
1046422
1048305
1049330
1049675
1050419
1050603
1052000
1054188
1055221
1058036
1058591
1060176
1062447
1066565
1067387
1070388
1071032
1081723
1090818
1092210
1096289
1096439
1098937
1099359
1099716
