102086
106319
112235
113036
118554
121147
121408
123801
124500
130366
130555
131208
137677
145017
148673
149358
153850
159875
161156
170035
171393
192516
204764
211249
222020
222416
237374
278811
280452
280966
287042
293992
296815
305678
307920
309563
314228
316368
324352
335334
335918
339428
339606
343805
344630
350732
353299
358021
361281
361488
364948
366033
371498
371575
373616
375663
383055
387297
392932
393980
405901
408070
415967
424865
425686
447717
449959
451511
454219
454796
459070
460069
466214
468467
477413
479114
479392
481388
482622
502111
503081
504102
504984
511024
511792
518763
522905
524408
525889
529566
531554
532007
532233
535690
536669
540942
543558
544077
545605
545944
549038
549659
557170
558639
560369
575459
576902
580132
589776
589952
592027
592135
593459
605409
606283
610394
610931
615217
616308
644203
653292
660059
667778
673938
755525
774914
780709
794611
819320
829305
849340
864313
868477
872222
875601
875771
880018
890020
903506
913577
917858
922413
939722
940391
944118
945273
956000
964983
970153
973987
975187
1003675
1016299
1016570
1016615
1042722
1044348
1049835
1052302
1058725
1073556
1078414
1080244
1081866
1090057
1103163
1103976
1109348
1111712
1121072
1122125
1124706
1159082
1173138
1174346
