100009
100169
100194
101105
101318
101796
102647
103653
103922
105047
105498
107493
107936
108396
108875
108938
109302
109527
109665
109730
109910
110590
110899
111896
111939
112006
112041
112979
113297
113313
113425
113566
113797
114666
115022
116566
116969
117321
118364
119454
119521
119803
120262
120286
120461
121128
121470
121576
123642
123777
124101
124132
124464
125579
126548
127790
128737
129105
129525
130769
130996
131514
131572
131791
131834
132014
132046
132482
132739
133892
135477
135514
135889
136893
137251
137982
138170
138395
138794
140566
141312
141636
141681
142418
145215
145566
146201
147715
147772
147896
149020
149838
149963
152715
153963
153970
154248
154544
155231
155710
156096
156121
156268
156366
156634
156705
157435
159143
160513
160962
162048
162689
163332
165109
165344
166799
167298
168584
168983
170158
170515
170729
170884
171090
171664
172406
173319
174458
174547
176162
176424
176713
176862
177528
177796
179988
180230
180397
180601
180952
180990
181554
182377
183178
184841
187833
188588
189419
189637
191307
191426
191681
191747
191835
192516
192624
193056
193818
194335
195378
196160
196232
196328
197219
197260
197421
198194
198525
198697
199576
199673
199984
200111
200525
201253
201941
203487
203590
204080
204383
205003
206426
206991
207305
207309
207479
208423
208883
208904
209659
210939
211109
211606
213259
213730
214039
214225
214739
215126
215849
217779
218025
218258
221014
222020
222847
223493
224522
226621
230856
231859
232183
233328
233501
234017
234220
234859
235297
236115
236773
238322
238581
238828
239412
240151
240683
241230
241533
241671
242000
242618
242913
243592
243983
244198
244827
247304
247730
247735
247754
248633
249173
249680
249740
249865
250963
251002
251477
252287
252901
253296
253842
254144
254475
254538
255972
256060
258382
258880
259947
260019
260199
260808
261384
261752
262090
262442
263706
263913
264263
264552
266087
266265
267463
267648
267947
268141
269404
269732
269882
270189
270220
270237
270690
271676
271779
271791
272341
272454
272966
273864
273947
274199
274371
274953
275398
275401
275774
275782
275829
275864
275928
277744
278702
278763
279218
279401
280433
280890
280999
281256
281951
281988
282315
282597
282802
283194
283533
283908
285652
286170
286321
286384
286429
287308
287468
288502
288562
288642
288685
289241
290835
291317
293607
293851
293943
294156
295084
295265
297113
297408
297874
298548
298742
299637
299896
300218
301807
302220
302223
302709
303422
303696
304901
305678
305778
306257
307210
308992
309021
309127
309429
309563
309792
310155
310668
311282
311524
311714
314138
314647
314938
315397
315774
316042
316368
317641
318300
319122
319484
319703
319870
321593
322061
322851
323051
323453
323871
325309
325357
325922
326234
326961
327452
327610
328787
328876
329014
329339
329683
329769
329800
330069
330072
330866
332078
332133
332943
333067
333577
333899
334438
334959
335156
335224
335469
335544
336312
336921
337309
337617
337693
338042
339524
339822
340149
341101
341166
341501
341716
342587
343449
343754
344415
345500
346289
346427
347476
348255
348542
348948
349015
349121
349164
350647
350783
351503
352980
353117
353144
353221
353744
354684
354783
355809
356737
358021
358331
359042
359592
359909
361188
362611
363733
364284
365037
365174
365294
365455
365989
366005
366241
366974
368080
369391
370988
371498
372104
372351
372468
374485
374866
375104
375108
375121
375949
376043
376147
376854
377785
378116
378158
378200
378300
380689
380828
380944
381313
381797
382117
382985
383035
383043
383912
384803
386271
388999
389258
389312
390199
390756
391040
391197
391675
392366
392599
392937
392994
393559
394345
395817
396038
396088
396106
396962
397272
397295
397622
399611
400788
401082
402066
403154
403445
403759
403914
406484
406626
407310
407553
408071
409431
410397
410581
410806
411677
412949
413540
413908
414076
414193
415088
416537
417071
417111
418747
418965
419058
419594
420953
421160
422530
422871
424597
424865
426964
427035
427096
427250
427921
428462
429092
429748
430438
430812
431714
434088
434481
434730
435521
436536
437624
438932
439171
440578
440908
441047
441375
442147
442248
443070
443117
444143
444678
444802
444803
445481
445612
447143
447204
447321
447576
448259
449176
449529
449743
449919
450524
450548
451082
451129
451363
451639
451669
453193
453207
453834
454161
454219
454416
455312
455425
455458
456219
456892
457865
458081
458098
459305
460228
460808
460839
461515
462055
462102
462636
462697
462736
462819
463969
464321
464331
464558
464605
464842
465285
465591
465645
468192
468467
468551
468749
468837
470042
470752
471529
471775
471962
472871
473768
474598
475157
475440
475671
476436
477520
477692
478604
479064
479797
480899
481388
482021
482352
483533
483688
484135
484507
484939
485071
486023
486237
486791
488496
488781
489485
490096
490277
490581
490823
491168
492444
492650
493782
496094
496617
497771
498495
499532
500021
500694
501606
501835
501913
502556
503825
504317
504942
504949
504975
504984
505859
506129
506588
506611
506753
507197
507317
509386
510243
510669
510973
511013
511024
511290
511792
515307
515602
516505
516578
516711
516890
517784
518130
518398
518759
518800
518843
519024
519306
519327
519469
519499
519802
519863
519997
521418
521885
522268
525202
525672
526727
526900
526976
527677
528757
528869
529241
529602
529783
530327
530944
531053
532337
532781
534619
535929
536398
536890
536971
537145
538955
539410
539509
539653
539813
540071
540226
540247
540798
541286
541453
542534
542908
543053
545865
545944
546750
546999
547328
547386
548345
549137
550156
550260
550799
550874
550893
552846
552896
553151
553662
554300
555005
555107
555714
555806
556204
556689
557011
557170
557390
557541
557579
558004
558934
560380
560724
561468
561615
561989
562434
562758
563386
563483
563837
563868
564071
564995
565260
565546
566430
567649
568859
572285
572651
574168
574634
574649
574855
574988
575459
575557
576380
578147
578455
578715
579353
579893
580123
580198
580533
581633
582665
584447
584986
587093
588002
588730
589325
590713
590747
591704
592510
592824
593782
594142
594237
594535
594957
595248
596052
596217
598394
598886
599279
600388
600407
601732
601940
601965
602293
602997
605098
605153
605523
605763
606450
606762
607089
607784
608233
609205
611967
612165
612288
612824
613642
614173
614670
615076
615570
616767
620014
620420
621048
621246
622174
622371
622767
623497
624701
625643
626070
626543
629677
637253
641006
645406
653697
655294
657916
660191
662972
663939
667914
675569
683032
685619
686290
690546
693153
695135
703448
705222
708824
712041
714679
715147
715221
715274
715341
716095
716605
716646
719763
720145
721265
723615
724230
725052
727800
729626
730825
734723
734911
736264
736787
737724
739258
739860
740142
740735
741170
742861
747446
747609
750367
751456
752577
755092
756073
756204
756564
756895
759265
760240
761107
761442
765983
767578
769631
771250
776007
778493
779241
780196
783600
783994
784065
790704
792003
794611
797268
797398
798831
798930
798943
799041
801580
804391
805158
805164
809946
814142
814206
814542
815181
815942
818839
819320
819522
819872
826414
826897
827281
827893
830062
836821
836943
837001
839184
841816
842600
842941
843188
845238
847558
847693
849063
862846
863452
864160
864534
864748
870078
870316
871355
874591
874653
874736
875023
875200
875771
876389
876659
876791
880018
881754
881847
882304
883222
884018
884245
885828
886366
887891
888898
890147
890387
890399
895429
895588
896272
896485
897079
897326
897783
899061
899788
899949
900951
901342
901399
901480
901879
902337
902830
903406
904661
904975
905482
906775
908561
910897
911400
911475
914100
914699
915181
916245
917858
919805
920128
920333
920439
923019
923888
923928
926125
929968
931873
932374
932389
934189
937394
939073
939342
939545
940505
942017
946068
946527
948892
949127
949334
949466
950274
950781
950786
952141
954984
955263
955991
956000
956341
956935
957469
957913
958863
961140
963215
963523
963615
964485
964536
965326
967612
968700
969084
970916
971686
972779
972937
973075
973987
975853
979705
982757
983244
983313
983577
984430
993844
993892
995860
996211
996797
998545
999010
999728
999796
1000503
1001489
1002608
1003675
1004644
1005523
1005776
1006960
1007975
1009030
1009417
1010069
1010123
1011547
1014033
1014685
1014979
1015022
1015043
1015145
1016343
1016473
1016700
1017855
1019250
1020428
1020856
1022785
1027170
1028287
1028864
1029318
1030140
1030310
1030971
1031553
1032002
1032507
1033518
1034893
1035023
1036266
1036452
1037190
1037198
1037809
1037937
1038325
1040091
1040323
1040595
1040936
1041531
1042088
1042614
1043069
1043104
1044423
1044582
1045120
1046200
1047505
1049657
1049835
1050999
1051734
1052503
1053110
1054560
1054902
1055069
1056070
1056112
1056600
1057343
1057511
1057638
1057679
1058036
1058591
1059954
1060821
1061637
1062335
1064192
1064200
1066192
1066548
1068315
1070572
1071331
1071450
1071706
1072004
1072489
1073895
1073949
1076431
1076514
1078330
1079124
1080510
1080578
1080645
1083441
1084846
1086407
1086750
1089775
1089901
1089919
1093004
1093278
1095891
1096278
1097861
1098337
1098492
1098836
1099079
1100266
1100632
1101214
1101837
1101858
1102967
1103098
1103368
1105782
1106461
1106966
1108055
1108138
1108254
1109301
1109533
1109853
1110941
1111362
1111436
1112698
1114152
1115724
1116005
1119605
1121094
1123496
1132196
1133574
1139056
1149491
1149581
1150092
1150208
1150453
1150585
1152207
1152434
1152864
1153425
1157432
1157557
1158336
1159069
1159190
1159705
1160568
1161081
1162156
1162167
1162191
1162193
1163691
1164133
1164184
1164265
1166148
1166865
1168767
1170148
1172598
1173611
1173867
1175910
1176487
1176948
1177442
1178195
1178295
1178332
1178435
1180366
1181464
1182559
1183011
1183358
1188909
1189171
1190088
1190233
1191955
1193778
1194486
1196697
1198475
1199905
1202458
1202481
1202965
1203263
1203306
1203522
1204097
1204127
1204361
1205188
1205586
1206265
1207037
1208199
1208292
1209772
1210851
1211308
1212318
1212353
1214239
1215038
1215206
1216244
1216762
1218881
1219891
1220228
