101532
101912
102179
102532
103814
103904
104088
104345
104749
105649
106150
108927
109220
109302
110487
110899
111958
112044
112235
112385
112498
114995
116628
116969
119510
120004
120286
121147
121730
122099
123035
123517
123618
123777
124464
126059
127943
129151
129318
129745
130366
130464
131208
131516
132351
132640
133892
135030
135429
137806
137871
139113
140121
140480
142372
145215
146201
147896
148601
149249
149886
150585
152033
152520
153041
153213
153850
154737
154982
155211
156366
157427
158639
161742
163776
165402
166469
168079
169564
170586
170884
171222
171287
171664
172406
172821
173528
174525
175183
176750
176862
176911
178754
179727
179750
180223
180493
180990
181642
183398
188309
188482
188588
188795
191681
192516
193677
195001
195197
195200
196296
197260
197571
197718
198355
199068
199655
199656
199673
200391
200405
201024
201575
201843
202040
202045
204431
204718
206077
206093
208410
209598
209988
212139
213554
214066
214303
214463
215849
216618
216620
218521
220554
220763
221580
221843
222000
225255
226924
231893
232029
232696
232785
236843
238881
239503
239730
241017
244198
245072
247822
247851
248057
248530
249024
250530
251002
251114
251719
252606
252620
253255
253367
253466
254395
254661
255124
256229
258025
258187
258366
258405
260808
262306
264642
265244
265739
266150
266161
266177
267463
267607
267956
268112
269404
269603
270517
270966
272307
273864
274400
274742
274953
275298
278166
278763
281705
281890
281971
281988
282533
282914
283278
284519
286306
286890
287490
288039
288714
291512
291564
291752
293992
294969
295084
295601
295802
297113
297431
297718
297929
298174
298548
300649
301402
302580
302709
303422
303696
303778
304012
305022
305651
305678
306583
307595
307631
308334
308393
309127
309153
309435
309563
309792
312256
312601
312877
312931
314138
314234
314587
314607
314666
315718
316059
316309
316368
318882
319231
319870
321172
321672
322776
323778
324282
324352
327351
327681
329057
331420
332348
333036
333674
333815
337743
339428
339905
341173
343385
346333
346745
347322
347752
348371
348997
350054
350143
350390
350842
351455
352108
352928
353361
353820
353824
354054
354101
355402
355812
355838
357620
358021
359007
361281
361488
363368
366033
366561
366986
367552
368624
369654
371498
371575
372811
373230
374383
374468
378436
379043
379152
379272
380689
381377
381774
383294
383984
384122
384261
386201
386610
390756
391131
392937
393396
393962
394026
396036
397289
397621
397953
398410
400208
400253
400662
400722
401036
401082
401971
402831
403759
403765
404019
404236
404264
404347
405533
405901
405919
406772
407141
408044
409690
410740
412316
412387
415447
416080
416959
420269
420879
421558
422060
423518
423878
424865
426731
428202
428651
428661
430553
431481
431913
433296
435091
435521
435733
436764
437016
438718
440924
440971
441905
443929
444081
444776
445147
445799
446169
447011
447013
447368
447474
448590
449358
449925
454013
454083
454219
454323
455894
457077
457493
458098
458921
459070
459341
460017
460453
460754
461276
461997
462697
462829
464208
464331
464605
464687
464842
465591
466214
468355
468467
468661
468837
470042
471775
471841
471956
472209
472493
472871
472947
474566
474879
475180
475440
475859
476566
477413
477648
478530
478556
479256
479754
480046
480373
480524
481388
481424
482649
483211
483490
485844
485938
487513
487658
488635
488638
489057
489886
490090
490190
490381
490737
492488
493340
493937
494444
498151
498303
499712
500694
500929
502470
502556
503126
503254
503371
504102
505088
505338
505518
506199
507478
507835
507911
509386
509785
513268
514478
515368
515406
516505
518075
518714
519068
519261
519885
520056
520204
520897
521461
521837
523602
523672
524222
525815
527677
529923
530688
530981
531831
532159
532233
533279
534548
534673
535088
535413
537134
538670
538735
538979
539813
540337
542068
543323
544090
544260
545605
545730
545869
545944
548350
548547
548830
549038
549049
549424
551013
551394
552282
552778
552824
554565
554852
555151
555398
555618
555731
555942
556852
557034
558328
558641
560291
561252
561468
563600
563908
564071
564256
565260
565366
566090
566225
566577
567321
567455
567649
567712
568158
568670
569912
571913
572842
572901
573570
574409
574649
574836
575459
575844
576233
576459
578290
581752
584126
585291
586977
588437
588730
589776
589952
590237
593782
594666
595077
597071
597177
599919
600263
600365
600388
601900
601975
602649
603395
605153
605763
606450
606490
606632
606879
607278
607833
608228
609319
613804
614173
615217
615986
616767
617729
619437
619463
620522
621358
622027
622143
622990
624033
626070
626162
626176
626395
626547
627641
632049
634282
638992
640694
651048
655970
657607
663580
670760
674222
674245
689996
692467
703617
708114
710040
715147
715453
717621
720705
722651
725674
726808
727906
729124
733146
735292
735627
738717
739109
742518
746656
747446
748438
749414
751620
752568
753087
755674
756167
756582
757597
757634
757740
757850
758594
762665
764899
767252
770844
772616
776531
780709
786836
794248
794690
798089
799798
803252
805683
807430
812927
813114
814744
817595
819320
819872
821047
825613
827818
828186
828469
831915
833102
834283
836821
837831
840115
840247
842170
844055
845834
845961
847038
849812
863109
864313
864534
866167
866385
866670
867553
867714
868830
869065
869865
870283
870598
871085
873976
874430
874591
879166
880292
880558
881192
881662
881847
884542
886814
889323
889462
891055
892868
895649
895859
896406
896576
896824
897112
898005
898768
899503
899949
902784
903493
903506
903640
904975
906492
907866
908232
911352
911369
911665
911734
912374
912494
913869
913872
913899
915090
915967
916245
917482
918855
919805
921675
922012
922164
922209
922589
923682
923982
926494
926848
927307
930235
931403
931963
932584
932953
937357
938866
948956
949127
949466
949677
950781
951294
951823
952954
953681
953965
954109
954307
955102
955150
956307
957231
957469
958096
958444
959856
962422
963615
964485
964774
965265
966930
967128
969002
970021
970796
971440
972514
973330
973987
975106
975486
979497
979670
981085
982344
983577
985441
985590
988692
989006
989745
990538
991215
993432
995513
995709
995860
996421
997163
998827
1001774
1004918
1007054
1007975
1008070
1008376
1010844
1012951
1013357
1014685
1015043
1015959
1016751
1021126
1021208
1023027
1023271
1023595
1023819
1024009
1026687
1027646
1027704
1028770
1029468
1029886
1030502
1030590
1030764
1032078
1032925
1034093
1034094
1035014
1035023
1035567
1036452
1039714
1040011
1040391
1042707
1043402
1043765
1045705
1046200
1046422
1046459
1047955
1048123
1048305
1048460
1048849
1048927
1050479
1053853
1054006
1054188
1054704
1054705
1055174
1055954
1056080
1056649
1057307
1057679
1057854
1058235
1058254
1059459
1059674
1061508
1062047
1062852
1063672
1063688
1065195
1067295
