100351
105649
115022
115787
120286
124681
127960
139363
140555
140566
145073
145215
147391
148461
148813
149886
150065
153041
157287
158032
159183
160378
161742
176750
176911
180223
187121
187465
188309
188588
189769
191747
194411
195808
198355
209276
209988
215374
215849
216127
218904
222546
223109
231687
231893
232159
240616
247851
254903
267463
270966
273864
274204
274953
275401
275425
280880
282802
291899
299397
302336
302709
303696
312877
313472
313731
314138
315575
317586
320910
322552
328640
332635
332665
336247
337630
345624
350390
352108
353509
355592
356945
359007
364206
365900
367153
371266
372811
375104
379448
380236
380881
382117
390199
392424
403177
405997
406056
408044
414915
416959
422630
423518
424597
428418
434667
440924
440971
448590
449890
451082
454416
456538
457077
458615
459950
460889
463601
465308
468493
470042
472947
483490
493372
495931
499734
500694
501883
502556
505941
509835
519261
519306
519327
524222
527677
537265
538133
545865
545910
549049
549209
552096
555398
555942
557270
560291
561525
562572
564954
567280
567321
574409
575523
577207
580829
593807
596228
596414
598679
600652
607833
613711
617567
624174
625483
626547
675569
683240
686919
699324
703617
705461
712583
717621
731874
747446
756427
764703
766612
771232
773493
779784
805158
817595
819859
823514
833102
834995
835363
837578
840115
845834
846545
863640
866133
868830
876768
883667
889405
891167
892980
895668
897112
898398
899949
901399
903493
911734
913899
915090
923982
926666
937394
939095
949144
956686
957568
965015
965265
965780
966062
977832
981371
983313
985441
985590
985710
988914
996421
1005767
1009400
1021208
1029318
1031992
1044608
1046200
1048291
1055722
1058449
1067295
1071450
