105126
107216
114423
114817
115022
119521
120286
124681
130464
132873
140566
145215
149886
156003
158672
161742
163869
176162
176911
180223
180230
186353
186625
188309
188482
188588
191681
191747
198355
199021
214177
214303
215374
215849
224368
226572
226924
231687
236344
250963
257705
261752
262442
267463
273864
274953
275401
282315
282802
290854
297198
302709
303696
314138
317586
318300
319861
328787
332635
335224
350268
363069
375104
382117
388905
390199
392200
392366
396088
396106
397295
400253
405310
410571
410970
412666
413540
416657
417071
423518
424597
430340
433733
448590
450548
451082
453834
454416
458921
463601
464208
464842
468551
470042
478530
495507
500694
501835
502556
506984
519024
519306
519327
520071
522268
527677
528848
530327
530814
532306
534619
535838
536971
537265
538133
545865
547913
549049
557579
561468
564071
567321
568128
574409
574649
574988
575523
590237
594535
598886
599725
600407
601732
612784
616105
619106
623370
645406
647915
658691
675569
686919
716605
717621
730825
747446
773493
777643
779222
795345
805158
827637
833102
841409
864534
868830
874591
874653
876768
881662
890874
894344
897112
899330
899949
901399
906775
907616
911400
912919
913899
923982
937394
956686
959196
969405
983313
985590
996628
999056
1004644
1005793
1009417
1010123
1012481
1016473
1029318
1030140
1034893
1042614
1046200
1056600
1058826
1062335
1063946
1064200
1066192
1070572
1071450
1076586
1085992
1087105
1101837
1106512
1123496
1149581
1160568
1170319
1193377
1198151
1199905
1216244
