102086
106319
113699
114363
114474
117912
118554
119510
121147
121408
124069
124132
124500
125212
126035
128213
129151
129652
130132
130366
133496
137677
139113
140480
146208
147432
149358
149838
150865
154982
156634
157880
159875
161156
170515
174568
180565
181421
181867
188528
188766
192058
192445
192454
192516
193278
195200
197892
202075
212139
214589
237374
239186
239370
245356
248676
249443
254288
255116
259945
259947
266150
268666
278121
278811
279401
282269
284600
287447
293944
295601
296308
296815
297364
302998
303182
303934
304487
305678
306466
307920
308992
309563
309792
311290
312955
315233
316368
317380
317644
319935
322146
322537
323029
324362
325622
327617
330312
331444
332432
333857
335363
337132
338862
339428
339606
339905
343694
343805
344630
345780
346164
346289
349893
351897
352928
353299
353647
353700
354407
356217
357845
358021
358338
359239
361488
362743
365989
366986
368624
371498
373699
375663
377785
379534
384487
384643
386178
387267
387297
387373
390808
390835
390982
391197
392932
394887
395532
398225
399542
399682
401082
402039
404286
404347
405080
405901
407141
407241
408070
408175
408266
408443
413232
414077
416910
419062
424865
425686
428651
428778
430566
431192
436940
437840
439314
444266
445147
445612
447143
447717
450466
450685
451511
453458
454083
454311
456446
459070
459345
460228
460915
462697
462772
464558
465145
465591
466214
466421
466568
468195
468467
471425
472493
475440
477413
477648
479114
480106
480373
481208
481388
481424
482458
485986
487498
487514
488325
491022
492488
496238
498041
498823
499712
500586
502470
504488
504984
507216
507911
508100
509386
510060
510225
510761
510973
511024
511360
511792
512483
520357
521912
522260
523515
523772
524408
525889
526049
527838
528718
529633
530536
532007
532233
535249
539301
539508
539795
541311
543298
543430
543558
544077
544950
545944
546031
546628
548265
549038
549392
549424
549659
552282
552846
555574
556062
558639
558940
560369
560373
563904
565260
569268
573519
575459
578290
578715
579243
580132
582421
584167
584801
586476
587513
589209
589776
592027
595004
599279
600607
601110
602111
606283
606579
613237
613272
614493
615217
616098
616767
619574
620265
621172
623250
624471
638210
653292
669924
681537
689069
698889
700038
703679
711308
711571
715453
716646
719939
735749
738717
750638
750920
751333
753583
755092
755525
778462
779732
780709
793919
794611
805164
807093
813375
817038
818643
822437
827754
833153
835847
838066
844047
844055
849340
863491
864160
864992
866670
870598
871654
872222
872412
874415
875771
880018
881500
881847
884582
884749
885967
895588
898484
898800
899176
903506
904119
906081
909626
910272
911619
912323
912494
913577
917021
917727
917787
917858
918133
919299
930557
932372
932438
939304
939408
939722
940391
949782
952528
955102
956307
958863
961105
970153
970914
972364
972883
973987
978293
984263
987308
988004
992235
998226
1001489
1003366
1007706
1010656
1010844
1014622
1014627
1016299
1020428
1025942
1030195
1030410
1031126
1032078
1034508
1035023
1035440
1035567
1037693
1040595
1041024
1044348
1049835
1052302
1055143
1056892
1058725
1059708
1061056
1064219
1065428
1065517
1067114
1069295
1071135
1073949
1074673
1075258
1076513
1077855
1078750
1079482
1080244
1080317
1081436
1083206
1085199
1086180
1090057
1103163
1105240
1110562
1111461
1121072
1159082
1160257
1160772
1160776
