101583
107884
111880
112717
114995
117321
122110
122130
123517
142122
146600
151873
158639
163810
163878
176713
177469
188032
190062
190168
191455
191995
192455
195105
199194
200107
200862
201438
204400
207287
211606
215791
220201
222650
228918
232785
239503
242041
242062
244024
246424
247754
259627
261185
265391
266917
267956
272097
273694
286637
286890
288519
292885
294412
300649
302619
321891
322207
325208
328019
332121
332610
332928
334919
338405
339505
349811
350143
351013
354088
358543
358583
361274
370185
373747
374935
377445
379576
381252
383035
384399
385271
387325
402443
404654
415502
428202
428256
435841
439351
441377
447321
451036
451417
456892
461473
470752
471775
475157
481067
483143
483284
487513
502094
503126
506206
515371
516496
517749
518902
522628
525481
532781
535413
537145
537392
539324
540247
542075
545177
550268
552027
556676
556927
559452
562006
563483
565138
567637
569180
571020
574634
575229
584174
596413
602649
604947
616924
619437
625753
674222
697228
715423
723421
735292
749414
752568
758594
772088
777046
799581
806141
806597
811620
830201
839453
849812
872511
876067
884565
887561
890276
893091
894130
895405
896406
899167
902696
904661
916885
926200
948013
956341
956580
958064
963615
964774
975522
981740
987415
1001980
1006519
1007975
1008949
1014685
1015043
1019590
1032320
1034094
1036452
1037072
1038520
1041400
1043402
1045705
1045906
1052503
1054006
1054643
1055363
1057307
