101749
105649
108228
115022
116517
117305
124681
124985
131516
133917
140566
145215
145592
147391
147599
148461
149886
157287
159554
159567
160378
161742
163869
164308
176750
176911
177693
179122
187255
188482
194722
198355
199476
205800
207998
209598
209988
214303
215374
215849
219353
221843
222204
231687
245059
246564
261264
269567
272651
275158
275425
280855
280880
282068
284816
285090
285334
285365
288714
299397
302336
302709
303696
312856
313472
314138
314978
315897
317586
318300
320951
327099
327874
329506
332635
343202
343816
344106
350390
355592
355661
356945
358113
359007
365006
371266
372811
375986
376177
380236
382117
382180
384624
386709
390199
391758
397289
409547
411438
412666
416657
420985
422630
423878
434667
443448
446501
446535
447692
448590
449584
450548
450623
453725
453834
456150
458615
458921
460889
462236
463903
464842
468551
475078
478530
482512
482649
485101
488638
490737
493372
498824
500694
501883
502556
506632
506984
510479
518439
519137
519861
520531
524910
527677
528848
530688
531250
534619
536971
536998
537965
539446
544281
549049
555398
557270
563848
567223
567264
567321
574409
574649
574988
584126
590436
592804
594535
596228
596414
599725
600407
601677
601993
615324
615811
631244
675569
684538
686919
687719
703617
717621
719359
746498
749466
756427
758123
758819
773493
779784
795345
805158
811954
817773
833102
840115
842170
866133
868830
872009
875980
876768
881628
895668
897112
899949
901399
902011
906775
907866
911734
912487
913899
914488
914853
915947
918855
939835
949285
950817
954021
956686
957568
959199
968493
969405
970021
983313
989745
996421
997163
1001774
1005373
1005767
1010123
1015959
1028609
1029318
1030590
1031992
1034893
1042285
1046200
1048291
1055722
1058185
1058449
1059459
1066192
1074537
1075948
1087105
1087890
