120331
121729
121730
124464
128083
132966
146201
151702
152033
173319
179210
181281
193275
193677
201127
205463
223769
227452
228704
242569
242802
254153
266879
272307
290415
296054
298245
298548
307039
318927
325191
327351
331420
338748
339524
350887
366154
369391
393927
398935
402047
418229
444316
450205
472370
475419
477056
479253
479256
483545
503187
514478
516505
517640
521837
525438
526488
539813
542913
543323
543563
554199
554567
562287
565546
577640
577925
585524
586193
592916
601900
604625
606450
606490
663763
684785
695988
717186
734808
739109
836821
866805
882052
924203
962012
964485
967609
998202
1053473
1069182
