100351
100577
101170
101185
101816
102086
102375
103019
103371
103904
104088
104282
104293
104345
104394
105293
105649
105892
106174
106319
106500
107216
108294
108543
109220
109242
109302
109765
109767
110073
110899
111737
111896
111996
112335
112511
113425
113566
113661
113699
114363
114474
114666
114817
114932
114995
116517
116969
117622
117912
118080
118478
118554
118560
118606
118849
119307
119510
119803
119906
120248
120771
121147
121408
122130
123949
124069
124132
124464
124500
124681
124985
125212
126035
126059
126277
127760
128213
129151
130132
130366
130508
130532
131516
131823
132519
132571
132763
132936
133496
133767
133892
134163
134527
135736
135996
137677
137871
138170
138296
138707
138923
139038
139113
139179
139611
140168
140387
140480
140555
140566
141592
142372
143382
144206
144896
145215
145478
145592
145614
145747
146201
146208
146419
146574
146720
146803
147391
147432
147517
147589
148200
148416
148461
149579
149838
149886
149963
150221
150269
150337
150865
151702
152897
153656
154386
154737
154741
154982
155391
155766
156096
156295
156590
156634
156715
156779
156998
157246
157359
158639
158672
159032
159143
160378
161156
161394
161742
162567
162754
163178
163869
164038
164382
165072
165109
165609
166603
167870
168953
170102
170515
170586
171039
171287
171664
171795
172406
172821
173181
173319
173418
173968
173977
174547
174568
174942
175596
176750
176862
176911
177545
178222
180171
180223
180230
180565
180625
180834
180874
181421
181642
181648
181867
181964
182140
183067
184071
185215
185724
186515
186625
186649
186758
186815
187833
188309
188528
188588
188766
188982
191561
191747
192058
192445
192516
192647
192765
193191
193240
193278
193677
193807
193858
194469
194636
195200
196296
197201
197892
198270
198355
199323
199673
199984
200047
200416
200898
201396
201688
202075
202591
203089
203373
203538
203819
204208
204431
205071
205162
205800
205866
206416
206676
207287
209276
209794
210628
210653
211109
212139
212256
213874
214177
214589
215128
215267
215378
215614
215849
216901
217342
219353
219957
221843
222000
222204
223053
223105
223458
224262
225166
225349
226924
228020
228634
228704
231893
232159
232696
234186
234320
235297
235462
236154
236843
237374
237491
237738
238481
238828
238881
239186
239370
239503
239687
240521
241420
242802
243039
244024
244198
244544
244673
244827
245356
245887
246656
247551
247708
247730
247754
247822
247851
248336
248676
249024
249252
249443
250116
250163
250963
251002
251114
251467
251568
251696
252019
252287
252324
252620
253208
254288
254395
254661
255116
255535
255972
256884
257373
257484
257605
257705
257832
258025
258366
258440
258523
259756
259945
259947
260993
261040
261214
261658
261715
261752
261761
262401
262440
262442
262572
263293
263583
263652
264205
264417
264687
265981
266150
266177
266458
266716
266879
266917
267121
267956
268666
268731
269982
270220
270915
270966
272097
272542
272651
273864
274211
274953
275025
275433
275467
275828
276121
277935
278491
278602
278733
278811
279401
280320
280508
280536
280868
280999
281114
281279
281322
281971
281988
282068
282269
282396
282934
283278
283502
283918
284050
284573
284600
284651
285090
285285
285365
286035
286306
286429
286890
286963
287447
287800
288098
289284
289668
289707
290089
291564
291990
292179
292710
293020
293839
293944
294335
294965
295601
295946
296308
296343
296486
296815
297302
297364
297431
297442
297752
298245
298548
298591
298776
298879
299397
301402
301967
302246
302709
302937
302998
303315
303396
303403
303546
303934
304012
304487
304554
305651
305678
305778
306257
306466
306638
307039
307109
307173
307210
307809
308992
308998
309153
309435
309563
309792
309886
310581
311351
312376
312418
312700
312955
313839
314138
314636
314647
314666
315233
315575
315897
316368
317380
317586
317644
317710
317950
318455
318587
319219
319630
319870
319935
320242
320791
321172
322146
322520
322537
323029
323046
323396
323762
324362
325140
325265
325446
325622
326897
327599
328019
328183
329514
329682
330312
330859
331444
332348
332418
332432
332635
333036
333450
333674
333857
334159
334775
334919
335363
335400
335544
335643
336247
337132
337531
337630
337711
337743
338009
338678
338798
339428
339456
339505
339606
339675
339905
339977
340253
340393
342292
342546
343202
343244
343306
343694
343805
344106
344298
344630
344660
345301
345624
345758
345780
346164
346289
347542
347680
347942
348255
348261
349049
349131
349360
349380
349893
350143
351455
351686
351897
352108
352928
352939
353299
353319
353647
353820
354159
354407
354659
354853
355071
355402
355661
355812
355838
356178
356217
357762
357845
358021
358331
358338
358932
359007
360303
360750
360995
361022
361047
361488
361859
362743
362768
362989
363093
363692
364206
364658
364930
365262
365367
365510
365900
365989
366435
366803
366982
366986
368030
368080
368138
368624
369274
369390
369391
369614
369660
370690
371498
371519
372104
372108
372468
373006
373699
374519
374847
375104
375578
375663
375986
377785
378436
378563
379016
379043
379534
380236
380551
380881
380934
381297
381624
381668
381754
381774
382117
383035
383075
384261
384267
384301
384487
384643
385364
386169
386709
386800
387267
387297
387325
387373
388315
388500
388923
389299
390199
390487
390808
390835
390982
391197
391329
391675
392200
392366
392706
392769
392932
394541
394553
394697
394887
395532
396106
396761
396894
397953
398225
398935
399352
399356
399542
399682
400916
401053
401082
402120
402831
403445
403759
404019
404347
404441
404628
405213
405310
405527
405901
405997
407049
407141
407241
407270
408175
408266
408443
410985
411159
411438
411452
411724
412173
412666
413183
414077
416080
416657
416795
416890
416910
416959
417071
417111
417444
417475
418229
419062
419439
420269
420485
421214
421381
421496
421831
422151
422921
423518
423602
423673
423747
423878
424865
425686
425954
426430
427096
427250
427921
428148
428202
428418
428651
430391
430438
430566
431192
431816
432305
432553
432687
432924
433538
433654
435091
436090
436693
436940
437840
438456
439314
442800
443009
443524
443552
444266
444316
444398
444787
445147
445481
445612
445663
446237
446397
447011
447143
447204
447321
447645
447717
448228
448397
448590
449488
449654
449743
450548
450623
450685
450839
451204
451363
451511
451717
452425
452588
452589
453193
453458
453834
454083
454815
454834
455894
456110
456446
456892
457077
457624
458101
458615
458921
459070
459345
459515
460228
460243
460754
460915
462101
462697
462727
462772
463858
464208
464331
464558
464662
464787
465004
465145
465147
465591
466214
466421
466568
466937
467113
468195
468426
468467
468493
468837
469163
469533
469829
470042
470752
471425
471775
472019
472493
473727
473936
474027
474045
474850
475440
475803
476137
476566
477413
477648
478556
479114
479256
479553
480373
480432
480968
481208
481388
481424
482458
482764
482827
483161
483402
483533
483545
484910
484934
485289
485938
487498
487513
487514
487798
487885
488139
488638
489631
490024
490090
490737
491022
491222
491536
491721
492420
492488
492885
494061
494444
495409
495625
496238
497711
498084
498823
498824
499127
499712
499732
500586
500694
501662
502013
502470
502539
502556
502622
502970
504200
504488
504878
504984
505281
505510
505641
505859
505941
506019
506580
506972
507216
507911
507920
508100
508999
509386
510060
510225
510381
510386
510479
510863
510973
511024
511360
511792
512483
514317
515778
516389
516464
516496
516578
517461
517711
517918
518075
518398
519068
519261
519310
519327
519357
519469
519472
519885
519997
520041
520071
520204
520357
520424
520531
521461
521710
521837
521883
521912
522140
522260
522268
522815
523192
523273
523303
523515
523571
523586
524408
524668
524910
525022
525815
525889
526049
526488
526985
527677
527764
527838
528558
528718
528848
529633
529667
529795
529805
530317
530366
530536
530950
531053
531164
531250
532007
532233
532334
532337
533708
534267
535249
535838
535929
536971
537036
537131
537879
538133
538407
539301
539508
539795
539813
540337
541099
541447
541689
541799
542073
542908
543400
543430
543558
543563
543676
544010
544077
544206
544950
545865
545944
545953
546031
546628
547968
548105
548135
548265
548315
548624
549005
549038
549049
549392
549424
549659
549759
550268
551228
551892
552042
552282
552286
552374
552823
552846
553832
554521
554565
555398
555574
555942
556062
556739
556852
556927
557270
557339
557537
557541
557579
558639
558887
558940
559042
560291
560369
560373
560724
561915
561989
562620
563531
563600
563837
563904
564419
565124
565260
565366
566035
566257
567034
567220
567280
567649
567787
567971
569268
571753
571913
572013
572389
573126
573259
573413
573488
573519
573766
573838
574109
574409
575459
575523
576239
576241
576349
576608
577267
577984
578290
578639
578715
578902
579607
580132
580153
580829
581051
582421
582720
582842
584045
584126
584167
584447
584801
585069
585524
585712
586476
587513
587925
588437
589124
589209
589776
590237
592027
592724
593782
594027
594535
595043
595172
595417
595454
596228
596510
597332
597681
598334
598679
598886
599279
599789
600388
600407
600607
600652
601110
602097
602111
602289
602580
602649
602814
603020
603954
604098
604653
604667
605068
605416
605763
606283
606290
606450
606632
606762
606879
607278
607673
607784
607833
609205
609414
609497
610249
610332
612824
613237
613272
614129
614220
614493
614578
614630
615217
615324
615358
616098
616105
616635
616689
616767
617124
618127
619369
619562
619574
620005
620920
621172
621200
621743
622143
623250
623370
624470
624471
624519
624521
624871
625753
626070
626162
626395
626547
627846
631252
634282
634638
638210
642259
645896
648052
652827
653292
655970
657167
658655
659088
664718
666723
667314
667427
669786
669924
674245
674344
680773
681427
681522
681537
684214
686919
689069
689592
691229
691554
695988
698889
703679
705081
705749
707702
709764
711308
711571
711978
712021
715147
715453
716646
717186
717234
717621
719939
721055
725404
725406
725674
728035
731036
735115
736206
738717
738892
738929
739860
740272
740276
740786
741223
742599
742909
744898
745178
745508
745567
746862
747112
749466
750638
750685
750920
751333
751640
752203
752568
753583
754685
754776
755092
755525
755674
756209
756486
756856
757634
757740
758123
758478
762144
763292
764009
764636
764703
766708
770069
770195
770844
771755
776007
776030
776250
777457
777643
777759
778017
778462
779027
779524
779732
779784
780709
783600
783906
785590
785674
788436
790130
790557
791569
793919
793957
794611
794786
795345
796787
797667
797671
798930
801007
804359
805158
805164
805683
806369
807093
813375
814129
814748
816093
817038
818643
820248
822185
822376
822437
825311
827410
827754
828612
830180
831848
832102
832912
833102
833153
834283
835847
836821
838066
839662
840790
841816
842018
842170
842532
842941
843577
844047
844055
845834
846545
847038
847660
849812
857878
860435
863993
864033
864160
864534
864992
865051
865142
865145
865525
866133
866385
866670
866723
866805
867153
867805
868295
868830
869019
869879
869886
870078
870420
870598
871085
871654
872009
872222
872365
872392
872412
873863
874415
874591
875431
875771
876389
878044
879166
880018
880099
881409
881500
881847
882180
882335
882341
883667
883978
884004
884221
884542
884582
884749
885180
885828
886119
886926
887348
887722
889460
890141
891167
891917
892371
892380
893116
893634
894105
895588
896272
897112
897979
898398
898484
898800
898879
899176
899200
899645
899949
901985
902467
902624
903406
903506
903640
904119
904661
904975
905659
905810
906081
906338
906775
907465
908561
910238
910272
910897
911318
911619
911734
912323
912494
913577
913899
915181
916245
916933
917021
917727
917787
917858
918021
918133
918855
919299
919667
919731
919805
920662
921456
921598
922012
922209
922480
922589
922899
923572
923982
924491
926125
928997
930297
932372
932438
932583
933511
935003
937394
939304
939408
940391
943482
945308
945563
948719
948892
949029
949112
949127
949782
950781
950963
952528
952954
954307
954912
955102
956307
957469
957568
958258
958863
959196
959199
960146
961105
962902
963096
963615
963626
964485
965265
965727
965732
967128
967304
968004
968923
969958
970021
970153
970654
970914
971146
972364
972883
972937
973987
975486
975522
976825
977978
978293
979018
979457
979743
979928
980801
981371
981835
981853
982164
983116
984204
984263
984430
984803
984972
985441
985590
985710
987308
987412
988004
989093
989745
990090
990538
991727
992235
992661
995066
995860
996628
996698
997163
997283
998009
998226
999397
999796
1000125
1000349
1001489
1001821
1003159
1003366
1005325
1005767
1005793
1007158
1007706
1007975
1008376
1008663
1008949
1009400
1010069
1010123
1010844
1011324
1012044
1014622
1014627
1014685
1014929
1015043
1016299
1017461
1017523
1018706
1019039
1019099
1019250
1020428
1022487
1022947
1024487
1025324
1025942
1026443
1026912
1027704
1028568
1030087
1030140
1030195
1030410
1030739
1030770
1031126
1031152
1031280
1031383
1032078
1034014
1034508
1034893
1035023
1035275
1035440
1035567
1036452
1036736
1037084
1037646
1037693
1038417
1038493
1039714
1040091
1040595
1042234
1042614
1042827
1043083
1043138
1043199
1043631
1044232
1046125
1046162
1046200
1046665
1046906
1047181
1047861
1047955
1048011
1048452
1048518
1048849
1049071
1049835
1049933
1050540
1050603
1051361
1052302
1052447
1052503
1053405
1053853
1054188
1054237
1054548
1055143
1056623
1056892
1057307
1057759
1058725
1059459
1059708
1060176
1061056
1061317
1061508
1061511
1061637
1061805
1062597
1062983
1063364
1063883
1064219
1064956
1065303
1065428
1065517
1065635
1066122
1066276
1066548
1066967
1067114
1068923
1069295
1069521
1069579
1070333
1070388
1070408
1070445
1070534
1071135
1071351
1071450
1072065
1072071
1072832
1072979
1073180
1073860
1073949
1075009
1075258
1075341
1076586
1077111
1077855
1078750
1078872
1079482
1080244
1080317
1081232
1081436
1082751
1083206
1085199
1085254
1086014
1086180
1086750
1087105
1087486
1087583
1088207
1089472
1090057
1090258
1090652
1090866
1090991
1092681
1095220
1095891
1096379
1097486
1097861
1098683
1098850
1099219
1099331
1100162
1100710
1101837
1102876
1103163
1105240
1105395
1105911
1105926
1106191
1106546
1107311
1108055
1108350
1110562
1111022
1111244
1111303
1111362
1111461
1113856
1115490
1115988
1121072
1121384
1122221
1124305
1127403
1140233
1149541
1150381
1150587
1152090
1152434
1157432
1158494
1159082
1160216
1160257
1160530
1160764
1160772
1160776
1161779
1162398
1162529
