100497
100763
100784
101749
101860
103438
103904
104345
104424
105047
105649
105919
107884
108163
108208
108228
109302
109525
109767
110899
111880
111958
111996
112044
112717
113527
114666
114995
115283
115438
117321
118554
120086
120286
121147
121408
121440
121729
121730
121796
122110
122130
122918
123434
123517
123618
123642
123777
123949
124172
124396
124464
124681
125213
125899
126035
126277
126864
126875
127111
127145
128289
128593
129129
130464
130527
131208
132014
132622
132640
132722
133760
134527
135889
136699
137677
137806
138058
139038
139113
140093
140578
140850
140877
141778
141845
142122
142372
145478
145980
146476
146600
147896
148601
148775
149318
149579
150337
150817
151873
151893
152484
152797
152806
152992
153850
154982
157503
158085
158639
159567
160867
160870
161156
161748
163293
163810
163840
163869
163878
164308
164525
165402
165882
166316
169564
170035
170884
171795
172147
173319
173433
173528
174805
175498
176262
176713
176750
176862
176911
177469
180008
180786
181607
183500
183912
184558
184629
185297
185610
188032
188482
188629
188766
188938
189283
190062
190168
191455
191561
191995
192028
192455
192516
192709
193333
193677
194411
195105
195197
195200
197394
198194
198355
199194
199656
199673
200107
200366
200391
200862
201024
201127
201438
202075
202227
202507
203771
204037
204400
206960
207233
207287
209608
209799
211606
214303
215374
215791
215849
216620
217160
219303
219353
220247
222000
222650
223318
223536
225819
226617
226924
226985
227628
227677
228634
228704
228918
231331
232785
235226
235462
236773
237536
237909
238881
239503
239687
239730
240630
242000
242062
242526
242569
244024
244198
245412
245547
246424
247172
247209
247551
247754
247777
248336
248530
249024
249457
249738
250176
250530
250963
251002
251568
252075
253255
253734
256229
258299
259627
260419
261185
261464
262442
262728
262771
264642
264687
265391
265921
266150
266878
266879
266917
266995
267956
269982
270220
271035
272097
272123
272234
272307
273691
273694
274953
275357
278702
279600
281988
282802
286637
286890
288562
288714
289707
290045
290089
290340
291564
291752
291899
292885
292888
293851
293992
294412
294969
297364
298245
298548
299397
300175
300349
300649
300920
301402
301967
302619
302709
303403
303696
303808
305678
305694
307039
307402
307631
309153
309445
309563
309792
310914
313839
314138
314813
316003
316008
316042
318927
320242
321135
321172
321891
322207
322520
323046
323778
325208
325265
325622
326681
327351
328019
329057
330205
330312
331420
332099
332121
332348
332432
332610
332635
333674
334058
334815
334919
335224
336921
338288
338405
338547
339428
339505
339905
340253
342442
343202
343805
344702
344704
347942
348380
349811
350054
350143
350593
350732
351013
352108
352255
352928
353337
353644
354088
355520
355661
355838
356360
357957
358199
358543
358958
359561
359766
359912
360750
360867
360995
361188
361859
362444
362768
365174
365900
365989
368030
368138
368496
368624
369660
369956
370690
371498
371519
372038
372108
372779
372811
373747
375617
375663
376431
377445
379576
380689
380881
381252
381585
381668
382314
382812
383035
384485
384545
385271
386610
387325
389853
389860
390199
390756
392504
392669
392932
397621
397953
398225
398721
400264
400735
401053
402443
403914
404264
404654
405533
405575
408096
409376
410985
411215
411304
412666
412977
413960
413973
414417
415502
416080
416163
416657
416890
417444
417862
418229
418585
418770
419469
421949
422197
424511
424865
425005
425472
425686
425954
427936
428202
428256
428462
428651
428661
428760
430029
431431
432898
435733
435841
437689
437913
438114
439115
440514
440971
441377
441739
444175
444776
445147
446865
447321
448590
449166
449925
450548
451036
451417
452320
453193
453725
454083
454097
454219
455425
456892
458549
458921
459345
459432
460228
460584
460754
462697
464842
464868
465308
466084
466214
466937
467022
468355
468426
468467
468661
469533
470065
470752
470967
471775
472947
473212
475078
475157
476436
476721
477616
477997
478326
478530
480373
480481
480524
481067
481424
483143
483284
483675
483922
484493
485130
485154
485548
485826
487513
490454
492635
494293
495047
498613
498824
499840
500586
500694
501835
502094
502556
503126
503187
503254
504114
505071
505468
506206
507358
507835
507933
508803
509851
510973
511024
511792
512483
514476
514478
515371
516100
516389
516496
516797
517175
517749
518655
518902
519068
519261
519718
521237
521974
522628
523303
523515
523732
524222
524408
524542
524910
525166
525438
525481
526488
527748
527838
528558
530327
532233
532781
533074
533706
533789
534267
535159
535413
536911
536971
537134
537145
537810
538619
538928
539324
539813
540247
540369
540942
542075
543323
543354
543558
543563
545177
545605
545944
548543
549038
549091
549238
549498
549754
550268
551013
552027
552282
554567
554667
555398
556927
557270
557959
558424
558639
559024
559052
559452
559713
560724
561252
562006
562494
562656
562852
563483
563600
564071
565138
565175
566035
566090
566577
567455
567637
567787
569912
570365
571020
571913
573259
574409
574634
574649
575229
575459
576166
576233
577029
578150
578301
578902
583879
584174
585456
586677
586678
587575
589952
590204
592123
595341
595417
596413
597332
598811
598886
600388
600607
601900
602122
602649
603395
604530
604591
604650
604947
606450
606483
606490
606632
607833
608228
608651
611629
615217
615324
616225
616924
617558
619106
619437
620005
621200
621627
621858
622143
625643
625753
626176
626395
631244
632049
633114
634282
640694
643227
648052
649774
651048
658355
664262
666723
674222
684785
688197
697228
711978
715423
717621
719194
721582
723421
726412
735292
735627
736206
736875
739109
741223
745567
749414
751146
751640
752568
753583
756866
758594
759495
764009
770844
772616
773026
777046
779524
779784
783906
788680
793957
794611
795345
797258
799581
806141
806452
806597
811620
815755
816747
817581
817595
817773
818643
819320
819859
820248
824022
824247
824262
824942
828469
829768
829769
830201
832102
834629
835149
835606
836564
836821
838190
838600
839453
840088
840115
843255
846545
847010
849398
849812
853036
864313
864534
864992
866133
866385
867553
868830
869865
869913
870237
871654
872009
872511
875771
876067
876768
878743
878894
879166
880605
882861
884542
884565
884582
885747
887474
887561
890020
890276
893091
894130
895405
895668
896406
897112
898484
899167
899949
900753
900950
901836
902458
902624
902696
903386
903406
904204
904210
904661
904975
905016
908561
911227
911352
912129
913373
913577
913899
915090
915275
915947
916885
917858
918133
919299
919667
922589
923982
925187
926200
927492
931963
932438
935159
937394
939095
939850
948013
949779
950091
950184
950715
950781
950817
951130
951317
951497
951607
952954
954473
955150
956307
956341
956465
957469
958064
958096
958301
958337
962422
963615
964386
964485
964774
964915
965265
969035
970021
971440
972883
973330
974145
975522
976041
979670
980672
981740
982772
985441
987415
988673
989353
989745
992094
992906
993835
995860
996223
998545
999866
1000572
1001980
1002898
1006130
1006464
1006519
1007975
1008533
1008752
1008949
1009075
1012178
1014078
1014685
1015043
1017859
1018183
1019590
1020503
1022568
1022691
1023819
1027704
1030087
1031992
1032320
1034094
1035023
1036452
1037072
1037482
1037693
1038016
1038520
1039714
1040011
1041400
1042234
1042707
1043402
1045705
1045906
1046200
1046665
1046906
1050419
1051878
1052503
1053405
1054006
1054116
1054237
1054643
1055041
1055363
1056080
1056892
1057307
