100715
111299
111320
114078
117305
122194
122953
126039
127367
133014
139931
141519
143258
144223
146149
146680
147495
149358
150303
154330
156305
157573
159875
164245
164486
168139
168988
172457
173559
178316
179122
179210
181186
184407
185940
186567
193219
197888
201169
205463
207999
215571
219557
223124
223769
225597
227391
227535
227713
229728
232780
236355
237991
239137
240997
241363
246405
246570
247659
249736
253259
259208
263990
265832
271577
278759
283553
284704
284718
285334
288540
289512
290387
293878
294538
296939
301949
302336
302783
306193
313574
316085
318521
326027
327491
328075
332928
334851
335322
336083
338748
338862
339517
340892
342294
342554
345926
346967
351599
355592
355952
358089
358113
358782
358805
360617
364492
367518
369852
371266
371674
376091
376207
376752
383671
384017
384413
384624
390831
398295
399114
404674
405080
407466
412751
414487
416877
417703
419686
422146
422630
423513
426042
426099
433359
443448
446067
446165
447692
450717
456150
460069
460443
460592
467509
468488
469710
472574
477290
478873
480079
482034
488325
489487
490250
491988
492884
495371
496594
496885
498041
499395
503411
507119
508424
508684
508777
509781
510744
512746
516269
522400
527976
532721
536998
537965
538304
542913
544080
546132
546438
548976
551256
552657
553406
555241
555991
556245
556676
561292
563848
567223
572243
574776
577372
577640
579646
580605
581043
581289
584282
584297
589169
589753
590436
591159
592368
592804
592916
593864
595004
596504
599962
600135
601677
601993
612375
614747
615032
615241
615811
620513
640667
673368
674348
678188
681971
687794
704548
719243
733528
739512
746592
751399
755144
766167
772088
777174
777976
789845
795020
796188
817871
818420
824222
824341
826217
827856
830520
830896
832272
832438
832733
835247
863491
866455
866758
869320
872921
872971
875530
875662
880747
881163
881628
882992
885851
894187
898275
914488
914853
915497
917073
919098
924203
930862
931577
933289
933462
935817
937734
939722
942179
945372
946912
947206
952170
953867
956182
956686
958904
960169
961246
961337
963812
967609
970562
972285
976826
977704
978245
978356
979326
981625
982450
983326
987491
990348
991985
996587
997744
1000555
1001111
1004291
1010656
1017280
1020474
1027059
1034465
1034610
1036948
1044348
1044697
1048291
1049331
1050325
1052068
1054196
1057396
1060391
1067131
1067863
1072252
1072480
1074510
1097805
1098635
1102739
