101105
101392
101532
101912
102080
102120
102179
102532
103814
103904
104088
104105
104518
104626
104749
105649
106150
106232
106383
108875
108927
109220
109910
110071
110196
110487
110590
110899
111282
111543
111958
112041
112235
112385
112498
114989
114995
115526
116969
118229
118456
118566
118763
119307
120286
120461
121128
121147
121730
122099
122130
122824
123618
123777
123953
124414
124464
124784
125045
125579
125615
126059
126217
127952
129151
129318
129745
130015
130366
130464
130872
130909
131208
131235
131263
131348
131368
131516
131823
132260
132351
132640
133162
134631
134691
135030
135309
135429
136325
137871
138395
139038
139113
140121
140183
141181
141642
141648
142372
142659
145215
146201
146314
147896
148200
148601
149020
149886
150585
152806
153041
153850
153963
154737
155011
155211
155710
156366
157427
158639
159082
160705
161206
161742
163124
163332
163620
163776
163968
165229
165324
165402
165785
166469
166530
166799
167097
168079
168553
169021
169564
170586
170884
171007
171222
171287
171664
171711
172305
172406
172679
172821
172869
173528
174251
174525
175456
175616
176862
176911
177767
177933
178754
179727
179750
180223
180415
180990
181027
181935
182140
182297
182377
182461
183178
183398
184045
185798
185799
187495
188309
188482
188588
188597
188795
189014
189419
189637
189653
189855
191307
191681
192512
192516
193677
195001
195024
195197
195200
195864
196232
196329
196976
197260
197678
197718
197750
198355
199068
199655
199656
199673
199779
200082
200391
200405
201024
201575
201843
201868
202040
202045
202124
203487
204046
204288
204400
204431
204718
206093
206991
207287
208232
208410
208423
209659
211149
211657
212031
212139
214303
214446
214463
214828
215849
216241
216618
216620
217238
219936
220108
220554
220763
221580
222000
225255
226007
227267
227723
228856
230440
230980
231893
232029
232696
232785
233068
233072
233174
234661
235979
236115
236452
236748
237181
238881
239224
239503
239730
240151
240521
241017
244198
245072
245076
245180
247704
247822
247851
248057
248530
248627
248633
249024
249680
250397
250440
250530
251002
251287
251719
251965
252606
252620
252909
253172
253255
253367
253934
254276
254316
254395
254661
254849
255124
255634
256229
257663
257995
258025
258382
258405
258658
259329
261086
261185
262140
262306
262637
264642
265240
265739
266161
266177
267277
267463
267607
268112
269732
269882
270310
270517
270768
270966
271511
271736
271865
272307
272441
273864
274199
274330
274377
274400
274536
274742
274953
275298
275433
275443
276369
276720
277351
278763
279511
279787
280693
281256
281890
281951
281988
282533
283251
284519
285626
285803
286173
286306
286637
286753
287131
287308
287468
287490
288466
288520
288714
289220
290860
291165
291512
291553
291752
291806
292246
292885
293313
293602
293943
293992
294969
295601
297431
297718
297929
298174
298257
298450
298548
299523
300238
300649
301157
301402
302580
302709
302892
303422
303635
303696
303778
304012
304549
305022
305264
305487
305651
305678
306583
306942
307536
307595
307631
308069
308334
308393
308573
308966
309127
309153
309435
309563
309792
310155
310380
310581
311524
312256
312509
312601
312877
312931
313439
314138
314234
314587
314607
314666
315504
315718
315762
316059
316368
316859
318039
318322
318882
319231
319824
319870
320316
321098
321172
321672
322085
322486
322776
322860
323034
323479
323804
324282
324352
324441
325354
326276
326475
326781
327351
327681
327975
328876
329057
329577
330072
331420
332348
332883
333036
333530
333674
333815
333899
334438
335094
336304
336514
337592
337607
337743
338063
339428
339905
340253
340820
341101
341717
341993
342688
342699
343312
343449
346745
346758
346893
346952
347169
347476
348948
348997
349360
349536
349622
350054
350093
350965
351455
351712
352108
352405
352928
353340
353361
353820
353824
354054
354101
355402
355812
358021
358515
359002
359007
361384
361488
361695
364367
365510
365690
366033
366561
366986
367391
367552
367913
367948
368001
368624
369654
370301
371498
371575
372572
372811
373230
374337
374383
374468
375108
375949
376468
376513
377365
377472
378008
378436
378922
379043
379259
379272
379466
380131
380689
381138
381377
381808
381915
382390
382947
383039
383294
383464
383984
384122
384261
385264
385283
386201
387239
387443
387532
387660
387862
388097
388202
388801
388923
389033
390756
391131
391643
392734
392937
393396
393962
394026
394073
394148
394747
395989
396036
397289
397621
397953
398241
398960
400208
400253
400722
401036
401082
401971
402831
403551
403759
404019
404236
404264
404347
405439
405901
405919
406110
406251
406407
406626
407030
407242
408044
408382
409613
409690
411452
413059
413192
414390
415088
415447
416080
416163
416959
418815
420269
420848
421558
421796
422060
423518
423878
424318
424321
424345
424458
424865
425951
428202
428651
428661
429092
429530
429767
430566
433296
433579
435091
435688
436373
436726
436764
437624
438169
438718
439081
439310
440924
440971
441047
441905
442411
442699
442821
443377
443780
443929
443971
444081
444776
445147
446169
446865
447011
447013
447321
447368
447474
448392
448590
449358
449694
449807
449925
450524
450648
451129
451204
451669
451756
452286
452645
453918
454013
454083
454161
454219
454323
456209
456775
456884
458921
459341
460017
460089
460453
460754
461276
461997
462697
462734
463488
463510
464167
464208
464331
464687
464842
465110
465370
465591
466214
468355
468745
468837
469298
469830
470042
471775
471841
471956
472209
472468
472481
472493
472513
472871
473077
473831
473942
474269
474401
474566
474673
474879
475180
475440
476566
476901
477648
477785
477935
478065
478307
478450
478530
478604
478625
479256
479474
479754
479921
480046
480366
480373
480524
480899
481388
481617
482313
482352
482649
483211
483490
483818
483926
484135
485312
485401
485844
487104
487260
487336
487513
487658
488635
488638
488933
489057
489345
489485
489886
490090
490737
491261
492488
493340
493414
493535
493937
494444
494809
497326
497772
497799
498151
498199
498529
499952
500694
500915
500929
501191
501514
502397
502470
502556
503126
503254
503371
504102
504317
505088
505316
505338
506199
506588
506626
507835
507869
508397
508618
509007
509386
510199
510597
510627
510699
513268
514478
514931
515368
515406
515602
516238
516501
516784
517443
518075
518130
518714
519068
519261
519885
520056
520204
520897
521220
521418
521461
521837
521986
522476
523242
523356
523374
523672
523822
525815
525957
526976
527677
528271
528601
528757
529805
529904
530688
530944
530981
531831
532233
533207
533279
534673
535047
535088
535413
535916
535929
536074
536146
536398
537134
537236
537542
537872
538286
538670
538735
538955
538979
539130
539813
539918
541793
542513
543323
544090
544260
545605
545730
545944
546750
547082
548063
548350
548439
548547
548830
548987
549038
549049
549424
550293
550676
550746
550893
551394
552027
552282
552703
552778
552824
552904
554565
554852
555013
555151
555398
555417
555618
555731
555806
555942
556852
557034
557871
558132
558328
558424
558641
559535
560324
560614
561064
561082
561252
561468
561615
562031
562758
563600
563868
564071
564256
564535
564995
565260
566090
566225
566577
567321
567455
567649
567712
568132
568158
568646
568670
569472
569912
570723
571913
572901
573126
573570
574409
574649
574821
575402
575459
575826
575844
576233
577096
577371
578038
580256
581633
581752
582270
583772
584126
584973
584986
585291
585369
586206
586977
588437
588699
588730
589776
590237
590352
591109
591465
591620
592510
592647
593782
594027
594063
594142
594666
596052
597071
597177
597417
599049
599670
599919
600101
600263
600365
600388
600449
600773
601900
601975
602293
602649
602861
603122
604413
604451
605153
605763
606450
606490
606632
606879
607089
608228
608822
609205
609257
609319
610472
612811
613804
614173
615986
616767
616783
616924
617193
617729
619116
619437
619463
619694
620083
620522
621358
621918
621991
622027
622081
622174
622481
622990
623127
623497
624033
625131
625146
625577
626070
626162
626176
626343
626395
626547
627641
632049
634282
638992
640517
640694
640895
650912
651048
652195
655399
655781
657575
657859
657885
658655
659095
660994
661189
663580
670760
674245
689996
692467
697115
697903
702469
703617
704970
705874
708114
708234
709185
709409
710040
712041
714679
715147
715221
715453
716095
716547
717621
720705
722651
724230
725674
726808
727613
729124
731754
733146
733250
734173
735001
735292
735627
738717
739112
742006
742518
743017
744741
745339
746656
748201
748438
749724
751620
752568
752960
753087
753456
755674
756582
756856
757332
757597
757634
757740
757850
758594
762412
762665
764899
765564
765800
765948
767252
767438
768034
769936
775671
778466
778698
779242
784400
785849
786836
788249
788779
790704
792276
794248
794690
798089
798464
798943
799798
801580
803252
804991
805683
806299
807430
807708
808909
810552
812820
812927
813114
814206
814744
815181
817595
818839
819320
820725
821047
822265
826258
827818
828469
828612
830062
831915
833102
833452
834283
835212
836821
837831
839992
840115
840247
841160
842170
844055
844499
845419
845961
847038
849219
849812
863109
864313
864534
866385
866981
867509
867553
867714
867960
868830
869075
869079
869865
870598
871822
874160
874430
874591
875487
875583
878784
878894
879040
879166
879452
879794
880292
880558
881662
881754
881847
882864
883193
884542
884868
886358
886814
887807
887891
889323
889462
890216
890318
891055
892098
892868
896406
896576
896824
897112
897154
898005
898564
898790
899788
899949
900742
901588
901721
902784
903493
903506
903640
904975
905482
905758
906492
907866
908504
909345
911352
911369
911665
911734
911967
912374
912494
913872
913899
914265
914974
915090
915429
915729
915967
916245
916702
917482
918214
918855
919439
919511
921675
922012
922209
922634
923982
926494
926848
927307
930084
931963
932407
932584
932650
933342
934392
938866
941640
943432
944375
948196
949127
949677
949955
950274
951325
951823
951964
952954
953200
953511
953681
954109
954307
955102
955120
955150
956307
956935
957231
957313
957469
957813
958064
958096
958178
958444
959410
959856
960100
962422
963615
963945
964485
964774
964806
964915
965265
967128
969002
970021
970303
971123
971440
972514
972627
973330
973987
975106
975486
975853
977224
977829
979497
979670
979705
979793
981085
981616
982344
983577
985407
985441
985588
985590
987750
988692
989006
989394
989745
990538
991215
992699
995860
996264
996278
996421
998545
998649
998827
999728
999970
1000991
1001774
1004918
1006496
1006960
1007054
1007975
1008070
1008483
1013061
1013357
1014033
1014565
1014685
1014956
1015043
1015669
1015959
1016700
1017324
1019603
1020542
1021126
1021208
1023271
1023819
1026687
1026945
1027704
1027715
1028770
1029468
1029886
1030502
1030764
1030936
1031494
1032078
1032925
1033542
1034014
1034093
1034094
1034683
1034783
1035014
1035023
1035567
1036038
1036067
1036452
1037769
1038235
1039138
1039714
1040011
1040391
1041547
1042088
1042707
1042734
1043027
1043104
1043765
1044582
1045493
1045705
1046200
1046422
1047826
1047955
1048123
1048305
1048460
1048846
1048849
1048927
1050479
1050652
1054006
1054084
1054435
1054704
1054705
1055174
1056080
1056649
1057307
1057679
1058235
1058254
1058591
1059225
1059504
1061327
1061508
1062852
1063672
1063767
1064287
1064820
1065195
1066110
1067295
