100715
105447
106845
107981
108559
109078
113457
114078
114621
120115
123927
132328
138455
145163
147495
149358
150303
157025
165583
173559
183542
188028
188096
191656
198360
199410
200531
201704
201774
203896
208980
211249
214134
218551
220201
227535
232475
232716
233562
234582
235302
236355
238099
247920
252829
263990
274391
274448
280075
282961
283101
284704
284718
288540
290288
292349
296054
296939
309554
310194
312682
313574
316085
320951
325191
327099
327617
335124
335322
336239
346052
348211
355952
358193
364362
364589
366154
368471
370185
377001
378081
378833
380705
384413
388551
393298
404674
405080
408037
408070
411041
411179
411622
412754
414485
414915
415771
416877
419573
427662
427708
430600
431083
432571
435635
438292
439351
443448
444738
446067
447748
450717
451772
461473
463601
467509
480061
480255
480332
481206
481567
484511
488841
496602
499344
508602
513229
521298
522400
525441
527626
527874
537066
537653
542549
545927
551256
552096
555241
557958
560803
561360
561892
562287
563152
579194
579243
589028
593807
594943
595004
595959
603359
609685
610037
615790
618835
654957
670266
676901
682409
733528
746592
748933
756427
759058
763902
768277
772088
779227
797569
798602
818420
824341
833255
834995
837578
843993
866455
867344
872216
872971
881163
886947
889372
890626
892980
898609
902131
904747
911211
922108
926689
939722
939946
943536
958011
962765
967609
969405
974838
975791
977837
978356
979173
995999
1005407
1007307
1010168
1021290
1022103
1022699
1026339
1031427
1033353
1033636
1033731
1039816
1040881
1042448
1048322
1050325
1052762
1063103
1063627
1065030
1071120
1074042
1074510
1081026
1083446
