108208
121729
121730
124396
124464
132014
132722
145980
148601
149005
152484
152797
163840
173319
175030
185610
193333
193677
201127
203896
207233
222000
223769
228704
235226
236773
238881
242569
248530
249024
253734
261464
266879
272184
272307
296054
298245
298548
300175
307039
313839
318927
320242
325191
327351
331420
357957
358199
358958
362574
371519
372779
390756
400735
416080
418229
418770
439115
458549
477616
485154
486113
503187
504114
514478
517175
521974
525438
526488
538619
538928
539813
543323
543563
554567
559052
560724
566577
567455
567840
571913
592916
599293
601900
606450
606490
678781
684785
735627
739109
770844
816747
824022
836821
878743
882861
904210
911352
924203
955150
964485
