101583
107724
140050
147839
148673
149358
174204
175030
179210
180580
182205
186567
190081
200165
205440
215571
220201
223124
223769
228989
232475
253259
263990
274391
284704
284937
285334
296054
302336
315486
320493
332928
333465
334595
335616
339517
339771
344568
345366
349038
352441
354817
355592
355952
357905
358261
359239
366154
366496
368055
371266
373276
375355
379116
383055
396903
400827
408070
409229
420381
422630
429282
430340
435267
438350
445611
446165
456150
477100
485828
488731
488875
511908
518888
519498
523772
529566
532366
535690
537265
537392
537653
545295
545570
548299
555991
560803
563875
564954
567840
572608
579243
585615
588525
592464
592916
599293
603598
615562
615790
635247
650011
658691
700038
734827
758819
761744
771666
772088
773468
781095
800950
824284
830520
866455
872971
880786
889372
920759
924203
933793
935817
939722
944856
949140
949836
956686
957143
969405
973557
975212
976796
1005206
1010656
1033424
1035622
1040251
1044348
1045275
1065479
1071032
1089611
1098635
1098705
1099716
1106512
1111577
1111712
