100194
100351
100497
100577
100743
100763
100784
101170
101185
101235
101246
101318
101389
101532
101742
101749
101796
101816
101860
101912
102086
102116
102120
102156
102179
102233
102375
102475
102509
102532
102647
102796
103019
103218
103240
103371
103438
103540
103814
103904
103977
104088
104231
104282
104293
104345
104394
104424
104626
104749
104790
105047
105126
105293
105649
105661
105843
105892
105919
106150
106174
106319
106500
106748
107216
107493
107884
108063
108067
108163
108168
108208
108209
108228
108294
108468
108521
108543
108773
108927
108938
109054
109220
109242
109302
109525
109572
109634
109638
109665
109730
109765
109767
109978
110073
110297
110487
110518
110691
110899
111094
111209
111342
111737
111880
111896
111931
111939
111958
111996
112041
112044
112161
112235
112335
112385
112436
112498
112511
112570
112717
112935
113032
113036
113109
113313
113425
113527
113566
113661
113699
114342
114363
114423
114474
114495
114601
114666
114817
114932
114995
115022
115068
115283
115334
115438
115511
115588
115679
115787
115809
116257
116388
116485
116517
116566
116628
116969
117321
117622
117757
117790
117912
118071
118080
118164
118234
118364
118414
118478
118554
118560
118606
118658
118849
118946
119110
119307
119454
119510
119521
119803
119906
120004
120086
120248
120286
120331
120771
120966
121029
121147
121192
121222
121408
121437
121440
121576
121729
121730
121796
122099
122110
122130
122243
122918
122926
122976
123035
123236
123264
123290
123434
123499
123517
123618
123642
123777
123801
123948
123949
124069
124101
124132
124172
124396
124464
124471
124500
124681
124755
124985
124990
125212
125213
125798
125899
126006
126035
126059
126249
126277
126619
126667
126718
126864
126875
127111
127119
127145
127285
127523
127760
127790
127943
127960
128083
128213
128289
128561
128593
128843
128859
129001
129071
129114
129129
129151
129289
129318
129345
129415
129461
129544
129575
129670
129745
129757
130030
130053
130132
130184
130188
130366
130464
130508
130527
130532
130555
130571
130752
130764
130996
131071
131208
131256
131406
131516
131823
131862
132014
132045
132122
132253
132351
132483
132519
132571
132622
132640
132641
132690
132721
132722
132763
132936
132966
133070
133113
133438
133456
133496
133760
133767
133892
133917
134163
134527
134545
134585
134914
134917
135030
135063
135083
135429
135553
135736
135889
135996
136064
136699
136893
137133
137163
137233
137251
137379
137581
137677
137685
137806
137845
137871
137910
137955
138017
138058
138134
138170
138187
138190
138296
138325
138707
138923
139038
139064
139113
139124
139179
139363
139602
139611
140093
140121
140167
140168
140387
140392
140480
140555
140566
140578
140591
140714
140850
140877
140911
141004
141126
141184
141207
141220
141234
141311
141332
141592
141636
141778
141815
141845
142030
142122
142145
142372
142694
142862
143017
143054
143116
143182
143204
143238
143382
143598
143665
143668
143988
144164
144206
144834
144896
145017
145073
145215
145395
145422
145478
145592
145614
145747
145804
145875
145974
145980
146032
146201
146208
146419
146476
146573
146574
146585
146600
146720
146803
146883
147066
147071
147333
147391
147410
147432
147517
147589
147599
147772
147896
147898
148122
148200
148416
148440
148461
148475
148601
148603
148775
148813
149149
149249
149299
149318
149428
149579
149797
149838
149886
149963
150031
150065
150221
150269
150337
150393
150585
150817
150825
150865
151216
151260
151409
151531
151645
151702
151793
151873
151893
152033
152339
152459
152484
152520
152715
152797
152806
152897
152992
152995
153041
153200
153213
153534
153656
153731
153829
153850
153943
153963
154059
154132
154193
154248
154386
154544
154570
154589
154737
154741
154862
154982
155211
155391
155748
155766
155879
156096
156268
156295
156366
156514
156590
156634
156644
156715
156779
156998
157172
157246
157287
157310
157314
157319
157359
157427
157503
157561
157745
158032
158085
158184
158639
158672
158972
159032
159143
159183
159205
159369
159399
159450
159506
159554
159555
159562
159564
159567
159662
159748
160153
160378
160513
160791
160867
160870
160892
161156
161394
161401
161742
161748
162055
162076
162190
162567
162585
162606
162754
162884
163088
163178
163264
163293
163470
163689
163776
163810
163840
163869
163878
163984
164038
164174
164225
164263
164308
164382
164525
164593
164738
164904
165072
165109
165324
165402
165496
165609
165647
165690
165765
165882
166079
166316
166469
166524
166603
166939
166992
167012
167870
167976
168079
168201
168332
168379
168423
168953
168956
169205
169206
169218
169242
169412
169564
170035
170102
170131
170162
170515
170586
170884
171002
171039
171151
171222
171287
171393
171664
171795
171803
172147
172277
172406
172560
172570
172679
172821
172938
172974
173018
173181
173319
173410
173418
173433
173528
173791
173876
173968
173977
174525
174537
174547
174568
174578
174805
174811
174839
174917
174942
175168
175183
175203
175222
175498
175596
175621
175673
175777
175866
175868
175869
176112
176162
176216
176262
176404
176424
176713
176750
176752
176862
176911
177045
177451
177469
177545
177627
177693
177796
177933
178222
178285
178754
178786
178813
179113
179185
179416
179727
179750
179988
180008
180171
180172
180215
180223
180230
180397
180493
180565
180625
180786
180808
180834
180874
180990
181281
181392
181421
181548
181607
181642
181648
181657
181726
181758
181796
181867
181964
182140
182311
182361
182855
183067
183398
183418
183482
183500
183631
183912
184071
184077
184251
184502
184558
184629
184756
184791
184920
185126
185156
185183
185215
185297
185610
185724
185934
186515
186625
186649
186758
186815
186832
186884
187121
187229
187255
187465
187554
187589
187830
187833
188032
188040
188309
188482
188528
188579
188588
188629
188747
188766
188795
188938
188982
189016
189283
189328
189769
189858
190040
190062
190168
190280
190384
190458
190867
190868
190942
191293
191358
191426
191455
191463
191561
191681
191747
191857
191954
191995
192028
192038
192058
192445
192455
192512
192513
192516
192647
192709
192765
192911
193191
193240
193275
193278
193333
193470
193575
193677
193696
193807
193858
194125
194411
194469
194561
194636
194722
194749
195001
195105
195197
195200
195205
195378
195384
195757
195808
196160
196174
196293
196296
196328
196540
196577
196667
196867
197201
197260
197380
197394
197452
197571
197624
197625
197627
197718
197778
197808
197892
197968
197985
198194
198270
198355
198548
198862
199021
199034
199068
199094
199194
199278
199323
199476
199647
199655
199656
199673
199911
199929
199984
200047
200107
200173
200366
200391
200405
200416
200648
200726
200862
200887
200898
201021
201024
201118
201127
201130
201253
201315
201396
201410
201438
201553
201575
201688
201843
201984
202023
202040
202045
202075
202227
202307
202323
202428
202507
202591
202754
202996
203067
203089
203366
203373
203511
203538
203556
203771
203819
203921
203999
204009
204017
204034
204037
204080
204208
204400
204431
204718
204764
204821
204886
205003
205047
205071
205109
205162
205182
205401
205702
205800
205866
206024
206077
206093
206123
206416
206659
206676
206905
206960
207002
207033
207166
207233
207287
207305
207309
207585
207829
207998
208410
208648
208708
208838
209276
209564
209598
209608
209794
209799
209988
210460
210484
210492
210628
210653
210939
210955
211109
211388
211458
211606
212022
212139
212256
212301
212450
212581
212834
212891
213075
213109
213211
213259
213412
213511
213554
213874
214039
214066
214086
214177
214225
214303
214463
214517
214589
215060
215126
215128
215168
215267
215374
215378
215614
215791
215849
216064
216089
216127
216386
216492
216501
216606
216618
216620
216732
216808
216828
216882
216901
217160
217182
217287
217323
217342
217351
217779
217829
217932
218198
218237
218258
218498
218521
218739
218865
219303
219353
219356
219778
219957
220247
220278
220401
220407
220439
220554
220763
220889
221346
221424
221580
221595
221670
221708
221843
222000
222001
222012
222020
222204
222416
222426
222499
222562
222650
223053
223105
223109
223318
223458
223493
223517
223536
223729
223739
223802
223831
224262
224306
224368
224585
224646
224869
224971
225015
225160
225166
225183
225255
225324
225349
225614
225686
225819
225855
226049
226056
226086
226617
226621
226924
226985
227159
227452
227628
227677
227947
227960
228020
228092
228171
228458
228477
228634
228704
228918
229099
229513
229732
229735
229768
230341
230940
231331
231620
231629
231687
231729
231859
231893
232029
232159
232183
232439
232696
232785
233328
234017
234186
234320
234661
235209
235226
235297
235462
235783
235938
236040
236154
236164
236292
236344
236533
236595
236758
236773
236843
237313
237374
237491
237536
237597
237682
237738
237909
238281
238423
238481
238581
238827
238828
238857
238881
239075
239186
239370
239392
239412
239503
239687
239730
239835
240521
240557
240616
240630
240766
241017
241388
241420
241558
241604
241956
242000
242062
242200
242281
242480
242526
242569
242607
242802
242868
242883
242913
242920
242928
243039
243279
243283
244024
244049
244198
244350
244544
244673
244827
245059
245072
245141
245356
245412
245547
245775
245887
246299
246306
246424
246558
246564
246656
247172
247209
247377
247551
247708
247730
247754
247777
247822
247851
247976
248057
248194
248336
248530
248633
248676
249000
249024
249173
249252
249302
249443
249457
249535
249572
249608
249668
249715
249738
249740
249916
249955
250022
250116
250163
250176
250481
250530
250620
250963
251002
251114
251307
251365
251374
251425
251467
251568
251696
251719
251826
252019
252075
252287
252324
252444
252606
252620
252641
253171
253208
253255
253296
253327
253367
253466
253734
253766
253781
253974
254153
254208
254219
254276
254288
254395
254475
254661
254815
254903
254986
255031
255116
255124
255198
255262
255535
255686
255913
255954
255972
256060
256229
256728
256735
256751
256884
257024
257026
257373
257398
257484
257605
257705
257832
257982
258025
258187
258194
258299
258366
258405
258440
258523
258533
258555
258581
258635
258797
259132
259627
259650
259705
259756
259881
259907
259927
259945
259947
260019
260419
260525
260808
260950
260993
261040
261061
261185
261214
261215
261223
261240
261264
261280
261367
261464
261658
261715
261727
261752
261761
261850
262090
262106
262306
262401
262409
262440
262442
262572
262604
262728
262771
263042
263245
263293
263583
263652
263706
263913
263940
264020
264151
264205
264263
264417
264642
264679
264687
264832
264917
264938
265005
265244
265391
265419
265595
265739
265921
265981
266087
266150
266157
266161
266177
266191
266265
266458
266648
266716
266878
266879
266917
266995
267007
267121
267234
267343
267391
267463
267607
267648
267798
267956
267994
268112
268279
268359
268666
268731
268916
269244
269326
269404
269413
269417
269567
269603
269982
270220
270341
270378
270435
270517
270809
270915
270966
271035
271497
271553
271779
271791
271915
272068
272097
272123
272234
272301
272307
272472
272542
272651
272880
272966
273010
273214
273229
273277
273691
273694
273854
273864
273947
274132
274204
274211
274400
274409
274657
274721
274742
274754
274796
274836
274894
274953
274971
275025
275134
275158
275298
275357
275364
275401
275425
275433
275462
275467
275548
275596
275774
275782
275828
275829
275835
275915
275928
275978
276112
276121
276600
277313
277677
277744
277935
277989
278166
278491
278593
278602
278677
278702
278733
278763
278811
279401
279600
279787
280320
280452
280498
280508
280536
280575
280745
280792
280855
280868
280880
280966
280999
281114
281142
281274
281279
281283
281322
281486
281555
281705
281890
281894
281971
281988
282068
282208
282269
282315
282396
282533
282632
282701
282775
282802
282914
282934
283278
283502
283918
284033
284050
284052
284355
284519
284560
284573
284600
284651
284655
284816
285090
285144
285285
285365
286035
286161
286215
286228
286306
286321
286384
286429
286637
286890
286963
287042
287136
287447
287490
287682
287754
287800
288039
288098
288517
288562
288685
288704
288714
288754
288842
289246
289259
289284
289392
289668
289707
289747
289781
289822
289833
289839
290045
290089
290249
290340
290415
290503
290578
290945
291180
291512
291564
291605
291744
291752
291899
291990
292035
292179
292190
292246
292347
292710
292878
292885
292888
292909
293020
293040
293305
293442
293559
293771
293839
293851
293944
293992
294109
294115
294323
294335
294412
294601
294762
294841
294965
294969
295084
295143
295265
295458
295601
295802
295946
296137
296181
296219
296308
296343
296486
296501
296604
296815
296832
297113
297298
297302
297341
297364
297408
297420
297431
297436
297442
297467
297718
297752
297929
298174
298245
298548
298591
298776
298879
299373
299386
299397
299418
299907
299926
299971
300175
300297
300349
300457
300614
300649
300882
300920
301123
301286
301402
301872
301967
301985
302086
302220
302223
302246
302502
302520
302580
302619
302709
302871
302937
302998
303169
303213
303230
303315
303396
303403
303422
303479
303546
303696
303778
303808
303917
303934
304012
304391
304487
304554
304589
304712
304820
304857
304901
305003
305006
305022
305107
305370
305419
305651
305678
305694
305778
306030
306257
306382
306466
306583
306638
306788
306906
307039
307109
307158
307173
307210
307402
307559
307573
307595
307631
307718
307719
307809
308334
308393
308900
308992
308998
309027
309127
309153
309435
309445
309475
309563
309792
309886
310030
310313
310528
310576
310581
310914
311282
311351
311714
311731
311782
311783
312256
312376
312415
312418
312601
312700
312834
312856
312870
312877
312931
312955
313291
313472
313520
313650
313731
313839
313925
313935
314138
314184
314228
314234
314356
314587
314607
314636
314647
314666
314813
314938
314978
315003
315139
315233
315508
315575
315579
315631
315718
315727
315774
315897
316003
316008
316042
316059
316309
316343
316368
316587
316678
316835
316852
316859
316991
317027
317380
317527
317586
317641
317644
317710
317950
318075
318265
318300
318339
318455
318481
318547
318587
318677
318882
318895
318927
318956
319006
319122
319219
319231
319309
319630
319811
319870
319935
320135
320151
320242
320560
320791
320910
321135
321137
321145
321172
321198
321568
321593
321657
321672
321891
321909
322085
322146
322156
322207
322387
322520
322537
322552
322776
323029
323034
323046
323051
323131
323396
323453
323601
323618
323690
323762
323778
323871
323912
323926
324014
324104
324205
324242
324282
324352
324362
324726
324985
325127
325140
325151
325208
325265
325446
325622
326070
326292
326483
326520
326598
326681
326832
326854
326897
326935
326961
327189
327351
327358
327452
327457
327599
327681
327802
327861
327874
327909
328019
328086
328141
328183
328351
328468
328640
328681
328709
328721
328787
328812
328990
329014
329057
329461
329506
329514
329682
329819
329867
330069
330205
330312
330450
330859
330866
331165
331420
331444
331511
331551
332078
332099
332121
332286
332348
332418
332432
332610
332635
332665
332696
332788
333036
333067
333120
333147
333450
333674
333793
333815
333857
334058
334159
334185
334323
334389
334398
334634
334775
334781
334815
334919
335036
335083
335224
335282
335334
335363
335400
335481
335544
335643
335918
336005
336247
336275
336381
336696
336873
336921
337054
337132
337358
337406
337531
337630
337711
337743
338009
338042
338091
338105
338288
338354
338405
338409
338547
338678
338762
338798
338947
339428
339445
339456
339505
339511
339524
339606
339664
339675
339775
339885
339905
339977
340147
340253
340260
340393
341131
341166
341173
341270
341501
341582
341697
341716
341866
341894
342062
342158
342292
342442
342546
342654
342716
343189
343202
343244
343306
343385
343441
343449
343694
343805
343816
343869
343968
344106
344298
344329
344415
344630
344660
344696
344702
344704
344797
344884
345301
345624
345758
345780
345803
346071
346164
346289
346333
346427
346745
347171
347187
347220
347246
347322
347516
347542
347545
347680
347715
347752
347942
348104
348255
348261
348281
348322
348371
348380
348542
348997
349049
349121
349131
349164
349220
349239
349360
349380
349478
349811
349893
350054
350143
350390
350498
350541
350593
350647
350725
350732
350768
350842
350887
350969
351013
351040
351455
351569
351686
351763
351897
351920
352108
352255
352703
352928
352939
353144
353299
353313
353319
353337
353361
353438
353509
353644
353647
353820
353824
354054
354088
354101
354159
354392
354393
354407
354659
354730
354783
354853
354972
355050
355071
355387
355402
355520
355661
355676
355812
355838
355848
356178
356217
356360
356721
356945
357244
357309
357620
357629
357762
357845
357957
358021
358199
358331
358338
358543
358760
358932
358958
359007
359077
359121
359158
359219
359561
359766
359912
360011
360303
360383
360750
360867
360995
361019
361022
361047
361188
361281
361488
361677
361791
361859
361977
362181
362274
362310
362444
362482
362743
362768
362814
362989
363093
363368
363387
363564
363692
364206
364296
364658
364895
364930
364948
365006
365037
365174
365262
365367
365510
365536
365792
365900
365989
366005
366008
366033
366096
366435
366525
366535
366561
366803
366982
366986
367153
367477
367552
368030
368080
368138
368456
368496
368624
368772
369206
369274
369285
369390
369391
369567
369614
369654
369660
369927
369956
370278
370455
370690
370988
371456
371498
371519
371575
371928
372038
372049
372104
372108
372351
372468
372524
372779
372811
372970
373006
373230
373616
373699
373747
373929
374085
374158
374365
374383
374454
374468
374519
374847
375021
375104
375234
375338
375578
375587
375617
375633
375663
375744
375851
375986
376043
376109
376177
376431
376596
376613
376616
377028
377098
377242
377380
377445
377483
377607
377750
377785
377790
378092
378158
378300
378436
378563
378940
379016
379043
379126
379152
379272
379448
379459
379534
379576
379896
380054
380131
380236
380309
380551
380689
380828
380881
380934
380944
381033
381252
381273
381294
381297
381377
381585
381624
381628
381668
381698
381754
381774
382043
382117
382180
382314
382812
382891
382944
382961
383035
383075
383170
383294
383508
383617
383805
383964
383984
384073
384122
384238
384261
384267
384301
384485
384487
384542
384545
384643
384803
385149
385271
385364
385880
386149
386169
386201
386245
386271
386610
386680
386703
386709
386800
387114
387123
387181
387267
387297
387325
387373
387532
387539
387635
387643
387680
387830
387862
388097
388315
388392
388500
388905
388923
389258
389285
389299
389312
389821
389853
389860
389945
390100
390199
390234
390487
390756
390808
390835
390982
391099
391108
391131
391197
391329
391425
391445
391675
391758
391816
392149
392200
392245
392366
392424
392504
392566
392669
392706
392769
392932
392937
392994
393314
393334
393396
393962
393967
393980
394026
394503
394541
394553
394697
394887
395023
395532
395817
396036
396088
396106
396547
396653
396761
396894
397035
397075
397272
397289
397295
397384
397621
397673
397874
397953
398225
398236
398410
398526
398681
398721
398935
399087
399107
399352
399356
399542
399682
399971
399983
400208
400253
400264
400662
400722
400735
400749
400916
401036
401053
401061
401082
401213
401255
401287
401551
401971
402047
402120
402254
402443
402484
402637
402831
403177
403181
403184
403445
403598
403729
403759
403765
403914
404019
404122
404236
404264
404347
404441
404535
404628
404654
405213
405310
405527
405533
405575
405626
405901
405919
405997
406056
406155
406221
406378
406478
406479
406630
406750
406772
406987
407030
407049
407141
407182
407237
407241
407242
407270
407498
407638
407802
408044
408056
408071
408096
408175
408266
408443
408547
409260
409376
409431
409547
409690
409935
409957
410175
410392
410463
410508
410571
410581
410697
410740
410741
410921
410970
410985
411159
411215
411304
411438
411452
411591
411724
412173
412209
412247
412316
412387
412436
412468
412666
412740
412959
412977
413148
413183
413278
413540
413796
413960
413973
414077
414104
414151
414327
414417
415008
415052
415331
415447
415502
415887
415967
416080
416163
416219
416517
416555
416581
416657
416795
416890
416910
416959
417071
417111
417444
417475
417564
417862
417954
417976
418074
418129
418229
418381
418585
418770
418965
419062
419136
419395
419439
419469
419594
419656
419979
419983
420269
420485
420571
420751
420800
420839
420848
420879
420985
421033
421137
421214
421381
421395
421496
421558
421586
421800
421831
421949
422055
422060
422151
422197
422349
422921
422933
423459
423518
423574
423602
423611
423633
423653
423673
423747
423842
423878
424318
424511
424534
424597
424610
424865
425005
425395
425424
425472
425522
425686
425883
425954
426430
426731
426964
427086
427096
427250
427283
427464
427779
427921
427936
428148
428202
428256
428273
428418
428462
428604
428651
428661
428720
428760
428816
428931
428978
429534
429537
429680
429858
429913
430029
430135
430160
430319
430391
430438
430521
430553
430566
430932
431120
431192
431350
431431
431481
431547
431746
431811
431816
431913
432034
432122
432305
432553
432687
432750
432888
432898
432924
433174
433296
433538
433654
433772
433838
434667
434730
435091
435404
435521
435684
435733
435797
435841
436090
436127
436333
436536
436693
436764
436940
437016
437259
437351
437409
437413
437665
437689
437840
437913
437974
438114
438454
438456
438686
438712
438718
439115
439314
439628
439910
440514
440604
440757
440848
440924
440971
441344
441377
441482
441660
441739
441905
442238
442248
442570
442800
442885
442934
443009
443015
443070
443105
443258
443524
443552
443706
443929
444081
444175
444266
444316
444342
444398
444540
444776
444787
444898
445147
445207
445261
445481
445522
445612
445663
445678
445799
446002
446169
446172
446237
446397
446501
446533
446535
446651
446694
446865
447011
447013
447050
447084
447143
447204
447317
447321
447368
447474
447645
447658
447717
447981
448076
448108
448228
448359
448392
448397
448590
448664
448779
448792
448909
449038
449105
449166
449358
449468
449488
449529
449584
449654
449703
449743
449890
449919
449925
450205
450548
450575
450623
450685
450776
450839
450950
451036
451082
451204
451363
451417
451487
451511
451545
451658
451685
451717
451854
451897
451909
452092
452320
452331
452425
452588
452589
452774
453193
453207
453338
453458
453671
453725
453834
454013
454083
454097
454161
454197
454219
454323
454416
454692
454794
454796
454815
454834
455008
455334
455425
455505
455551
455749
455780
455894
456110
456258
456287
456446
456470
456538
456683
456685
456750
456892
457002
457077
457287
457493
457591
457599
457624
457679
457691
457818
457914
457924
457930
458098
458101
458163
458254
458339
458549
458615
458651
458692
458746
458921
459005
459070
459155
459341
459345
459432
459451
459515
459932
459933
459950
460017
460202
460228
460243
460453
460584
460649
460697
460754
460771
460805
460839
460889
460915
460955
461107
461163
461276
461324
461991
461997
462014
462048
462055
462101
462181
462697
462727
462736
462738
462772
462819
462829
462890
462976
463016
463030
463433
463476
463507
463711
463858
463903
463969
464208
464217
464331
464482
464519
464558
464605
464662
464687
464787
464842
464868
464928
465004
465145
465147
465285
465308
465462
465591
465596
465771
465877
466075
466084
466095
466145
466184
466214
466421
466468
466568
466937
466946
467022
467113
467246
467501
467667
467716
467993
468022
468192
468195
468241
468297
468355
468426
468467
468493
468551
468661
468791
468797
468837
468848
468865
468912
469163
469167
469254
469533
469746
469829
469896
469924
469945
470042
470065
470165
470255
470752
470958
470967
471267
471425
471529
471543
471628
471672
471775
471841
471923
471956
472019
472112
472182
472209
472370
472493
472673
472871
472947
473212
473266
473727
473936
473939
474027
474045
474048
474073
474302
474394
474566
474673
474850
474879
475078
475157
475180
475252
475335
475419
475440
475803
475859
475865
476132
476137
476259
476436
476443
476566
476646
476652
476658
476721
476814
477056
477305
477413
477520
477616
477648
477808
477918
477997
478306
478326
478331
478530
478556
478823
478898
479087
479114
479246
479248
479253
479256
479332
479346
479392
479549
479553
479754
479921
480033
480046
480193
480373
480432
480481
480524
480775
480829
480968
481067
481208
481341
481388
481424
481954
482018
482458
482512
482622
482628
482649
482740
482761
482764
482827
482921
482999
483143
483161
483211
483284
483402
483490
483533
483545
483622
483675
483688
483767
483857
483922
484328
484351
484493
484604
484910
484914
484934
484935
484939
485101
485130
485154
485289
485548
485826
485844
485876
485938
486102
486163
486268
486628
486727
487123
487176
487235
487498
487513
487514
487658
487798
487885
488139
488580
488635
488638
488754
488785
489057
489543
489631
489886
489993
490024
490090
490112
490190
490381
490454
490507
490523
490581
490673
490737
490858
490872
491004
491022
491154
491168
491222
491395
491536
491709
491721
491767
492420
492488
492536
492635
492650
492720
492885
493029
493340
493372
493373
493464
493713
493937
494061
494293
494444
494554
494592
495047
495325
495376
495409
495507
495625
495929
495931
496094
496109
496238
496323
496463
496573
496665
497131
497169
497239
497579
497651
497711
497771
498022
498084
498151
498225
498303
498495
498613
498748
498823
498824
499063
499127
499286
499566
499712
499732
499734
499840
500158
500190
500586
500652
500694
500777
500929
501050
501111
501191
501317
501635
501662
501819
501835
501883
502013
502094
502104
502111
502161
502470
502484
502539
502556
502604
502622
502869
502923
502970
502999
503081
503126
503187
503202
503254
503371
503474
503579
503765
503966
504102
504114
504168
504200
504488
504549
504878
504949
504975
504984
505071
505088
505281
505338
505468
505482
505510
505518
505641
505693
505787
505801
505859
505941
505960
506013
506019
506159
506199
506206
506580
506611
506632
506972
506984
507102
507197
507216
507317
507358
507478
507835
507844
507911
507920
507933
508045
508058
508075
508100
508101
508467
508618
508797
508803
508999
509218
509386
509394
509465
509574
509577
509785
509835
509851
509864
510060
510225
510381
510386
510450
510479
510492
510587
510597
510622
510710
510863
510973
511024
511237
511290
511360
511464
511527
511569
511747
511792
511953
511956
512340
512483
512836
512886
513054
513098
513202
513268
514044
514317
514476
514478
514562
514660
514668
515009
515264
515368
515371
515406
515602
515710
515778
515901
516100
516115
516203
516229
516389
516402
516407
516464
516496
516505
516578
516711
516744
516797
516827
516884
517083
517175
517196
517397
517413
517415
517461
517640
517682
517711
517749
517820
517916
517918
518003
518075
518398
518439
518488
518655
518714
518759
518762
518843
518871
518892
518902
518911
518914
519024
519068
519137
519261
519306
519310
519327
519357
519452
519454
519469
519472
519499
519718
519861
519885
519887
519997
520041
520056
520059
520071
520086
520204
520244
520357
520394
520424
520491
520521
520531
520599
520616
520708
520840
520897
521075
521183
521191
521237
521461
521549
521598
521710
521724
521837
521883
521885
521894
521912
521931
521974
521982
522140
522260
522268
522574
522628
522636
522726
522815
522851
522876
522905
523092
523192
523273
523303
523515
523545
523571
523586
523602
523672
523732
524117
524207
524220
524222
524408
524542
524648
524668
524735
524775
524910
525022
525166
525202
525249
525386
525438
525481
525672
525748
525815
525889
526049
526088
526326
526376
526399
526400
526457
526488
526750
526840
526900
526941
526985
527061
527144
527150
527199
527231
527437
527664
527677
527748
527764
527838
527840
528165
528367
528415
528558
528700
528716
528718
528799
528848
529296
529466
529633
529667
529761
529795
529805
529911
529923
530127
530139
530254
530317
530327
530366
530408
530536
530688
530814
530862
530950
530981
531053
531164
531250
531392
531398
531554
531565
531831
531875
532007
532159
532233
532306
532334
532337
532504
532620
532781
533000
533074
533108
533159
533279
533449
533693
533706
533708
533789
534267
534268
534299
534447
534467
534523
534548
534619
534673
534767
535088
535159
535243
535249
535413
535454
535736
535831
535838
535891
535929
536214
536334
536398
536615
536669
536890
536911
536971
536990
537036
537131
537134
537145
537159
537170
537573
537580
537630
537810
537872
537879
537976
538020
538098
538133
538246
538407
538619
538670
538735
538928
538955
538979
539188
539289
539294
539301
539324
539410
539446
539508
539572
539737
539795
539813
539966
540226
540247
540251
540337
540369
540428
540736
540942
541099
541162
541390
541447
541689
541799
542068
542073
542075
542084
542397
542513
542534
542552
542576
542723
542908
543053
543323
543354
543400
543430
543558
543563
543642
543676
543683
543699
544003
544010
544077
544090
544206
544260
544281
544445
544498
544528
544826
544927
544950
545049
545177
545406
545598
545605
545730
545865
545869
545910
545914
545944
545953
545984
546031
546403
546628
546757
546904
547162
547214
547386
547635
547660
547913
547968
548105
548118
548128
548135
548180
548219
548265
548315
548350
548543
548547
548624
548821
548830
548866
548999
549005
549038
549049
549091
549209
549238
549339
549392
549424
549498
549634
549659
549728
549754
549759
549948
550227
550268
550372
550509
550546
550646
551013
551228
551394
551446
551892
551934
552027
552042
552046
552282
552286
552374
552715
552778
552813
552823
552824
552846
552870
552972
553463
553533
553662
553817
553832
553957
554173
554199
554234
554300
554521
554565
554567
554667
554852
555013
555107
555121
555151
555398
555468
555574
555618
555704
555731
555753
555806
555942
556062
556301
556628
556739
556852
556859
556927
557011
557034
557170
557270
557306
557339
557390
557537
557541
557579
557668
557959
558112
558309
558328
558424
558639
558641
558887
558940
559009
559024
559042
559052
559252
559391
559419
559452
559604
559713
560047
560237
560291
560369
560373
560724
561082
561252
561468
561525
561750
561850
561860
561915
561920
561989
562006
562031
562169
562198
562473
562494
562620
562656
562852
563064
563375
563483
563531
563600
563837
563889
563904
563908
563916
564071
564110
564233
564256
564419
564430
564535
564686
564749
564777
564995
565124
565138
565175
565260
565366
565526
565546
565672
565802
566035
566090
566129
566211
566225
566257
566403
566408
566502
566531
566577
567034
567220
567264
567280
567311
567321
567395
567455
567637
567638
567649
567712
567787
567971
568128
568158
568454
568670
568735
569268
569912
570060
570069
570112
570365
570446
570477
571020
571180
571191
571211
571327
571753
571913
572013
572139
572265
572285
572333
572389
572643
572842
572859
572901
573126
573259
573413
573488
573519
573570
573766
573838
573956
574109
574168
574409
574634
574649
574696
574757
574836
574941
574988
575118
575229
575459
575523
575625
575782
575844
575890
576166
576233
576237
576239
576240
576241
576267
576349
576362
576459
576496
576608
576867
576902
577029
577267
577442
577476
577768
577925
577984
578147
578150
578192
578290
578301
578507
578639
578640
578715
578902
579124
579132
579165
579398
579607
580123
580132
580153
580533
580665
580829
581051
581130
581752
581812
582421
582527
582655
582665
582720
582842
583460
583553
583606
583879
583889
584045
584126
584167
584174
584185
584447
584471
584495
584801
585069
585130
585153
585291
585456
585524
585548
585694
585712
585939
586117
586193
586326
586476
586508
586677
586678
586906
586977
587069
587513
587575
587925
588165
588268
588437
588688
588730
589124
589209
589776
589844
589952
590204
590237
590358
590487
590747
590872
590883
591704
591743
591864
592027
592123
592135
592296
592545
592647
592724
592882
592984
593390
593459
593782
594027
594239
594535
594666
594749
595043
595077
595172
595341
595417
595454
595857
595863
596160
596199
596217
596222
596228
596413
596414
596463
596510
596875
597071
597177
597332
597370
597442
597497
597545
597681
597738
598262
598334
598439
598679
598811
598886
599061
599245
599279
599365
599725
599789
599812
599919
600143
600173
600263
600365
600388
600407
600449
600505
600539
600607
600652
600710
600867
601110
601306
601405
601640
601732
601900
601965
601975
602097
602111
602122
602174
602289
602580
602649
602814
603020
603093
603134
603214
603391
603395
603954
604098
604361
604530
604591
604625
604650
604653
604667
604947
605006
605068
605153
605409
605416
605763
605811
605853
606283
606290
606450
606469
606483
606490
606632
606762
606879
606922
607278
607297
607590
607593
607673
607784
607833
608169
608228
608425
608527
608651
608950
609178
609205
609224
609319
609414
609450
609497
609712
610081
610249
610292
610332
610365
610394
610403
610931
610976
611366
611419
611629
611717
611740
611957
612082
612784
612824
612915
613132
613237
613272
613585
613642
613711
613804
613847
614129
614173
614220
614493
614578
614630
614754
615217
615243
615263
615300
615324
615358
615570
615661
615725
615986
616098
616105
616209
616225
616227
616308
616329
616635
616689
616767
616924
617124
617558
617567
617729
617993
618127
618311
618387
618391
618438
618779
619106
619193
619369
619437
619453
619463
619562
619574
619745
619810
619880
620000
620005
620425
620522
620920
621006
621094
621108
621172
621175
621200
621358
621444
621627
621645
621743
621858
622027
622143
622371
622396
622586
622616
622990
623250
623313
623335
623370
623406
624033
624070
624106
624174
624367
624395
624470
624471
624519
624521
624701
624728
624769
624828
624871
625006
625462
625483
625637
625643
625648
625753
625943
625944
626070
626106
626152
626162
626176
626293
626393
626395
626426
626543
626547
627641
627846
628458
628679
630037
630502
630663
631244
631252
631975
632049
633114
633476
634000
634282
634638
635753
636458
636853
638210
638992
639907
640694
640895
642259
643227
644203
645215
645318
645406
645896
646121
647256
647915
648052
649774
651029
651048
651715
651982
652827
653292
655294
655970
656645
657167
657257
657607
657706
658355
658655
659088
659160
660059
660191
660497
660620
662312
662370
663580
663763
663848
664064
664262
664576
664718
665336
665395
665738
666430
666723
667314
667427
667778
667825
668770
668785
669786
669924
670260
670760
673938
674222
674245
674326
674344
675528
675569
680679
680773
681336
681427
681522
681537
682101
683032
683240
683508
684214
684296
684538
684785
684948
685984
686919
687512
687719
688197
688328
689069
689592
689996
690298
690846
691229
691554
691791
692467
694298
695988
696120
696339
696493
697152
697160
697228
698499
698889
699324
700210
700437
703448
703493
703617
703679
704816
704970
705081
705461
705749
707702
708114
708119
708299
708824
709021
709087
709764
710040
711135
711253
711308
711341
711515
711571
711978
712021
712583
712986
714926
714981
715147
715341
715423
715453
716317
716325
716605
716607
716646
716869
717186
717234
717552
717621
717935
718406
719194
719340
719359
719452
719763
719939
720705
721055
721084
721265
721553
721582
722159
722651
723421
723560
724438
724769
725052
725404
725406
725594
725674
725733
725796
726412
726808
726988
727026
727356
727526
727906
728035
728228
729124
729839
730419
730825
731036
731074
731462
731874
731934
732267
733146
733176
733680
734430
734639
734723
734808
735115
735292
735561
735627
736206
736844
736875
737370
737878
738077
738412
738557
738717
738892
738929
738974
739109
739258
739719
739860
740249
740272
740276
740786
741170
741223
741648
741764
742338
742430
742518
742599
742751
742861
742903
742909
742968
743412
743629
744093
744459
744741
744836
744898
745178
745257
745508
745567
745909
746495
746498
746656
746862
746930
747029
747112
747446
747609
747908
748119
748250
748438
749038
749246
749307
749414
749466
750189
750392
750638
750685
750920
751146
751333
751456
751620
751640
752203
752568
752586
752795
753087
753150
753583
753723
754357
754685
754715
754776
754789
755092
755363
755417
755506
755525
755674
756167
756209
756399
756486
756582
756605
756633
756856
756866
757597
757634
757740
757850
758123
758478
758594
759248
759265
759495
759850
760572
761018
761107
761559
761637
762144
762665
762727
763292
764005
764009
764518
764636
764703
764838
764843
764899
765146
765772
765948
765983
766708
767252
768326
768575
769158
769443
769777
770069
770195
770357
770747
770844
771071
771232
771728
771755
772456
772616
773026
773331
773493
775182
776007
776030
776250
776531
776789
776832
777046
777179
777319
777457
777555
777643
777759
778017
778462
778493
778695
779027
779524
779569
779630
779732
779784
779891
779989
780132
780709
781190
782003
782166
782330
783477
783600
783864
783906
784359
784522
785590
785674
786084
786504
786836
787727
787826
788356
788436
788680
789110
789167
789433
790130
790376
790557
790583
791569
791686
792003
793038
793296
793919
793957
794248
794594
794611
794690
794701
794786
794869
794978
795345
795567
795799
795820
796787
797258
797667
797671
797943
798089
798831
798930
799581
799798
801007
801074
801187
801580
802124
802585
802670
802709
803252
804222
804359
804972
805041
805158
805164
805683
806117
806141
806369
806452
806597
807093
807386
807430
807828
809376
809946
810769
810796
811153
811620
811951
811954
812927
813114
813375
814129
814744
814748
815145
815755
815756
815881
816003
816093
816697
816747
817038
817581
817595
817773
817898
818643
819320
819570
819859
819872
820248
821047
821338
821491
822185
822353
822376
822437
823514
823956
824022
824247
824262
824398
824942
825189
825311
825378
825613
825894
826936
827410
827637
827712
827754
827818
827893
828173
828186
828203
828400
828469
828612
829305
829768
829769
829955
830180
830201
830534
831848
831915
832102
832297
832883
832912
833102
833153
834283
834438
834629
835149
835254
835363
835606
835847
836316
836564
836821
836943
837831
837997
838045
838066
838190
838600
838936
839435
839453
839577
839662
840088
840115
840247
840790
841409
841590
841680
841816
842018
842057
842170
842177
842240
842314
842532
842600
842941
843255
843577
844047
844055
844122
844499
845834
845961
845965
846545
847010
847038
847558
847660
847693
848540
849076
849095
849181
849398
849812
852509
853036
857103
857878
860435
862846
863109
863427
863640
863647
863705
863786
863993
864033
864160
864313
864494
864534
864607
864992
865051
865067
865142
865145
865313
865525
866016
866133
866167
866185
866370
866385
866605
866670
866723
866785
866805
866982
867149
867153
867332
867553
867654
867714
867805
868000
868295
868477
868554
868750
868830
869019
869065
869078
869471
869696
869831
869865
869879
869886
869913
870078
870237
870253
870255
870283
870318
870420
870598
870706
871085
871355
871596
871654
871701
872009
872222
872365
872392
872398
872412
872511
872827
873063
873614
873763
873863
873976
874051
874064
874128
874415
874430
874591
874653
874722
874734
874736
875023
875352
875431
875601
875750
875771
875955
875980
876060
876067
876079
876212
876389
876531
876768
876791
877173
877574
878044
878172
878198
878743
878894
879166
879335
879507
879598
879602
879803
880018
880070
880099
880292
880558
880605
880687
880837
880954
881192
881238
881244
881409
881500
881579
881614
881662
881847
882052
882180
882215
882335
882338
882341
882416
882474
882841
882861
883222
883667
883978
884004
884221
884542
884565
884582
884749
885180
885448
885525
885531
885686
885724
885747
885828
885861
886119
886524
886537
886814
886899
886926
887348
887474
887561
887722
887803
888035
888336
888764
888777
889264
889323
889391
889405
889460
889462
889768
889816
889830
889954
890020
890141
890147
890276
890457
890518
890874
890900
891055
891167
891917
892371
892380
892616
892868
892875
892889
893080
893091
893116
893634
894014
894105
894130
894249
894344
894409
894543
894647
895023
895405
895588
895649
895668
895859
896272
896292
896367
896406
896444
896576
896824
897079
897112
897979
898005
898398
898413
898484
898564
898768
898800
898831
898843
898879
899080
899167
899176
899200
899330
899503
899645
899949
900152
900554
900753
900950
901011
901075
901399
901480
901658
901836
901984
901985
902011
902225
902458
902467
902470
902475
902624
902696
902784
902785
902830
903174
903197
903230
903352
903386
903406
903423
903493
903506
903640
903824
904119
904204
904210
904661
904707
904899
904975
905016
905059
905072
905119
905659
905810
905873
905968
906081
906338
906492
906775
907235
907465
907616
907866
907965
907996
908232
908239
908561
908778
908872
909107
909658
909799
910027
910238
910272
910386
910665
910897
910909
911071
911227
911241
911318
911352
911369
911400
911614
911619
911665
911731
911734
912129
912261
912323
912374
912487
912494
913373
913577
913787
913869
913872
913899
914109
914352
915090
915181
915275
915340
915561
915947
915967
916106
916116
916148
916245
916519
916838
916885
916933
917021
917482
917601
917727
917773
917787
917858
918021
918133
918855
919299
919345
919667
919731
919778
919805
920333
920662
920765
921456
921459
921598
921675
922012
922085
922164
922209
922413
922480
922589
922618
922899
923019
923572
923682
923888
923928
923982
924214
924491
924624
925187
925269
926125
926153
926200
926491
926494
926666
926848
926951
927148
927307
927492
927894
928507
928649
928997
930235
930297
931283
931403
931432
931831
931963
932023
932324
932372
932374
932389
932438
932583
932584
932953
932981
933511
933632
933901
934154
934189
934224
934931
935003
935159
935624
936540
936946
937332
937357
937394
937696
938063
938584
938866
939073
939095
939304
939408
939835
939850
940354
940391
940505
940854
941542
942245
942579
942629
942775
943376
943482
943612
943633
944118
944339
944851
945273
945308
945327
945414
945455
945563
946068
946201
946440
946527
946836
946901
948013
948196
948522
948719
948835
948847
948892
948956
949029
949112
949127
949144
949285
949334
949466
949568
949598
949677
949712
949779
949782
950022
950091
950184
950583
950715
950781
950817
950885
950963
951130
951294
951317
951420
951497
951607
951823
952528
952954
953088
953133
953213
953343
953668
953681
953725
953733
953965
954021
954109
954307
954473
954912
954996
955102
955150
955703
955991
956000
956307
956341
956465
956518
956708
957036
957166
957231
957240
957354
957393
957394
957469
957568
958064
958096
958258
958301
958316
958337
958444
958611
958732
958765
958863
959196
959199
959459
959536
959573
959654
959856
960146
961105
961140
962012
962022
962373
962422
962847
962902
963096
963215
963523
963615
963626
964137
964257
964386
964437
964485
964536
964711
964774
964818
964915
964983
965015
965178
965265
965326
965726
965727
965732
965780
965857
965907
966062
966582
966930
967128
967280
967304
967612
968004
968493
968551
968664
968700
968923
969002
969035
969084
969099
969958
969993
970021
970153
970359
970438
970473
970580
970654
970796
970798
970914
971146
971440
971477
971686
971894
971992
972165
972364
972514
972779
972883
972937
973128
973274
973330
973439
973691
973928
973987
974102
974145
974191
974216
975106
975187
975449
975486
975522
976041
976245
976297
976383
976575
976717
976749
976825
976831
977090
977093
977130
977160
977640
977943
977978
978293
978488
978617
978853
979018
979457
979497
979627
979670
979705
979743
979782
979830
979928
980453
980513
980613
980672
980801
981067
981085
981210
981371
981740
981835
981853
982083
982129
982164
982344
982772
983100
983116
983147
983287
983291
983313
983577
983856
984204
984263
984430
984494
984551
984803
984972
985441
985443
985590
985685
985710
986410
986779
986807
986878
987153
987269
987275
987308
987412
987415
987750
987788
987792
988004
988301
988587
988614
988673
988675
988692
988914
989006
989025
989029
989093
989289
989353
989561
989745
989826
989996
990090
990118
990538
990570
990729
990856
991215
991528
991720
991727
991765
991783
992094
992130
992169
992218
992235
992452
992532
992541
992661
992717
992906
993417
993432
993741
993835
993844
993892
994439
994564
995066
995444
995513
995709
995860
996186
996211
996223
996421
996628
996698
996797
997163
997283
997649
998009
998202
998226
998545
998827
999010
999056
999259
999326
999397
999452
999584
999796
999866
1000125
1000349
1000572
1001170
1001439
1001489
1001550
1001604
1001617
1001774
1001821
1001837
1001980
1001992
1001996
1002898
1003133
1003159
1003366
1003424
1003498
1003675
1003899
1004644
1004718
1004918
1005325
1005373
1005767
1005793
1006069
1006130
1006214
1006301
1006464
1006519
1006729
1006775
1007054
1007158
1007611
1007706
1007975
1008070
1008376
1008533
1008562
1008663
1008752
1008949
1009010
1009075
1009123
1009163
1009400
1009417
1009619
1010069
1010123
1010411
1010844
1011028
1011163
1011324
1011493
1011607
1011984
1012044
1012178
1012481
1012951
1013030
1013357
1013535
1014078
1014565
1014587
1014622
1014627
1014663
1014685
1014856
1014929
1014979
1015043
1015145
1015526
1015566
1015768
1015959
1016135
1016172
1016299
1016473
1016570
1016615
1016751
1017461
1017523
1017581
1017855
1017859
1018183
1018350
1018394
1018702
1018706
1019039
1019099
1019250
1019590
1019604
1020428
1020488
1020503
1020711
1021126
1021208
1021428
1021653
1022283
1022487
1022568
1022691
1022785
1022947
1022949
1023027
1023271
1023310
1023349
1023410
1023595
1023800
1023819
1024009
1024487
1024526
1024987
1025017
1025285
1025324
1025439
1025869
1025942
1026443
1026496
1026687
1026912
1027646
1027704
1027715
1027723
1027971
1028096
1028216
1028287
1028568
1028609
1028770
1028864
1029114
1029318
1029446
1029458
1029468
1029514
1029634
1029886
1029987
1030087
1030140
1030195
1030410
1030502
1030590
1030629
1030739
1030764
1030770
1030880
1031126
1031152
1031280
1031383
1031553
1031701
1031992
1032078
1032233
1032320
1032709
1032925
1033289
1034014
1034093
1034094
1034508
1034599
1034683
1034783
1034893
1035014
1035023
1035275
1035440
1035563
1035567
1036266
1036275
1036452
1036736
1036935
1037072
1037084
1037482
1037533
1037646
1037693
1037809
1038016
1038036
1038088
1038325
1038417
1038493
1038520
1038805
1038955
1039029
1039101
1039536
1039589
1039714
1040011
1040091
1040323
1040391
1040595
1040936
1041073
1041221
1041400
1041531
1041694
1042234
1042285
1042524
1042614
1042707
1042827
1043083
1043104
1043138
1043161
1043199
1043402
1043574
1043581
1043631
1043689
1043742
1043765
1043865
1044035
1044232
1044291
1044363
1044608
1045083
1045120
1045593
1045705
1045906
1046125
1046162
1046200
1046279
1046422
1046459
1046665
1046826
1046906
1047181
1047195
1047587
1047861
1047955
1048011
1048123
1048263
1048305
1048317
1048452
1048460
1048518
1048849
1048927
1049071
1049074
1049657
1049675
1049835
1049933
1050419
1050479
1050540
1050569
1050603
1051070
1051361
1051587
1051621
1051878
1052000
1052074
1052089
1052302
1052397
1052447
1052503
1052696
1053110
1053129
1053227
1053405
1053473
1053853
1054006
1054116
1054186
1054188
1054237
1054548
1054643
1054704
1054705
1054887
1055041
1055143
1055174
1055221
1055363
1055722
1055889
1055920
1055954
1056014
1056080
1056112
1056332
1056397
1056508
1056600
1056623
1056649
1056766
1056892
1057085
1057307
1057356
1057638
1057679
1057759
1057854
1057887
1058036
1058185
1058235
1058254
1058449
1058591
1058725
1058945
1059002
1059343
1059459
1059674
1059708
1060176
1060608
1060821
1060917
1061056
1061317
1061471
1061508
1061511
1061637
1061785
1061805
1062047
1062335
1062447
1062597
1062651
1062852
1062858
1062941
1062983
1063037
1063200
1063364
1063672
1063688
1063883
1063946
1063950
1064200
1064219
1064257
1064491
1064563
1064726
1064956
1065195
1065303
1065428
1065517
1065635
1065798
1065879
1066122
1066192
1066253
1066276
1066548
1066554
1066565
1066628
1066859
1066967
1067114
1067295
1067487
1067933
1068707
1068923
1069144
1069182
1069245
1069295
1069371
1069521
1069579
1069690
1070069
1070333
1070388
1070408
1070445
1070469
1070528
1070534
1070565
1070572
1071008
1071135
1071138
1071254
1071331
1071351
1071450
1072004
1072065
1072071
1072790
1072832
1072966
1072979
1073032
1073037
1073088
1073180
1073228
1073239
1073539
1073860
1073918
1073928
1073949
1073977
1073989
1074537
1074909
1075009
1075258
1075341
1075356
1075891
1075948
1076336
1076586
1076634
1077089
1077111
1077855
1077899
1078414
1078750
1078872
1079482
1079928
1080244
1080317
1080510
1081232
1081436
1081723
1082060
1082539
1082751
1082865
1083110
1083206
1084000
1084345
1084524
1084769
1085057
1085088
1085119
1085199
1085254
1085622
1085849
1086014
1086080
1086102
1086117
1086180
1086227
1086230
1086295
1086407
1086750
1087105
1087486
1087572
1087583
1087890
1088150
1088207
1088642
1089040
1089409
1089472
1089586
1089618
1089775
1090057
1090258
1090652
1090818
1090866
1090991
1091069
1091087
1091593
1091761
1091993
1092210
1092264
1092681
1093004
1093614
1094708
1095220
1095268
1095891
1096289
1096379
1097486
1097740
1097861
1098099
1098337
1098455
1098492
1098509
1098683
1098732
1098850
1098937
1099079
1099219
1099331
1099359
1099947
1100162
1100266
1100710
1101017
1101214
1101226
1101837
1101858
1102832
1102876
1103089
1103098
1103163
1103368
1103450
1103961
1103976
1104276
1104776
1105240
1105395
1105632
1105782
1105911
1105926
1106191
1106273
1106530
1106546
1106790
1106911
1106966
1107189
1107311
1107420
1107636
1107968
1108055
1108061
1108114
1108175
1108193
1108350
1109049
1109186
1109348
1109653
1110423
1110424
1110562
1110795
1111022
1111244
1111303
1111362
1111411
1111436
1111461
1111553
1112088
1112122
1112194
1112722
1113196
1113856
1114152
1114857
1115490
1115729
1115988
1116587
1120715
1121072
1121384
1121934
1122125
1122221
1123496
1124305
1124706
1127403
1132196
1133574
1134150
1134756
1140233
1140364
1149541
1149581
1149848
1150092
1150381
1150527
1150587
1150728
1151811
1152090
1152207
1152325
1152333
1152434
1152604
1152667
1153022
1153214
1153425
1153518
1154809
1156090
1157017
1157432
1157721
1158305
1158336
1158494
1159082
1159102
1160216
1160257
1160530
1160568
1160717
1160764
1160772
1160776
1160888
1161524
1161779
1161856
1162156
1162167
1162191
1162193
1162320
1162398
1162529
1163248
1163691
1163724
1163901
1163966
1164112
1164182
1164196
1164265
1164320
1164608
1165385
1165807
1166138
1166148
1166395
1166433
1166534
1166682
1166687
1166865
1167207
1167436
1167617
1167855
1168082
1168320
1168652
1168767
1169009
1169277
1169319
1169349
1169828
1170148
1170233
1170356
1171227
1171265
1171502
1171591
1172049
1172598
1172843
1173969
1174484
1174591
1174695
1175278
1175608
1175680
1176997
1177002
1177042
1177060
1177312
1177347
1177979
1178295
1178332
1179263
1179385
1179792
1180356
1180497
1180587
1180756
1180907
1181464
1182430
1182559
1183358
1184076
1184199
1185332
1185433
1185896
1186173
1186493
1189232
1189589
1190088
1190233
1191106
1191161
1192820
1193320
1193377
1193469
1193606
1193925
1194486
1194623
1194669
1196398
1196697
1196711
1197850
1197856
1198352
1198475
1199522
1199905
1202965
1203263
1203306
1204097
1204127
1204414
1204437
1204480
1205188
1205586
1206265
1206731
1208199
1209219
1211308
1212353
1213768
1214239
1214331
1214496
1215832
1215924
1215974
1216244
1216276
1216762
1217183
1217916
1218083
1218881
1219891
1221274
1221464
1221607
1221907
1223164
1224008
1225265
1225976
1228206
1232057
1233160
1234287
1234306
1234999
1235047
1235962
1237545
1237605
1237802
1238217
1238732
1245019
1246442
1246576
