100351
101749
103240
104122
104749
105649
107216
107724
108228
109765
112498
114932
117305
124681
124985
127960
129415
130464
131071
131516
131862
132253
132519
132873
132936
137685
138017
142030
145215
145592
149886
150337
151260
151531
152024
154132
154862
156003
158032
159554
159567
161742
163869
176404
176750
178285
179122
180008
180230
181607
183500
188482
188588
189769
193191
194411
194561
197394
198355
201553
201688
202045
202428
202591
206123
206676
209988
210628
215849
217932
219957
222562
226924
231620
247822
247851
248336
249298
250963
252324
261715
261750
264679
271745
272651
273864
274132
275425
280508
282341
285334
285365
286161
286712
287754
288714
291899
299397
301967
302336
302709
304554
305943
307158
312856
312870
312877
314138
315486
317586
325446
329867
330450
335224
337630
350390
352108
354972
355661
355676
355812
356945
358113
359007
365900
368456
371163
371266
373929
380236
381033
382117
384542
386287
390199
391816
392366
396088
396106
399971
400253
405252
405997
408096
410985
413973
414915
416959
422630
423611
423673
423878
426430
428418
431767
434667
436127
437974
438114
440924
443448
443706
448590
449890
450548
453834
456150
457077
457599
458921
462236
463601
463903
464208
464662
464842
467667
468848
470042
472947
475078
478530
482649
482827
485828
488638
490737
495409
495748
499840
500694
502556
506632
507358
509835
510710
518439
519137
519261
519327
519454
520071
520840
524222
527508
528848
530688
531250
532504
535243
537630
539188
539446
539572
544281
544498
555398
557270
560291
561468
567223
568128
570477
571180
571753
572643
574109
574409
574649
578902
584045
584126
590237
594535
595606
596228
598679
599725
607278
607590
608228
609414
613217
615811
621094
621358
623370
625483
625944
626547
631244
645215
675569
699324
703617
711515
711978
716605
717621
747446
749466
756427
758123
759248
766612
773493
779784
793296
795567
801007
805158
810796
815756
827637
833102
842170
846545
863109
863705
864534
866133
867805
868054
868830
872009
874591
875352
876212
877173
881068
881662
888336
888777
894344
897112
898398
899330
899949
900554
902470
906775
911400
911734
913899
914488
915090
915947
918855
923982
937394
939835
949285
956518
957568
959196
964386
970021
971477
974102
976041
976245
977943
981371
985441
985590
986878
988914
989745
992661
996421
999452
1004718
1009400
1014298
1015959
1016026
1023595
1023800
1029318
1030739
1037084
1041073
1046200
1046906
1048291
1048849
1055722
1056397
1063883
1066872
1067295
1071450
1085992
1086102
1087105
1101837
