100194
100497
101105
101246
101392
101581
102120
102136
102156
103046
103218
103904
103977
105349
105649
105769
105892
106214
106748
107493
108938
109054
109538
109730
110899
111432
112041
112044
112387
113725
114601
114666
114995
115334
115588
115880
116566
116610
116737
117249
117387
118071
118478
118658
120921
121029
121128
121147
121499
121672
122861
122976
123708
123777
124464
125494
125509
125555
127760
127790
128150
128265
128775
129040
129105
129318
129401
129461
130366
130941
131014
131320
131572
131834
132253
132260
132739
133162
133892
134578
134631
135348
135514
135889
136688
137060
137379
137464
137677
137910
138170
138296
138395
138510
139035
139113
140232
140439
140578
140911
141311
141642
141648
141778
142984
143116
143204
144250
145017
145147
145215
145395
145478
146201
146208
147410
147772
147896
147984
148360
149020
149149
149579
149886
150031
151252
151260
152621
152797
153490
153829
154193
154300
154715
154737
155063
155710
156491
156634
157246
157310
157357
158123
158639
159564
162167
162326
162826
162884
163088
163332
163674
163810
163934
165609
165659
165785
166252
167298
167870
170586
170729
171222
171614
171711
171799
171803
172406
172605
172838
173319
173656
174458
174525
174578
174604
174648
174731
174942
175168
175673
175853
176162
176713
176750
176862
177796
177933
178786
179113
179727
179750
180415
181027
181421
183834
184841
184920
185798
186240
186974
187833
188482
188558
189419
189637
191307
191346
191517
191747
191954
192038
192277
193056
193278
193333
193575
193677
193943
194283
194749
195105
195205
195211
195246
196232
196234
197265
197678
197892
198410
199673
200223
201127
201887
202124
202371
202754
203373
203487
203590
204029
204037
204431
204886
204947
205024
205109
205654
205793
206024
206111
206599
206659
207998
208423
208598
208648
209010
209794
209988
211606
213075
213412
215849
216386
217829
218498
219147
220829
221346
221882
222020
222204
222551
222650
222847
223493
223641
224471
224472
224478
224522
224604
225686
226056
226302
226774
227626
228538
228918
229546
229711
230440
230856
231629
231687
231859
233135
235297
235527
235596
236154
238828
238857
238881
239412
239503
239999
240151
240562
240630
240683
242524
242618
242928
243983
244198
244795
244827
245072
245092
247218
247708
247730
247732
247851
248295
248336
248530
249535
249680
249738
249955
249979
250397
250440
251002
251374
251428
251568
252606
252901
252915
253379
253466
254276
254623
254849
254903
255586
255620
256229
256540
258533
258555
258896
261092
261223
261304
262086
262270
263940
264151
265419
265463
265739
266917
267391
267648
268251
269404
269732
270220
270927
271497
272301
272472
273277
273864
274316
274467
274836
275025
275134
275782
277935
278593
279401
279540
280081
280433
280966
281256
281988
282068
283278
284017
286637
286963
287131
287447
288098
288685
289051
289241
289259
289822
290337
290945
291345
291758
292654
292885
292888
293965
293992
294156
294412
294838
295003
295084
295124
295906
296033
296181
296343
297113
297431
298245
298450
298742
299446
300175
300380
300916
301967
303091
303169
303696
304012
304298
304589
305264
305507
306030
306607
307173
307437
307966
308334
308966
308992
309153
309381
309563
310155
310581
310920
311254
311282
311351
311714
312256
312825
313443
313520
313674
313887
314636
314647
314813
315504
316042
316209
316368
317586
318322
318678
319309
319718
319870
319895
320170
321172
321180
321182
321198
321657
322466
322467
323046
323479
323804
324352
324385
324605
325309
325720
326598
326629
326781
327015
327025
327452
327997
328183
328376
328952
329014
329426
330084
331498
332348
332610
332795
333036
333415
333674
334919
335097
335716
335918
336115
336312
336514
337309
337592
337607
337743
337814
337921
338947
339011
339885
340149
340260
340311
341253
341501
341628
341716
342716
343312
343754
344696
344791
344970
345337
346406
346427
346952
347067
347476
347496
347545
348100
348281
348948
349622
349732
350143
350647
350732
350768
350965
351455
351461
351763
352623
353107
353715
353744
353820
353824
353937
355203
355387
355524
355825
356178
357500
358021
358181
359007
359121
360011
360750
361384
361791
362412
362768
363045
363690
364206
364367
364676
364804
365174
366241
366573
366803
366974
367212
368080
368517
369567
369654
370568
370690
371397
371498
372638
375387
375618
376219
376431
376597
376658
377242
377445
377790
378542
378547
378563
380569
380689
380828
381313
381774
382117
382427
383294
383912
383964
385298
385538
385630
386199
386618
387123
387181
387459
387532
387862
388097
388222
388392
389628
389725
389821
392301
392476
392706
393038
393261
393334
393462
394148
395023
396088
396774
396933
397187
397622
397673
398839
399682
400253
400722
400749
401087
401512
402484
403181
403388
403445
404358
406484
407955
408382
409096
409352
409935
410856
410982
411438
411452
412127
412503
412572
414017
414327
414692
415088
416657
416795
417111
418808
419058
419439
419979
420751
421137
422151
422405
422871
424321
424345
424610
424865
425149
426341
426511
426807
427096
427408
427809
428651
429537
429748
430159
430391
430438
432122
433003
433119
433622
433889
434135
437351
437949
437974
438131
438421
439087
439714
440848
441177
441225
442885
443377
443775
443923
444787
446043
446169
446878
447204
447321
448585
448590
449166
449233
449358
449529
449531
449596
449925
450003
450524
450548
450623
450950
451082
451363
451669
452589
452726
453036
453193
453207
454013
454059
454219
455425
456775
457679
457865
458098
458549
458615
458746
459305
459432
459515
459736
460089
460228
460754
460955
461611
462014
463253
463711
464331
464519
464835
465110
465147
465370
465771
465877
466184
466946
467975
468426
468837
469049
470165
470752
471039
471412
471775
471799
471841
472182
473077
473831
474302
474401
475440
475467
475803
476652
478112
479753
480373
482512
482699
482827
482999
483502
483545
484505
484507
484939
485938
487104
488635
489263
489665
489768
489854
489993
490190
490277
490737
490823
490898
492488
492810
493263
493984
494444
495076
495325
496573
496665
496856
497579
497620
497772
497798
498022
498529
500021
500915
501191
502397
502604
502622
502923
503496
503898
504984
505602
506588
507622
509007
510208
510973
511013
511129
512147
513029
514478
515129
515371
516464
516505
517157
517784
518800
518843
518911
519310
519887
521461
521837
521912
521982
522726
523099
523273
523517
523822
524084
524542
525481
525748
526886
526900
526964
527088
527437
527590
528008
528346
528700
528716
528757
528869
529805
530862
531053
531605
533789
534447
535047
535838
535929
536074
537182
537872
538133
538235
538286
538955
539054
539289
539301
539410
539446
539488
539533
539595
539653
540071
540247
540810
541417
541689
542281
542513
542929
543323
543430
543558
544149
545049
545869
545914
545944
545984
546750
547151
547162
547482
547651
548345
548729
549403
550156
550387
552846
552972
553151
554234
555540
555714
555942
556062
556301
556481
556822
557390
557408
557428
557871
558182
558641
558934
559082
559549
560047
561615
561920
562198
562434
562758
563483
563734
563799
563868
564060
565260
566090
567224
567441
567649
567901
568454
570060
570458
570691
571211
571327
571913
572139
572690
572850
573355
573521
574456
574634
574979
575287
575782
575826
576362
578038
578365
579353
579539
580256
580987
581812
582047
582735
584447
585130
585247
586206
586288
586840
587069
587662
588320
589209
589322
589776
591465
592510
592647
593459
594027
594286
594535
594866
595139
595399
596052
596217
597149
597247
599725
600365
600388
600467
600652
601588
601654
601900
602111
602580
602814
602997
603301
605153
605207
605261
605523
605763
606290
606450
606739
607784
607833
609104
609205
612288
612824
612915
613452
615725
616225
616557
616689
616767
616924
617436
618438
618788
620532
621358
622174
623313
623370
623495
624828
625006
626070
626395
632049
634282
634638
640694
654968
655970
655983
657706
657959
664576
665395
668724
675318
675569
679482
684785
686041
686919
687176
692658
695135
696493
697152
700437
703679
705196
711253
711308
711515
711980
717565
717621
717686
717935
723771
726943
731835
733909
734723
736264
739860
741466
741468
741484
741709
742006
742796
743412
746495
746930
748021
748250
749307
751640
752577
755143
755330
756204
756582
756895
758197
758771
759265
761559
765780
772456
773124
773826
776007
777319
777555
779732
789070
789110
789545
790704
793919
794248
794535
794594
794611
794818
797319
798706
798831
798943
801580
803252
803600
804528
805459
807430
807970
808787
808804
808909
814206
814744
815181
815942
817898
819320
819522
819603
820248
821662
825168
826897
828173
828612
829955
830308
832883
833102
834357
835363
836821
836943
837740
837799
838612
839184
839435
839577
839870
841132
841590
841657
841816
842057
845965
846301
847660
848540
848970
849063
854407
857103
863647
863993
864534
864748
865871
866385
868830
869696
869865
869888
870293
870976
871314
872454
872953
873063
873625
874128
874736
875023
875200
875487
875601
875750
876615
878173
879125
879166
880018
880102
881192
881238
881735
881754
881847
881978
882335
882474
882841
884245
884807
885634
885674
886119
886899
886924
888404
889768
890216
890518
892959
893091
893132
894249
895064
895812
896272
896367
896485
897079
897112
897154
898005
898933
899788
899914
899949
901879
903230
904661
904975
905482
905873
907465
908076
908340
908504
908982
909658
909799
910897
911241
911475
911614
911887
912315
912470
914109
915181
915686
916245
918260
922413
922899
923982
925187
925473
929267
930665
932372
932374
932650
932988
934189
934209
935878
938063
938182
938188
938584
941598
942083
942270
943036
943482
949334
949568
950274
950781
950885
951012
951994
952141
953133
953681
954109
954307
954984
955120
956341
957469
957568
958171
958765
958863
959654
961949
963523
963615
963737
964075
964806
964919
965172
965330
965417
965637
965726
966233
967128
967199
970021
971686
971894
972539
973633
973987
974216
975449
975853
981322
984812
985407
985590
986629
988331
988614
988692
989745
990490
991720
995076
995860
996211
998545
998627
1000230
1003499
1005938
1006301
1007975
1008562
1008663
1009163
1009849
1011466
1014685
1015669
1018623
1019250
1019603
1020488
1020524
1020856
1021208
1022283
1022740
1025269
1025285
1025474
1025791
1026225
1026838
1028864
1030971
1031060
1031090
1031992
1032311
1032954
1034094
1034783
1036212
1036452
1037370
1037482
1037716
1040391
1043027
1044423
1044582
1044893
1045120
1045493
1045791
1046018
1046200
1046279
1047905
1049071
1049074
1049835
1050259
1050864
1051361
1052000
1052726
1053328
1054006
1054435
1055920
1055988
1057511
1058036
1058591
1059920
1061637
1062852
1063543
1064854
1065332
1066512
1066649
1066844
1066981
1067478
1068195
1068315
1068484
1069144
1070388
1070408
1071450
1072489
1072676
1075258
1075341
1076336
1078868
1082933
1084492
1086407
1088306
1088671
1088894
1090258
1092742
1092861
1093004
1095891
1097340
1097861
1098547
1098836
1099020
1099347
1099507
1099947
1101017
1101226
1102967
1103450
1105926
1107926
1108055
1110175
1110941
1112194
1112722
1115939
1120037
1121094
1121384
1122030
1122125
1123580
1124305
1135670
1150294
1152207
1152822
1153022
1153136
1153149
1153214
1157557
1158085
1158336
1159100
1159102
1160845
1160879
1161766
1161938
1162193
1162320
1163180
1163442
1163690
1163691
1163901
1164112
1165600
1166148
1166433
1166534
1166865
1167164
1167207
1168051
1168082
1168652
1168767
1169281
1169666
1170419
1171591
1172049
1172598
1173294
1173969
1176487
1177137
1177312
1178332
1178525
1180587
1180636
1180756
1182559
1185433
1186493
1187369
1191737
1192303
1193879
1193925
1194623
1195266
1196398
1196697
1197850
1197856
1197957
1198352
1198647
1201085
1201800
1204131
1205586
1206265
1206731
1207037
1207885
1208199
1208292
1210145
1213768
1214331
1215438
1215832
1215974
1216276
1217183
1217916
1218083
1218747
1221607
1228206
1232187
1232470
1233160
1234287
1234306
1234341
1235670
1236406
1236516
1236845
1237545
1237605
1237802
1238217
1238732
1239428
1239591
1241233
1241798
1241833
1246442
1246576
1246579
