102086
102233
102475
109634
109730
113699
114363
114474
115068
118554
119510
121147
121408
123801
124132
126035
127119
129114
129652
130366
131208
137677
137806
138058
139113
139602
140480
141636
146208
147432
149358
150865
151409
153850
154982
156634
157880
159875
161401
162055
164525
169564
170515
172560
173410
174578
177627
181867
183631
188528
188766
191463
192058
192454
193278
195818
201021
203366
204764
205109
205702
207999
212139
216089
216606
216882
217160
219356
221595
222416
237374
239075
239186
241604
245356
248194
248676
253171
259005
259945
264020
265595
265921
266150
274448
282632
287042
288039
290045
293992
295084
296815
297341
300349
302998
303182
303934
304487
305678
307920
308992
309563
309792
311282
316368
316852
317644
321145
322537
323029
324104
324205
324352
325151
325622
327189
327617
328086
328468
329014
330312
332432
333857
335363
335918
336921
337054
338042
338862
339428
339445
339606
340147
340260
343869
344630
346164
347715
350732
352928
353299
356721
357905
358021
359158
359239
361019
361488
362181
362743
365989
366096
368624
369927
371498
374158
375851
377380
377483
382314
382891
382944
383544
386178
387117
387267
387373
389860
390808
390982
392504
392566
392932
393314
397222
399542
399682
401082
402039
402629
403184
405113
408175
412247
417564
419062
423513
424865
425686
428651
429534
431120
431746
431759
432122
436940
437840
440757
441482
443105
445147
445612
446002
447717
448909
450466
453458
454083
455334
459432
460228
460839
462697
463969
464558
464605
465145
465591
466214
466568
468297
468467
470967
472493
475440
475913
477413
477520
477648
477808
478306
478898
479114
480106
480193
481388
481424
485876
486268
489993
490250
491154
492488
498041
500586
501079
502104
502111
502470
503081
504984
506013
507911
508075
509386
509394
509785
510587
510973
511024
511360
511792
512483
512886
512934
513268
515009
515406
517820
517916
519452
521912
523515
524408
524542
526049
526840
527838
530862
531554
532007
532233
533789
535690
536669
537653
539966
541311
543430
544077
544950
545944
546628
548976
549038
549392
552046
552282
555704
555991
556062
557170
558639
558641
560369
560373
560803
563904
564203
566225
569268
570060
575459
577476
579124
579132
579243
584167
584471
589209
592027
593459
595004
597071
599279
600135
600143
600263
600607
601110
603391
606469
609178
614493
615217
615570
616767
619193
619574
623335
624471
638210
653292
684296
691495
698889
700038
703679
711308
713513
730419
734827
738717
744093
746930
759495
762727
773468
774914
780709
794611
807093
813900
817038
818643
822437
827754
833255
835254
838066
844047
849095
849340
863491
864992
867332
875771
878172
879335
879602
880018
881614
884749
898484
909107
912374
912494
913577
914352
917021
917858
921280
922085
923019
925898
932372
932438
939722
940391
949782
955102
956000
956307
964983
972883
975212
979782
984551
987308
988004
988587
992235
992452
995709
1001604
1009619
1016615
1034508
1036935
1039536
1044348
1048263
1058725
1058945
1062047
1065517
1066878
1077913
1086180
1086295
1102739
