100194
101235
101246
102233
103904
103977
104345
105649
108773
109054
111939
112044
112161
112436
113109
114666
114995
116517
118071
118478
120248
121408
121730
123642
123777
123949
124069
124464
125798
127760
127790
128213
129461
130184
130464
131516
132640
133070
133892
133917
134545
134914
137379
137677
137806
137955
138134
138170
139113
140555
140578
141126
141311
141636
141778
143382
143598
145215
145395
146201
146720
147410
147599
149579
149886
149963
150393
150817
152484
152797
152992
153534
153656
156634
157246
157319
159143
160378
161394
161742
163470
163689
163869
164174
164382
165324
167870
168423
168956
170884
171151
171222
171664
171795
172406
172974
173319
174578
174839
175673
175777
176162
176750
176862
176911
178786
179727
179750
180215
181642
183398
187833
188482
189769
190280
192038
193677
194749
195200
196867
197452
197985
198355
199984
200173
200391
201396
204037
204208
205109
206024
207002
208648
209608
209794
209988
210939
211606
213075
213211
214303
215168
215374
216386
218498
219957
222012
222020
223493
226056
226924
227452
227628
228704
229099
235297
236164
236773
238881
240630
242920
244198
244827
247209
247851
248336
248530
249024
249668
249916
250620
251002
251568
252606
253781
256884
258797
259881
261280
263913
264151
265419
266177
267391
267956
269603
270220
270809
271497
271779
272234
272307
272472
273864
274953
275298
275401
275978
277935
280536
280966
281322
281890
281988
282068
286321
286384
286890
287447
288685
288714
289246
289259
290578
290945
292909
293992
294115
294323
294335
294601
299397
300175
302709
305678
306030
308334
308992
309153
309445
309475
309563
309792
311282
312256
312856
314138
314647
314666
316368
317641
319870
320135
320242
321172
322520
322537
324352
329014
329057
330069
330312
330866
332348
332432
333793
334781
337743
338091
338798
338947
339524
339775
340260
341716
342716
343202
343805
344696
344704
347545
348281
350054
350143
350541
350732
351040
351763
353824
354088
355661
355676
356945
358760
359007
359077
360011
360750
361488
361791
362768
365174
365989
366803
368080
368772
369654
370690
372104
373747
373929
375744
375851
376177
378158
378300
378436
378563
380689
380881
381294
381377
383170
383294
386201
387123
387325
389821
391108
391816
396088
400253
400749
401255
404347
407141
409935
410581
411438
415008
416517
417111
417444
417976
418129
420751
422151
424610
424865
425954
427096
427250
427283
428651
428760
430932
432888
433174
434730
435091
436333
437665
440848
442885
443070
444342
444540
444787
445147
446169
447050
447084
447204
447321
448590
449166
449468
449743
449925
451363
451487
452589
453193
453338
454219
455334
455425
456287
456683
457679
458549
458615
458746
458921
459451
459950
460228
460771
462014
462727
463711
464331
464519
464842
464928
465308
468467
468551
470165
470752
471841
472182
472871
475335
475440
475803
476137
476436
476566
476646
478530
478556
480373
480829
481341
482512
482999
483545
483688
485938
488635
489993
490190
490858
491395
491709
492488
498303
499127
499286
500158
500694
502104
502111
502604
504984
507933
508797
509785
510450
510973
511024
511527
511792
515368
516884
517175
518398
519137
519310
519327
519887
521461
521982
522268
522574
523545
525249
527838
529805
530814
531053
531554
534467
535929
536214
539289
539410
542513
543323
543430
545049
545598
545605
545865
545914
545944
545984
549038
549392
552046
552846
555121
555468
555942
556062
557270
557579
558309
559052
560373
561920
562198
563600
566408
567638
567649
570365
571327
571913
573126
573488
574634
574941
575459
576362
577476
578150
578301
578715
583460
583606
583889
584801
586476
590883
592984
593459
594535
596217
597370
599279
599789
600365
600388
600505
601110
601405
601640
601900
602580
603093
604098
604361
606283
606290
606450
606879
607278
607784
612824
613272
615217
615358
616225
616689
619106
622396
623406
624828
625643
626070
626162
626543
631252
632049
634282
643227
662312
664576
673938
686919
688328
694298
696120
696493
700437
703448
704816
711978
715453
717552
717621
717935
719359
719763
725406
725733
731874
731934
734723
739860
740249
742751
746495
746930
747029
748250
751640
759495
769443
770844
771232
773493
776007
777319
784359
786504
788356
793919
794611
794978
822353
823956
828173
829305
829955
832102
832883
832912
833153
836821
838936
841409
841590
842170
845834
845965
857103
863647
863993
864160
864534
865313
866805
869831
869865
872222
872392
874736
875601
875750
876060
879507
880018
880837
881192
881847
882416
882474
884749
886899
887474
889768
890518
896272
896576
897112
898398
899176
902696
903174
904661
905059
905119
905873
906775
907465
910272
910909
912494
915181
915275
915967
917482
917858
919299
922413
923982
926153
927148
932372
932374
938063
942245
946440
949334
950781
950817
950885
952528
952954
956341
957568
963523
963615
964386
965726
968551
968664
968700
969099
970021
971686
971992
972779
972937
973330
973987
975449
979705
981371
982083
982129
982344
983577
985590
986779
987269
987275
989996
992218
995709
995860
997163
998226
998545
999796
1001604
1004718
1006214
1007158
1007975
1008663
1009123
1009163
1010123
1011028
1014685
1015043
1015145
1017581
1019250
1022283
1023349
1023800
1025285
1025324
1025942
1029318
1029987
1030590
1031383
1032078
1035023
1036452
1037482
1042524
1043161
1044363
1046200
1046279
1047955
1048011
1048305
1049835
1051361
1052000
1052503
1054887
1056892
1060917
1061471
1061637
1062651
1062852
1062858
1064491
1064563
1065428
1066859
1070388
1071450
1075341
1084000
1084345
1085057
1086227
1087105
1089775
1093004
1095891
1097861
1099359
1101837
1103163
1103368
1103976
1108055
1108114
1108193
1108350
1111303
1121072
1121384
1124305
1150728
1152207
1153022
1158305
1158336
1159102
1160717
1160772
1162193
1163691
1164196
1166138
1166148
1166865
1167207
1167436
1168082
1168320
1168767
1169319
1169349
1171591
1172049
1173969
1174695
1177347
1178332
1179385
1180497
1180587
1180756
1182430
1182559
1183358
1184076
1184199
1186493
1189232
1190088
1191161
1194623
1196697
1196711
1198352
1204097
1204437
1205586
1206265
1206731
1209219
1213768
1214331
1214496
1215924
1218083
1221274
1224008
1225976
1228206
1234999
1235047
1237802
1238217
