100577
112511
121730
124396
124464
132014
132722
138325
146201
148601
151702
159555
173319
175030
179452
185724
192911
193677
197968
201118
201127
212450
223493
228704
229768
238407
238881
242569
248530
253734
259881
266879
272307
274971
281971
294965
298245
306906
309534
318339
319309
331420
335616
344415
344797
354101
366154
369391
371519
375633
385880
392937
404019
429282
451854
466468
473727
477056
479256
482740
486113
503187
514478
539813
541162
554521
555753
560724
565546
571913
585524
586193
598334
601900
603359
604625
606450
626543
680679
684785
754715
770844
811153
831848
836821
866805
882335
883978
898843
957354
964485
998202
1031427
1063103
1111362
1161524
1174484
1177042
1181279
