100270
103316
106845
114621
117305
126650
128096
134956
138455
140050
140287
144223
146149
147495
149358
150303
152189
152198
152989
154165
157573
162971
164245
170122
173576
178316
179210
186567
188096
190264
191656
198773
205463
206396
214134
220201
235302
236991
240869
251434
268398
274391
277556
280075
284704
284718
285254
286712
292349
293878
296054
300450
310284
310821
312682
312694
313531
314494
321563
327099
329479
335616
343860
349205
354157
355952
357076
358782
360281
364512
364871
365229
368040
371346
371614
376752
388401
392865
397005
397391
400675
400827
402013
403119
405963
408037
408070
416265
416480
418954
419573
427662
428499
430340
431083
433359
435106
446067
446759
447692
447748
452539
456150
460048
461604
466365
467509
473273
481113
490250
491581
494474
494628
506197
510744
512746
513590
514721
515936
519431
522400
526524
527874
533840
536284
536673
536998
538455
544269
546376
546531
551714
552657
555991
556676
562693
565239
566436
571539
573896
578537
580148
581071
585545
589028
596761
598052
598314
598465
600135
602068
603359
604843
605982
606704
610037
611076
618835
621494
624787
683374
699737
705311
733528
748683
758732
765420
765773
766167
781095
789599
797879
818420
821419
822408
824284
825962
829012
849340
857175
865294
866455
866696
872971
875662
880747
882421
905453
908631
911537
912544
914678
917073
919098
919294
932709
933793
933867
937734
939722
941809
956642
956686
958388
963774
963858
975791
975801
977832
978356
995880
1009063
1016026
1018026
1025140
1030370
1034545
1037259
1044348
1048715
1050325
1051945
1052762
1063103
1066878
