104122
107724
111901
115133
117305
124558
129652
132873
135206
145163
149358
152024
156003
157880
158715
159875
165303
171338
175030
179122
179210
188028
192454
195818
201704
207999
213894
215571
223769
228721
236355
236652
238099
240070
243151
249298
252539
259005
261750
268398
271745
272184
274448
282341
284718
285334
286712
293878
296054
302336
303113
303182
305943
307920
310142
315486
320493
321563
323487
323850
327617
327935
329954
338862
348211
348456
349175
355952
357905
358113
359239
361928
366154
370185
371146
371163
371266
373276
375751
381568
383544
386178
386287
387117
395357
397222
402039
402629
404419
405113
405252
406180
411990
414915
422630
423513
431759
431767
438350
439351
443448
450466
451572
456150
458452
459236
461473
462236
463380
463601
466365
475913
480106
481113
482037
484956
485828
486598
490250
491031
495748
496799
498041
501079
512350
512934
513739
527508
529543
532366
535690
536284
536673
537653
538304
540322
541311
548152
548976
555991
556676
560803
562740
564203
567223
576281
577867
579243
593122
595004
595606
600135
602068
607017
613217
615811
621494
659198
691495
700038
701944
705311
713513
734827
741582
751399
756427
766612
773468
774914
777174
810644
813900
825838
827055
833255
838361
849340
863491
866455
868054
869320
872971
880747
881068
881324
882421
883810
889372
914488
914678
921280
925898
939722
944457
963894
975212
978356
978400
1012796
1014298
1014576
1015632
1016026
1016246
1017280
1018465
1044348
1044697
1048291
1049330
1063103
1066872
1066878
1067387
1071032
1074416
1077913
1081922
1085992
1096439
1099716
1102129
1102739
