100763
101749
101860
105649
108228
120086
120286
121796
123618
124681
126277
130464
130527
141845
145478
149318
150337
156003
157503
159567
163869
164308
173433
173528
176750
176911
179122
180008
180786
181607
183500
184629
185297
188482
188629
189283
192709
194411
197394
198355
202227
203771
214303
215374
215849
219353
226617
226924
226985
227628
228634
242526
247551
248336
249703
250176
250963
252075
261750
262442
262728
264642
266995
269982
274953
282802
285334
288714
289707
291899
297198
299397
301967
302709
303403
303696
314138
315486
316008
319861
321135
321596
323778
332099
332348
332635
335224
338288
343202
347942
349914
352108
355592
355661
356360
361105
365900
369660
372811
378687
380881
382812
384624
386610
390199
397621
397953
398721
399636
400264
405533
408096
410985
412666
412977
413973
414417
416657
416890
417444
422630
424511
430029
432898
438114
440514
440971
447692
448590
450548
453725
458921
464842
465308
467022
468001
472947
475078
478530
480524
483675
483922
484493
492635
494428
498613
498824
499840
500694
501835
502556
507358
508716
514476
516389
518655
519068
519261
521237
524222
524910
530327
534267
536971
537265
549498
555398
557270
559024
559713
564071
566035
574409
574649
576610
577207
577668
578150
578902
585456
590436
592123
595417
598886
606483
607833
608228
612284
615324
619106
626176
631244
658691
711978
717621
779784
795345
797590
817581
817595
817773
819859
820248
824262
829769
831456
840115
846545
853036
864534
866133
868054
868830
872009
876768
885747
895668
897112
899949
900950
905016
913899
914853
915090
915947
923982
937394
939095
950817
951607
956686
958337
964386
965265
969035
969405
970021
973330
976041
979670
985441
989745
1009075
1012178
1020503
1022568
1025779
1031992
1046200
1046665
1046906
1048291
