100784
101532
101749
102796
103814
104293
105047
105649
106319
108067
108228
108938
110297
110899
111094
112044
112161
112570
113036
114666
114995
115022
115068
116517
116969
118071
118478
119454
120331
121222
121729
121730
122926
123499
123948
123949
124464
124471
124500
124681
124985
126059
126864
126875
127790
128083
128561
129001
129318
129544
129575
130366
131208
131516
132721
132966
133070
133456
133892
133917
135736
137806
138170
139038
139113
140566
140578
140591
140850
142862
143054
144834
145215
145592
145804
146201
146720
147071
147391
147599
147772
147896
148440
148461
149249
149299
149886
151702
152033
152459
152992
152995
153656
154982
156268
156644
157287
157314
159143
159205
159450
159554
159562
159567
159662
160378
160892
161742
162606
163869
164308
169218
169564
170515
170884
172570
173018
173319
173791
174537
175777
175866
176216
176750
176862
176911
177693
178786
178813
180172
180990
181281
184077
184251
185183
185934
187255
187554
187833
188482
190040
191561
191954
192516
193275
193677
193696
194722
195197
195200
197201
198355
199034
199278
199476
199673
200726
201127
201315
201984
202507
203067
203366
203538
203556
204431
204764
205047
205182
205800
205866
207002
207585
207998
209598
209988
212301
213511
214303
214517
214589
215374
215849
216492
216501
216828
217323
218865
219353
220407
221843
222001
222204
222650
223802
223831
224585
225015
225183
226056
227452
228092
228704
230341
231687
231859
232696
234017
235783
237313
238281
238828
238857
239186
239503
239730
241388
241558
242569
242802
244024
244198
244350
245059
246306
246558
246564
247730
247754
248676
249572
250481
251002
252641
253255
253296
253466
254153
254986
256751
257026
257982
258405
258523
259627
259945
259947
260019
260419
260808
261264
261761
263293
264832
265739
266150
266157
266265
266879
267007
267391
267607
268359
269567
270341
270378
270435
272068
272301
272307
272651
273694
274894
275025
275158
275298
275425
275978
277744
278763
278811
280320
280855
280880
281555
281988
282068
282775
283278
284816
285090
285365
286321
287136
288714
289246
289392
289668
290045
290249
290415
291752
292035
292190
293851
294762
296219
296815
297298
297420
297431
298174
298245
298548
299397
299907
299971
300297
300882
301123
301286
301985
302502
302709
303696
303934
304012
305107
305678
306257
307039
308900
308992
309153
309445
309563
309792
311714
311783
312256
312418
312856
313472
313650
314138
314666
314978
315579
315774
315897
316368
317586
318300
318547
318927
319870
321568
322520
322537
322776
323051
324014
324104
324352
325265
326520
326832
327351
327457
327874
328019
329014
329461
329506
330312
331420
332432
332635
332788
334185
334398
334634
335481
335544
336275
336921
337132
339428
339505
339511
339524
339606
339664
339905
341173
341894
342292
343202
343441
343816
344106
344702
346289
346745
347246
347516
348255
348261
349121
349811
350143
350390
350887
351013
351040
352928
353820
354392
354659
355050
355387
355520
355661
355838
356178
356721
356945
357244
359007
361047
361281
361677
361859
362482
362768
365006
365174
366033
368624
369391
370455
370690
371498
371575
372049
372811
374383
374847
375986
376177
377445
377607
377790
380236
380689
381585
381774
382117
382180
382314
383805
384261
386149
386709
387267
387325
387373
387539
390199
390808
390982
391758
392504
392706
392932
393314
393980
394503
397289
398225
398526
398935
401053
401082
402047
403184
403445
403759
404347
404535
406378
406479
407030
407498
407802
408175
409547
411438
412666
414077
415502
416219
416581
416657
416795
417564
417862
418129
418229
419062
419594
420839
420985
422151
423633
423878
424865
425395
427250
427464
427779
427921
428148
428202
428462
428651
429680
429858
430521
431547
432034
432750
433174
434667
435091
435733
436693
443070
443524
444316
445147
445207
445522
445612
446501
446535
446651
447011
447050
447981
448108
448392
448590
449584
450205
450548
450623
450950
451685
452774
453193
453671
453725
453834
455008
455551
456470
456892
457287
457930
458101
458339
458615
458921
459005
459345
460649
460697
460889
460915
461997
462697
462727
463476
463903
463969
464331
464519
464842
465145
465596
466075
466214
468426
468551
468791
468865
468912
469254
469746
469896
469945
470065
470752
471775
471841
472370
472871
475078
475252
475419
475440
476814
477056
477413
478530
479114
479248
479253
479256
479754
480033
480193
480481
481388
481424
482512
482649
483402
483533
483545
485101
487513
488139
488635
488638
489057
489993
490507
490737
491004
492488
493372
493937
498824
499712
500694
501883
502104
502470
502484
502556
503126
503187
503254
503966
504949
504984
505071
505482
505787
505859
506611
506632
506972
506984
507102
507197
507835
508058
508467
509465
510060
510479
510973
511024
511792
512483
514478
516100
516203
516505
516797
516827
517640
517916
518439
518892
518902
519137
519452
519499
519861
520059
520521
520531
521191
521461
521837
521885
522636
522815
524648
524910
525438
525815
526088
526457
526488
526750
527144
527677
528165
528700
528848
529466
529795
529923
530408
530688
531250
531554
531875
534619
535413
535891
536615
536669
536971
538020
539446
539813
540226
542084
542723
542908
543323
543430
543563
544077
544281
544950
545944
546031
546628
548118
548135
548180
549038
549049
549339
549392
550546
551892
552870
553817
553957
554199
554565
554567
554667
555121
555398
555704
557170
557270
557537
558112
558639
559009
560369
561082
562198
563064
563600
564777
565366
565546
565672
566225
566502
567264
567321
567649
568454
569912
570060
570112
570365
572285
574409
574634
574649
574757
574988
575459
577925
581812
582655
584126
584447
585153
585524
586193
586326
586508
586906
588268
588437
589209
589952
590872
591743
592027
592882
593459
594535
596228
596414
597332
597442
597545
597738
599725
599919
600263
600407
600607
600710
601900
603134
603391
604625
606450
606490
606632
607784
609450
610976
613585
615217
615324
615570
615661
619437
619463
619574
620005
621645
622586
624033
624367
625006
626162
626393
626426
631244
634000
634282
634638
638210
646121
651029
653292
656645
657257
659160
663763
663848
667825
668785
674222
674245
675569
684538
684785
686919
687719
695988
703617
708114
709087
711341
716869
717186
717552
717621
719340
719359
721084
721265
721553
724769
725052
725406
725594
733146
734808
735115
738077
738929
739109
740276
741223
741648
741764
744459
744836
745257
746498
747609
749466
752203
752568
752795
753150
753723
755674
758123
758478
764838
768575
773493
775182
776007
777319
779784
782330
783864
784522
789167
791569
794248
795345
795820
797667
801074
802585
805158
811954
813375
815881
817038
817773
824942
832102
833102
834438
835606
836821
836943
840115
840790
842170
842240
842941
845961
845965
847693
852509
863647
864494
864992
866133
866670
866723
866805
867332
867553
868554
868830
870078
872009
874128
874415
875980
876531
876768
879166
880070
880687
880954
881238
881847
882052
884542
884582
884749
885828
887722
889264
890276
895668
896272
897112
898005
898413
899503
899645
899949
901075
901399
902011
902225
903197
903824
904119
904975
906775
907465
907866
907965
908778
911734
912323
912487
913577
913872
913899
915947
918133
918855
922085
922589
923888
924214
924491
926494
928507
928997
931283
934154
938866
939408
939835
940391
941542
942579
944851
945563
946440
948196
948522
949127
949285
949782
950781
950817
953668
953725
954021
954307
955991
956341
956708
957568
959199
962012
962422
963615
964485
964774
964983
968493
968664
970021
971686
971894
971992
972514
973439
973928
973987
977093
977160
979627
979705
979782
979830
980613
981067
981210
983100
983287
983313
983577
984494
984551
987750
987792
989029
989745
991528
991720
992130
992169
992541
992717
993417
993844
994564
995860
996421
997163
997283
998202
999259
1001439
1001774
1001837
1005373
1005767
1006464
1007975
1008376
1009010
1010123
1011607
1011984
1014565
1014685
1014979
1015959
1020428
1021653
1023027
1024987
1026496
1027723
1028096
1028609
1028864
1029318
1030195
1030590
1031280
1031553
1031992
1032078
1032709
1034893
1036452
1036736
1037646
1038493
1039714
1040011
1042285
1042707
1043083
1044291
1045705
1046200
1047955
1048011
1048305
1050569
1050603
1052000
1052302
1052503
1052696
1053110
1053405
1053473
1054887
1055722
1056892
1057307
1058036
1058185
1058449
1058591
1059343
1059459
1059674
1060608
1066192
1066859
1068707
1069182
1069245
1070069
1073037
1073860
1074537
1075948
1077855
1079928
1080244
1082060
1082751
1082865
1083206
1087105
1087583
1087890
1088642
1089775
1091069
1091761
1091993
1092264
1094708
1098099
1098732
1103098
