101105
101235
101392
102120
102233
103904
104345
105649
106730
107225
108773
108805
108824
108875
109498
110899
111906
112013
112041
112044
112161
112436
113109
113566
114449
114666
114995
116517
118478
119310
120248
120768
121128
121408
121672
121730
122203
122381
123642
123777
123949
124069
124464
125615
125798
127536
127790
128213
128933
129390
129401
130184
130464
130760
131188
131320
131516
131823
132260
132262
132640
132739
133070
133892
133917
134545
134631
134914
136072
136271
137677
137806
137955
137982
138134
138325
140555
140965
141126
141636
141652
143116
143382
143598
143941
144465
145215
145395
145467
145566
146720
147303
147410
147599
149020
149886
149963
150393
150817
152266
152484
152797
152992
153534
153656
153779
153850
153970
154248
154536
154953
155710
156054
156366
156491
156634
157047
157267
157319
158388
158554
160378
161394
161674
161742
163470
163689
163869
163934
164174
164382
164508
165324
165375
165785
167209
167298
168332
168423
168956
169955
170884
171151
171222
171664
171795
172406
172679
172838
172974
173319
174135
174525
174839
175080
175777
176911
177933
179113
179727
180215
181027
181642
181697
181964
182026
183398
184070
184841
185183
186738
186974
187011
187189
187833
188482
188551
189043
189637
189769
189855
190280
191307
191537
193677
193871
193943
194749
195200
196232
196867
197452
197939
197985
198355
198410
198674
199984
200173
200391
200494
201396
202124
202371
203487
204046
204208
204764
204827
205683
206111
206402
207002
207287
208744
209608
209659
209677
210939
211038
211149
211657
212581
213211
214015
214039
214303
215168
215374
217276
219384
219957
220594
222012
222403
222847
224478
225819
226924
227142
227452
227628
227768
228118
228704
229099
230822
230884
230896
233592
234495
234914
235297
235376
236164
236773
237181
238005
238557
238881
240630
241230
241673
242618
242901
242920
244198
244827
245493
247209
247304
247851
248072
248530
249024
249320
249602
249668
249680
249916
250022
250397
250620
251002
251568
252606
253781
254490
254833
255972
256884
256962
256993
257364
258658
258797
259881
260048
260131
260525
261280
261340
261384
261542
262086
263432
263913
264417
266177
266263
267391
267648
267956
268921
269603
269732
270220
270809
271779
271865
272234
272307
272943
273854
273864
274953
275275
275298
275401
275684
275978
275987
276069
277677
278259
278763
278827
279798
280536
280693
280966
281256
281322
281890
281988
283046
284995
285611
285626
285828
286321
286384
286429
286476
286554
286890
287131
287447
287608
288010
288685
288714
289246
289788
289918
290187
290337
290578
291165
291345
291363
291553
292474
292909
293020
293965
294115
294323
294335
294601
296915
298450
298935
299397
301431
302709
303309
305242
305678
306030
307210
307874
308334
308612
308992
309153
309445
309475
309563
309792
310155
310380
311282
311494
312856
313887
313976
314138
314647
314666
316368
318322
319299
319718
320135
320242
320988
321180
322520
322537
323540
323762
325031
325309
325450
328876
329014
329057
330069
330072
330312
332348
332432
332850
333793
334330
334781
336968
337353
337592
337840
338091
338405
338798
338947
339524
339775
340446
341023
341101
341341
343202
343805
344704
347476
347516
348100
348948
349622
350054
350143
350541
351028
351040
351763
352432
353744
353820
353824
354088
355203
355661
355676
355892
356791
356945
358331
358760
359007
359077
360794
361488
362768
363005
364367
364804
365510
365679
365989
366535
366974
367391
368001
368080
368517
368772
369654
369769
372572
372731
373747
373929
374604
375519
375744
375851
376177
376341
376431
376513
376659
376854
377790
378436
380150
380569
380881
381294
381377
381915
382427
382915
383170
385630
386201
386890
387239
387247
387325
387532
388097
388728
389328
391108
391191
391816
392099
392706
393462
394811
394813
397187
398534
399087
401255
404347
405439
407141
407187
407307
407912
408799
409352
409935
410581
411571
411787
413192
413867
414193
415008
415088
415742
416517
417444
417557
417976
418129
418209
419033
421208
421796
424345
424857
424865
425276
425954
426472
427096
427250
427283
428760
429092
429527
429530
429767
430278
430812
430932
431547
431743
432888
432995
433174
434234
435091
435338
436333
437665
437884
443070
444342
444540
444802
445147
446043
447050
447084
447204
447321
448585
448590
449166
449468
449743
449925
450524
450658
450776
451487
452878
453036
453037
453193
453338
453529
454907
455312
455334
455342
455360
455425
455688
456287
456683
457930
458443
458746
458921
459451
459950
460089
460099
460228
460684
460771
461875
462727
463253
463491
464331
464842
464928
465110
465266
465308
465370
466493
466946
467225
468467
468551
469254
470752
471799
471841
472468
472871
473077
475335
475440
475454
475601
476137
476436
476566
476646
476819
477918
477935
478456
478530
478556
479753
480366
480373
480829
480899
481341
482352
482512
482817
483545
483688
485071
485739
486237
487123
488635
488821
489993
490096
490823
490858
491395
491709
491884
492313
493464
493535
493696
493984
494061
494923
495382
495481
495617
496860
498303
498529
498969
499127
499286
499303
499532
500158
500694
502006
502104
502111
502923
504317
504769
506206
506588
506980
507214
507317
507605
507875
507933
508697
508797
509007
509785
509809
510144
510208
510450
510669
511024
511527
511653
511792
512824
513469
514260
514668
515368
515602
516505
516884
516890
517175
517323
518398
518800
519137
519327
519802
520014
520267
521982
521986
522268
522574
523169
523545
525249
526693
526727
527838
528757
529805
530814
531053
531554
532781
534467
536146
536214
536866
536870
537170
538955
539054
539333
539653
540071
541273
541286
541720
542281
542513
543323
543325
543699
545598
545605
545865
545914
545944
545984
548581
549038
549238
549392
550155
550156
550268
550893
551179
551446
551934
552046
552846
552904
553151
554234
554760
555121
555468
555653
555714
557034
557270
557408
557579
557636
558255
558309
558424
558934
559052
560139
560373
561920
562339
562434
563386
563600
563868
564535
566034
566408
567436
567638
568039
570365
570723
571913
572285
573126
573488
573766
574048
574634
574941
574979
575042
575287
575459
576831
577476
578150
578301
578455
578715
579353
580256
580277
582201
582381
583460
583606
583889
584801
586110
586476
587093
588382
588795
589265
589425
590883
591620
591832
592446
592647
592984
593085
594142
594535
594551
594753
595305
596052
596154
596217
597370
597464
597710
598391
599279
599789
600365
600388
600467
600505
601110
601405
601640
601900
601965
602293
602580
602997
603093
604098
604361
606283
606450
606879
607089
607223
607278
607312
607784
609205
612824
613272
613452
614557
615217
615358
615774
616355
616689
618550
619106
621246
622174
622396
622579
623406
623497
625577
625643
626162
626163
626543
631252
632926
634043
634282
636341
643227
655399
657916
662312
665575
667914
673938
675318
675881
684877
686919
688328
694298
696120
704043
704816
704970
711978
712041
715453
716095
717234
717552
717621
717833
719359
719763
721265
723615
724230
725406
725596
725733
731874
731934
734723
737348
737370
739860
740249
742006
742751
744741
747029
747540
748250
748989
750685
751640
752960
754789
756073
758395
759495
765780
768034
769443
770844
771232
772615
773493
775002
776007
777319
777825
780125
782706
784065
784359
785654
786504
788356
794611
794978
797398
798317
798943
804528
806884
808575
808909
815181
815942
819522
821001
822353
823956
826642
826897
827072
829305
832102
832718
832912
833153
835212
836821
837799
838634
838936
839184
840183
841343
841409
842170
844279
844499
845834
845932
845965
847558
852509
863202
863647
864160
864534
865313
866601
866805
867784
869831
869865
869882
871314
872217
872222
872392
873625
873712
873779
874415
875141
875601
876060
876389
876615
876659
877262
878894
879040
879507
880018
880102
880837
881192
881754
881978
882016
882416
882841
883193
884749
886366
886899
887042
887474
887624
887891
889070
889564
890100
890216
890908
892083
892959
893080
895812
896272
896576
896583
897079
897112
897154
898398
899049
899176
899788
900152
901879
902696
903174
904661
904772
905059
905119
905482
905873
906287
906482
906775
907465
907522
907567
907710
907974
910272
910909
911475
911967
912494
915181
915275
915587
915967
917165
917482
917561
917858
919299
919825
922200
923299
923644
923982
926153
927148
929267
929431
932374
933342
938188
942245
946440
946483
949334
950699
950781
950817
952528
952954
953681
954984
955120
956341
956586
956935
958708
959903
961949
963615
964075
964386
964915
964983
966233
966582
968551
968664
968700
968706
969099
971686
971894
971992
972937
973330
973987
974417
975143
975853
979705
980703
981107
981371
982083
982129
982344
983577
984430
984508
984556
986779
987269
987275
988923
989996
990538
992218
995709
995860
996790
997163
997283
998226
998545
999796
1000572
1001604
1001919
1002608
1003298
1003407
1003499
1004718
1006214
1007158
1007975
1008663
1009123
1010123
1011028
1014685
1015043
1016894
1017581
1018818
1018851
1021380
1021696
1022740
1023349
1023800
1025324
1025942
1026225
1027791
1029030
1029264
1029318
1029886
1029987
1030310
1030391
1030590
1031383
1032078
1033381
1035023
1035774
1036212
1036452
1037188
1037482
1038025
1039138
1039589
1039714
1042524
1043161
1043253
1044363
1044582
1044821
1045791
1046545
1047955
1048011
1048305
1049835
1052000
1052503
1052838
1054295
1054887
1056379
1056892
1057511
1058415
1058591
1059122
1059920
1060917
1061471
1061637
1061853
1062651
1062858
1064323
1064491
1064563
1065428
1066628
1066859
1066952
1068315
1068889
1070412
1071012
1072489
1073818
1077588
1080578
1083441
1084000
1084345
1085057
1085603
1086227
1087105
1088833
1089709
1089775
1091079
1091502
1091593
1091864
1091976
1093004
1095891
1097861
1099359
1101317
1101837
1102748
1102967
1103163
1103368
1103976
1106081
1108114
1108193
1108254
1108350
1109301
1111303
1112698
1115415
1116016
1117132
1120736
1121072
1121384
1124305
1150209
1150728
1151977
1152207
1158305
1158336
1158450
1159084
1159127
1160717
1160772
1161198
1162193
1162433
1163691
1164184
1164196
1165070
1166138
1166148
1166747
1166865
1167088
1167436
1168259
1168320
1168767
1169210
1169319
1169349
1169506
1169974
1171591
1172049
1172388
1172598
1174350
1174695
1174871
1176241
1176487
1177347
1178332
1178802
1179385
1179611
1180497
1180756
1180978
1182430
1182559
1184076
1184199
1184678
1187723
1188909
1189232
1191161
1191297
1191389
1192664
1193469
1193729
1194832
1196697
1196711
1198352
1202496
1204097
1204437
1205586
1206265
1207037
1207773
1208292
1209219
1209542
1214496
1215924
1216429
1218083
1218664
1221274
1224008
1225976
1227221
1227762
1228130
1228206
1232187
1232832
1234999
1235047
1235638
