117305
146680
149358
159875
168139
179122
179210
184407
186567
188028
197888
200531
205463
211249
214134
215571
219557
223124
223769
232780
236355
239137
241363
252829
253259
263990
265832
283101
283553
284704
284718
285334
289512
293878
294538
296054
301949
302336
302783
312682
320951
325191
327099
327617
332928
336239
338748
338862
355592
355952
358113
364589
366154
371266
384624
393927
398295
405080
411179
412751
419686
422630
423513
426099
443448
446067
446165
447692
451772
456150
460069
461473
462236
477290
488325
489487
490250
491988
498041
508777
512746
536998
537965
538304
542913
544080
548976
553406
555991
556676
562287
563848
567223
572243
577640
580605
584282
590436
592804
592916
595004
600135
601677
601993
615790
615811
673368
687794
733528
739512
746592
751399
755144
756427
758819
772088
777174
827856
830520
832272
832438
833255
863491
866455
866758
869320
872971
880747
881628
889372
894187
908547
914488
914853
924203
931577
935817
939722
956686
958904
967609
969405
976826
977704
978356
981625
983326
1010656
1017280
1020474
1033353
1034610
1036948
1044348
1044697
1048291
1050325
1057396
1060391
1067863
1072252
1074510
1081026
1098635
1102739
