100351
102086
103904
104626
105649
105919
108168
109665
110899
111958
112041
112044
112511
113032
113036
113566
115022
115438
115588
115787
118234
118414
118554
119307
119510
120286
121192
121576
122130
122243
122918
123777
123948
123949
124069
124464
124681
126059
127960
130030
130555
130764
132045
132571
132622
132640
133892
134585
135083
137163
137581
137806
139038
139113
139363
140555
140566
141207
141234
141778
142372
143668
145073
145215
146208
146803
147391
147410
148122
148461
148601
148813
149249
149886
150065
150817
151645
151702
152797
152992
152995
153041
153850
153963
154248
154544
156096
156268
156366
156634
157287
158032
159183
160378
161742
162055
162567
163264
164525
165402
167870
168201
169564
170884
172560
172821
175868
176750
176862
176911
177045
180171
180223
180990
181392
181548
183912
185215
187121
187465
188040
188309
188588
189016
189328
189769
191747
192028
192516
192647
193677
194411
195200
195808
197625
197718
197808
198270
198355
198862
199647
199673
199911
200366
200887
201130
202754
204017
204208
204400
204431
204764
206960
207233
207287
209276
209564
209608
209988
210484
211388
211458
215374
215791
215849
216127
217160
217182
218865
219778
220278
223109
223493
224306
224869
225160
225855
227159
227452
228704
229735
231331
231687
231859
231893
232159
235783
236758
237374
238857
238881
239186
239503
240616
243279
244024
244198
246299
247754
247851
247976
249024
250022
250163
253466
253766
253974
254661
254903
255686
256229
256735
258366
258523
258581
259881
260525
261850
263245
264832
265981
266150
267463
269413
269417
269603
270966
271035
272068
272097
272234
272307
273864
274204
274721
274742
274953
275401
275425
275596
276600
277744
278593
278763
280792
280880
281988
282533
282802
283502
283918
284560
286321
287042
287682
288517
288704
291564
291752
291899
293992
294412
294841
294969
295084
296501
296815
297436
297467
298245
299386
299397
299971
300175
300297
300614
302709
303479
303696
303808
304012
305006
305678
306030
306257
306638
307631
308900
308992
309153
309563
309792
310313
311282
311731
312877
313472
313731
314138
314184
314647
315575
316368
317586
317644
318265
319006
320242
320560
320791
320910
321672
322520
322552
323690
324104
324352
324726
326483
327351
327358
327861
328640
328990
329014
329057
331420
332432
332635
332665
332788
333147
333674
334185
335334
335544
336247
336381
336921
337630
338042
339428
339445
339524
341166
341270
341866
342546
343449
343805
343869
344329
344630
344884
345624
346333
349164
349220
349380
349478
350143
350390
350969
351455
351763
352108
352928
353509
355838
355848
356945
357629
357957
358338
359007
359121
361281
361488
361791
361859
362310
362743
362768
363093
363564
364206
364948
365174
365792
365900
366096
366803
366986
367153
369391
369654
370278
371498
371928
372811
372970
374468
374847
375104
375338
376043
377028
377445
377750
379448
379576
380236
380689
380828
380881
381252
381668
381698
381774
382117
384261
387532
387643
387862
388392
390199
390234
390756
390982
392424
392932
392937
393334
393980
396036
397874
398935
399542
399983
400208
401287
401551
401971
403177
403759
404019
404122
404236
405901
405997
406056
406155
406221
406478
407030
407141
407182
407237
407638
408044
408547
413278
414104
414151
415331
416080
416959
418229
418381
418585
419062
419136
419983
420839
421586
423518
423653
423842
424597
424865
425686
425883
425954
426731
427086
427464
427936
428148
428202
428418
428462
428651
428661
429537
430438
431811
433174
433838
434667
435684
437689
438718
440604
440924
440971
441739
442238
443258
444175
444776
445147
445207
445481
446002
446694
447321
447717
448359
448590
449105
449703
449890
450205
451082
451545
451685
451717
454161
454219
454416
454796
455505
456538
456892
457077
457818
458098
458163
458549
458615
458692
458746
459345
459451
459950
460228
460889
460915
462101
462697
462727
464217
464605
465308
466145
468022
468192
468355
468426
468467
468493
468661
468837
470042
470065
470752
471628
471841
472209
472493
472871
472947
474027
475440
476132
476443
477413
477520
480373
483490
483533
483545
484351
484914
486163
486268
490112
490190
492488
492536
493029
493372
493937
494554
495325
495376
495929
495931
497651
499734
500190
500694
501883
502104
502556
503081
503126
505338
505693
505801
505941
505960
506972
507197
507835
509218
509574
509835
510225
510622
511024
511792
514478
514660
515368
516407
516505
517083
517397
517461
517640
517682
517916
518902
519261
519306
519327
519452
519469
519718
519885
520394
520491
521075
521549
521598
521724
521837
522574
524220
524222
525748
526088
526488
527677
527838
528718
529296
534548
535413
535736
535929
536334
537159
538098
538133
538955
539508
539813
541390
541799
542084
542397
543430
543563
544090
544445
544927
545865
545910
545944
546403
546628
546904
547214
548128
548624
549038
549049
549209
549728
551934
552824
552972
555398
555942
556859
557011
557270
558639
558641
558887
559042
559391
559419
559604
560291
560369
560373
561525
561989
563531
563889
563904
564430
564535
565546
567280
567311
567321
567455
570060
570446
571191
571913
572139
573956
574409
574941
575459
575523
575890
576233
576237
579132
580829
581812
584185
586193
586977
587069
588268
589776
589952
591704
592296
592545
595863
596199
596228
596414
597497
598439
598679
600143
600263
600388
600539
600652
602174
602649
602814
603214
603391
604625
604653
605811
606283
606450
607833
609205
610976
613711
613804
615217
615570
616767
616924
617567
618391
619193
619437
619463
619562
620000
620005
621006
621200
621444
622027
622143
622586
624033
624174
624728
625483
625643
625648
626070
626162
626547
628679
634282
635753
640694
648052
658355
668785
674222
674245
674326
675569
683240
684785
686919
687512
689996
698889
699324
703493
703617
705461
709021
712583
717186
717621
721553
725674
727526
731874
733680
735292
739109
739719
741223
742338
742518
743412
744741
747446
749038
749414
750189
752568
753583
755363
759495
759850
761018
764636
764703
771232
771728
773026
773493
776007
779630
779784
779989
780709
781190
783477
786084
789110
790557
793038
793957
794248
795799
797258
797943
804222
805158
805164
807093
807386
817595
818643
819320
819859
823514
828469
833102
835363
835606
836316
836821
838066
839662
840115
842057
842941
845834
846545
847660
849812
863640
864313
864992
866133
866385
866805
867553
868830
869865
871596
871701
874051
874722
876768
877574
880558
880605
881244
881500
881847
883667
884542
884582
884749
885448
885828
886524
887474
887803
889405
890457
891055
891167
893091
894409
895668
896292
897112
898398
899167
899949
900152
901399
903352
903406
903423
903493
903640
904119
904661
904707
904975
905072
905119
905968
907465
908239
908561
910272
910386
911614
911731
911734
913872
913899
915090
915181
916116
916519
922012
922618
923982
926666
931831
931963
932372
937394
939095
943612
943633
946201
948847
949144
950022
950781
951317
953213
955150
955703
956307
957166
957231
957354
957568
958096
959536
963523
963615
964137
964257
964485
964774
965015
965265
965780
965857
966062
968551
971894
971992
972883
976831
977130
978853
979705
981371
983313
984551
985441
985443
985590
985685
985710
986779
987750
988004
988587
988675
988914
989353
989561
990118
990538
991528
991783
992532
994439
995709
995860
996421
997649
998202
1000572
1001170
1001550
1001992
1005767
1006729
1007975
1008376
1008663
1009400
1011163
1013030
1013535
1014685
1014856
1014979
1015043
1016172
1019250
1019604
1020711
1021208
1023310
1025017
1027715
1029318
1029458
1030880
1031992
1034093
1035023
1035563
1036452
1037533
1037809
1038088
1038805
1039714
1040011
1040391
1042707
1043742
1044608
1045705
1046200
1046422
1048123
1048305
1050419
1051621
1052503
1054006
1054186
1054887
1055722
1055889
1056014
1057307
1058449
1058725
1059002
1059674
1062852
1063200
1063950
1066548
1066554
1067295
1067487
1070069
1070528
1071331
1071450
1073037
1073239
1073918
