101318
109730
113699
117912
117978
126718
129151
137677
141636
149358
149838
152715
154982
156634
162884
170515
179988
181421
181867
183631
192516
195200
195378
201774
207305
207309
211249
222020
231859
237374
239186
242990
259947
263940
271791
274894
279401
284052
288562
293992
295084
295601
305678
308992
309563
309792
311282
314938
316368
321593
326961
327358
328141
329014
332432
336696
336921
338042
338862
339428
341166
344630
346289
351983
358021
361353
361488
365989
366033
371498
377785
380689
380944
386271
386680
387114
387373
389853
390982
391197
395532
398225
401082
402629
407141
409431
423459
424865
428651
431192
431350
436940
443070
445147
445207
445261
445612
446165
447143
447717
454219
456258
459345
459932
460228
460839
462697
462819
463969
464558
464605
465591
468467
471529
472112
472493
475440
476436
477520
478306
478331
481388
492650
498495
499712
500929
504488
504984
507197
509386
509785
510973
511024
511792
524542
533693
537653
540226
545944
547635
549038
549948
552282
552846
555107
555991
557170
558639
558641
560369
564203
565260
569268
575459
578507
578537
578715
579243
580123
582665
582695
584471
590747
599279
615217
615570
616767
619745
621412
673938
698889
700038
708824
716646
719939
740249
755092
755525
793919
794611
801580
805164
819320
828203
829305
838066
844047
849398
864160
866758
867332
875771
876791
880018
881500
881847
888764
891055
895588
909107
913577
917858
922413
923019
930557
939408
946527
949782
955102
956000
956307
958863
964983
970153
970580
970914
973987
991765
996186
996211
999010
1001489
1003675
1020428
1035023
1040595
1049835
1052397
1066878
1067863
1069295
1073949
1089611
1089775
1090057
1099947
1100266
1103163
1105782
1111712
1114152
1158336
1159082
1163966
1164182
1166148
1170148
1182559
1205586
1214239
