100351
101742
101749
101816
102086
102116
102233
102475
102509
103240
103540
104231
104345
104749
105649
105919
106150
107216
108063
108163
108228
108521
109302
109634
109730
109765
109978
110518
110899
111931
112044
112161
112498
112511
113699
114342
114363
114474
114495
114666
114932
114995
115068
115438
116485
116969
117321
118478
118554
119110
119510
121029
121147
121222
121408
121730
122976
123264
123499
123777
123801
123949
124132
124681
124985
126035
126059
127119
127523
127960
128083
128593
128843
129001
129114
129415
130366
130464
130532
130571
130752
131071
131208
131256
131516
131862
132253
132519
132690
132936
132966
133113
133892
134527
134585
137133
137251
137379
137677
137685
137806
137845
138017
138058
138325
139038
139113
139124
139602
140121
140392
140480
140578
140714
140911
141004
141592
141636
141815
142030
142122
142694
143182
143668
144834
144896
145215
145592
145875
145974
146201
146208
146573
146883
147066
147432
147896
147898
148603
149299
149579
149886
150221
150337
150865
151260
151409
151531
152897
153850
154132
154589
154862
154982
155211
155879
156268
156366
156634
157745
158032
158184
158639
159554
159567
161394
161401
161742
162055
162567
163810
163869
164263
164525
164904
165647
166079
169206
169242
169564
170102
170515
170884
171039
171287
172560
173319
173410
173968
174537
174578
174811
175596
175621
176404
176750
177627
177933
178285
180008
180215
180230
181607
181726
181758
181867
181964
183418
183500
183631
184791
185724
185934
187589
187830
187833
188040
188482
188528
188579
188588
188766
189769
189858
190384
190867
190868
191426
191463
191561
192058
192647
193191
193278
193677
194411
194561
195197
197380
197394
197624
198355
198548
199094
199656
199673
199929
199984
200887
201021
201396
201410
201553
201688
202023
202045
202428
202591
203366
204400
204764
204886
205109
205702
206093
206123
206676
207166
207287
208838
209988
210460
210628
212139
212581
212834
212891
213412
215168
215849
216089
216606
216882
217160
217287
217323
217932
218237
218865
219356
219957
220401
221424
221595
221708
222000
222416
222562
224971
225015
225166
225183
225324
225819
226056
226924
227960
231331
231620
231729
232183
234661
235938
236533
237374
237738
238827
238828
238857
238881
239075
239186
239503
241388
241558
241604
241956
242000
242062
242281
242480
242868
242883
243283
244198
245356
245775
246558
247730
247754
247822
247851
248194
248336
248530
248676
250163
250963
251002
251425
251568
251826
252287
252324
252444
253171
253208
254815
257026
258366
258523
259945
260950
261223
261464
261715
261727
262106
263652
264020
264679
264917
265595
265921
265981
266150
266161
266265
267234
267956
268279
268916
269417
270220
272307
272651
272880
273694
273864
273947
274132
274657
274742
275298
275364
275425
275829
276112
277989
278602
278763
280508
281142
281279
281283
281890
281988
282208
282632
283918
284033
284655
285365
286035
286161
286321
286890
287042
287754
288039
288714
288754
289246
289392
289822
289839
290045
290503
291180
291605
291899
292347
293305
293442
293992
294115
294412
294965
295084
296815
297341
297420
297718
298245
298548
299373
299397
300175
300349
301967
302086
302520
302709
302998
303315
303934
304391
304487
304554
304712
305003
305370
305678
306257
307158
307173
307573
307719
308992
309563
309792
310030
310313
311282
312256
312856
312870
312877
314138
314234
314607
314647
314666
315508
315727
316042
316368
316587
316852
317027
317586
317644
318075
318587
320151
321145
321172
321198
322085
322520
322537
322776
323029
323034
323046
323912
323926
324104
324205
324242
324352
325127
325151
325265
325446
325622
326070
326292
327189
327351
327681
328019
328086
328183
328468
329014
329867
330312
330450
331165
331420
331551
332078
332418
332432
333674
333857
334323
334634
335083
335224
335363
335918
336921
337054
337406
337630
338042
339428
339445
339505
339606
339885
340147
340253
340260
341131
341697
343385
343869
344630
346164
347187
347715
348104
350054
350143
350390
350732
350768
351040
351455
351686
352108
352928
353299
353313
353438
354659
354972
355520
355661
355676
355812
356721
356945
357957
358021
359007
359158
360750
361019
361022
361488
361677
362181
362743
362768
364658
364895
364930
365174
365536
365900
365989
366096
368138
368456
368624
369391
369927
371498
371519
372524
373230
373929
374158
374454
374519
375851
376109
376596
376613
376616
377380
377483
378563
379896
380236
380551
381033
381273
381294
381377
381585
381774
382117
382314
382891
382944
383805
384542
387267
387373
387830
387862
389860
390199
390808
390982
391445
391816
392366
392504
392566
392706
392932
393314
396088
396106
397384
398236
398410
398681
399542
399682
399971
400253
401036
401053
401082
403184
403729
404019
404236
404441
404535
405997
408096
408175
408547
409957
410985
412247
412436
412468
413796
413973
415887
416219
416555
416959
417564
417954
418074
418129
418229
419062
419395
419983
420839
421800
422933
423574
423611
423673
423878
424865
425522
425686
426430
426964
427250
427283
428418
428462
428651
429534
430319
430438
431120
431746
432122
433174
434667
435684
436127
436940
437409
437840
437974
438114
438686
438712
438718
439910
440757
440924
441482
443105
443524
443706
443929
444776
444898
445147
445481
445612
445678
446002
447321
447717
448108
448590
448779
448909
449038
449358
449488
449529
449890
449919
449925
450548
451363
451487
451658
451685
451909
452774
453193
453458
453834
454083
454197
454692
455334
455505
455780
456685
457077
457599
458651
458921
459432
460228
460754
460839
461107
462697
462890
463903
463969
464208
464482
464519
464558
464605
464662
464842
465145
465591
466214
466568
467667
467716
467993
468297
468467
468837
468848
469167
470042
470752
470967
471672
471775
472493
472871
472947
473727
474027
474073
474673
475078
475440
476259
477413
477520
477616
477648
477808
477918
478306
478530
478898
479114
479246
479553
480033
480193
481388
481424
482628
482649
482827
483857
484604
484910
485876
486268
486727
487513
488580
488638
488785
489993
490090
490381
490454
490737
491154
492488
492720
493029
494444
495047
495409
496463
497169
498748
499566
499840
500586
500694
501191
501635
502013
502104
502111
502470
502556
502923
502970
503081
503474
504200
504549
504984
505510
505787
505859
506013
506632
507358
507835
507911
508045
508075
509386
509394
509785
509835
510587
510710
510973
511024
511360
511792
512340
512483
512886
513098
513268
514478
515009
515406
515778
516115
516505
517175
517196
517413
517461
517820
517916
518439
518488
518714
518843
518902
519137
519261
519327
519452
519454
519469
519887
520071
520616
520840
521837
521912
521931
523192
523515
523586
524117
524207
524222
524408
524542
524648
525481
526049
526088
526326
526376
526400
526488
526840
527664
527838
527840
528716
528848
529805
530688
530862
531250
531392
531398
531554
532007
532233
532334
532504
533108
533789
534268
534299
534523
534767
535243
535413
536398
536669
537580
537630
538928
539188
539324
539446
539572
539813
539966
540247
540428
541799
543400
543430
543699
544077
544206
544281
544498
544950
545944
546628
546904
547386
549038
549392
549728
550227
550509
550646
552027
552046
552282
552715
552813
552824
552972
553463
553832
554521
554567
555398
555704
555753
556062
556628
557170
557270
557668
558639
558641
558887
559419
560291
560369
560373
560724
561468
561860
562031
563600
563837
563904
564419
564995
565366
565546
566129
566211
566225
567455
567649
568128
568735
569268
569912
570060
570365
570477
571180
571753
571913
572333
572643
573259
574109
574409
574634
574649
574757
575459
576239
576240
576867
577476
578902
579124
579132
579165
579398
579607
583553
584045
584126
584167
584471
585130
585548
587925
588165
588437
589209
590237
590358
592027
593390
593459
593782
594535
596228
596510
597071
598679
599279
599365
599725
599812
599919
600143
600263
600607
601110
601306
602580
602649
602814
603391
604098
604947
605006
606450
606469
606632
606879
607278
607590
607784
608228
608425
608527
609178
609205
609414
610081
610249
612082
613132
614493
614578
614754
615217
615570
616225
616767
619193
619437
619574
620005
621094
621358
622616
623335
623370
624106
624395
624471
625462
625483
625637
625648
625753
625943
625944
626070
626106
626152
626293
626547
628458
631244
631252
632049
633476
634282
638210
639907
645215
648052
651715
653292
658355
663848
665336
674245
674326
675569
684296
684948
685984
690846
698889
699324
703617
703679
704816
711135
711308
711515
711978
716325
716605
716607
717621
719340
719452
719763
721265
721582
725406
725674
725796
726988
730419
731036
731462
735561
736206
737370
738412
738717
739860
740276
741223
742338
743629
744093
745508
746930
747446
747609
749414
749466
750189
750392
751640
752203
752568
754685
755417
755506
756399
756605
757740
758123
758594
759248
759495
760572
761107
762727
764009
764518
767252
770747
770844
772616
773493
775182
776007
776030
779784
780709
782003
783477
783906
787727
791569
793296
793957
794611
794869
795567
798831
798930
801007
802670
805041
805158
807093
810796
815756
817038
818643
819570
822437
825311
827637
827712
827754
828186
828469
828612
830180
832102
833102
834629
835254
836821
838066
839662
840790
842170
842240
842941
844047
844122
846545
849095
849181
849812
852509
863109
863705
863786
864534
864992
866016
866133
866185
866805
867332
867805
868000
868830
869471
870253
870318
870420
870706
872009
873614
874128
874591
875352
875771
875955
876212
877173
878172
879166
879335
879602
880018
880558
881614
881662
882338
882841
883978
884542
884749
885525
885686
888336
888777
889768
889816
890276
890900
892616
893116
894344
894647
895405
896272
897079
897112
898398
898484
899330
899949
900554
901480
901984
902470
902624
904975
906775
907465
908561
909107
910897
911400
911665
911734
912374
912494
913577
913872
913899
914352
915090
915181
915275
915340
915561
915947
916106
916245
916838
917021
917773
917858
918855
919345
919731
919778
919805
920333
920765
922085
922618
923019
923982
924491
925269
926491
927492
930297
931432
932372
932389
932438
932981
933901
934931
936540
937394
939835
940391
945563
949285
949712
949782
950781
952954
953088
953213
954307
954996
955102
956000
956307
956518
957469
957568
958316
959196
962373
963615
964386
964437
964818
964983
967612
969099
969958
969993
970021
970438
971477
971686
972883
973128
974102
974145
974191
976041
976245
976575
976717
977943
979782
980513
981371
983577
984551
985441
985590
986410
986878
987308
987750
987788
988004
988587
988914
989025
989289
989745
990570
992235
992452
992661
993844
995709
995860
996421
999452
1000572
1001604
1003133
1004718
1007975
1008376
1008562
1009010
1009400
1009619
1011493
1014587
1014685
1014856
1015043
1015959
1016615
1017461
1018394
1020711
1022949
1023595
1023800
1027704
1029318
1029446
1030087
1030739
1031280
1031553
1031701
1034508
1034683
1034783
1036452
1036736
1036935
1037084
1037646
1039536
1039714
1041073
1042707
1045083
1045705
1046200
1046422
1046826
1046906
1047955
1048011
1048263
1048305
1048317
1048849
1049675
1050419
1050603
1051587
1052000
1053473
1054188
1054887
1055221
1055722
1056397
1057085
1057307
1058036
1058591
1058725
1058945
1060176
1060608
1061785
1062047
1062447
1063883
1065517
1066565
1067295
1070069
1070388
1071138
1071450
1072004
1073228
1075341
1075356
1081723
1082751
1085057
1086102
1086180
1086295
1087105
1087572
1089618
1090818
1092210
1093004
1096289
1098937
1099359
1101837
1102876
1104776
1107968
1108055
1112122
