102647
107493
109665
113313
113425
116566
117321
117790
118560
119454
119803
135063
141311
143054
146720
152438
156514
157561
168332
170122
171002
172406
174547
175596
176713
177796
180397
194125
197260
200648
201253
204400
213259
214039
215126
218258
226621
231223
232183
232475
237597
238099
238828
239503
247595
248633
249715
253296
256060
256728
256884
262090
262604
263990
266087
267956
269404
275548
275829
275915
278763
280320
283502
284718
286384
288519
291512
294115
295265
296832
297408
302220
303113
304901
305397
307210
316678
316991
323453
323871
327452
330069
332928
341501
341582
342158
343189
348255
350143
350647
353144
354783
360383
361047
363692
365037
366005
383035
384261
387325
391675
407242
408071
426964
428202
436536
439351
440904
442248
444381
444787
446290
447204
447321
451487
456892
460202
460771
465285
467501
468837
470752
471775
476137
479921
484939
484956
490581
491168
491979
496094
497771
500777
504168
504949
505859
507317
515602
516711
518843
518888
518902
519469
519499
519887
520708
521885
525672
530127
531887
532337
535929
536398
537145
540247
542534
548999
549634
550646
553662
556676
557390
557541
560237
561989
563483
563837
567649
568233
571013
572243
574634
584174
584447
588730
595857
601965
602649
605853
613804
614220
714981
715147
715341
719763
723560
725052
731074
742338
747609
751456
772088
776007
783600
798831
819872
842240
847038
849812
862846
870078
875023
886899
897079
904661
916245
926125
932374
942640
948892
956341
956580
961140
963615
966582
970595
972937
984430
993892
995513
996797
1003159
1006069
1007975
1012796
1014685
1014979
1015043
1019250
1025439
1027971
1028864
1029914
1036266
1036452
1038325
1040323
1041531
1043104
1043581
1045120
1047955
1048011
1051587
1052503
1054887
1057638
1060391
1066548
1072004
1075341
1075356
1082539
1086407
1093004
1097861
1108055
1111293
1111436
1112088
1121384
1132196
1149848
1150092
1152207
1153425
1162167
1162191
1169908
1174591
1176997
1180032
1181464
1190233
1194486
1205188
1211308
1212353
1216889
