102532
104088
104749
105649
109220
112498
116628
117305
120286
122099
123618
130464
131516
145215
149886
153041
153213
161742
173528
176750
176911
180223
181642
188309
188482
188588
191681
198355
199068
202045
205440
209598
209988
214066
214303
215849
221843
226924
231893
247822
247851
251114
254395
258025
264642
265244
266177
267463
270966
273864
274953
285334
286306
286712
288714
302709
303696
312877
313531
314138
323778
327099
332348
347322
350390
352108
354054
355402
355812
359007
366561
372811
378436
379272
386610
397289
397621
397953
400253
402831
405533
405963
408044
412387
416959
423518
423878
430340
440924
440971
445799
447692
448590
456150
457077
458921
460453
461604
464208
464842
470042
472947
474879
475180
475859
476566
478530
480524
482649
483211
483490
488638
490737
498303
500694
502556
503371
505518
515936
519068
519261
520056
524222
527677
530688
535088
536998
538979
544269
549049
555398
555618
555731
555942
560291
561468
564071
567223
567321
567712
574409
574649
576459
584126
590237
596761
600365
607278
607833
608228
615986
621358
626176
626547
703617
717621
747446
748438
813114
817595
833102
834995
840115
842170
845834
863109
864534
867714
868830
874591
881662
886879
892868
896824
897112
898768
899949
903493
907866
911734
913899
915090
918855
923982
949677
951823
954109
956686
965265
967128
969405
970021
973330
977832
979670
985441
985590
989745
996421
997163
998827
1001774
1015959
1016026
1021208
1023271
1023595
1030590
1046200
1048460
1048849
1051945
1055954
1059459
1067295
