100784
101532
102796
104293
105047
108067
108938
110297
110899
112044
114666
116969
118071
118478
121222
123949
126059
126875
127790
129001
129544
132721
133456
133892
135736
138170
139038
140578
140591
140850
142862
144834
146680
147772
147896
148440
149249
149299
152459
152992
153656
156644
157314
159143
159562
159662
160892
162606
170884
172570
173018
174537
175777
176862
185934
187833
191561
193696
195197
197201
197888
199278
199673
201984
202507
203067
203538
204431
205047
215571
216492
216501
216828
217323
219557
222001
224585
225183
226056
230341
232696
232780
234017
236355
239730
241363
241388
241558
244198
246558
247730
249572
251002
253255
253259
254986
257026
260019
260419
260808
261761
264832
265739
265832
266157
266265
267391
267607
268359
270341
270378
272068
275298
275978
277744
281555
281988
283278
284704
289246
289512
291752
292035
292190
293851
293878
294762
296219
297298
297431
298174
299971
301123
301286
302502
304012
305107
306257
309153
311783
312256
312418
313650
314666
318547
319870
321568
322520
325265
326520
326832
332788
334398
335544
341173
341894
342292
343441
344702
346745
351040
354659
355050
355520
355838
355952
356178
361677
361859
362768
364589
365174
370690
372049
374383
374847
381585
381774
387539
394503
398526
401053
403445
403759
406378
407030
407498
417862
419594
420839
422151
423633
425395
427250
427464
427921
428148
428462
431547
433174
435091
435733
436693
445522
446651
447011
448108
450950
451685
451772
452774
453193
456470
457930
458101
458339
460649
462727
463476
464331
465596
468791
469945
470065
471841
472871
475252
480033
480481
483533
488139
489487
491988
493937
503254
503966
505482
505787
506611
507102
507835
508058
508467
508777
512746
516797
518892
522815
524648
526750
527144
528165
529795
530408
531875
536615
538020
538304
542723
542908
544080
548118
548135
548180
551892
552870
554565
554667
555121
557537
563600
566502
569912
570365
585153
586906
588437
591743
592882
597442
597545
599919
600710
606632
607784
609450
610976
613585
619463
624367
626162
634282
634638
646121
651029
657257
659160
663848
667825
674245
708114
709087
717552
721084
721553
724769
725406
725594
733146
735115
738929
739512
740276
741648
741764
744459
752795
758478
775182
777174
777319
783864
784522
789167
791569
797667
801074
830520
832102
832272
835606
836943
840790
842941
845965
852509
863647
864494
866455
867553
869320
872971
879166
880070
880687
884542
885828
889264
889372
896272
898413
899503
901075
903197
904975
907465
907965
913872
922589
924491
926494
928997
941542
942579
944851
945563
946440
948522
949127
950781
953668
955991
958904
962422
971992
972514
977093
977160
979627
979705
981067
981210
983100
983287
983326
983577
984494
987792
991528
992169
993417
997283
999259
1001439
1001837
1006464
1009010
1011607
1011984
1017280
1020474
1021653
1023027
1026496
1027723
1028096
1031280
1031553
1032709
1036948
1038493
1039714
1042707
1043083
1044697
1048305
1050325
1050569
1050603
1052000
1053110
1057396
1058036
1058591
1059674
1073037
1073860
1074510
1079928
1081026
1082060
1087583
1091069
1091993
1092264
1094708
1098635
1103098
