107981
110527
136196
140050
145232
149358
151984
167694
174204
175030
179452
180587
210342
210834
221812
238407
245375
284704
285067
285334
296144
309534
316044
319251
324387
327617
330960
332928
335616
340494
344568
349914
354817
355952
357076
361353
366154
368753
373276
384624
397222
397717
405080
408070
411179
418357
421479
422794
429282
431713
438350
439351
442907
444007
444381
446165
446458
456648
460608
462236
463601
480106
480332
486113
495498
495577
496421
498485
512350
518763
518888
535690
537265
548152
549386
555991
556676
557623
562572
562740
567223
578537
579243
596702
602261
603359
613217
615790
716050
734827
766612
772088
804295
805211
809838
821181
825190
832733
837578
866455
871644
872971
880747
884179
914853
930557
933793
946912
949140
978400
990425
1022598
1031427
1048291
1060391
1063103
1066878
1067131
1067863
1070399
1071032
1085992
1089611
1121044
1127399
1155422
1157303
1158650
1169908
1170991
1173035
1180476
1181279
1190770
1192624
1195348
