100743
101583
112935
114995
117321
117790
118234
122130
123517
132483
146720
153943
156096
157310
164593
172406
172679
173181
173977
174204
174917
175596
175869
177045
177451
182205
182311
184791
185126
185156
186567
186758
190168
190868
192455
193807
200887
201438
202323
204886
207287
217351
220201
220439
226049
227947
232475
232785
239392
239503
241017
244024
245072
249302
253327
254815
256884
259907
261215
263293
263990
265005
266087
267648
267956
269244
272301
273010
273854
274391
278763
282701
286890
289259
292710
294412
303396
305006
307718
309027
318481
323051
330069
332928
333465
334595
335282
343189
344329
345366
349038
350143
351013
351920
354730
358331
366535
377445
379116
379126
379576
392149
396653
400662
400722
400916
402443
410463
410740
414104
416219
424534
426731
428978
441905
447204
447321
448392
453207
454013
455008
462738
463433
466095
466946
468837
470752
471775
477100
487513
488875
490024
492536
497651
497771
501050
503126
505641
505859
511953
518871
518888
518902
518911
519469
519498
519885
521191
521461
521724
525249
532337
535929
536334
537392
537976
539324
540247
550646
553463
557390
565366
567649
573126
574634
576496
578640
581130
584447
588730
589844
592464
599245
606922
610249
614220
616924
635247
645318
650011
660620
715147
716869
717935
719763
723560
733176
734430
738412
745508
752568
754685
758594
772088
776007
776832
781095
789433
794248
806117
815881
828612
842314
849812
865067
876389
887722
890276
893080
894014
896406
897079
902475
911614
920662
920759
928649
930297
932389
945327
949836
954307
956341
957036
957240
958732
963615
967612
969099
971894
973557
976297
983147
989025
990538
993844
999584
1001550
1007975
1008376
1014685
1014979
1015043
1019250
1034014
1036452
1037646
1038325
1047955
1048011
1051621
1052503
1054887
1056508
1057887
1059343
1062651
1066859
1069371
1082751
1087572
1091593
1093004
1097861
1098705
1101858
1106911
1108055
1110424
1111303
1111577
1112122
1113856
1121384
1150092
