101185
101205
101392
102043
102136
103371
103438
103557
103644
104626
105377
105649
105661
105843
106150
106565
106591
108875
109498
109638
109767
110349
111906
112041
112044
112166
112935
113036
113096
113109
113206
113487
113725
113875
114449
114730
114989
115022
115880
116517
116969
117321
117790
117850
118234
118478
118817
119296
119803
120259
120771
120927
120981
122130
123035
123517
124396
124464
124681
124913
125579
126035
126718
127319
128037
128197
128213
128265
128496
128840
128859
129289
129318
129748
129757
130477
130935
130996
131348
132253
132483
132519
132722
132739
132763
133438
134473
134527
135600
136064
136380
136688
137677
138058
138170
138794
139038
139365
140121
140183
140387
140566
141648
142056
142145
144164
145478
145974
146029
146201
146452
146540
146585
146995
148601
149020
149302
149318
149886
150176
150377
152824
153003
153850
153943
153963
154052
154248
154953
155855
156096
156366
156491
157047
157246
157310
157357
157737
158293
159183
159369
159399
159554
160153
160433
160892
160962
160974
161105
161156
161206
161742
161748
163315
163869
164382
164593
165402
165785
166603
166799
166992
167077
167248
167298
167382
168799
169946
170102
170586
170884
171002
171090
172277
172406
172599
172679
173181
173319
173410
173977
174458
174525
174917
175450
175456
175596
175869
176750
176862
176911
177045
177451
177933
179750
179988
180223
180273
180374
180625
180952
181421
181495
182290
182809
183834
184070
184236
184726
184791
184841
185126
185156
185411
186079
186758
186815
187200
187813
187947
188309
188537
189194
189637
190168
190942
191307
191423
192455
192512
192516
193056
193278
193677
193807
193943
194099
194469
195200
195791
195864
196232
196296
196976
197718
197985
199036
199285
199385
199673
199769
199892
200370
200513
201118
201127
201410
201438
202040
202323
202371
203819
204013
204046
204284
204400
204431
204764
204821
204886
205668
205683
205777
205954
206757
207105
207233
207287
207829
208343
208708
208883
210492
211149
212022
212581
212783
213461
213600
214182
215267
215374
215782
215911
217726
217797
217830
218299
219957
220439
221788
222000
222403
222426
223349
224522
224646
225160
225358
225855
226912
226985
227267
227723
228171
228416
228483
229732
230440
231687
231859
232029
232785
234017
234661
235103
235297
235527
235663
236292
236326
236506
237374
237582
237682
238581
238857
239392
239503
239730
239835
240557
240562
241671
242022
242569
242913
243824
244198
244827
245072
245141
245180
245356
247304
247624
247730
247735
248530
249000
249024
249302
249457
249608
251002
251287
251467
253327
253734
253749
254538
254815
254849
254986
255141
255198
255973
256540
256735
256742
256884
257024
257398
257663
258020
258038
258366
258635
259381
259756
259866
259907
260048
260523
261119
261185
261215
261223
261469
261509
261547
263245
263293
263913
264012
264151
265005
265485
265739
266087
266150
266716
267030
267125
267277
267648
267956
268359
268572
269417
269603
269732
269882
269982
270370
271921
272123
272307
272341
272408
272651
272686
273854
273864
274330
274836
276832
277301
277677
278763
279110
279676
280868
280880
281274
281486
281971
281988
282269
282701
283194
284549
284995
285828
286890
287308
287447
288466
288910
289106
289259
289781
289822
289916
291188
291962
292710
292856
292888
293851
293944
294116
294335
294412
294453
295086
295124
295601
296137
296219
296815
297431
297442
298245
298450
299637
300218
300457
301157
301402
302709
303230
303396
303778
303808
303917
303934
304012
304554
304787
305006
305242
305516
305651
305678
306030
306257
307536
307559
307573
307718
307874
307966
308467
308821
308900
309027
309792
309947
310155
310170
310528
311008
311351
311782
312415
312931
312955
313130
313143
313887
313935
314138
314652
315003
315166
315727
315762
315774
316042
316681
316835
316959
317644
317653
317870
318300
318481
319146
319309
319461
319811
320242
320316
321145
321172
321198
321348
323051
323131
323949
325066
325208
325354
325622
325972
326603
326854
327025
327034
327351
327358
327773
327800
328681
328709
328812
328876
328952
329264
329685
330069
330231
330341
331420
331511
332078
332696
332850
333577
335156
335282
335918
336312
336381
336833
337309
337592
338042
338063
338354
338947
339048
339428
339445
339606
339885
340253
341101
341173
341253
341582
341716
341866
342062
342688
343189
343449
343694
343805
344106
344181
344329
344415
344630
344970
345616
345758
346071
346106
346333
347235
347476
347516
348322
348380
348833
348948
349239
349622
350143
350647
351078
351897
352928
352980
353337
353681
353824
354421
354730
355203
355520
355809
356187
356320
356937
356980
357620
357845
358331
358499
358958
359002
359007
359592
359766
360566
361281
361488
361859
362768
363093
363690
364804
364809
365878
365989
366535
366803
366974
368452
369654
369660
371498
371519
371928
372225
373006
373268
374383
375104
375108
375234
375393
375519
376107
376847
377098
377366
377445
377790
378542
378563
378940
379021
379126
379152
381069
381294
381774
381808
382117
382706
382947
383170
383464
383930
384893
385979
386308
386703
386748
387239
387373
387532
387862
388716
388739
388999
389945
390100
390756
390982
391099
391675
392245
392937
392994
393938
393980
394553
394811
396653
396894
397295
400253
400662
400722
400916
401061
402120
402443
402484
402637
403445
403762
404347
404628
405626
406076
406484
406630
406750
406870
406989
407030
407187
407237
407241
407912
408056
408382
408799
410463
410741
410982
411679
412209
412376
413192
413547
414193
415122
415969
416219
416396
416657
416959
416984
418229
419439
419470
419656
420269
422055
422151
422247
422901
422933
423459
423548
423611
425381
425951
426563
426673
426731
427572
428793
429092
429442
429748
429826
430278
430391
431192
431481
432122
433003
433772
433793
433889
435733
436333
436940
437011
437413
438426
439081
439171
439314
439628
439800
440578
441047
441905
441986
442934
443780
444266
444678
445147
445207
445522
445720
445921
446208
446431
446533
446878
447204
447321
447368
447717
448392
448779
448792
449024
449176
449280
449584
449925
450548
450648
451082
451363
451497
451669
452545
453207
453834
454013
455425
456219
456338
457399
457865
458098
459035
459070
459155
459341
459345
459426
459933
460304
460649
460805
460889
461515
461624
462132
462259
462697
462738
463433
463510
463969
464473
464558
464753
464842
465013
465145
465308
466095
466214
466493
467246
467949
468192
468467
468551
468745
468749
468837
469167
469254
469896
470042
470065
470752
470958
471775
472363
472393
472493
472871
473077
473263
473831
473939
474104
474401
475601
476680
476846
477648
478604
478898
478931
479256
479396
479474
479753
480136
480373
481094
483791
484149
484351
484792
484910
485101
485149
485693
486524
487235
487798
488052
488496
488638
488823
490024
490090
491154
491261
492152
492488
492536
493464
493553
493873
493937
495387
495544
495625
496109
497191
497651
497772
498303
498334
498489
498529
499063
499303
500021
500190
500586
500694
501050
501066
502397
502923
502974
503126
503231
504102
505358
505641
505779
505787
505859
507563
507835
507875
509350
510060
510208
510492
510597
510669
510724
510973
511024
511129
511737
511792
513263
513782
513907
514668
515264
515319
515371
516744
516890
518075
518488
518871
518892
518902
519009
519261
519469
519885
519950
520086
520267
521461
521724
522268
522905
523099
523147
523242
523273
523818
524735
524910
525249
525365
525748
525806
525889
525960
526400
526488
527199
527677
528757
529805
530433
530834
530944
531987
532007
532337
532475
532620
532781
533449
533693
533789
534619
535249
535729
535838
536214
536334
537370
537872
537976
538133
538243
538286
538955
539324
539446
539572
539813
539984
540247
540798
540815
541417
541453
542513
542552
542908
542971
544077
544206
544826
544959
545944
546403
546497
546706
547482
547553
547712
548063
548345
548581
548830
550293
550387
550646
550676
551589
552823
552824
553151
553188
553463
554173
554300
555714
555793
556024
556062
557390
557428
557636
557871
557959
558182
558424
558639
559052
559252
560291
560373
561099
561724
561850
561920
562169
562656
562802
563386
563600
563868
563916
564367
564430
564995
565366
565802
566081
567971
570299
570446
572285
572850
573126
573223
574409
574634
574979
574988
575287
575459
575645
576237
576380
576461
576954
576981
577134
578038
578640
578978
579353
580178
580256
580580
581042
581130
581622
582026
582622
583691
583721
584167
584447
585369
588268
589349
589776
589844
589952
591116
591465
591870
592031
592510
592545
593355
594027
594278
594535
594749
594776
595077
595248
596052
596228
599061
599279
599670
599725
600388
601588
601900
601992
602111
602293
602481
603230
603339
603954
604365
605153
605261
605523
605763
606283
606922
607089
607223
607297
607784
607833
608228
608651
608950
610249
610931
611043
611366
611397
613847
614173
614220
614578
614909
616209
616225
616227
616541
616924
618453
618634
618779
619810
621108
621200
621858
622174
622431
622927
623370
623440
624367
625131
625943
626070
626162
626293
626343
626395
626547
628778
638210
640873
647256
647915
649715
653292
657167
657916
658355
658655
660994
661216
662776
662972
663848
664576
666223
668054
668724
679263
681336
681566
685380
685619
692799
694314
695103
697160
697228
697760
700210
703679
703692
704816
705424
707394
708114
709021
709409
712986
713072
714833
715147
715341
716095
716869
717186
717234
717935
718406
719194
719763
722396
723183
723771
724133
724230
725406
726503
727607
728393
729116
731074
732714
733176
733909
734430
734723
736264
738892
738974
740249
741170
741223
741468
742599
745508
748294
748897
749724
750189
752568
752960
753087
753443
753456
755525
756483
756621
756633
756895
758594
758598
759265
759495
760007
761625
761637
762412
764487
764899
765033
765564
765780
765800
766771
768034
769366
770844
771232
771517
774498
776007
776789
776832
778587
778698
779524
780196
780709
781591
783906
785674
788680
789110
790218
791569
791686
794978
797618
798831
798943
801007
802124
802670
802901
804996
805164
805459
806691
807708
810001
810552
812820
814348
815181
817519
817595
818643
819320
819522
821491
821526
822185
822265
822437
824083
824567
825894
826835
828612
829768
830899
831848
832974
833102
833614
834134
836172
836821
837001
838045
838066
838936
839184
839453
839662
840183
841409
842018
842170
842314
842532
842941
842976
843401
843402
843577
846545
849063
849812
849882
850287
854407
863452
863705
863729
864160
864313
864534
864748
865871
866167
866215
866605
866723
867332
867719
867960
868830
869696
869738
869879
871314
871654
873712
873779
874911
876038
876079
876315
876389
876531
877227
877238
877676
878198
878785
878855
879040
879166
879507
880018
880292
880558
880760
881500
881754
883193
883978
884176
884542
886050
886524
888404
888898
889793
890141
890216
890276
890908
891917
892083
892554
893080
893116
893132
894014
894695
895023
895218
895569
896260
896272
896406
896576
897071
897079
897112
897154
897979
898413
898484
899061
899949
901342
901480
901985
902475
902624
903230
903506
904442
905482
905659
907235
907465
908340
908504
910897
911369
911475
911614
911734
913899
913902
914109
914623
915181
916607
916933
918078
918260
920654
920662
921298
921459
923572
924214
924447
924491
926741
928649
929267
930308
931403
932389
932650
934392
934791
936248
937549
938822
939210
940391
940854
941247
942111
945327
945563
946107
946557
946836
946901
949029
949598
950583
950781
950963
951636
952141
952954
953343
954109
955102
955120
955263
956000
956341
956525
957036
957083
957313
957394
957469
957813
958385
958732
959996
960146
962022
963067
963615
964075
964711
964983
965006
965172
965265
965400
965619
965663
966233
966930
967612
969099
969236
970153
970173
971686
971894
971992
972937
973075
973274
973330
973676
975486
975588
975853
976297
977224
978372
980616
980754
980801
981371
983147
984430
984812
985590
987275
987648
987770
987792
988004
988301
988692
989025
989360
989745
990538
990856
991528
992235
993844
995311
995860
996363
996454
996508
997163
997283
998193
998545
998722
1000572
1001550
1001837
1005611
1005767
1006960
1007158
1007555
1007975
1008376
1009030
1011662
1012882
1013535
1014944
1014979
1015043
1015566
1016098
1016135
1017523
1018706
1019568
1019603
1020769
1022740
1023410
1023595
1024526
1025065
1025281
1025869
1027715
1028287
1029030
1030310
1030629
1031126
1031280
1031553
1031992
1032002
1032507
1033497
1034684
1034783
1035023
1035268
1035275
1035440
1035774
1036212
1036452
1036960
1037482
1037533
1037646
1037721
1038325
1039029
1039249
1039714
1041221
1041657
1042399
1044035
1044423
1044582
1044710
1045002
1045083
1047181
1047955
1048011
1048305
1048518
1050999
1051621
1052000
1052503
1052919
1053121
1053208
1053405
1053562
1054084
1054186
1054188
1054237
1054525
1055071
1055722
1056019
1056508
1056766
1057307
1057456
1057887
1058393
1058591
1058945
1059674
1059708
1059954
1061200
1061789
1062651
1062941
1063883
1063912
1063946
1065428
1065798
1066192
1066512
1066625
1066628
1066859
1067834
1068315
1068889
1069182
1069245
1069371
1070069
1070412
1070513
1070534
1071135
1073949
1073989
1074445
1074909
1075546
1075891
1076336
1077111
1078677
1080244
1081436
1082060
1082751
1083110
1083441
1084846
1086500
1086750
1087572
1088671
1089040
1089409
1089932
1090057
1091087
1091593
1091834
1093004
1093232
1095944
1097861
1098337
1099079
1101120
1102873
1103752
1104276
1105782
1106081
1107189
1107311
1107619
1108055
1108114
1108175
1108254
1109049
1110424
1111244
1111303
1111332
1112122
1114432
1114857
1115470
1120037
1120736
1121094
1121384
1122125
1122422
1125216
1134152
1134756
1138473
1138775
1150092
1152434
1153518
1153875
1154207
1157521
