105649
107724
116517
120248
129461
130184
130464
131516
133917
134914
140555
143598
145215
147599
149886
156003
157246
160378
161742
163869
168956
176162
176750
176911
179122
181642
188482
189769
198355
209988
214303
215374
216386
219957
226924
227628
247851
248336
250620
253781
266177
272472
273864
274953
275401
282068
285334
288714
290578
294601
299397
302709
312856
314138
332348
343202
355592
355661
355676
356945
359007
373929
376177
378436
380881
391108
391816
396088
400253
406490
411438
416517
417444
431374
448590
456150
458615
458921
459950
462236
463711
464842
465308
468551
470165
476566
478530
482512
482999
485828
491395
491709
498303
499127
500158
500694
508797
515936
519137
519327
522268
530814
537265
545598
545865
545914
555882
555942
557270
557579
578150
583889
594535
597370
599789
600365
601640
607278
610554
619106
686919
711978
717621
719359
731874
756427
758819
769443
771232
773493
832912
841409
842170
845834
864534
872392
897112
898398
906775
912919
923982
950817
956686
957568
964386
969405
970021
971139
973330
981371
982083
985590
997163
1004718
1009123
1009163
1010123
1023800
1029318
1029987
1030590
1031383
1044363
1046200
1051361
1058826
1071450
1085992
1087105
1101837
1108350
1121044
1124305
1160717
1167436
1172049
1180497
1189232
1196711
1214496
1221274
1225976
