111911
129652
133955
137637
149358
152189
155384
156480
157573
159390
167416
170455
172457
173576
181186
181447
190264
193058
199331
203896
209038
210875
211249
216902
220201
227466
235302
241262
248818
249703
261750
265250
274448
284718
298513
300450
305396
324435
325191
327491
333727
336771
338744
344262
346967
347996
349205
355592
357905
358193
358583
360619
361105
362574
364492
370185
373276
374935
377865
378687
381380
384399
384624
387599
388509
393298
395092
396610
399636
400827
408070
412751
419573
430600
436180
438369
439351
445865
446759
448223
462764
467940
468001
471661
481080
481492
486113
491581
494428
495380
496594
502005
507119
508716
509781
513037
523421
528623
535960
536854
537392
538455
542549
555991
556676
558155
558967
564534
568382
576610
577207
581071
587759
593722
595074
595959
596702
609131
612375
618413
618835
624787
698552
734827
757296
765802
783674
832733
833255
843033
849340
863491
866623
866758
868054
872580
872971
882421
885851
892255
893725
924203
933793
937734
943173
945568
956686
969405
975590
975791
976826
978084
979173
980727
991732
1003225
1007139
1008919
1009063
1022699
1027974
1037254
1048291
