100882
119781
122194
125170
140050
141519
147495
149358
149424
156480
157167
168949
172457
173576
176584
178854
192657
193219
200739
205440
214134
218904
220201
222543
222546
223769
225597
227535
232528
235302
236355
259005
263990
266395
279304
284718
285334
290288
293261
293878
296054
302336
310287
311535
315521
317110
319751
325217
334030
334046
336347
344262
346052
346992
347996
354817
355592
355952
358193
369132
371266
373276
376091
376752
377348
384017
384798
387599
392166
393927
394153
408037
408070
411179
413942
414915
415878
418232
418954
419686
420381
421226
422630
432460
433360
436582
439351
444007
445219
446165
447352
447748
448223
448629
450466
454486
460608
464235
471279
480255
481113
481567
482982
494540
495463
495898
496602
497545
498581
508424
513037
513933
516269
523122
523187
525441
532366
535603
537265
541883
542549
545927
551714
551992
556676
557637
562572
562693
563875
564954
568169
577207
578537
583577
585855
589005
592916
597907
599293
604843
606679
613501
614928
618835
619042
621494
623887
624419
624442
632424
633611
641965
647380
656898
696179
733528
752551
756427
756845
766612
818209
818420
824284
824341
832733
834871
846324
864648
864972
869622
872971
880747
881163
881190
882992
886811
886879
889372
898275
905114
912544
918713
936974
937734
939722
943905
953867
956686
961337
962765
969405
977832
978226
983947
999735
1000138
1001158
1009063
1010656
1014510
1017612
1021655
1030778
1033353
1034044
1040881
1041558
1042448
1048291
1050325
1063450
1067863
1074042
