100715
101583
103316
109078
109720
117461
120178
123892
127763
130260
138455
138874
143739
149358
150303
152472
159390
164245
169094
172457
175030
187606
192951
193058
201169
209038
220201
238139
238407
238975
241262
251775
257146
260630
261867
263990
268398
283553
285334
289595
290854
293261
298513
302133
308407
313531
322611
323165
324435
325217
326027
332928
334092
335322
335616
340857
344568
347996
348780
349205
351599
354817
355952
357905
360281
361353
367316
370453
371614
377062
377190
378081
378833
381568
387599
388401
392865
400827
405080
407077
408037
408070
411041
415771
421188
421226
426036
430423
430985
432893
433359
436180
438350
439351
441335
444007
444381
445789
446165
447519
450559
452539
455558
461473
467509
467772
469710
477469
480255
484956
492396
494628
494705
495371
497481
513037
525242
527626
527874
528960
529543
529566
529710
533840
536673
537392
541513
541950
542549
545785
548681
552657
553907
556676
559328
564238
567863
569602
574776
574861
585265
585878
592916
599293
600837
602687
606431
612375
613920
615790
624419
678188
693193
693534
698237
705311
725689
733528
735084
766093
781095
786590
818420
821181
824734
825962
827055
829307
837378
863491
866455
870977
872971
874292
875662
880747
881163
882282
882421
898615
899017
912919
939722
947206
953867
953914
963774
968286
972938
974768
979326
996122
998638
1000138
1005206
1005407
1016589
1016974
1017280
1033786
1035622
1039622
1040881
1044697
1058826
1064451
1066878
1067387
1071032
1077788
1088585
1097350
1111293
1113184
1115172
1115529
1121044
1127399
1153617
1155422
1156202
1174346
1179279
1179295
1180766
1181387
1191002
1198347
1205694
1214200
1214469
1215150
1220333
1239584
1240896
