100202
101185
101234
101532
101656
101682
102796
103019
103371
103922
104293
104345
104626
105047
106214
106225
106319
106748
107250
107884
107936
108228
108297
108938
109051
109667
110899
111094
111668
111828
111890
112041
112044
112161
112387
112570
113014
113036
113297
113725
113875
114666
115022
115437
116517
116969
117321
118071
118229
118478
119454
120331
120734
120981
120992
121128
121222
121730
122130
122221
122926
123499
124073
124085
124464
124500
124681
124913
124985
125348
125579
125886
126566
126864
126875
127303
127376
127640
127790
127810
128083
128561
128737
128782
128896
129001
129318
129342
129390
129544
129575
129602
129748
130366
130700
130769
131208
131325
131494
131514
131516
131554
132095
132417
132721
132739
132966
133070
133456
133892
133917
134035
134483
134691
134693
135063
135414
135429
135553
137310
137806
138169
138170
139038
140566
140578
140919
140965
141181
142373
142862
143054
144121
144164
144465
144834
145209
145215
145230
145566
145592
145804
146201
146554
146569
146574
146600
146720
147071
147382
147391
147599
147772
147863
148341
148440
148461
149020
149249
149299
149886
151412
151702
152033
152186
152459
152801
152992
152995
153963
154052
154084
154897
154982
155907
156096
156705
156708
156715
157047
157287
157314
159143
159205
159219
159562
159567
160378
160892
160952
161206
161742
161861
161912
161915
162193
162465
162606
163332
163869
164050
164264
164352
164453
164593
166603
166799
167097
167298
167823
168983
169218
169564
170426
170515
170782
170884
171396
171706
171711
172277
172570
172756
173319
173416
173791
173918
174525
174604
175111
175450
175673
175777
175866
176216
176750
176862
176911
177400
177693
177796
177933
178271
179724
180086
180172
180273
180493
180990
181281
182006
182028
182238
183834
184251
184841
185017
185183
185798
186738
186835
187255
187554
187833
187947
188482
188537
188835
189637
191307
191561
191835
191954
192624
192639
193223
193227
193275
193677
193696
194407
194722
195197
195342
195564
195791
196232
196234
197380
197421
198299
198355
198525
199278
199285
199476
199673
199990
200047
200564
200726
201127
201315
201322
201448
201893
202507
203067
203487
203538
203556
204068
204431
204764
205047
205182
205515
205541
205800
205866
206111
206960
207001
207002
207033
207585
207749
207998
208410
208744
208883
209219
209336
209453
209598
209659
209677
209734
209850
209988
211149
211736
212301
212581
213511
213759
213803
214303
214517
214589
215849
216241
216501
216828
217323
218865
219384
219965
220023
220098
220247
220407
221232
221430
221580
221843
222001
222204
222403
222650
222847
223161
223293
223802
223831
225009
225015
225183
225649
225686
226146
227234
227723
228092
228264
228704
229197
229316
229770
230341
230410
230440
230856
230980
231351
231687
232029
232155
232696
232786
233135
233553
233592
233824
234017
234220
234547
235223
235232
235783
236326
236452
237181
237313
237632
238281
238857
238896
238925
239186
239503
239598
239730
239835
240151
240562
241230
241388
241558
241974
242201
242569
242802
242971
243228
243248
243592
244024
244198
244350
245199
246299
246306
246558
246564
247624
247730
247735
248072
248295
248410
248676
249382
249572
249865
249926
250204
250397
251002
251287
252366
252444
252641
252901
252915
253172
253255
253296
254276
254490
254833
254986
255427
256395
256540
256751
257026
257552
257663
257910
257982
258038
258405
258523
258797
259766
259856
259866
259945
259947
260019
261761
262086
262806
263293
263913
265551
265739
266157
266265
266648
266879
267277
267391
268251
268342
268466
268807
268921
269223
269732
269759
270189
270276
270341
270378
271256
272068
272307
272454
272511
272583
273829
274894
275025
275158
275298
275425
275978
276824
277985
278763
280320
280400
280766
280792
280855
280880
281256
281555
281988
282068
282188
282393
282597
283278
283351
284341
284549
284658
284918
284980
285090
285365
285611
286054
286104
286637
287136
287308
287468
288466
288714
289065
289160
289246
289668
290045
290249
290337
290415
290616
290889
291022
291218
291752
292035
292888
292909
293099
293851
294156
294568
295124
295941
296219
296686
296815
297298
297431
298174
298245
298426
298548
299397
299523
299866
299907
299971
300136
300145
300297
300882
301123
301286
301985
302492
302502
302715
302991
303083
303160
303450
303635
303934
304012
304298
305006
305107
305264
305370
305549
305572
305678
305717
306257
306849
307874
307966
308936
308992
309153
309250
309445
309563
309792
309947
310155
310170
310380
310581
310847
310944
311714
311783
312418
312468
312825
312856
313130
313439
313472
313650
313887
314138
314644
314666
314863
315187
315331
315504
315762
316368
316412
316593
317586
318233
318322
318339
318547
318619
318678
318927
319461
319824
319870
320316
320834
321098
321180
321198
321348
321568
321965
322207
322537
322776
322977
323031
323051
323804
324014
324062
324352
324403
325265
325309
325354
326485
326520
326832
326897
327351
327457
327554
327874
327975
328019
328952
329014
329506
329769
329819
330944
331420
332432
332635
332788
333183
333423
333530
333899
334185
334398
335097
335544
336107
336312
337132
337592
337921
338619
338631
339428
339511
339524
339606
339664
340188
340253
340311
341101
341194
341341
341648
341866
341894
342292
343441
343673
343816
343979
344469
344475
344702
345337
345369
345660
345958
346406
346745
346950
347246
347353
347476
347516
347888
348255
348261
348833
348948
348997
349121
349380
349401
349622
349811
350143
350767
350965
351040
351920
352089
352527
352928
352980
353681
353744
353820
354401
355387
355838
356178
356320
356791
357244
359007
359175
360284
361047
361090
361281
361677
361735
361859
362444
362482
363045
363138
363786
364367
364672
365174
365690
365792
366033
366241
366422
366567
366974
367391
368495
368624
369391
369484
370455
371575
371751
372217
372225
372272
372524
372811
374604
374677
374847
375108
375121
375618
375986
376177
376328
376658
376847
377365
377790
378650
379139
379359
379534
380236
380689
381313
381585
381774
381830
381915
382117
382180
382334
383172
383464
383585
383805
384261
385298
386149
386709
387267
387373
387532
387539
388634
388716
389258
389628
390039
390199
390217
390726
390982
391675
391758
392504
392706
392932
394135
394503
395989
397058
397289
397932
398225
398526
398935
400662
400788
401082
402743
403184
403759
403828
404157
404347
404535
404827
406110
406378
406479
406484
407030
407276
407369
407498
407802
407912
408175
408605
409352
409547
411438
411926
412247
412666
413003
413192
414077
415088
415502
415765
415780
416219
416581
416657
416684
416795
418129
418229
418519
418551
419062
419307
419470
419473
419594
419983
420839
420985
421796
422151
422497
422871
423300
423347
423633
423878
424321
424865
425241
425395
425783
425951
427250
427408
427464
427779
428202
428651
429225
429680
429748
429858
430159
430182
430521
431547
432034
432750
432995
433003
433174
433622
434088
434517
434667
434701
434759
435091
436693
438169
439081
440578
440725
441047
441576
441803
442178
443070
443524
444003
444316
445031
445147
445207
445612
446391
446501
446651
446878
446979
447011
447050
447321
447576
447857
447981
448108
448392
448590
448779
448813
449163
449584
450205
450524
450950
451669
451685
452025
452286
452774
452878
453193
453207
453384
453702
453725
453797
454007
454453
454824
454907
455008
456219
456470
456892
457287
457930
458615
458651
458921
459005
460649
460884
460889
460915
461624
461997
462055
462727
463476
463550
463969
464243
464331
464909
465127
465145
465203
465211
466075
466214
466946
467594
468259
468426
468551
468745
468749
468912
469254
469746
469896
469945
470065
470595
470752
470754
470774
470805
471775
471810
472370
472871
474401
474566
474673
475078
475252
475419
475420
475440
475561
475773
476702
476814
477279
477413
477692
477785
478530
479248
479253
479256
479307
479458
479753
479754
479797
480033
480193
480899
481388
481424
482352
482649
482817
483369
483533
483545
483550
483791
484507
484879
484934
485052
485101
485415
486023
486201
486278
486982
487374
487513
488139
488496
488635
488638
489057
489993
490282
490507
490737
490823
490858
491004
491803
492345
492488
493553
493696
493937
495387
495481
495544
497116
497223
498199
498326
498824
498969
499303
499382
499712
499755
501883
502104
502397
502470
502556
502923
503126
503187
503254
503966
504317
504984
505071
505787
505859
506129
506588
506611
506632
506972
506984
507102
507197
507563
507976
509007
509060
509465
510060
510144
510479
510627
510669
510973
511024
511129
511732
511792
512483
512903
514478
514669
514931
515602
516100
516203
516224
516505
516827
517640
517916
518130
518439
518759
518892
518902
518911
519137
519452
519499
519861
519885
520521
520531
521191
521461
521837
522344
522636
522651
523687
523822
524203
524494
524648
525438
525481
525660
525672
525815
526088
526399
526400
526457
526750
526887
527144
527677
527821
528008
528165
528271
528700
528757
528848
528917
529063
529466
529602
529795
529805
530408
530688
531250
531554
531681
531875
533162
533587
534063
535413
535891
535895
535929
536549
536615
536971
537976
538020
538559
538955
539054
539446
539653
539813
540000
540226
540773
540798
541417
542084
542397
542513
542723
542908
542971
543563
544077
544281
545671
545944
546628
546986
547328
547482
547651
548063
548135
548336
548515
549038
549238
549392
549403
549924
550387
550546
550780
550893
551892
552027
552483
552870
552904
553520
553745
553817
554199
554565
554567
554586
554607
554642
554667
555013
555121
555224
555398
555704
555714
557170
557270
557636
558112
558639
558934
559504
560237
560369
561082
561989
562031
562434
563064
563600
563868
564777
564995
565366
565546
565630
566212
566225
566430
567264
567321
567649
568070
568132
568454
568740
568796
570112
570365
571874
572165
572285
572850
573413
574649
574988
575287
575459
575826
576981
577399
578038
578365
578639
579893
580094
580256
581042
581812
583156
583814
584174
584447
584463
584660
585153
585369
585524
585565
586019
586193
586309
586326
586508
586906
587277
587965
588437
589209
589322
589325
589952
590872
591465
591620
591743
591832
592027
592510
593459
594027
594535
595081
595332
596052
596199
596209
596217
596228
596291
596619
597001
597247
597332
597442
597545
597738
597749
598989
599245
599725
599808
599919
600263
600407
600449
600607
601900
601940
601992
602079
602293
602481
603134
603391
604551
604562
604772
605098
605153
605261
605319
605523
606446
606450
606490
606632
606922
607039
607089
607453
607784
608363
608653
609450
610249
610976
611397
611456
613393
613585
614129
615217
615570
615661
616081
616225
616278
616565
616635
616924
617036
618347
619437
619463
619574
620005
620290
620797
621048
621681
621707
621843
622027
622174
622516
622767
622775
623497
623860
624367
624698
624871
625006
625131
625136
625166
626162
626335
626393
626426
628778
629549
631244
634000
634282
634606
639744
644632
646121
647988
649714
651029
653292
656645
657281
657916
659160
661807
663763
663848
667459
667825
668724
668785
671210
675318
679163
684538
686558
691544
691998
696830
697903
699477
700863
701793
708114
709087
709409
714886
715919
716095
716869
717186
717312
717341
717621
718597
719340
721084
721265
724230
724769
725406
727099
733146
734111
734723
734808
735115
735179
736264
737348
738929
739012
739761
739929
740276
741223
741648
741764
742829
743028
743893
744232
744836
745257
745339
745446
745709
746498
747609
747709
748914
749038
749773
751424
752203
752568
752795
753150
753456
753649
753723
755674
756073
756204
757924
758478
759542
760146
761277
764487
764838
765564
765800
768034
770117
773493
776007
777319
780007
780125
782330
783085
783864
787610
789167
790704
791569
794248
794642
794675
794720
794721
794982
795345
795820
796552
796862
797398
797667
798317
798464
798831
802585
803600
804391
805158
805362
806299
807708
808622
813375
813694
815145
815881
817038
817476
817529
817773
819522
821047
821793
822036
822265
824942
826897
827072
828865
830974
832102
833102
833945
834080
834134
835707
836821
836943
837208
837941
838612
839184
840790
841816
842170
842240
842941
843317
844279
845238
845965
852509
858740
860385
862741
863202
863319
863647
864345
864494
864992
865051
865207
865871
866133
866670
867061
867303
867332
867960
868554
868830
869075
869139
869888
870078
870293
870486
871596
871984
872009
873625
873712
874128
875980
876531
876768
877438
877676
878894
879040
879166
879507
880070
880558
880687
880836
880954
881238
881389
881754
881847
882052
883531
884245
884401
884486
884542
884582
884749
885452
885538
885571
885828
885835
886050
886876
887624
887722
887818
889264
890216
891686
892083
892098
892959
893132
895314
895618
895668
896048
896272
897154
897826
898005
899080
899152
899503
899601
899645
899725
899788
899949
901075
901326
901399
901480
902011
902225
903051
903390
903824
904633
904661
904772
904975
905059
905222
905482
906252
906631
907465
907866
907965
908076
908778
911475
911887
912323
912460
912470
912487
913577
913872
913998
914699
914801
914974
915116
915453
915884
915947
918133
918855
920194
920213
922012
922085
922214
922418
922589
922609
923572
924214
924447
924491
926305
926494
927319
928507
928931
928997
929267
929431
930308
930665
931283
932279
934154
934392
934626
936098
936731
937893
938866
939408
939496
939835
939954
944851
945563
946107
946440
948196
949127
949285
949782
950781
950817
951119
951964
952141
953650
954307
955120
955991
956320
956341
956708
957568
957813
959131
959369
960713
961444
961949
962422
963500
963615
964558
964919
965330
965663
965693
968493
970256
970303
971686
971894
971992
972514
973075
973439
973850
973928
973987
974536
975486
975853
976254
976894
977093
977160
978453
978950
979056
979627
979705
979830
980431
980772
981067
981885
982037
983100
983244
983287
983313
983577
983635
983984
984430
984494
984551
987648
987750
987792
988692
989029
989745
990538
991720
992130
992169
992574
992717
993417
993844
994004
994406
994564
994612
995076
995276
995860
996264
996421
996454
996790
997163
997283
997675
998202
998545
999259
999588
999728
1001439
1001774
1001837
1002652
1002959
1003499
1005373
1005767
1005776
1005938
1006464
1006950
1007043
1007975
1008376
1008413
1010855
1011607
1011965
1011984
1012941
1013483
1014033
1014362
1014565
1014685
1014944
1014979
1016343
1017324
1017422
1018140
1018818
1019250
1019603
1020428
1020524
1021380
1021653
1022657
1024987
1025324
1025866
1026225
1026496
1027715
1027723
1028096
1028293
1028364
1028470
1028864
1029030
1029264
1029318
1030195
1030310
1030391
1030590
1030695
1030936
1031280
1031553
1031571
1032078
1032224
1032709
1033497
1034893
1035774
1036067
1036452
1036736
1037646
1037716
1038493
1038520
1039714
1039879
1042285
1042707
1043027
1043631
1044291
1044582
1045493
1045593
1045705
1046200
1047955
1047997
1048011
1048196
1048305
1048846
1048927
1050569
1050603
1051971
1052000
1052503
1052696
1052801
1052874
1052919
1053110
1053208
1053405
1053473
1054887
1055101
1055711
1055722
1056892
1057307
1057511
1057667
1057855
1058036
1058449
1058591
1059343
1059459
1059674
1060073
1060608
1061938
1062941
1063143
1063767
1066512
1066625
1066628
1066859
1067437
1068632
1068889
1069245
1070069
1070333
1070412
1072489
1073037
1073860
1074221
1074445
1074537
1075948
1077855
1078868
1079928
1080244
1080578
1081768
1082015
1082060
1082751
1082865
1083134
1083206
1083441
1084492
1087583
1087890
1088642
1088671
1089040
1089775
1089824
1089919
1091069
1091761
1091976
1091993
1092264
1092742
1094708
1096242
1096904
1097740
1098099
1098732
1099079
