105447
112511
121192
124464
130764
148601
151702
152797
157025
193677
198270
200739
202754
203896
207233
223493
227452
228704
238881
247976
249024
259881
261850
272307
274742
279304
284560
292349
296054
298245
300175
311731
320242
327351
331420
339524
349220
355848
357957
369391
381698
390756
392937
398935
401971
404019
414151
416080
418229
420381
432460
432571
450205
451717
458549
458692
459451
483545
486163
493029
509574
514478
516505
517640
521549
521837
526488
539813
543563
551714
556859
564430
565546
567455
571913
586193
592545
592916
603359
604625
604653
606450
641965
656898
684785
717186
739109
781190
836821
866805
922012
950022
955150
957354
964485
967609
968551
978226
998202
1031427
1038805
1063103
