100194
101318
101796
102647
104790
105047
105126
107216
107493
108468
108938
109665
109730
109767
110899
111939
112511
113313
113425
113699
114423
114666
114817
115022
115679
116566
116969
117321
117790
117912
118478
118560
119454
119521
119803
120286
121576
121730
123642
123777
123949
124101
124464
124681
126619
126718
127790
129151
130464
130532
130752
130996
132014
133892
135063
135889
136893
137677
137871
138170
138187
138190
140566
140578
141311
141636
143054
145215
146201
146720
147410
147772
147896
148440
149838
149886
149963
150817
152339
152715
154059
154982
156366
156514
156634
157561
158672
160513
160892
161394
161742
162567
162884
163264
163470
163869
165109
165765
167012
168332
170515
170884
171002
171664
172406
173319
174547
174942
175498
175596
176162
176424
176713
176862
176911
177796
179988
180223
180230
180397
181421
181867
183631
183912
185215
186625
187833
188309
188482
188588
191681
191747
192516
193575
193677
194125
195200
195378
196160
196328
197260
198194
198355
199021
199656
199673
199984
200648
201253
201396
202754
203921
204080
204400
205003
207033
207305
207309
209608
210939
211109
213259
214039
214177
214225
214303
215126
215374
215849
217779
218258
222020
223493
224368
226086
226621
226924
231687
231859
232183
233328
234017
235297
236344
236773
237374
237597
237738
238581
238828
238881
239186
239503
244198
244827
247377
248633
249173
249715
249740
250963
251002
252287
253296
253466
254475
256060
256728
256884
257705
259947
260808
261280
261752
262090
262442
262604
263245
263940
264151
264263
266087
266191
266265
267463
267956
269404
270220
271779
271791
272307
272966
273864
273947
274754
274894
274953
275134
275401
275548
275774
275782
275829
275915
275928
277677
277744
278702
278763
279401
280320
281988
282315
282802
283502
284052
286321
286384
288562
288685
291512
291564
292347
293851
293992
294115
295084
295265
295601
296181
296219
296832
297408
297929
298174
298548
300175
302220
302223
302709
302871
303696
304712
304901
305678
306257
306906
307173
307210
308992
309127
309153
309563
309792
311282
311714
312376
312834
312931
313291
314138
314607
314647
314813
314938
315774
316042
316368
316678
316991
317586
317641
318300
319870
321593
323453
323871
326483
326961
327358
327452
328141
328721
328787
329014
330069
330205
331511
332432
332635
333067
333674
334185
335224
335544
336696
336921
338042
339428
339524
341166
341501
341582
341716
342158
343189
344415
344630
346289
348255
348542
349121
349164
350054
350143
350647
351763
353144
354783
358021
360383
360750
361047
361188
361488
363692
364296
365037
365174
365989
366005
366033
368080
369391
369654
370988
371498
372351
375021
375104
377785
379043
380689
380828
380944
381774
382117
383035
384261
384803
386271
386680
387114
387325
387373
388905
389258
389312
389853
390199
390756
390982
391197
391675
392200
392366
392937
392994
394541
395532
396088
396106
397075
397272
397295
398225
400253
401082
403445
403759
405310
406630
407030
407141
407242
408071
409431
410392
410571
410581
410741
410970
412666
413540
416657
417071
417111
418229
418965
423459
423518
423574
424597
424865
425954
426964
427096
427250
427921
428202
428462
428651
430160
430438
431192
431350
432305
433654
435091
435521
436333
436536
436940
442248
443015
443070
444787
445147
445207
445261
445481
445612
445663
447143
447204
447321
447717
448590
449529
449654
449743
449919
450548
451082
451363
451487
452092
453193
453834
454161
454219
454416
455425
456258
456892
458921
459345
459932
460202
460228
460771
460839
462697
462736
462819
463969
464208
464331
464558
464605
464842
465285
465591
467501
468467
468551
468837
470042
470752
471529
471775
471923
472112
472493
472871
473727
475335
475440
476137
476436
477056
477520
478306
478331
478530
479253
479256
479921
481388
483533
483688
484939
488754
490190
490581
491168
492650
493713
495507
496094
497771
498495
499286
499712
500694
500777
500929
501835
502556
504168
504488
504949
504975
504984
505787
505859
506611
506984
507197
507317
509386
509785
510973
511024
511290
511792
514478
515602
516115
516711
516797
517918
518398
518759
518843
518902
519024
519306
519327
519469
519499
519887
519997
520071
520244
520599
520708
521837
521885
522268
524542
525202
525672
526900
527677
528848
529466
530127
530327
530814
531053
532306
532337
533693
534619
535838
535929
536398
536890
536971
537145
538133
538246
539410
539813
540226
540247
540736
542084
542534
542908
543053
543323
545865
545944
547635
547913
548830
548999
549038
549049
549634
549948
550646
552282
552846
553662
554300
555107
555806
557170
557390
557541
557579
558639
558641
560237
560369
560724
561468
561750
561989
563483
563837
564071
564995
565260
565546
567321
567649
568128
569268
569912
572859
574168
574409
574634
574649
574988
575459
575523
578301
578507
578715
580123
580533
582665
583460
584174
584447
584471
586117
588730
590237
590747
593782
594535
595857
596217
596222
598886
599279
599725
600388
600407
601732
601965
602649
605068
605763
605853
606450
606762
607784
611957
612784
612824
613642
613804
614220
615217
615570
616105
616767
619106
619453
619745
622143
622371
623370
624701
625643
626070
626395
626543
634282
636853
645406
647915
655294
660191
673938
674245
675528
675569
683032
684785
686919
698889
708824
714926
714981
715147
715341
716605
716646
717621
719763
719939
721265
723560
724769
725052
729839
730825
731074
734723
739258
739860
740249
741170
742338
742861
745909
747446
747609
751456
751640
755092
755525
757597
759265
764843
765983
773493
776007
776030
777179
777643
778493
779891
783600
791569
792003
793919
794611
795345
798831
798930
801580
805158
805164
809946
810769
816697
819320
819872
827637
827893
828203
829305
833102
836821
836943
838066
841409
841816
842177
842240
842600
842941
844047
847038
847558
849398
849812
862846
864160
864534
866785
867332
868830
869078
870078
870253
871085
871355
874591
874653
874736
875023
875771
876768
876791
879507
880018
881500
881662
881847
882215
883222
885828
886899
888764
890147
890874
891055
893116
894344
895588
896272
897079
897112
898831
899330
899949
901399
901480
902830
903406
903640
904661
904975
906775
907616
908561
909107
910897
911400
913577
913899
915181
916245
917773
917858
919805
920333
922413
923019
923928
923982
926125
930235
932374
934189
935624
937394
939073
939408
946068
946527
948892
949127
949334
949466
949782
953088
955102
955150
955991
956000
956307
956341
957469
958863
959196
959459
961140
963215
963523
963615
964485
964536
964983
965326
966582
968664
969084
970153
970580
970914
971992
972937
973987
977090
978488
983313
983577
984430
985590
991765
993892
995513
995860
996186
996211
996628
996797
999010
999056
999796
1001489
1001996
1003159
1003424
1003675
1004644
1005793
1006069
1007975
1009417
1010069
1010123
1012481
1014685
1014979
1015043
1016473
1017855
1019250
1020428
1022785
1025439
1027971
1028287
1028864
1029318
1030140
1031553
1034893
1035023
1036266
1036452
1037809
1038325
1040091
1040323
1040595
1040936
1041531
1042614
1042827
1043083
1043104
1043581
1045120
1045593
1046200
1047955
1048011
1049657
1049835
1050419
1051587
1052397
1052503
1053853
1054237
1054887
1056112
1056332
1056600
1057638
1057679
1058036
1058591
1060176
1060821
1061637
1062335
1063946
1064200
1066192
1066548
1066628
1069295
1070572
1071331
1071450
1072004
1073032
1073949
1075341
1075356
1076586
1080510
1082060
1082539
1085849
1086407
1086750
1087105
1089775
1090057
1093004
1095891
1097740
1097861
1098337
1098492
1099079
1099947
1100266
1101214
1101837
1103098
1103163
1105782
1106966
1108055
1110423
1111362
1111436
1112088
1114152
1121384
1123496
1132196
1133574
1140233
1140364
1149581
1149848
1150092
1152207
1152434
1153425
1157432
1158336
1159082
1160568
1162156
1162167
1162191
1163691
1163966
1164112
1164182
1164265
1166148
1166865
1167207
1167617
1168767
1170148
1170356
1171265
1171591
1172598
1173969
1174591
1175680
1176997
1177002
1178295
1178332
1181464
1182559
1190233
1193377
1194486
1194669
1196697
1198475
1199905
1202965
1203263
1203306
1204097
1204127
1204414
1204480
1205188
1205586
1206265
1208199
1211308
1212353
1214239
1216244
1216762
1218881
1219891
