106748
116388
117790
118234
118560
120966
123290
129345
137581
141220
143116
143382
145232
146585
146720
156096
162585
164225
165690
172406
174204
177045
181657
181796
184791
192455
193470
193807
195384
200047
204208
207287
221812
226621
234320
236595
237597
239503
245375
254219
256735
261061
262090
266648
267956
267994
273854
275025
278593
278763
286215
292710
300649
303396
305003
308900
318265
319122
328019
332928
338409
340494
350143
351013
354730
357076
359219
361047
365037
366008
368753
376043
384261
385149
397717
400722
403598
411179
416795
428202
428604
439351
444007
444381
446458
447013
447204
447321
450776
451204
455008
456648
465285
470752
471775
474566
478823
479549
482921
487513
490024
496421
497131
497239
498485
508618
512350
514668
516578
517461
518888
518902
519469
520708
524775
525481
526399
528700
529761
530254
535413
535929
536990
537872
539324
540247
543699
545984
547660
549386
552972
556676
557623
564110
564233
564749
565802
567649
571020
572139
573126
578192
580665
584447
596875
609319
614220
619437
624769
630502
660497
716050
716317
725052
732267
737878
747609
752568
754357
754789
772088
776007
779569
794978
809838
811620
815145
816003
824398
832733
836316
842240
849812
863993
866723
874064
876389
880747
890276
893091
895405
911614
911665
916245
919731
942775
945455
946912
954307
956341
957393
963615
970654
971686
982164
984430
987750
990425
990729
991720
995513
1007975
1008376
1014685
1015043
1015526
1019250
1034094
1036452
1037646
1038036
1038955
1043574
1047955
1048011
1052503
1054887
1060391
1067131
1069579
1070408
1072832
1075341
1082751
1085622
1106273
1106790
1108055
1111436
1112122
1152207
1153425
1157017
1162167
1162191
1166687
1169908
1171227
1174591
1177060
1180476
1181464
1185896
1190770
1192820
