100351
105649
108228
110527
115022
115334
118606
119521
120086
124681
126006
130464
133917
145215
145592
149886
155748
160378
163869
164308
173876
176750
176911
178285
179416
180230
180587
188309
188482
188588
189769
191747
192513
196174
198355
206416
206676
209988
214303
215374
219957
225614
226924
226985
230940
231687
231893
236344
238481
249000
250176
261715
262442
263042
269982
270966
273864
274796
274953
275835
280880
282802
284050
285067
285334
286306
289747
291899
302709
309886
312856
313472
315575
317527
317586
323618
324387
330960
332348
336005
337358
343202
345624
349914
350390
352108
358932
359007
362989
365367
382180
384267
384624
391816
400253
401213
402831
410921
413540
416890
416959
417444
418357
424597
428273
431713
438114
443552
448590
450548
450623
453834
456538
457077
458615
458921
461991
462236
463601
463711
467022
468493
471267
472947
476566
482649
483490
484493
485101
488638
491395
491767
493372
498613
500694
502556
503765
516402
518003
519137
522268
527677
535243
536971
537265
537573
538133
542576
544498
545914
548866
549049
555398
555942
557579
559713
562572
564071
567223
567321
574409
574649
574988
577768
582842
584126
590237
594535
595043
598679
598886
599725
601640
607833
613217
621358
624174
631244
686919
711978
717621
719359
763292
766612
766708
773493
795345
804295
805158
811951
822185
829769
837578
845834
864534
866133
868830
871644
876768
879598
881662
886537
897112
899949
906775
907866
913899
914853
918021
923982
935003
937394
945414
949568
957568
965015
968493
973330
981371
983313
985590
991727
1003498
1004718
1005793
1031992
1046200
1046906
1048291
1055722
1066967
1067295
1070399
1071008
1071450
1073539
1076586
1077089
1084524
1085992
1087105
1108350
1113196
1121044
1124305
1158650
1166395
1167436
1170991
1172049
1177312
1180497
1192624
