100194
101912
103904
103977
104231
104345
107981
108938
109302
109572
110899
114342
114666
115511
117757
118478
123642
123777
126667
127111
128593
132641
132721
133113
133892
134917
136196
137233
138170
139038
140050
140578
143988
147333
147896
149963
151793
151984
153656
162567
163470
165402
166992
167694
170884
171039
171287
171664
171795
172277
175183
175203
176862
183482
186884
187833
188747
195757
196293
196540
196667
197201
197985
199984
204431
204821
210484
210834
216064
216808
223458
223729
232439
234017
235297
235462
238423
239835
241420
241558
242607
244198
244827
246299
247209
247730
251002
255686
255913
255954
258366
261367
264151
265739
270220
272234
273214
274657
280498
280575
281890
281988
284033
284704
289246
291564
292347
294109
296144
296181
296343
297929
305651
306257
306788
307173
309153
313925
314647
317027
318895
318956
319251
319870
326483
327909
329819
333674
337743
338762
341716
342442
344568
349360
354817
355520
355952
365174
366803
368030
368080
369285
369654
370988
372038
373276
374085
380828
381628
381774
382961
383617
383964
389285
396894
397272
403445
406772
406987
411215
420848
421479
422794
422933
425954
427096
427250
427921
429537
432305
433538
438350
442570
442907
444898
445481
446169
447011
449529
451363
452092
453193
455425
458101
460608
461163
463507
464331
466084
468192
468241
470065
471628
472182
472871
476721
482761
483161
483533
484328
485938
489631
490190
495498
495577
503202
503254
511747
514044
519718
521982
522815
523545
526900
527231
528415
531053
531565
539737
545406
548152
548830
554300
554667
555013
557339
562740
564995
567971
572013
573259
576241
581051
582527
593782
596702
597442
599919
600388
602261
602580
604098
607593
607784
608651
609712
612824
613642
616689
624519
625637
626070
630663
639907
648052
651029
655970
657257
658355
670260
674245
691791
698499
725594
733146
734723
748250
751640
756866
757634
765772
772616
776250
777319
778493
791569
798930
802709
805211
821181
825189
825190
829768
830180
842941
863786
866385
866455
866982
867654
869879
870253
872971
879166
880070
884179
885724
896272
896576
903197
903640
904975
907965
910027
910386
911227
915181
915967
916148
932324
933793
936946
937332
937696
940354
940505
945563
946068
949029
949779
950091
950184
950781
952954
953088
953343
953668
953733
957469
958611
968700
970798
972165
973691
977640
978400
984204
986807
998545
999326
1001617
1009010
1017581
1027704
1029114
1029634
1036275
1037482
1039714
1042234
1042524
1043083
1051070
1052000
1058591
1060821
1061637
1070333
1071032
1072966
1073088
1073928
1073977
1086750
1090818
1092210
1095891
1096379
1098337
1098509
1099079
1100710
1101214
1105926
1107189
1107636
1109186
1115988
1116587
1127399
1134150
1152333
1152434
1155422
1156090
1157303
1157721
1161856
1163691
1165807
1167207
1167617
1168767
1170356
1171591
1172598
1172843
1173969
1174695
1175608
1186173
1189589
1196697
1198352
