100763
101105
101392
101749
101860
103371
103904
104518
104626
105649
105919
106150
106232
107884
107936
108208
108526
109051
109525
109910
111880
111890
112006
112013
112044
112455
112768
112979
113527
113725
113797
114730
114995
115283
115560
118096
118750
120086
120286
121147
122110
122918
122976
123499
123618
123642
123777
123949
124172
124396
125579
125615
125899
126035
126217
126277
127145
128265
129166
130044
130464
130527
130872
131263
131348
132260
132722
132836
134691
135063
135317
137677
137806
138058
138325
138395
139038
139113
140578
140850
140877
141845
142372
142418
142984
144032
145478
145980
146012
147334
148775
149579
150164
151015
151594
152266
152462
152797
152806
153850
153970
154184
155710
156054
156096
156491
157503
158085
159351
159450
159567
160892
162167
163810
163869
163878
166799
168142
168201
168332
169564
170729
170791
171711
172147
172679
173319
174805
176713
176750
176862
177469
180786
181607
183178
184070
184629
184841
185297
186974
188229
188482
188629
188766
188938
189014
189283
189807
190168
191307
191472
191561
191835
191995
192028
192277
192516
192709
193056
193333
193469
195024
195200
196143
196163
197415
198194
199519
199673
200391
200862
201438
201887
202075
203487
203771
203898
204046
204400
205363
205668
208423
208744
208815
209010
209659
209799
211149
214303
215374
215791
216620
219303
219353
220306
220767
222000
222403
222847
223536
224478
224581
225819
226617
226924
227142
227677
230440
231136
231331
232805
233791
234140
235226
235596
237582
238498
238881
239503
240562
240630
240683
241558
241671
242062
242201
242526
242569
243037
243592
244024
244198
245412
246424
247209
247551
247735
247754
247777
248336
248530
249024
249457
249738
250022
250143
250397
250530
250963
251002
251568
253107
253734
258412
261185
261223
261464
262771
263477
263815
264642
264893
265391
265921
266150
266878
266917
266995
267247
267956
269882
270220
271035
271256
271964
272097
272123
272234
272970
273691
274400
274467
276298
276878
278593
279798
280693
281256
281988
282659
282802
284389
285995
286554
286637
287468
287608
287831
288714
289241
290045
290089
290268
290340
291218
291682
292422
292885
294116
294412
297364
298450
298548
298742
299397
300916
301402
301967
302619
302709
303422
303696
304298
305678
305694
307402
307536
307631
309153
309445
309563
309792
310133
310155
310170
310619
310914
311351
312801
313387
313439
314046
314138
314813
315049
315504
316003
316008
318233
318269
318882
318927
319824
320242
320316
321172
322207
322520
323046
323479
323540
323778
323804
323920
324062
325066
325831
326681
327025
327351
328019
330084
330279
330312
331420
332121
332850
333183
333674
334919
335224
336107
336163
336921
337309
338547
339505
339905
340253
342442
343202
343312
344704
345500
345780
347476
347888
348387
348948
349530
349622
349756
349811
350054
350143
350593
350965
351013
351640
351855
352108
352671
352928
352993
353221
353337
353820
354088
355203
355661
355838
356360
357957
358199
358543
358557
358958
359053
359077
360750
360995
361188
361859
362444
364367
366422
368138
368496
368624
369274
369660
369769
370111
370690
371498
371519
372108
372811
373747
374604
375617
375618
375663
376431
376847
377445
378116
379576
379792
380689
382314
382812
383245
383464
383912
386196
386610
386890
387123
387239
387325
389860
390700
390756
392504
393261
393938
393967
395479
395636
396674
397621
398721
398743
399352
400788
401053
405533
405575
406407
406430
407276
408382
408811
409846
410985
411215
411452
411926
412666
413192
413278
413937
413960
413969
413973
414188
415502
416080
417862
418229
419033
419058
421796
421949
422497
422901
424511
425954
427936
428202
428256
428547
428651
430029
431547
432898
432995
433003
433622
434047
434197
435281
435521
435733
439081
439115
440982
442250
442411
442987
443011
443780
444175
444776
445001
446391
446865
446979
447321
448585
449166
449925
450548
450648
451417
451669
451756
452320
452878
453193
453918
454097
454219
455312
455425
456558
456892
458163
458921
459345
459432
460228
460584
460754
461322
462636
462697
463851
464842
464868
464927
466979
467594
468426
468445
468467
468745
468749
469049
469533
470033
470065
470752
470805
471775
472947
473077
473843
474598
475078
475157
475808
476509
476702
477677
477918
478530
478572
480366
480524
480899
481424
482729
483675
483818
483922
484493
484948
485130
485154
486023
487221
487513
488337
488496
488933
489117
489702
490096
490454
492580
492635
493464
493782
493984
494293
497021
497232
497772
498969
499532
499840
500021
500462
501050
501835
502094
503187
504114
505071
507835
507933
508075
508803
511792
514471
514476
514478
514931
515371
516224
516389
516496
516797
517749
518075
518800
519059
519261
519718
519722
520267
521974
523099
523374
524408
526488
526976
527393
527748
527840
528558
528757
529805
530327
533706
533789
534548
535413
535916
536971
537145
537708
537810
537872
538928
539813
540247
540942
542277
543323
543558
545177
545944
546453
547017
548543
549247
549263
549754
550578
550893
551179
552027
553886
554132
554567
554667
555398
555633
555753
557270
558004
558639
558778
558940
559024
559052
559452
560011
560231
560282
560724
561252
562006
562494
562698
563483
564071
565138
568132
569279
569472
569912
570069
570723
571913
573223
574821
575229
575459
575826
576233
576981
577441
578038
578150
580094
580384
583156
583989
584174
585369
585456
586233
587703
588699
589044
589121
589702
589952
590204
590514
591465
591620
592123
592214
593447
594063
595152
595305
595417
596052
596083
597001
597464
598391
598886
599670
600388
600624
601555
602538
602583
602649
602814
602830
605261
606450
606483
606632
607089
608651
609205
609478
611043
611629
612790
613452
615217
615324
615774
616225
616924
617538
618550
619106
619437
620005
621707
621843
622143
622269
625643
625753
626395
627641
628453
630496
632049
634282
648052
651048
655983
662972
668724
674222
682624
697228
697825
703673
715423
717341
717621
724205
726412
729476
732056
733250
734723
736206
736875
739109
740142
744128
745567
749414
749724
749773
751640
751706
751822
752568
752960
756633
757332
758197
759557
764009
764102
768034
770475
770844
773826
779524
783085
784957
793957
794611
794721
795345
796862
797258
797398
797757
798831
799581
802143
804528
806141
812820
814206
816747
817595
818259
818643
819859
821001
822265
824022
824247
824262
825755
827281
828469
829769
831241
831439
836721
838612
839184
840115
840183
845419
846545
847010
849063
849812
849882
852509
853036
855754
863202
864036
864313
864534
865871
866059
866133
866385
867553
867567
867719
869865
870237
870976
871654
872511
873712
875212
875771
876067
876118
878743
878784
878894
879166
879388
881754
883193
884565
885231
885747
887474
887818
888684
888861
889307
890020
890216
890276
892554
893091
895405
896260
896293
896406
897112
897154
897914
898484
898489
898790
899167
899725
899788
899914
899949
900950
901480
901836
902458
902624
904210
904975
905482
908076
908504
908659
908792
910765
911227
911887
912610
913373
913872
915090
915429
915453
916428
917858
917953
918078
919299
919667
923299
924231
924262
925187
926200
927492
929431
932389
932591
933342
934392
936731
937394
939095
939850
942090
942898
943036
948013
948855
949334
949637
950184
950274
950781
951130
951497
951607
952954
953314
953681
953727
954473
955150
955263
955625
955690
956307
957469
957813
958064
958096
962422
963615
964386
964485
964774
964806
965265
965473
965503
966333
968455
968996
969035
970021
971440
971686
972627
972883
973330
975522
975853
976041
977226
978906
979705
980672
985441
986771
988673
988692
989745
991528
992094
994004
995076
996223
998545
1001980
1002296
1002898
1005776
1006464
1006572
1007975
1008533
1008752
1012178
1014033
1014685
1014944
1015669
1018051
1019590
1019603
1022568
1022691
1027715
1028886
1032002
1034094
1035023
1036452
1037072
1037482
1037693
1038016
1039714
1039954
1040011
1043402
1043765
1044188
1045002
1045705
1046665
1050419
1052503
1053110
1054116
1054643
