100715
103316
111320
111911
117978
129865
132873
135206
138455
140050
142784
149358
152438
157480
172457
173068
191656
198946
209038
211249
216255
221606
226572
231223
232475
238099
241363
252176
283101
284704
290288
290854
297198
298513
300450
303113
305397
308732
309113
312106
319166
319251
338862
339517
340868
347643
349205
353762
355952
363069
376752
377001
377348
380495
382597
388004
393298
396597
396903
408037
415543
416480
419573
420381
429896
432893
433359
433733
438276
439351
440904
442282
444381
446290
451572
459030
463264
465179
473484
478591
480255
484956
487727
493270
495371
496318
496602
499344
516054
518888
522400
522578
528388
529543
537653
538681
547497
555991
556676
561360
562740
569180
571013
572092
577372
578619
579646
581043
582695
584120
585878
589005
589753
590110
592916
601724
614199
616156
617424
618708
621412
638941
640236
658691
700038
733528
772088
779222
787888
795020
817083
818420
824341
832733
862520
866455
866758
881163
892944
926313
930557
931934
932709
956580
957803
969405
974400
980272
991985
994268
996122
1000882
1012544
1029914
1034708
1042448
1043904
1050325
1060391
1065030
1065835
1066878
1084775
1088585
1089611
1111293
1111712
1114513
1155422
1168827
1180968
1181387
1182305
1190770
1210438
1216889
