102120
102156
102233
109730
121147
123801
127285
130366
137677
138874
139113
141184
146208
149358
156634
168379
169412
171222
181421
192516
193278
195205
197892
205109
207309
231859
252606
259947
266150
279401
280966
287447
293992
295084
296815
304589
308992
309563
313520
316368
324352
329014
335334
335918
338862
339428
339445
345780
350725
357905
358021
361353
365989
369567
371498
373699
380689
387373
387599
388392
395532
399682
404347
408070
409690
419979
420800
422349
424865
425686
426036
428651
431120
432122
437351
442885
444540
445207
449959
451897
454083
454219
459432
460228
461324
462697
462819
468467
475440
480106
480373
484935
486268
488325
489993
492396
492488
498495
502604
510973
511024
511792
512483
517415
520491
521912
522726
522905
523672
524542
529566
530862
533789
535690
538455
539294
540226
543558
543683
544950
545944
552846
556062
557170
558641
562198
565260
566090
568454
570060
570069
575459
579132
580132
589209
589776
600607
602111
603391
615217
616767
623313
624828
660059
662370
681537
703679
711308
724438
731934
747908
778462
779732
794611
801580
819320
822437
875601
875771
880018
881500
888764
898484
914109
917858
939722
949782
958863
973987
986779
996211
1006775
1020488
1031126
1035023
1037693
1039589
1049835
1052089
1056892
1063037
1066878
1075258
1080244
1089611
1103163
1112722
1122125
1158336
1164320
1166148
1185433
1186493
1205586
1234287
1238217
