102475
109730
113699
115068
118554
119510
124132
124500
130555
131208
137677
137806
138058
148775
149358
150865
153200
159506
164525
171222
172560
179185
181421
184502
192445
192516
195200
200391
206905
207309
210342
254208
266150
274894
282269
287042
287447
287490
290045
293992
299907
303934
304487
305678
309792
312955
315631
316044
322156
324352
324362
327358
327617
330312
332286
333120
339428
339905
341166
343694
358021
361353
362814
366033
366525
371456
371575
379459
380131
380944
383170
387373
388392
390982
392504
393980
397222
404347
405080
407141
408070
409260
412740
415967
424865
425686
428931
432122
443070
445147
446165
446533
447658
451897
459070
459345
460228
460915
461324
462697
463969
465591
469924
475440
476658
477808
479114
480106
480332
485876
489886
496238
503081
507933
509577
511792
512483
518763
522905
531554
535249
535454
535690
543430
543642
545944
549038
552282
555151
555991
557170
558641
563904
563916
570060
573519
575459
577442
578537
579243
589952
592027
615217
615570
618387
621627
631975
638210
703679
734827
747029
759495
762727
771071
790583
794611
805164
813375
818643
829305
833153
864313
866670
867149
872222
879803
881614
881847
884749
888764
891055
894409
901658
913577
917858
930557
949140
956307
986779
988004
1001489
1003675
1022598
1025942
1039101
1055143
1058725
1065517
1065879
1066878
1067863
1071135
1073949
1085088
1086230
1089611
1089775
1090057
1104276
1105632
1121072
1122125
1124706
1158336
1166148
1191106
