100715
106845
107724
111320
111911
112824
117305
122194
128299
129532
129652
132873
136458
140261
143739
144223
145921
147495
147839
148673
148793
149358
149662
152024
155384
157573
159390
159875
165303
170455
171338
172457
179122
180580
183542
187625
190081
192454
207999
215571
221606
223124
223769
225597
231767
232158
232716
235302
236652
238099
243151
249103
249298
261750
263990
271745
272184
272418
282192
282341
283553
284718
285334
286712
286999
288540
290288
290943
293261
293878
296054
296939
303113
303423
305943
310142
312106
312412
313330
313574
314494
315486
316085
317176
317365
320493
323487
323850
324153
326027
327617
329253
331822
333465
334595
335616
339016
339517
340494
340868
341991
342335
344262
345926
348211
348456
348780
349038
349205
350405
354817
355592
355952
357905
358113
360385
361328
366154
368346
370185
370360
371163
371266
373276
375355
376091
377190
379116
381568
383055
383544
384017
384413
386178
386287
387117
388367
397005
397173
398830
399114
402629
404419
405252
406180
408037
411041
411990
415543
419573
424917
429671
430985
431711
431759
431767
434281
436180
438292
439351
442282
443448
444080
446462
448379
450466
450717
456150
459236
460608
467226
473425
473825
474680
480061
480106
480255
481567
482037
484511
485828
486607
487105
489718
490639
491031
492736
493989
495380
495638
495748
496885
498041
499990
501079
504536
506662
508095
508167
511908
512762
517691
518888
519498
523421
523772
525441
527559
529566
530223
532324
532366
536673
536854
537653
540322
541513
542549
546132
548299
548976
555048
555241
555991
557637
559206
560803
564203
564534
564954
566428
567223
567863
571467
577867
579194
579243
581043
581927
583577
585265
585615
588339
588525
592368
593122
595004
598314
601806
607017
608795
614747
614876
615241
615811
616043
616311
618835
632436
647380
650011
650059
659309
691495
700038
701944
705311
716465
734827
741582
748683
756427
758819
761641
766612
771666
773468
774914
778926
813900
818420
820317
823716
825190
827055
832733
833255
838361
863491
866455
866623
870787
871210
872580
872921
872971
880747
880786
881068
882245
882992
892685
897614
898275
899017
901725
910954
911537
917073
919294
920759
930567
933793
935817
938814
939722
939837
942179
949836
952814
956580
956992
957143
961337
963812
963894
964542
968286
971790
975212
976796
978356
998432
1008808
1009063
1011380
1015386
1015632
1016026
1017280
1019609
1024846
1033424
1034550
1034610
1039853
1040251
1042448
1042675
1043904
1044348
1045275
1049504
1050325
1060604
1062264
1063103
1064451
1064739
1066878
1069698
1071032
1074128
1074481
1075020
1075171
1077913
1089611
1094910
1098635
1102129
1106512
1111577
