107536
107724
117978
130260
138455
148673
149358
156003
156305
179122
179210
200739
217456
220201
249736
285334
286184
303182
306568
310821
314494
318998
319952
331746
332928
334092
335616
340857
348456
355592
355952
361353
366154
405080
405113
406490
408070
418716
431374
439351
444381
446165
451572
456150
461473
462236
481113
484956
485828
486113
494628
497481
512350
512805
515936
526524
537265
541950
545785
548681
555882
555991
556676
558271
588525
589169
599293
610554
650011
693193
696577
698237
734827
756427
758819
772088
774114
827055
829307
849340
863491
866455
872971
881860
912110
912919
937404
956686
969405
970623
971139
975696
988747
1022598
1044697
1058826
1066878
1071032
1085992
1089611
1121044
1155422
1174346
1179295
1188868
1220333
1221526
1225140
1233480
