100194
101105
101185
101392
101682
101912
102120
102136
102168
103904
104047
104790
105126
105649
106150
106565
106748
107216
107493
108122
108396
108468
108520
108765
108805
108938
109711
109767
110899
111061
111432
111828
111939
112041
112511
113425
113487
113699
114202
114342
114423
114658
114666
114771
114811
114817
115022
115068
115334
115679
117790
117912
118234
118302
118478
118560
118763
119521
120086
120768
121128
121730
122130
122203
122685
122824
123499
123777
123949
124464
124500
124681
125579
126619
126718
127790
128593
128645
129151
129345
130015
130019
130464
130532
130555
130752
130769
131823
131834
132260
133707
133892
134527
134631
134917
135063
136649
136996
137677
137806
137871
137982
138170
138187
138190
138325
138543
138794
140183
140578
141196
141220
141311
143054
143116
145215
146201
146720
147052
147410
147513
147896
148440
148601
149020
149886
149963
150817
150865
151353
152266
152339
152833
153490
153850
153970
154052
154059
154349
154953
154982
155371
156366
156490
156514
156634
156688
156705
157047
157561
157796
157861
158293
158672
160892
161206
161394
161742
161915
162567
162585
162884
163264
163470
163869
163936
163950
165377
165690
165765
166603
167012
167209
167298
167389
168332
169558
170586
171002
171480
171664
171799
172277
172406
172560
172679
172838
173319
174115
174525
174942
175498
175596
176911
177933
178285
178911
179013
179416
180223
180230
180654
180667
180826
181027
181421
181867
183631
183912
183931
184070
184841
185135
185215
185724
186625
186835
187715
187833
188309
188482
188558
188747
191307
191426
192198
192455
192513
193575
193677
193871
194125
195024
195200
195378
195998
196232
196667
197421
198355
198566
198697
199021
199285
199655
199656
199673
199984
200047
200347
200375
200446
200564
200596
200648
201359
201396
202124
202371
202691
202754
203921
204400
204821
205683
206040
206111
206659
207033
207309
208332
208744
209608
210409
211149
212450
212871
213511
214177
214303
215374
216808
217726
219147
219965
220021
220023
221900
222650
223788
224306
224368
224478
225255
226086
226355
226924
227234
227626
228704
230094
230124
230410
231687
232016
234017
234140
234320
234859
235297
236344
237038
237181
237374
237375
237597
237738
238881
239186
239503
240562
241230
241420
242618
242913
242971
244198
244827
245076
245144
246715
247304
247377
247735
248072
249715
250022
250397
251002
251654
252901
253466
253842
254490
255620
256648
256728
256742
256884
257705
257886
259520
259756
260114
260730
261280
261715
262379
262427
262604
263245
263477
263940
264151
264688
265438
265739
265978
266087
266157
266191
266873
266879
267739
267912
267956
269187
269558
269732
270220
270380
271256
272234
272301
272307
273864
274754
274796
274894
274953
275134
275548
275584
275763
275915
277301
277677
278593
278763
280156
280320
280693
281256
281988
282112
282188
282570
283171
283502
283533
284052
285626
286584
287447
287468
287867
288642
288685
289220
289916
290045
290337
291174
291218
291512
291564
292097
292347
293147
293839
293992
294109
294115
294576
294965
295601
296181
296219
296795
296832
297354
297929
298174
298245
298450
298742
298759
299637
300145
300175
300380
301591
302117
302619
302871
303160
303396
303602
304298
304487
304712
305003
305343
305516
305651
305678
305717
306257
306607
306906
307173
307210
307718
308695
309153
309321
309381
309792
309886
310155
310170
310184
310920
311655
312376
312509
312834
312856
312931
313130
313291
313472
313674
314138
314607
314644
314647
314666
314813
315186
315504
315579
316368
316678
316991
317108
317527
317558
317586
318322
318678
318895
319839
319870
320316
321639
322061
323051
323540
324441
324679
325309
325354
325831
326483
327015
327129
327358
327452
327681
327909
328141
328721
328952
329711
330205
330939
331420
331511
332286
332432
332635
333067
333120
333674
334136
334185
334806
335544
336696
337743
337840
338009
338762
339051
339428
339905
340253
340412
341101
341253
341341
341582
342158
343189
343312
344415
344630
345506
346406
347476
348948
349408
349622
350054
350143
350965
351542
351763
352108
352539
352980
353724
353820
354101
354336
354730
355203
355942
356236
357053
358032
359175
360383
360566
360750
361047
361090
361384
361488
361607
361695
363046
363138
363692
364296
364367
364672
364850
365043
365367
365690
366033
366567
367391
368001
368080
368170
369391
369474
369654
370988
371435
371498
371575
372108
372225
372638
374085
374604
375021
375108
375230
376043
376854
377365
377366
378893
379043
380131
380150
380828
380944
381628
381774
381808
381832
382117
382180
382427
382431
382961
383170
383464
384261
385149
385199
386196
386618
386680
386756
387114
387239
387325
387373
387532
388275
388634
388739
388905
389285
389853
390756
390781
390982
391816
392200
393462
394148
394541
395532
395989
396392
397075
397506
398225
400253
400722
400788
401082
401213
401508
401699
401848
403445
403759
405267
405310
406630
406772
407030
407141
407242
407912
408799
409260
409376
409613
409846
410392
410397
410571
410741
410970
411679
412127
412666
413059
414193
415088
415780
416657
417961
418229
419058
419307
419668
420848
421796
422497
422871
422901
423161
423459
423518
423574
424865
425686
425951
425954
426406
426964
427096
427250
427408
428202
428651
430160
431192
431350
432305
432995
433003
433622
433654
434499
435091
435404
436016
436333
436536
436940
437885
439383
440622
441047
441993
442178
442250
443015
443377
443552
444081
444143
444167
444175
444555
444787
445147
445207
445261
445663
446043
446169
446548
447013
447050
447204
447321
447717
448392
448590
449280
449529
449654
449671
450463
450524
450776
451363
451487
451669
452092
453193
454299
455008
455312
455319
456059
456258
458339
458921
459070
459305
459345
459932
460089
460202
460228
460550
460771
460884
461875
462697
462727
463253
463510
463550
463969
464208
464331
464835
464842
465370
467398
467501
467636
468192
468551
468745
469858
470752
470805
471256
471775
471923
471962
472112
472182
472493
472871
473077
473727
474401
475335
475440
475454
476137
477056
477520
478306
478331
478530
478604
478931
479253
479256
479474
479921
480218
481388
482352
482699
483100
483493
483533
483688
484507
487374
488754
489263
489485
490190
490581
491803
491884
493372
493464
493713
493930
493984
495387
495507
495684
496456
497131
497798
498298
498355
498489
498969
499286
499712
500694
500777
500929
501269
502556
502923
503254
503775
504168
504317
504488
504723
504942
505787
506588
506984
507489
509577
509785
510627
511290
511792
512147
513469
514478
514668
515047
515371
515602
516115
516399
516797
517083
517918
518003
518075
518759
518800
518902
519137
519320
519327
519469
519581
519627
519887
519950
520071
520244
520599
520708
521837
521982
522628
522769
523099
523147
523356
523545
523586
523818
524542
526900
526976
527144
527150
527231
528008
528431
528700
528716
528757
528848
528869
529466
529688
530127
530131
530240
530814
531053
531554
532306
532369
532387
533693
535413
535838
536398
536990
537145
538133
538243
538246
538955
539741
540247
540736
540798
541793
542084
542461
542513
543323
543430
543642
543699
545130
545944
545984
546043
547635
547913
548581
548678
548830
548999
549038
549049
549634
549948
550646
550956
551098
551221
552282
552846
552903
552972
553151
554300
555540
555714
555797
556719
557170
557428
557636
557931
558424
558639
558641
559399
560237
560369
560724
560736
560820
561280
561354
561724
561750
562698
562758
563799
563868
565546
567321
567649
567823
567971
568128
568132
568886
569268
569912
570444
572139
572651
572859
573561
574168
574409
574634
575287
575459
575523
575827
576380
576975
578301
578455
578507
578640
580118
580665
582527
582545
583156
583460
583791
584126
584174
584447
584471
584986
586117
587875
588699
589066
590237
592027
592647
594027
594142
594535
594866
595081
595139
595227
595321
595857
596052
596217
596222
596440
598886
599592
599725
599919
600388
600393
600773
602580
602649
602997
604625
604947
605068
605153
605261
605319
605853
606450
606741
607089
607267
607593
607784
609205
611957
612784
612824
613804
614220
614670
615119
615217
615570
615712
615774
616105
616170
616858
618387
618634
619106
619453
619745
621246
621358
622143
622174
622271
623370
625131
625376
626163
626395
634282
636853
638210
639907
647915
655970
655983
657916
670675
671210
671927
673938
674245
675528
680679
684785
686005
686919
691435
693519
698429
698889
699477
702148
703692
704043
704970
707394
711978
713391
714926
714981
714997
715341
716095
716605
717621
718818
719939
723560
724769
729048
729839
731074
731969
732484
733146
733175
734723
737348
738892
739860
739929
740042
740249
741170
741466
741468
742338
742890
744146
744951
745144
745446
745909
747029
747446
747609
748989
749217
749773
750245
751640
752568
753443
754357
754409
755525
756073
756204
757597
758197
758968
761236
762412
763214
763217
764843
765409
765772
773493
775827
776030
777179
777643
777707
777713
778698
779891
780125
790704
791569
791820
793919
794611
795345
796107
796552
796587
798831
798943
799315
804528
804815
804991
805158
808622
808804
808909
810769
812459
812623
815181
816697
818139
818643
819320
821001
821047
824083
824398
827281
827637
828203
828730
829305
830201
833102
833186
835707
836821
836943
838066
838612
838634
839184
841343
841409
842177
842240
842941
843326
844047
845238
845834
847038
847660
849398
849812
860385
863202
864534
865871
866385
866670
866723
866785
866805
867193
867332
867699
867784
867960
868830
869075
869078
870253
871085
871314
873779
874064
874415
876406
876768
877095
877227
878034
878063
879040
879507
879794
880018
880070
880905
881058
881500
881662
881847
882215
882436
882864
883541
885674
885724
886050
886899
887214
887891
888449
888764
890028
890399
890518
890874
891055
892083
893116
893132
894344
894409
894584
895064
895185
895682
895812
896797
897071
897112
897154
897280
898005
898790
898831
898843
899330
899601
899725
903197
903623
903640
904661
904975
905119
905418
905482
906151
907579
907616
907710
908076
908982
909107
910386
911475
911614
911963
911967
913577
913899
915587
917773
918942
919805
920128
920814
922200
922413
922746
923982
926125
928997
929119
929267
930235
930239
930308
930331
932063
932324
933681
934189
934392
935624
936466
937696
939097
939408
941075
943369
945563
946001
948710
949779
949782
950781
953088
953681
955102
955120
955150
956307
956341
956675
957469
957813
959196
959459
960142
960639
960904
961949
963615
964075
964485
964558
964983
965637
965663
966233
966582
967784
967786
968664
970153
970375
970436
970580
970914
971686
971894
971992
972656
972937
973330
973649
975853
977090
978466
978488
983432
984672
984775
984812
985590
986779
988859
991765
992218
992526
992699
993844
995513
996186
996278
996363
996628
998545
999056
999488
1000212
1000503
1001471
1001996
1003159
1003424
1003499
1004943
1005793
1006069
1007975
1008949
1012481
1014033
1014685
1015043
1016343
1017573
1018245
1020524
1022346
1024715
1025439
1026214
1026225
1027170
1027646
1027696
1027971
1028364
1029318
1029634
1029676
1029767
1030310
1030391
1030889
1035449
1035774
1036212
1036452
1036808
1038506
1038955
1039399
1039714
1041531
1042827
1043083
1043581
1044423
1044582
1044793
1045120
1045593
1046906
1047905
1047955
1048011
1048518
1050419
1050479
1051587
1052074
1052397
1052838
1053405
1053853
1054237
1054560
1054887
1056332
1057085
1057197
1058591
1060176
1061637
1063946
1064097
1065001
1065311
1065901
1066512
1066628
1066967
1068889
1069295
1070412
1072004
1072489
1072631
1072676
1073032
1073539
1073928
1073949
1075341
1075356
1076586
1076612
1080578
1081768
1082060
1082527
1082539
1082641
1083441
1085236
1085849
1087105
1089689
1089901
1090057
1090202
1090818
1091502
1092210
1092742
1093847
1095891
1097740
1098337
1098509
1098547
1099947
1100051
1101214
1102873
1103098
1103163
1103368
1104276
1104744
1108055
1108766
1110423
1111244
1111303
1111778
1112088
1113856
1114085
1115988
1116587
1117552
1120037
1120736
1121384
1139357
1140233
1140364
1146647
1149164
1149491
1149848
1150209
1150694
1152207
1152434
1153387
1153425
1157557
1157926
1158336
1159082
1159818
1160772
1161406
1162067
1162329
1162920
1163442
1163690
1163691
1163966
1164112
1164182
1166148
1167207
1167617
1168767
1170356
1170775
1171227
1171265
1171591
1172744
1172837
1173969
1174484
1174591
1175527
1175680
1176487
1176997
1177002
1177042
1177060
1177312
1177599
1178295
1178525
1183011
1184015
1184230
1188579
1189171
1193377
1193469
1193718
1194486
1194669
1196697
1198352
1198445
1198815
1200703
1201683
1201864
1202706
1204127
1204414
1204480
1205586
1206265
1207037
