100497
100784
103904
104345
104424
105047
108163
109302
109525
109767
110899
111958
111996
112044
114666
115283
115438
121440
122918
123434
123642
123777
123949
126875
127111
127145
128289
128593
129129
132640
133955
134527
135889
136699
139038
139918
140093
140578
140850
140877
142372
147896
149579
152806
152992
158085
160867
163293
165402
170884
171795
172147
174805
176262
176862
183912
188938
190264
191561
192028
195197
198194
199656
199673
201024
201704
202507
204037
206960
209608
209799
216620
219303
220247
223318
223536
227677
231331
232647
235462
237536
237909
239687
239730
240630
242000
244198
245547
247172
247209
248818
249457
249738
251002
251568
253255
258299
260419
270220
272123
272234
273691
275357
281988
290089
290340
291564
291752
292888
293851
293878
294969
301402
307631
309153
314813
319251
321172
322520
323046
325265
326681
329057
330205
333674
334058
334815
335124
338547
340253
342442
344702
344704
348380
350054
350593
353644
355520
355838
355952
359561
359766
360750
360995
361188
361859
362444
362768
365174
368030
368138
368496
369956
370690
372038
373276
375617
376431
381585
381668
388509
396610
400827
401053
403914
409376
411215
416163
417862
419469
422197
425005
425954
427936
428462
428760
435733
441739
444175
444776
449166
449925
452320
453193
454097
455425
460584
460754
464868
466084
466937
468355
468661
469533
470065
473212
476721
477997
480481
485130
485548
485826
486768
490454
494293
495047
503254
505468
507835
508777
508803
509851
511451
516797
519415
519718
523303
525166
527748
528558
535159
535603
536911
537134
537810
543354
548543
549238
554667
557959
563600
565175
567787
569912
570365
573259
576166
576233
578301
583879
586677
590204
595341
600388
602068
603395
606632
607017
608651
611629
615032
616225
621200
621858
622143
625643
626395
632049
633114
634282
640694
643227
648052
649774
651048
658355
664262
666723
688197
688975
719194
721582
736206
736875
745567
751146
751640
756866
764009
772616
773026
779524
783674
783906
788680
793957
806452
815755
828469
829768
830520
832102
834629
835149
835606
838190
840088
843255
866385
866455
867553
869865
872971
879166
880605
882421
884542
889372
900753
901836
902458
903386
903406
904975
908561
911227
912129
913373
915275
919667
922589
925187
927492
933793
939850
949779
950091
950184
950715
950781
951130
951497
952954
954473
956465
957469
958096
962422
964915
971440
974145
980672
988673
989892
992906
996223
998545
999866
1000572
1006130
1006464
1007139
1008533
1017859
1018183
1022691
1023819
1027704
1030087
1037482
1038016
1039714
1042234
1042707
1050325
1050419
1054116
1054237
1055041
1056080
