101235
101246
107536
112161
112436
114995
127760
130260
134545
137955
138455
141311
143382
146720
157319
167870
172406
178786
179727
194749
196867
204208
206024
207002
211606
213075
218498
220201
236164
242920
249736
249916
256884
263913
267956
286184
286384
286890
289259
294115
294323
306030
306568
314494
330069
330866
332928
334092
338091
338947
340857
347545
348456
350143
350541
353824
354088
359077
373747
378158
378300
381377
387123
387325
400749
417976
418129
424610
434730
439351
444381
444787
447204
447321
451487
451572
458746
460771
461473
464519
470752
476137
481341
484956
488635
494628
512350
512805
516884
519887
521461
522574
525249
529805
534467
535929
542513
545984
556676
558309
567638
567649
573126
574634
576362
600505
606290
623406
650011
688328
694298
717935
719763
772088
776007
784359
794978
827055
829955
841590
857103
863993
882474
886899
890518
902696
904661
905059
905873
912110
926153
927148
932374
956341
963615
969099
971686
972779
972937
982344
992218
1007975
1014685
1015043
1019250
1025324
1036452
1046279
1047955
1048011
1052503
1054887
1062651
1064491
1066859
1075341
1084000
1093004
1097861
1103368
1108055
1111303
1121384
1152207
1153022
1168082
1179385
1190088
1204437
1234999
