101170
101185
102375
103904
104293
104345
104394
105293
106541
109302
109767
110899
111996
112335
113661
114666
116969
118478
119906
120771
123949
126059
129865
130532
132763
133767
133892
134527
135736
135996
137871
138170
138296
138923
139038
139611
140168
141592
142372
142933
144206
144896
146574
147589
147839
148200
148416
149579
149963
152897
153656
155391
156590
156715
156779
157359
157480
159143
160985
161394
162567
162835
164038
164382
165072
165609
167694
170102
171039
171287
171664
171795
174942
176862
180171
181648
181780
181964
183067
184071
185215
186815
187833
188603
189356
190264
191561
193858
194469
196296
197201
199323
199673
199984
203089
203538
204431
205071
205162
209794
210653
211109
213874
215128
215267
223127
223458
224262
228137
232647
232696
235297
235462
236843
237738
239687
241420
244198
244484
244827
244914
246504
247708
247730
251002
251467
251568
252019
252287
254661
255535
258366
260993
261214
261761
262401
264417
265981
266716
267121
270220
272542
275467
276121
277935
278733
280536
280999
281279
281322
281988
282396
283278
283918
284573
284704
285285
286035
289284
289967
290089
291564
292179
294335
295946
296343
296486
297431
301402
303315
303544
304012
305651
305778
306257
306638
307109
307173
309153
309435
312376
312418
314647
314666
319219
319630
319870
320791
321172
321563
322520
323046
323396
323850
325140
325265
327599
328183
329514
329682
332418
333036
333450
333674
335544
337232
337531
337743
340253
340393
342292
345301
345758
347542
347680
349049
349360
351455
351686
353319
354159
354659
355838
355952
356178
356857
357585
360303
360750
360995
361022
361859
362768
363093
364930
366435
366803
368030
368080
368138
369390
370690
371346
372104
373006
373276
374519
374847
378563
379016
379043
380495
380551
381624
381668
381774
385364
390487
392769
394541
394553
394697
396894
399356
400827
401053
403445
403759
404441
405213
412173
417111
417475
420485
421831
422151
422794
423602
425954
427096
427250
427921
428148
428185
430438
431816
432305
432893
433538
433654
435091
436090
436693
445481
445663
446237
446397
447011
447645
449488
449654
449743
451363
452588
452589
453193
456110
457624
458101
460608
460754
462727
464331
466937
469533
474027
479553
480432
480968
483161
483533
484910
484934
485289
485938
487885
488139
489487
489631
490090
491222
501662
502013
502230
502970
505510
506580
512746
514317
517918
518398
519310
519357
519997
520041
520204
520424
521710
522815
523273
523303
523586
527764
528558
529543
529795
531053
531164
534476
535711
537036
537131
541447
541950
542908
544206
548105
548135
549005
551228
551892
552374
554565
556559
556852
557339
557537
558887
559042
563531
563600
563672
564419
565124
567034
567220
567787
567971
572013
573259
573838
576239
576241
576608
577984
578876
581051
585469
585712
588437
588694
593782
595455
597681
600388
602289
602580
602814
604098
605416
605763
606632
606762
606879
607784
612824
614578
614630
616689
617124
620920
621200
622143
623887
624470
624519
624521
624871
626070
626162
626395
631252
634282
634638
645896
648052
655970
657167
658655
659088
664718
666723
667314
667427
674245
674344
681522
682613
691554
705749
717234
721055
725404
725406
731036
733873
734691
735115
736206
738892
738929
739860
740272
740276
740786
742599
742909
745178
745567
746862
751640
756486
757634
758478
762144
764009
764636
770195
774114
776030
776250
777174
778017
779027
779524
783906
790557
791569
793957
797667
798930
816093
825190
827410
830180
832102
834283
839662
840790
841816
842018
842532
842941
857878
860435
864033
865051
865142
865145
865525
866385
866455
869019
869879
870420
872971
879166
881409
882341
882421
884004
884179
884542
885287
885828
886926
887348
889372
890626
891917
893116
894105
896272
897979
899200
902467
903406
903640
904975
905810
907465
908561
910238
915181
919667
919805
922209
922480
922589
922899
924491
928997
929414
932583
933511
933793
940381
943482
945308
945563
948719
949029
949112
949127
950781
952954
956265
957469
958258
960146
962902
963626
966894
967557
968923
969958
971146
973860
975486
976825
978400
980992
984204
984972
990090
995066
996698
997283
999397
999796
1000125
1001821
1007158
1008663
1017461
1017523
1017563
1019039
1020586
1022487
1022947
1026443
1026912
1027704
1028568
1030087
1030770
1031152
1031280
1038417
1038493
1039714
1040091
1042234
1042827
1043083
1043199
1049071
1049933
1050603
1052581
1053853
1054188
1054237
1054548
1056623
1057759
1060176
1061317
1061637
1062983
1063364
1063450
1066122
1070333
1070388
1070445
1071032
1071351
1073180
1073860
1074042
1075009
1078872
1086014
1086750
1087583
1090258
1090652
1090991
1092681
1095891
1096379
1097486
1098635
1098683
1098850
1100162
1100710
1105926
1106546
1107665
1111022
1115988
1122221
1152090
1152434
1157432
1158494
1160530
1160764
1161779
1162529
