104122
104311
105256
106442
110569
111299
111320
111901
114078
115133
117461
122953
124558
129865
133014
135206
138455
143739
145163
147495
149358
150201
153629
154165
156003
156454
157880
158715
168884
172457
175030
177158
178862
179122
179210
179354
183036
185520
187606
188028
188096
193058
193219
193480
195818
201169
201704
205543
207265
213894
215571
218551
219557
222422
223769
224288
227535
228721
229543
232528
232716
235302
236355
240070
240732
241262
249298
252539
259005
263990
266754
268398
269795
274448
275145
276660
280075
286999
290288
293509
296939
296978
302336
303182
307920
309113
310287
313330
314195
315521
316085
317365
319732
320398
321563
321730
325217
325508
327935
329954
338862
339726
340892
342554
344262
346052
348780
349175
349205
351599
355952
356107
357905
358089
358193
359239
361928
366154
367518
369359
370185
371146
371195
371266
371614
373276
375751
376752
376811
378081
378833
381568
382160
383197
383544
388248
388367
389359
391838
391927
393927
395357
397222
400520
402039
403586
405113
406497
411476
414915
415846
416265
417832
421226
422630
423513
430985
433359
436727
438350
438369
439351
443448
444007
448379
449661
451572
453449
456150
458452
461473
462236
463380
463601
464446
465179
466365
467509
469453
474144
475913
477469
480255
481113
481450
482054
484956
486586
486598
489876
490250
495463
495718
495784
496318
496594
496602
496799
498485
500027
500773
506197
510326
512350
512934
513037
513064
513739
516269
517691
522400
523122
526184
527508
527976
529543
534349
535690
536284
536854
538304
541311
542121
548152
555913
555991
556676
557637
562740
563152
566906
567863
568169
572092
572283
573524
573616
574194
576281
579243
580138
581043
581768
584815
585855
586050
588861
592916
595074
595606
595959
597089
598465
600135
600897
602068
610037
612887
613217
613920
618576
618835
621494
622812
623517
627456
638941
659198
684671
699965
700038
713513
717302
731766
733528
734827
739512
740349
743895
751399
756427
758732
758819
764000
777174
779518
792139
796188
799725
810644
817083
818420
825838
825962
831250
849340
863491
866455
868054
869320
872216
872909
872921
872971
873394
875744
880747
881068
881324
882245
882421
883810
884390
886811
889372
893721
896790
899017
901725
906246
908547
914488
914678
921280
925898
930991
935849
939722
943905
944457
945568
949836
953867
953894
957065
961337
963774
963812
964541
968904
970562
975212
975791
978356
978400
979326
980272
998432
1000138
1002380
1012523
1012796
1013011
1013485
1013919
1014134
1014298
1014576
1015386
1016068
1016246
1018465
1022103
1034465
1035736
1036163
1039622
1039853
1044348
1044697
1048120
1048291
1049330
1050325
1062264
1063103
1066872
1067387
1070771
1071960
1073687
1074416
1075171
1075582
1077513
1077788
1081922
1085992
1096439
1099716
1101551
1102129
1102739
