101583
129652
133955
139918
149005
149358
156003
175030
179122
181447
190264
201704
203896
211249
220201
223769
232647
242041
248818
249703
261750
272184
285334
288519
293878
296054
297198
315486
319251
319861
321596
325191
332928
334513
335124
349914
355592
355952
357905
358583
361105
361274
361476
362574
370185
373276
374935
378687
384399
384624
387599
388509
396610
397222
399636
400827
408070
417739
422630
439351
447692
454311
461473
468001
486113
486768
494428
508716
508777
511451
514356
519415
535603
537265
537392
538455
555991
556676
567840
568382
569180
576610
577207
577668
590436
592916
599293
602068
607017
612284
615032
620265
658691
678781
688975
734827
757296
772088
783674
797590
830520
831456
833255
849340
863491
866455
866758
868054
872971
882421
889372
895081
914853
924203
933793
956580
956686
969405
976826
978084
979173
989892
1007139
1010656
1025779
1048291
1050325
1055690
