117978
132873
135206
140050
149358
152438
156003
157480
170122
183042
186353
201774
209827
211249
226572
231223
232475
238099
238407
241363
242990
247595
252176
263990
272184
283101
284704
284718
288519
290854
296144
297198
303113
305397
310821
319166
319251
319861
319952
332928
335616
338862
343860
350268
351983
354817
355952
361353
363069
366154
368055
377348
380495
382597
396903
400827
402629
416480
420381
430340
432893
433733
438350
439351
440904
442907
444381
446165
446290
463601
484956
491979
518888
529492
529543
531887
535603
537265
537653
539350
545300
555991
556676
562740
564203
567149
568233
571013
572243
578537
579243
582695
595455
602261
621412
658691
700038
714360
772088
779222
787888
866455
866758
872971
912919
930557
931934
933793
942640
956580
956686
957803
969405
970595
970623
1000882
1012796
1017280
1029914
1032905
1058826
1060391
1063103
1066878
1067863
1085992
1089611
1096766
1106512
1111293
1111712
1155422
1169908
1170319
1180032
1195348
1198151
1216889
