101742
112511
121029
121730
124558
128083
130752
132966
138325
140121
146201
155211
173319
175030
179210
185724
189858
193677
201396
222000
223769
238881
248530
261464
272184
272307
274742
288754
291605
294965
296054
298245
298548
299373
300175
318075
327351
331420
339885
350768
357957
366154
369391
371519
404019
418229
438686
443929
463380
471672
473727
477616
479246
493029
514478
516505
517175
521837
526488
534523
534767
536673
538928
539813
550509
552715
554521
554567
555753
560724
565546
567455
571913
606450
625943
770844
802670
836821
866805
883978
1053473
1061785
1063103
