100882
106541
111320
112192
116183
117461
122194
141519
142933
145921
149358
149662
150303
154165
157480
162835
164398
165284
168850
168949
172457
173559
174204
175380
177989
179210
182205
186490
186567
189356
193219
196079
204971
205463
208877
210401
211249
214397
218551
220140
221606
222422
228047
228227
232528
235302
243199
244914
246504
247659
250807
251220
252539
261750
262354
263990
265472
266313
268587
274391
275813
276616
277047
284704
284718
285334
287834
287958
288540
290288
296700
297198
298513
300450
305919
313531
315521
316085
319166
323165
323823
323850
324400
325824
328075
332139
334092
335408
338862
342554
347928
348211
349205
351599
352286
353917
356697
357076
357585
358261
360625
362946
366154
367316
371266
376752
380495
381380
381568
383055
384798
389914
394990
397005
404286
404674
407077
408037
408070
408730
411041
411179
411832
424196
429896
430340
434440
438276
443448
444007
447519
450717
452539
453626
456731
458452
459912
460608
462236
467509
471661
474380
480255
485828
486113
486808
487727
490639
508424
508684
512746
513037
514643
515936
518888
520405
521874
522308
522400
522578
523187
525242
526184
529566
532288
536284
537265
537392
538322
539575
540808
541009
541473
541513
542485
542549
545927
551256
552096
557623
560069
564534
566428
566775
571013
573896
581289
582514
584297
588694
589753
595004
595074
602168
602687
603305
605982
607424
610554
612375
615241
623887
624419
630096
655126
656490
658072
673228
696179
705311
718364
731766
733528
738677
744506
751399
756427
762002
763902
766612
767494
769024
771641
772088
792139
792719
797879
810251
817083
817871
824341
825190
834995
849080
868054
869786
870068
872120
872216
872580
872971
875163
876096
880786
882421
883538
884273
886947
887157
889372
892685
893157
893725
893939
897709
907021
907543
912919
921295
922536
922689
924203
933462
939722
940381
941597
941752
945568
947206
952288
953795
953914
956265
956642
956992
967557
968286
969405
973860
977871
978245
986985
988786
989892
990425
992180
997744
1005572
1009063
1010656
1012912
1015386
1015814
1025779
1030345
1037406
1041024
1043782
1044348
1048120
1052581
1053470
1059635
1060391
1062715
1063103
1064739
1066673
1067564
1071032
1072480
1079768
1081866
1094910
1099716
1104306
1106348
1108657
1121044
1135742
1150750
1165940
1173138
