100194
100497
103218
103904
108938
109054
109572
110691
110899
112044
114666
118164
118478
121222
124990
127790
128859
133892
135553
135889
138296
140578
144573
145395
147410
147772
147896
149149
149579
149963
151984
152472
162076
163088
164038
165609
166939
171287
174942
175168
176862
179113
182855
187833
193575
204037
204431
210939
213412
215168
221346
235297
239730
240630
244198
244827
248818
249955
251002
251568
251775
252444
255353
258555
261223
265739
267391
270220
270378
272234
272880
273277
274836
275782
275978
283278
285727
288685
292347
293559
296181
296343
296604
297431
299418
303666
304012
307173
308334
309153
314647
314813
319870
319952
322387
322520
323046
326598
327802
328183
333036
333674
335544
337743
344568
346427
347220
351455
351763
354817
355838
355952
356178
359121
362768
366803
368080
369654
373230
378563
380828
381774
383964
387181
387680
387862
388097
388401
389821
393334
394541
395023
395817
400827
402484
403445
412807
414327
420925
421137
427096
429537
430438
432893
438350
441344
447317
449529
449925
453193
460608
460955
464331
466184
471841
471923
474302
493937
496573
496665
497579
510597
514562
523273
526900
527437
529543
529795
531053
533000
537170
539410
547162
551446
554234
560047
560438
565124
569912
575782
583460
590487
591864
600388
602580
602687
602814
607784
611740
612824
612915
616689
617993
618438
619880
622371
626395
634638
636458
640694
648052
655970
657706
693534
696493
734723
738892
739860
743412
748250
749307
751640
759265
761559
776250
777319
777555
789110
794594
814744
817898
828400
836943
842057
842941
845965
848540
866385
866455
869078
869865
872971
875750
879166
880558
881192
882421
885531
889462
889954
894249
896272
904975
907465
909799
911241
915181
922589
922899
925187
937696
943482
945563
949334
950781
951420
953733
957469
958765
959573
959654
968700
976383
978617
983577
986410
988692
998545
1005206
1008663
1017280
1025140
1027704
1037482
1040391
1049071
1052000
1058036
1058591
1061637
1062852
1066253
1069144
1071032
1076336
1086014
1089409
1090258
1090818
1092210
1095268
1095891
1099079
1101017
1101226
1103089
1103450
1105926
1108657
1112194
1115529
1127399
1155422
1159102
1163691
1166534
1166865
1168767
1171591
1173969
1178332
1179263
1180756
1184199
1193320
1196697
1197856
1198352
1208199
1214469
1215974
1216276
1217183
1217916
1221464
1221607
1223164
1228206
1232057
1234306
1237545
1237605
1238732
1239584
1245019
1246576
