102532
105126
106174
106500
107724
109220
114932
115022
115606
116517
117305
120248
120286
124681
125034
126249
126277
129415
130508
131071
131516
132253
132519
133397
141601
143498
144205
145215
147895
149886
150337
155862
155913
160153
161358
163869
164308
166524
170131
173528
178222
178285
179122
180230
181642
188482
188588
189769
191185
191747
194411
194561
195349
195808
198355
200898
202034
203819
206416
206965
209276
209598
214303
215374
215849
216329
221843
221900
223786
226924
231629
231893
232159
238481
242680
247851
249904
250963
252324
252704
254395
258025
258533
259132
261240
261715
261750
261752
261918
266177
267463
268529
271745
274132
278491
284050
285090
285450
287754
288714
290854
291899
297198
302246
302336
303696
304554
308901
312415
313472
313531
313731
314138
315575
316835
317586
318300
321596
327874
328351
332635
335400
339977
350390
352441
355592
355661
355676
359007
369660
373929
376177
380236
380881
382265
389961
390199
391083
392366
393439
396088
396106
397953
400253
401419
406056
406750
410824
410921
410970
416959
417444
423878
424597
428887
430340
431767
434444
436127
437974
443448
443552
446535
449890
450548
450623
452425
453834
458615
458921
460889
463030
463903
464208
465308
465771
465877
468383
468493
470042
474699
474879
475180
476566
481859
482512
483211
487798
491536
491709
495409
498303
499127
500694
502556
502695
503579
504878
506019
506632
508716
510479
510875
513392
515936
519137
519261
519306
519327
519861
520056
522268
524222
524668
527677
528848
530814
532306
534555
535243
535838
536998
537265
537723
537965
538133
538471
539446
545865
545910
555398
555882
561915
567321
575523
578902
580153
584126
585069
590237
594535
596920
598952
600407
600515
607278
607833
609414
609497
610403
610554
612953
613217
618337
623370
625483
645406
662382
672310
675569
684214
687773
701121
705461
711253
711978
717621
719359
731874
747446
766612
773493
779784
801364
805158
819859
832235
833102
834995
837578
841409
842170
844897
845834
864534
866133
867805
868830
871644
876212
876768
881068
881662
883395
894344
897112
898398
899330
901985
902470
907866
913899
918855
923982
934224
935227
949285
950817
950963
953133
956686
957568
965178
969405
969956
970021
979743
985590
989098
989745
991727
997163
1003223
1009163
1012481
1023595
1026604
1029987
1030140
1032321
1034893
1035622
1037084
1044608
1046200
1050540
1051361
1055722
1059033
1059459
1067295
1070572
1083883
1085639
1085992
1087105
1089061
1089136
1092457
1101837
1102327
1106512
1108350
1109294
1124305
1135820
1160216
1160568
1160717
1163145
1163901
1167769
1170752
1172049
1177944
1180306
1182777
1183766
1185643
1192896
1192948
1193538
1196346
1196573
1196711
1197850
1198151
1203549
1207494
1215832
1216244
1219925
1220283
1225976
1228789
1236905
1236968
1241990
