100577
101392
101749
102233
105649
106232
108228
108938
109054
109572
110691
110899
112041
112044
112387
114995
115022
115303
116049
116610
116748
118164
118478
120086
121128
121222
121499
121796
122808
123236
123801
124523
124755
124784
124990
125615
127285
127790
128859
130464
130838
131514
131823
132122
133831
133892
134473
134545
135414
135553
136072
137982
138794
140167
140578
141184
141311
141332
141664
141887
143665
144465
144552
145395
145592
146201
146208
147071
147391
149579
149963
152801
152992
153949
154004
156634
157047
158639
160378
160705
160952
160992
161206
162076
162167
163869
164038
165647
166465
166603
166939
167976
168379
168956
169242
169412
171090
171287
172305
173120
173319
173528
173746
176216
176404
176713
176750
176862
177933
179724
180808
181085
181312
181588
182406
182855
183931
183942
184841
186515
186738
186835
186974
187833
188588
189043
190629
191307
191358
191397
191472
191747
191909
192516
192627
193083
193191
193470
193575
193943
195864
195998
196232
196990
198355
199746
200111
200370
200564
201396
202040
202591
203067
203999
204181
204383
204431
205109
205866
207309
208325
209010
209458
209656
210261
210939
211606
213461
213730
214828
215168
215849
216979
217833
218465
219957
220306
220378
221102
221900
223493
224522
226924
227142
227626
227628
228458
228477
229513
233415
233524
234140
234220
235232
235297
236154
236566
237582
239730
239835
239971
240151
241974
242148
242201
242268
242913
244198
245076
248336
248530
249440
250176
250397
250963
251477
251568
252444
252620
253296
253734
254292
255796
255972
256060
256735
257373
257910
258405
259132
259630
259705
259856
259947
261384
262442
262728
263293
263913
264183
265244
265611
266150
267391
267956
268342
269187
269732
270220
270378
272234
272880
273537
274199
274953
275462
275782
275978
277922
278677
279787
280693
281256
282393
283278
284016
284023
284292
284355
285626
286228
286890
287308
288466
288642
288685
289307
289392
290616
291744
292246
292347
292374
293559
293908
293965
295084
295265
296504
296604
296815
297431
298591
298776
299397
299418
299637
300175
302471
302709
302871
303450
303696
305419
307210
308525
308612
308815
308992
309563
309886
310155
310668
312856
313387
314138
314188
315504
315762
316343
316368
317586
317710
319870
321137
321351
322387
322520
323333
324062
324352
324441
325245
325309
325450
326208
327133
327802
327874
327975
327984
328351
329014
330406
333423
334438
335334
335544
335688
336873
337607
337921
339051
339428
339445
339675
339713
342654
342688
343015
343202
344106
344483
344751
345337
345780
346406
346475
346950
347220
347476
348094
348948
350390
350725
350923
351455
351920
352108
353047
355812
355838
357731
358021
361090
362274
362673
363733
364367
365367
365989
366177
366241
366803
366910
368456
369654
369924
372572
373230
373699
373929
375542
375936
376043
376431
376468
377242
377365
378893
379890
380054
380689
381774
381797
381808
382947
383964
386890
387325
387373
387680
388275
388999
389207
389821
389823
390199
390756
393981
394148
394541
394741
395532
395817
397289
398274
399468
400662
400788
403177
403181
404019
404347
405072
405919
406534
406750
408071
409690
410397
410856
412127
413547
413554
414017
414076
415088
415447
416537
416657
416890
416959
418335
419033
419307
419983
420016
420269
420800
420953
421033
422349
422778
422871
423518
425149
425686
427096
428651
428978
429530
430802
431120
431142
432995
433622
435521
436333
436954
438169
438454
439312
440514
441047
441344
441660
442885
444143
444540
445207
446118
446172
446535
447204
447317
447981
448590
449529
449596
450524
450548
450623
450648
450658
451669
451717
451897
453193
453207
453834
454013
454083
454219
454530
454794
455312
456775
457077
458268
458921
459305
460228
460550
460955
461324
461571
462039
462048
462132
462697
462819
463350
463550
464321
464787
465127
466723
467594
468467
468493
469619
470004
470752
471543
471923
473942
474401
475157
476097
476652
478530
480708
480899
481954
482352
482740
483143
483767
484073
484135
484792
484935
486102
486268
486524
487123
487704
488635
489543
490755
491256
491395
492488
492768
493373
493937
493984
495076
497131
497674
497696
497711
498326
498495
500109
500566
500652
501111
501835
502397
502556
502999
503579
504317
505468
506019
507317
510303
510597
511024
511653
511792
512340
512483
513202
514044
514476
514562
515329
515710
516505
517415
518556
519887
520331
520491
521746
521885
522140
522876
522905
523273
523672
524222
525249
526900
526941
526976
528757
529783
529795
530055
530805
531053
533000
533584
533921
535929
537145
537170
537872
538133
538955
539054
539294
539813
540226
540268
540788
542461
543683
544203
544281
544950
545604
545865
545944
548581
550293
550387
550799
550893
551446
552555
552846
554519
555714
555753
557170
557579
557636
560180
561007
561159
561468
563386
563868
564220
564686
565124
565366
565526
566034
566403
566531
566577
568859
569912
570069
571753
572651
572850
574109
574409
574696
575287
575459
576301
576380
576981
579132
579353
580132
580829
581042
583156
583460
584447
585247
585939
587093
589209
590487
591864
592510
592647
594027
594142
594278
594535
595081
595305
596052
596217
598262
599061
600173
600407
600607
600659
601640
601900
602997
603066
603391
604772
605319
605492
606450
606922
607089
609205
609224
609257
611740
612824
615217
615243
615774
617993
618391
619880
621175
622174
622371
622767
625131
625483
625753
634043
636458
640694
648052
654290
656513
657916
660059
662120
662295
662370
669327
674700
681537
682525
687119
691644
696047
696493
704970
705461
707701
711980
716095
717565
717621
724438
725052
731934
734639
734723
738694
738892
739860
740709
744741
747446
747908
749246
751640
752568
754934
756204
756311
757740
757924
763217
764005
768034
768326
769130
769354
770357
771204
771232
773331
776007
776250
778462
779533
780125
787826
788170
794611
804528
807828
808422
808622
810351
814129
818839
819859
822437
823513
824083
825378
828400
828612
830062
830534
830708
832718
836316
840115
842941
844279
847693
849076
850287
860385
863448
863705
864534
866385
867699
869078
871822
873712
874734
875200
875601
875750
875771
876038
876389
876768
878592
879388
880018
880558
881500
881579
881754
885531
885538
887975
888764
889070
889462
889954
890399
891560
895023
897326
897914
898005
898398
898484
898639
899574
899788
899949
901011
901480
902546
903429
904034
904661
904772
906775
907616
907996
908076
909658
911475
911887
911967
914699
915181
916865
917561
917858
921598
922589
922746
923782
923784
924447
929267
931146
931432
932374
933050
933161
937696
938243
938584
941075
942254
942270
945563
947310
948870
949250
949334
949568
949782
950589
950781
951420
953696
953733
954028
955120
957354
957393
957469
957813
958171
958408
958821
959350
959573
961140
962202
963067
963615
965178
965780
965907
968700
970916
972627
973272
973987
975449
976383
978617
979705
981371
983577
984247
984661
985441
985590
986410
986779
987792
988692
989525
989745
995076
998827
999728
999970
1000180
1001274
1004644
1005793
1006775
1007022
1007975
1008413
1008762
1012296
1014685
1014944
1015768
1016985
1021023
1021628
1023942
1024511
1025362
1027704
1028259
1029987
1030310
1030880
1031126
1034094
1034684
1035023
1036553
1037646
1037693
1039029
1039138
1039249
1039288
1039589
1039954
1042285
1042524
1044582
1045120
1045581
1045791
1046200
1046322
1047955
1048011
1048196
1049074
1051361
1052089
1052919
1053227
1053469
1054312
1056258
1056600
1056892
1058591
1059504
1059665
1060608
1061637
1062112
1062852
1063037
1063883
1064726
1065001
1065332
1066253
1066625
1072489
1076634
1080102
1080244
1080578
1082751
1084815
1086014
1088150
1088671
1089409
1090818
1090866
1090991
1091502
1092210
1093043
1095220
1095268
1095891
1098455
1099079
1099219
1099947
1102967
1103089
1103163
1104563
1105448
1109301
1110941
1112722
1113856
1115729
1121384
1149491
1149848
1151059
1151882
1152667
1158085
1159078
1159102
1159705
1160216
1160568
1163690
1163724
1164320
1165600
1166148
1167988
1168051
1168767
1173969
1176580
1177060
1178435
1179263
1180366
1180756
1182202
1184199
1186493
1190088
1191737
1192820
1193320
1193606
1196697
1198352
1198602
1199522
1201065
1202555
1204040
1204318
1205586
1206265
1211373
1212318
1216935
1221464
1221907
1223164
1225265
1225948
1231887
1232057
1232187
1234306
1235962
1236516
1238217
1239050
1244541
1245019
