105193
105649
108294
110168
114817
116290
120286
124681
129710
133917
140387
145215
145478
145614
146032
147287
147391
149886
150923
152918
154132
156003
158032
159183
159748
160378
164308
170804
173174
174131
176750
177693
179416
181642
188588
189906
194904
198355
200898
206416
211671
212029
214303
219957
221900
222204
226924
226985
237303
238481
251114
254464
254813
257484
259132
271489
273864
274953
275156
275401
278491
284050
285090
285365
288714
291899
299397
299714
302709
307158
309886
314138
315575
318300
319861
320943
321135
323558
330450
332348
332665
344106
345624
347942
349914
350268
350390
352108
356945
359007
364137
364641
369660
371266
374467
378436
378965
379272
380881
384624
389767
390199
396831
397289
397295
397621
403177
404857
405239
406490
413973
416657
416959
421909
423611
424597
426430
428720
429035
434444
436127
437974
440771
440924
449584
449890
450548
452425
453834
454794
456150
457599
458921
462236
464662
464842
465004
465567
465877
467407
468383
468493
470042
471406
474699
479899
480524
482649
482827
484493
485828
487798
491767
493372
495507
498303
500652
504878
506632
508716
510875
513144
516692
519137
519261
519454
524910
527677
530327
532306
532620
536648
537237
537265
538133
545598
545865
547968
549759
550372
556243
557111
557131
560864
561915
563848
564071
567321
568931
569119
574109
574409
574988
584126
585456
589971
592345
592631
594535
599725
601640
608228
608658
613217
621743
622063
625091
655024
658691
684214
690889
705461
711978
717621
752805
756209
758846
764703
769443
773493
777643
810796
817595
827637
833102
834878
835363
837578
838788
840115
842170
868830
871644
871913
874653
875980
879619
880568
881021
883667
891209
892868
894344
897112
899949
905098
907616
910611
914853
923982
937249
956686
964386
965265
965727
965732
968004
969405
972938
983313
985590
989745
993289
998827
1005793
1023595
1029318
1029987
1030140
1031992
1033300
1041694
1046906
1047587
1052083
1066192
1087105
1106530
1108363
1110685
1121044
1124305
1160216
1160717
1163145
1164639
1169656
1170504
1170991
1178228
1190251
1192624
1193422
1196398
1196573
1196711
1197850
1198151
1199905
1216244
1217590
1225265
1225976
1232316
1240460
1240791
1241312
1241990
