100630
101105
102086
105349
105649
107030
107493
108543
108875
108938
109135
109242
109498
109730
109910
110731
110899
111175
111287
112041
112044
113661
113725
114363
114666
116517
117912
118071
118478
118554
118675
119285
119510
119521
120407
120461
120927
121107
121128
121147
121437
121607
121730
122407
123035
123881
124069
124464
124950
125615
125915
126035
126651
126734
127319
127790
128103
128265
129289
129390
129401
129748
130872
131514
131572
131834
132500
133022
134013
134631
136688
137060
137190
138296
138886
140052
140183
140465
140555
141220
141332
141642
141648
141652
142062
142418
143668
143727
143826
144417
145209
145282
146110
146208
146314
146452
147410
147772
149020
149963
150817
152266
152305
153900
154184
155231
155563
156096
156121
156366
156634
156644
157047
157796
159082
159748
160400
161425
161848
162167
163315
163689
163936
163968
164453
164738
165263
166603
166799
167298
167409
167428
168523
168552
170158
171039
171711
171799
172406
172576
172679
173181
173319
174296
174525
175450
175866
176162
176216
176228
177126
177469
177767
178829
179988
181027
181114
181964
182670
182855
183470
184756
184841
185017
185183
186815
186860
187189
187833
187986
188482
188588
188989
189283
189419
189855
191307
191747
191857
192516
193577
193871
194904
195246
196232
196834
197985
198443
198920
199021
199285
199323
199673
200564
201152
201253
201800
202119
202124
202858
205541
205668
206111
206779
207120
208010
208744
208869
209276
211046
211458
211854
213211
214303
214517
215374
215782
215849
216311
217726
219422
219746
220521
220763
220987
223641
224522
224604
225015
225621
225686
226086
226146
226924
227142
227267
227626
227768
228704
229711
230341
230856
231136
232159
233518
234017
234222
234277
234320
234380
234800
235297
235764
236862
237181
238153
238281
238316
238481
238557
239730
240151
241230
241388
241512
241596
241604
242206
242569
242618
242680
243093
243245
244680
245072
245076
245131
245468
245493
247209
247304
248530
250063
251002
251114
251141
251350
251654
252901
253466
253662
253842
254548
254873
255031
255198
255913
256524
256735
256993
257705
257982
257995
258382
259561
259630
259947
260697
261214
261223
261280
261396
261853
261946
262086
262161
262852
263477
263518
264263
265244
265391
267164
267775
268731
268924
269529
269906
269982
270237
270378
270843
271346
273267
274400
274953
275298
275313
275433
276189
276394
276893
277301
278593
279979
280081
280613
280850
280855
281256
282533
283278
284461
285206
286315
286753
287131
287608
288466
288517
288685
289246
289284
290114
291022
291564
291752
292422
292856
292878
292888
293965
293992
294115
294116
294495
294576
294943
294969
295086
296181
296219
296455
296684
296815
297390
297538
298450
298742
299083
299417
299907
300175
300688
301402
302471
303403
303546
303696
304157
304298
304794
305678
306607
306731
307176
307536
307874
308992
309153
309563
309662
310155
310920
311714
312163
312566
312821
312870
313291
313423
313674
313976
314138
314153
314647
315575
316138
316209
316368
316835
317586
318322
319006
319299
320052
320144
321120
321847
323046
323479
323804
325831
325922
326070
326528
326629
328876
329149
329339
332286
332432
333665
333674
333809
333857
335036
335094
335469
336381
336730
336873
337531
337592
338182
338514
338631
338806
339428
340267
340311
340938
341101
341341
341866
342688
343449
343869
344106
344290
344630
345301
345337
346289
346950
347067
347246
347476
347942
348948
349114
349622
349765
349878
351013
351455
351648
351712
351763
352108
352980
353221
353412
354401
354407
354730
355203
355838
356529
356945
357731
358528
358543
358932
359398
361404
361488
362924
363093
363138
364367
364676
364954
365174
365986
366803
366974
368969
369391
369654
371498
372049
372225
372970
373506
374604
374847
375393
375519
376107
376431
376468
377790
378183
378563
379139
379576
379896
380309
380828
380881
381685
381797
382117
382469
382500
382851
382961
385318
385378
385474
385735
386756
386879
387373
387459
387528
387588
388097
389821
391425
392706
394026
394148
394811
395636
396547
398211
398534
399352
399682
402635
403445
403759
405626
405901
405997
407307
408382
409174
409352
409846
410442
410463
410856
410982
413192
413937
414193
415088
415742
415765
416890
416959
417954
418747
419307
419395
419944
420245
421137
421852
422261
422458
422790
422807
423953
424321
424511
425001
425149
425424
425686
425954
426406
426430
426964
427096
427779
428750
428820
429092
429530
429748
429795
431199
432855
432898
432995
433003
433081
434313
434667
434944
435091
435521
436333
437383
437840
439114
439171
441032
441803
442885
443971
444803
445207
445326
445481
446043
446141
446169
446501
446599
446979
447204
448792
450524
450548
450576
451685
452286
452878
453193
453834
454083
454907
455342
456005
456219
456287
456884
456892
457077
457692
457930
458081
458457
458700
458921
460228
460756
460889
462636
463457
463969
464482
464835
464868
464880
465110
466214
466406
466582
467169
468396
468749
468960
469049
469497
470042
470752
471672
471841
473077
473137
473604
474699
475157
476362
477001
477807
477935
480373
480524
480899
480928
482512
482649
482817
482999
483533
483791
484351
484569
485052
485071
486791
487173
487374
487798
489345
489665
490096
490190
490823
491709
493372
493713
494444
495325
495684
497169
497772
497798
498308
498489
498495
498824
499471
499566
499712
500078
500158
501191
501521
502470
502556
503202
504549
504671
504682
504878
505081
505693
506019
506588
506632
507889
507911
508045
508654
508797
509835
509945
510622
513053
514324
514478
515009
515602
515788
516402
516505
516808
517175
517323
518166
518226
518800
518911
518977
519068
519306
519847
519887
520041
520357
520531
520708
521837
522876
522884
523099
523465
525730
525815
526900
527980
528601
528716
528917
529037
529078
530130
530433
530862
531681
531947
532233
532306
532518
533587
535047
535249
535413
535838
535929
536074
536398
536971
537370
538133
538243
538286
538955
539399
539677
540071
540247
540798
541193
541417
541453
541985
542073
542084
543400
543430
544260
545752
545807
545865
546857
546986
546995
547635
547972
548108
548194
548439
548581
549403
549845
550000
550387
550676
550799
550874
550893
551551
552555
552846
553151
553832
553841
554157
554565
556062
556927
557270
557417
557636
558641
558940
560331
560864
561007
562015
562398
562861
563641
563799
563868
564467
564966
565366
566531
567787
568670
570060
570071
570365
571211
571913
572850
573130
573223
573823
574469
574649
575218
575459
575523
576301
576313
576327
577449
577470
578455
578715
579893
580256
580313
580957
581673
583460
584447
585153
586193
586233
587093
587473
589121
589322
589515
590482
591109
593459
594027
594535
594957
595081
595282
595305
596052
596217
598054
598334
599033
599725
600449
600607
601900
602649
602814
602997
603134
604451
605319
605523
606450
607089
607453
608228
608352
608950
610441
611332
612410
612525
612824
612953
613804
615774
616225
616308
616689
617111
617754
618667
620532
622027
622174
624190
624875
625091
625131
625204
626070
626293
626543
626547
630658
631728
638210
641173
642541
648052
654290
657916
666700
668634
671878
680679
680859
684620
686238
686919
687466
696493
697825
700863
703612
704970
705461
711253
714548
716095
717621
722159
723407
725596
725674
726763
727526
729490
732056
733681
734701
736264
736979
737319
738892
739371
739860
740276
740325
741484
741769
742006
742430
742751
742752
744146
744951
747961
748914
751017
751513
751640
756621
759580
761471
761804
764487
764801
773306
773493
776007
778466
778698
779533
779569
779784
780709
781926
784065
785031
785381
787610
789767
790432
794248
794611
794828
794978
795480
795743
798943
803600
804528
804991
805459
806515
806597
807708
808804
808909
809731
810001
811501
814206
819320
819522
822437
822596
823956
824083
826694
827281
827754
828730
829305
829834
831241
832718
833102
834588
835707
836821
838066
838190
838612
839184
839662
841409
843087
844047
845902
845961
846301
854198
854939
864748
867719
867784
868830
869055
869328
870823
871314
873972
874430
874911
874976
875352
875691
875750
876693
876768
878168
879402
880445
880558
880754
881662
881754
881845
884501
889255
889405
889462
891167
891873
891917
895064
895595
895812
896576
897112
897154
898398
899788
899949
900069
901075
901745
901879
902624
903423
904119
905482
906384
906482
906700
907465
908239
908364
908384
911475
911614
911887
912284
914112
914722
917165
917858
918021
918078
918128
921231
922413
922899
923982
926660
929267
929431
932538
932988
934160
934626
935624
935917
935949
937602
939342
946440
949491
950274
950589
950781
952642
953668
953965
954307
954473
955120
956341
957393
957469
958684
963523
963615
964899
966445
966495
966582
970747
970813
971894
971917
971992
972539
973209
973940
973987
975853
977296
978530
978950
979705
979771
980247
980613
980703
981371
982129
982862
986299
987563
988692
993998
994004
994488
995076
997163
999021
999694
999728
999970
1000560
1000753
1001980
1005767
1005776
1007975
1008376
1009417
1009439
1011325
1013535
1014384
1014685
1019603
1021653
1025268
1029981
1030310
1030971
1032078
1033518
1033795
1034684
1036736
1037190
1037526
1038016
1038312
1041468
1043104
1043765
1044106
1044582
1045030
1047372
1047587
1047735
1048693
1051263
1052000
1052838
1053073
1054084
1054186
1054362
1054705
1056892
1058591
1059459
1061200
1061637
1063632
1063883
1065517
1066019
1066625
1066626
1066628
1068889
1069133
1069295
1070101
1070303
1070412
1071861
1072617
1072676
1073553
1074786
1076336
1076897
1077452
1077855
1078193
1079499
1080003
1083206
1083240
1083441
1085225
1085762
1085922
1087105
1088792
1089586
1089618
1090057
1093004
1093208
1093278
1095891
1098035
1098440
1098455
1098492
1098547
1099079
1099947
1100272
1100394
1102796
1102967
1104545
1105168
1106081
1106362
1106851
1107755
1108254
1110262
1113975
1116598
1118420
1121072
1122033
1122359
1123496
1123564
1124305
1124356
1125216
1125421
1133552
1134152
1150038
1150209
1150653
1151475
1151744
1151882
1153614
1157721
1158336
1158603
1160216
1162398
1163145
1163180
1163691
1163746
1163901
1164265
1166439
1166561
1166696
1166779
1167207
1168051
1168767
1169281
1169656
1170233
1170775
1171369
1171591
1172049
1172482
1173099
1173969
1174443
1175758
1176543
1176749
1177510
1177828
1178183
1179591
1180366
1182559
1184199
1187547
1188282
1189972
1191759
1194451
1196500
1197850
1198352
1198815
1198934
1199229
1199522
1199905
1200229
1200705
1200836
1201603
1201800
1203238
1204131
1205586
1206265
1207540
1207660
1208148
1208302
1209111
1209191
1210851
1210893
1213768
1213796
1214762
1216036
1216429
1219661
1221464
1221676
1225176
1227145
1229161
1229386
1231035
1232187
1232575
1233005
1233360
1235206
1235311
1235941
1236675
1237802
1238124
1239028
1240903
1241765
1243330
1244154
1244683
1245952
1246586
