109730
118554
121408
124132
126035
129151
133070
141330
144512
146208
149358
149838
150865
152715
153850
156634
161947
162055
162884
163515
171222
192445
195200
197892
202075
205109
207309
207999
211672
214589
239186
289116
296815
297467
302998
303808
305678
308992
309563
316368
320843
327617
328141
332432
333857
339428
343805
355387
361281
361488
364948
371498
371575
371928
373743
380944
383294
387373
393980
397222
398534
407141
409935
419062
431088
436940
437228
445207
446533
446878
448792
454083
454219
454796
455334
459155
459345
460228
460915
465145
466568
468525
475440
477520
477648
478306
480193
480373
486268
492488
499712
502484
505071
509386
511024
511792
512483
520059
522003
530133
532233
535454
538455
543430
543558
546031
546403
549038
550117
552846
556062
565260
570060
571960
575459
579132
587512
589952
592027
599279
604971
615217
615570
619574
622410
634258
668785
673938
675581
689705
698889
711308
738077
740325
753354
764204
794611
794690
805164
813375
818643
819320
827754
844055
866758
875601
888764
890863
917946
944871
944889
958301
968137
995709
1032078
1033466
1039101
1052397
1056892
1062496
1063037
1065517
1066878
1069295
1069812
1072252
1079981
1082849
1083206
1090057
1101768
1116420
1121072
1158336
1159082
1166138
1166148
1170775
1170848
1186493
1191310
1191484
1197029
1202592
1205586
1213730
1218794
1221408
1224499
1225176
1238217
1244683
1245402
