108559
133955
137637
138661
139918
144223
148645
148673
149358
150303
154529
159390
170455
172457
173576
174204
179210
179354
180587
188096
209038
213053
216255
223769
232475
233562
244023
255496
263990
266856
271519
275145
282723
284704
285727
286762
290288
293587
296615
299586
309883
318498
323880
324156
329479
332928
336239
338862
338894
340868
347928
349205
350883
351599
355592
357076
359239
364767
366154
367316
377348
392865
395875
397005
400827
401319
406394
411832
412807
416480
418954
425600
430340
442282
444007
458452
460608
466365
466370
473825
474158
480255
480445
480514
487410
495371
500773
506852
508777
513229
529847
534894
536854
537392
542549
547006
551256
556243
556676
561360
571013
575027
577372
579243
582195
583577
591971
592856
592916
596427
599293
603349
609552
615790
617626
639169
658039
734827
750068
756427
818420
821419
839250
849404
867749
870977
872909
874436
880786
889372
890626
911537
915015
925293
930557
933462
936719
939722
949243
951512
953867
963942
964541
971035
977704
979326
1009063
1015386
1017280
1022699
1023000
1029136
1033353
1040699
1048142
1052901
1058160
1063103
1063450
1065835
1066878
1067863
1071032
1071940
1074510
1094910
1096704
1102631
1110165
1121044
1140087
1153290
1176130
1179949
1198151
1204199
1223446
1224179
1224499
1226252
1240667
1241245
1245469
