100034
100194
100680
100942
101299
102086
102475
103904
104756
105649
106213
107030
107486
108228
108294
108938
109054
109075
109730
109765
111209
111958
112044
112511
114666
114995
116241
116566
116969
117912
117934
118071
118364
118478
118658
119376
119510
119521
120086
120286
120331
120981
121408
121730
122601
123236
123460
123642
123777
123949
124069
124464
124681
125915
127757
127790
127960
128560
129151
130184
130555
130571
131961
132014
132500
132519
133892
133917
136045
136146
137677
137685
137871
138701
138707
138923
140480
140578
141220
141845
142694
143668
145215
145257
146032
146208
147287
147410
147563
147896
148440
149083
149302
149838
149886
149963
151200
151702
151806
153534
153850
154737
155211
155913
156634
156690
157246
160270
160513
160677
160791
162284
162754
163470
163661
163810
164231
164593
165710
166154
168735
168953
169447
169564
171039
171222
172406
173095
173181
173319
174447
174458
174547
175203
176549
176750
176761
176862
176911
178285
178751
178786
179416
179988
180230
181607
181867
181964
182290
183878
185215
187495
187554
187833
188040
188482
188528
188588
191561
191747
192445
192562
192624
193333
193677
195808
196012
196433
196749
198548
199984
201584
202154
202227
203819
204764
205109
206416
208285
209276
209598
209608
209656
209794
209872
209988
210628
210939
211854
212302
212891
213211
214517
215374
215849
216732
217160
217468
218262
218744
219957
220401
223493
224646
225324
226056
226617
226924
228458
228477
228634
228704
228918
231629
231893
234017
235297
236344
236609
236843
236862
237374
238481
238743
239186
239412
239639
240479
240696
242569
244827
245246
246476
247735
247754
248530
248661
249024
249443
249934
251002
251036
251365
251505
252097
252547
253171
253363
255116
256060
256229
256884
258523
259947
261035
261715
261752
263293
263941
264552
265739
266879
267391
267775
267956
270220
270378
270754
271497
272307
273854
273864
274400
274459
274554
274742
274953
275025
275401
276372
276634
277935
278491
280320
280792
280855
280880
280966
281269
281988
282068
282533
282934
284497
285090
286161
287148
287447
288714
289116
289404
289707
291564
291899
292347
292531
293026
293992
293993
294115
294412
296181
296455
296815
297341
297431
298245
299418
300297
301402
302487
302998
303083
303696
303808
303934
305419
305678
307031
307631
308900
308992
309153
309563
311307
312415
312870
313291
313776
313839
314138
314228
314813
316368
316678
317586
317644
317980
318265
318300
318677
320242
320843
321593
321847
322520
323045
324352
326483
327457
328019
328086
329014
332348
335224
335333
335363
335544
335685
335918
335938
336247
336687
336921
339057
339456
339606
339905
341173
341270
341582
341989
342338
343805
344157
344630
344797
345792
345803
347235
349164
349380
350143
350390
351013
352108
353337
354730
355661
356945
360593
361281
361488
362743
364895
365006
365174
365367
366982
368080
369206
369285
369390
369391
369654
371498
371519
372038
372779
373587
373929
374383
375552
375578
375744
378436
380670
380828
380881
381585
382117
382675
383294
384542
385364
386245
387267
387680
388392
390199
392937
393980
395532
396761
396894
397295
398225
398526
398935
399542
401551
402047
402831
403445
403759
404019
404374
404614
406221
406630
407628
408175
409935
410175
410819
410921
411304
411452
411677
413217
413973
416080
416657
416890
416910
416959
416984
418074
420751
420839
421137
421256
423574
423748
424597
424651
425424
425954
427096
427150
427250
427283
428257
428273
428462
428661
431142
431350
432898
434667
434904
435091
436321
436333
437007
437424
437840
437974
439106
440971
441482
441795
443703
443706
444175
444540
445147
445207
445481
446535
446878
447204
448590
449166
449488
450205
450548
450623
451633
452895
453193
453374
453671
453725
453834
453846
454197
454219
454896
456892
457077
458098
458549
458921
459070
459345
459515
460228
460754
461848
462819
463030
463711
463969
464331
464842
465004
465285
465591
466214
466384
466898
466934
466937
468467
468837
469793
470752
471775
472112
472493
472871
473164
474027
475180
475803
475855
476137
476259
476646
477001
477520
478530
478609
479346
479921
480033
480373
480524
482512
482580
483211
483533
483545
483688
485876
486375
486628
486647
487123
487513
487798
487885
488638
489886
490190
490737
491154
492075
493366
494112
495206
496148
496238
496573
496665
498303
498824
499712
500586
502556
502604
503081
503187
503202
503579
503989
504975
505021
505338
508101
508399
508797
510875
510973
511024
511998
514476
514697
517196
518488
519885
520071
520727
521191
521461
521549
521837
521885
521982
522260
522283
522574
523212
523273
523586
523672
524668
524910
525249
525646
526488
526900
526985
529795
530730
531053
531164
531831
532233
532620
535454
535838
535929
536722
536971
538133
538928
539572
539677
539813
540226
540247
541689
542166
543073
543323
543400
543430
544090
544166
544203
544498
545865
545944
547386
547652
548624
548830
548844
549038
549659
552846
552861
553730
554567
555398
555468
555704
556062
556657
557270
558641
560373
560724
562586
564430
565124
565260
565442
566531
567311
567321
567395
567637
567649
569912
570060
570164
570178
571913
572285
572744
573519
574409
574634
575459
575625
576362
577470
577925
578290
578301
582421
582604
582737
582842
583556
584167
584471
586484
586977
588675
590478
591743
591864
592123
593459
594535
598005
598334
598952
599245
599279
599725
600143
600388
600407
600467
600607
601640
601900
602009
602111
602580
602814
603391
603632
604625
604653
605763
606250
606450
607678
607784
607833
608651
609497
612824
613237
613272
613405
613847
614286
615217
615725
616425
616689
616767
618127
619574
620003
621358
622396
622758
623261
624828
624990
625091
626162
626293
626335
631244
631728
634258
648052
665395
665738
674245
675569
680679
681336
684214
684785
685675
688065
689103
691791
698889
700210
700437
701121
703679
705196
707139
711253
712021
717621
718604
724438
724452
734719
738717
739860
744898
746247
746930
748250
751640
752568
754934
756225
757634
758362
760414
761107
763292
764801
764843
769158
770369
772616
773493
776007
777179
777319
779784
780007
780855
781190
789391
794248
794690
794978
795345
796483
797671
798831
801580
806452
807093
807430
809144
811153
813114
813372
816093
817773
819320
821073
822185
823514
823924
823956
825189
827637
828186
830201
833102
836316
836821
837155
838066
839435
841409
842170
843326
844497
845965
849095
849883
863993
864534
864992
865378
866670
867342
868830
869696
869865
870253
871765
872365
872674
873360
875101
876768
877574
879166
880018
880558
881500
881662
881847
886408
886537
888764
889264
889830
891167
893080
893116
895588
895649
896272
897079
897112
897373
898398
901586
901985
903493
903640
903655
904119
904975
906577
906775
907465
907965
908239
908561
910611
912494
914112
914722
915181
915325
915947
918855
919299
920841
922899
923982
924254
930235
931283
934189
935624
936127
937357
937601
946201
949334
949568
949677
952954
954473
955102
956000
956341
957469
957568
958301
959390
959654
963608
963615
964386
965265
965732
965907
966593
967160
967199
967280
967612
969099
971803
971894
971992
973691
974102
974286
977130
977946
979705
981322
981846
984494
985441
985590
985710
986807
988673
988692
989033
989745
990145
995068
995860
998202
998545
999796
1000560
1000572
1003498
1004644
1007975
1011124
1012481
1014685
1016615
1018183
1022568
1023349
1025003
1025017
1025474
1027723
1029987
1031532
1031553
1031992
1032078
1033466
1033795
1034893
1035023
1036452
1036898
1041694
1045120
1046665
1046906
1048927
1049672
1049907
1052503
1053819
1054186
1054887
1055722
1056600
1056892
1058185
1058591
1061637
1063364
1063550
1063729
1063883
1065137
1065175
1065332
1065517
1066859
1067114
1068268
1070388
1071331
1071450
1072779
1072790
1073949
1075341
1075948
1077089
1078468
1078872
1080244
1082751
1084345
1084517
1086180
1086227
1086750
1087105
1088112
1089775
1090818
1091680
1093004
1095891
1099359
1101768
1102006
1104149
1108055
1108350
1109049
1109110
1109186
1110423
1110880
1111461
1121072
1121384
1124305
1132196
1150653
1151020
1157432
1157721
1158336
1158369
1158469
1159966
1160216
1162156
1162191
1162378
1163514
1163901
1164639
1166138
1166148
1167207
1168320
1168652
1168767
1170752
1170775
1171591
1172049
1172062
1173969
1174695
1176955
1178029
1178332
1179385
1180366
1181968
1183011
1183558
1183776
1186081
1189420
1191759
1193246
1196346
1196711
1196921
1197850
1197874
1198352
1198563
1199118
1199522
1199983
1203557
1205586
1206265
1206420
1208947
1210893
1211406
1211924
1212370
1214239
1215707
1215708
1216276
1218881
1219925
1220283
1221377
1221768
1225831
1226798
1229524
1234862
1235962
1236675
1237605
1237802
1238217
1238501
1240847
1241312
1243826
1244624
1244683
1245373
1245402
1246576
