100194
100942
101246
102233
103814
105047
105919
107030
107493
108294
108938
109054
109525
109730
109899
110899
111990
112044
112935
113699
114304
114666
116281
116290
116969
117667
118071
118478
118606
120286
121408
121730
122130
126035
126718
126975
127790
129151
129318
130366
130464
130555
131402
131511
132014
133556
133892
133998
135500
137123
141126
141642
142694
144256
145215
146032
146069
146175
146208
148040
149886
149963
152484
152797
152992
153656
153900
154193
154982
156096
156634
156715
156974
157861
159094
162055
162183
162284
163264
163810
165402
166524
168079
168201
171795
172560
173181
173319
174212
174942
176713
176750
176862
178786
179706
179727
179750
179988
180808
181421
182361
183417
184677
185156
185297
187314
187833
188528
188982
191561
193807
194283
195200
196174
197718
197892
197985
199835
200898
201152
201193
202858
204431
204764
205866
207233
208410
211044
211979
212363
213013
214303
215849
226924
228458
228704
234320
235297
237190
237374
238743
238881
239186
239844
240049
242190
242480
244827
247209
248530
249024
249572
250176
251002
253280
254903
259881
259927
261215
261240
261727
262442
264205
265981
266087
266648
267648
267775
270220
271346
272234
273864
274894
274953
275025
275978
281971
281988
282068
282186
282533
283278
286161
286210
286228
287490
288039
288098
288714
289781
289839
290340
291564
291659
291752
292531
295084
295440
296343
297929
299397
299418
299446
299907
299926
300984
301402
302709
302998
303546
304012
305678
307299
307665
308992
309153
309563
311714
312355
312931
313112
314228
314587
314647
315068
315284
316042
320242
322776
324614
326056
327351
329057
330205
330312
332432
332762
335335
335481
335737
336730
336921
338288
338798
339428
339445
339606
339675
339905
341716
343583
343869
344106
346333
346951
347067
347414
347942
349049
350143
351686
351763
353337
353509
354783
355387
358338
359077
359766
361188
363302
365174
366834
366986
367674
369390
369391
369567
369654
371498
372524
372970
374085
374383
375104
375338
378563
381294
383035
383170
384261
388097
390693
391437
391617
392200
392932
393439
393980
397295
398410
399087
401213
402637
403445
403765
404347
404374
405239
405626
406056
407141
407186
408216
408266
409174
409431
409911
410242
413855
416657
416890
418965
420839
421070
421137
421852
423300
423602
425954
426430
427096
427250
431384
432898
436895
437259
437383
438637
439261
440924
443070
444052
445207
445481
445522
446878
447143
447204
448040
448792
449285
449654
449743
449925
451487
453192
453193
453834
454083
455008
456683
458921
459345
459432
460243
460754
461848
462736
463507
464331
464842
466214
466468
469533
470432
470752
472493
472871
473727
474394
474879
477616
477648
477807
480033
480373
482305
482999
483076
484177
495047
495424
496238
498303
498824
499712
503187
504102
506019
506611
506984
507197
508618
509386
510060
510225
510450
511074
514476
515406
515555
516402
516496
516797
517175
517260
517413
518843
518902
518911
519137
519327
519469
519472
519718
519885
519887
519997
520394
520531
521837
521885
521894
523586
523672
524222
524485
526900
527081
527677
528441
529795
530869
531298
532337
534268
535159
536334
538246
539813
540247
541099
541193
541230
543430
543612
543869
547386
547635
548830
548999
549038
549424
552870
554673
555559
556062
556852
557034
558639
564592
564710
565223
565366
565526
566408
566531
567756
569912
570060
570365
571624
571913
571960
573488
574988
575459
576327
577541
577620
578507
578715
583460
584471
588666
590111
592027
594535
596160
596500
598054
600449
601544
601900
602580
603348
603391
603487
604361
606450
608169
612525
612824
615217
616689
616767
617055
618667
619482
621627
624033
624521
624828
626547
628994
634638
636409
639907
648052
650731
652546
653292
655024
665101
674245
675528
684785
686238
689153
692658
697228
699807
703679
704816
705599
707101
711978
712438
714379
715341
717621
718449
719880
721420
724769
727214
730825
733181
736206
739860
745408
747609
748897
749020
751056
751640
753354
754685
755860
758478
759580
769912
772456
773493
775022
775182
776007
778855
783083
784455
786954
790218
792356
794690
798694
805158
813375
814744
815334
815553
817595
819320
819833
823539
823956
825883
829305
833102
834878
835254
836821
838190
845961
847660
848418
849095
864534
865290
871463
876693
879531
880018
880447
883609
883628
885724
890147
890276
891055
892868
897112
899949
900464
901836
902440
902846
905059
905873
906704
907616
908014
910640
911227
911241
911369
911614
915181
915568
915947
915967
916245
917858
918459
920333
921598
922413
922899
923982
926215
936316
940391
950583
950781
953668
953767
953816
954307
956341
956708
957469
963615
964536
966930
968655
968664
969958
970408
971440
971894
973631
973691
975489
976581
976732
981371
981401
982856
983125
985590
986779
988022
988673
989006
989745
995068
995513
995709
996421
997960
999694
1007668
1008376
1014587
1023349
1027704
1029458
1031383
1031701
1036452
1039029
1039714
1045030
1045120
1046162
1047587
1049835
1052000
1052397
1052775
1055988
1056623
1056892
1059343
1061637
1063037
1067295
1071778
1073436
1075341
1081772
1085762
1087105
1090134
1090323
1095891
1097861
1097881
1099079
1099219
1099695
1106383
1107311
1110438
1113778
1121072
1124356
1133574
1140726
1151439
1157721
1158336
1158364
1158603
1158986
1159082
1159102
1160764
1161989
1163691
1163734
1166138
1167207
1168051
1168767
1170752
1170775
1171591
1173969
1176603
1178946
1182559
1188651
1191051
1191484
1191759
1193606
1194451
1197856
1197916
1198352
1198565
1199905
1204480
1205519
1209111
1210893
1215775
1216244
1220175
1225976
1234517
1235206
1236101
1236675
1237221
1237605
1237802
1238217
1240460
1241233
1241825
1245952
