103814
111901
112039
114995
116566
118234
123294
127760
137464
148229
153963
155285
156096
156370
172406
174547
177545
178829
186567
189203
191426
197808
200107
206916
225621
232158
232785
234320
234800
239503
248830
248962
250481
257832
261061
267956
269906
275829
276372
292710
294115
305003
307210
310030
314234
315386
329954
336831
341803
342631
343539
348255
348456
350143
352503
353824
356320
357250
358412
361068
364658
365510
374454
387325
388923
392706
394148
399087
400722
411041
411179
416219
416795
417692
417796
423037
439351
444167
447204
447321
453036
455008
458651
458746
464519
468837
470752
471460
471775
476652
500946
508618
518843
518888
519847
519887
521885
525249
529805
535413
540247
541039
548624
562023
566217
576301
577914
578640
581812
584447
588730
599245
613162
618391
621707
622027
639169
654138
658850
715147
716228
719763
727518
735292
747609
768575
769479
772456
798831
804528
805674
806141
806597
818077
839435
841189
844497
887722
889184
890276
897079
911614
919531
945698
948892
949426
954307
956341
963615
971470
971894
982864
996122
1007975
1013519
1014685
1033683
1036736
1045120
1047955
1054006
1064451
1066548
1066859
1067883
1080003
1086766
1088642
1098840
1107968
1108055
1113856
1152114
1171502
1193925
1195073
1195732
1201835
1205188
1209111
1211526
1219183
1220893
1238385
1244706
