100194
100497
100680
100942
101299
102086
102099
102475
103904
105126
105649
106213
107030
107463
107486
108228
108938
109054
109075
109730
111958
112044
112511
114666
114995
115022
116188
116241
116517
116566
116969
117912
117934
118071
118364
118478
119376
119521
120331
121408
122601
123236
123460
123777
123949
124464
124681
125915
127760
127790
129151
129289
130508
130555
131071
132014
132500
132519
133892
133917
136146
137677
137685
138701
139568
140578
141220
141845
142694
143668
145257
146032
146201
146208
147287
147410
148601
149302
149838
149886
149963
151806
153534
153850
155211
155913
156634
156690
156974
160270
160513
160791
162754
163470
163810
164231
164593
165402
165710
168953
169564
171664
172406
173095
173181
173319
173528
174447
174458
174547
175203
175596
176549
176750
176761
176862
176911
178285
178751
179988
180230
181607
181964
183878
185156
187833
188482
188528
188588
188982
191561
191747
192624
193333
193677
195808
196012
196433
196749
198548
199656
199673
202227
203819
204821
205109
206416
208285
209599
209656
209872
209988
210939
212891
215374
215849
216732
217160
218744
220401
223493
224646
226056
226924
228477
228634
228704
228918
231934
234320
235297
236344
236609
236843
236862
239639
240479
241682
242569
244827
248661
251002
251036
251365
253255
253296
253363
256229
256735
256884
258523
259132
259947
261035
261715
261752
263293
264552
265739
266265
266879
267391
270220
270378
270754
272307
273864
274132
274400
274554
274953
275025
275401
276372
276634
276929
277935
278491
280320
280855
280880
281269
281988
282311
282934
284052
285090
286161
287148
287447
288714
289707
291564
291752
291899
292347
292531
292885
293026
293992
293993
294115
294412
294943
296181
296815
297341
297431
298245
299418
300297
300688
301402
302487
302998
303083
303696
303934
305419
305678
306257
308900
308992
309153
311307
312870
313839
314228
314813
317586
317980
318677
320242
320843
321593
321847
323045
323046
324352
326483
327457
327874
328019
329014
331420
332348
335224
335363
335544
335918
336687
336921
338105
339057
339428
339456
341173
341270
341582
341989
344415
344797
345803
346333
347235
349164
349360
350390
350593
350732
352108
353337
355387
355661
356945
358021
359007
361281
361488
362743
365006
366982
369285
369390
371498
372038
373230
373587
373929
374383
376762
378183
378436
380881
381585
382675
383294
385364
386245
387267
387680
388392
391083
391139
392937
394148
394541
396761
396894
397295
398225
398526
398935
399542
401551
402443
402484
402831
403445
404019
405901
406221
406630
410175
410819
410921
411304
411677
416080
416657
416890
416910
416959
416984
417444
418074
419983
420751
421137
421256
424651
424865
425954
427096
427283
428887
431142
432898
434667
435091
435521
436551
437424
437840
439106
441482
443703
443706
445147
445207
448590
449166
450205
450548
450623
451301
451633
452895
453193
453374
453671
453725
453834
454197
456892
457077
458098
458921
459070
459345
459515
460228
460754
461848
462819
463030
464331
464842
465285
465308
465591
465771
466214
466898
466934
467764
468467
468837
470752
472112
472493
472871
473727
474027
474699
475180
475855
476137
476259
477001
477520
478530
479921
480373
480524
481859
481929
482512
482580
482953
483533
483688
485098
485876
486647
487123
487513
488638
489886
489993
490190
491154
492075
493366
494112
496148
496238
496573
498303
498824
499712
500586
500737
502556
503081
503187
504975
505021
505338
506019
508101
508797
510060
511024
511998
514476
514697
517175
517196
518488
519885
520041
521837
521885
522260
522283
522574
523212
523273
523586
523672
524222
525249
525646
526488
526900
526985
530730
531053
531831
532620
535454
535929
536722
538133
538619
538928
539677
539813
540247
541689
543400
543430
543558
544090
544498
545944
547652
548624
548830
548844
549038
552846
552861
554079
554567
555398
555468
555704
556657
556927
557270
557541
558641
560139
560373
560724
562586
563904
565124
565260
567321
567395
567649
570060
571913
572285
574409
574634
575459
577925
578301
582421
582737
583556
584167
584471
588342
588675
590478
591743
592123
594535
598005
598334
598952
599279
599365
599725
600388
600407
600467
601900
602009
602580
602814
603391
604625
605763
606450
607678
607784
607833
609497
612824
613272
613405
613847
614286
615217
616689
616767
618127
621444
622396
622758
623261
623370
624828
624990
625091
631244
631728
648052
675569
684214
684785
691791
698889
700210
700437
707139
711253
712021
724438
734723
737370
738717
739860
747446
748250
751640
752568
754934
756225
757634
758362
761107
761277
763292
764801
764843
776007
777319
779784
781190
789391
794248
794690
794978
795345
796483
798831
805158
806452
807093
807430
809144
813114
813372
816093
819859
821073
825189
827637
828186
833102
836316
837155
841409
842170
844497
845639
845965
849095
863993
864534
864992
866133
866670
867342
868830
869696
869865
870253
872365
872674
875101
876768
877574
879166
880018
880558
880837
881500
883395
886408
886537
889264
895649
896272
897079
897112
898398
903640
904975
906577
907465
908239
908561
910611
913899
914112
915181
915325
916245
918133
918855
919299
922899
923982
930297
934189
935227
935624
936127
949334
949568
949677
954473
955102
956341
957469
957568
959654
963615
964386
965265
965732
965907
966593
967160
967199
971803
971894
973691
977130
979705
979743
981322
981401
984494
985590
985710
986807
988692
989025
989145
989745
990145
995860
997163
998545
999259
999796
1000572
1001837
1003223
1003498
1007975
1011124
1014685
1022568
1025003
1027971
1029030
1029987
1030140
1031532
1031553
1031992
1032078
1033466
1033795
1034893
1036452
1036898
1040391
1041694
1042216
1046200
1048276
1048927
1049672
1049907
1052503
1053819
1054186
1054887
1055722
1056892
1058591
1061637
1063364
1063550
1063729
1063883
1065137
1065517
1066859
1068268
1070388
1071450
1072790
1073949
1075341
1075948
1080244
1082751
1083883
1084345
1084517
1085225
1086180
1086227
1087105
1088112
1089136
1089775
1091680
1095891
1098390
1099359
1102006
1102327
1108055
1108350
1109049
1109110
1109294
1110423
1110880
1111461
1121384
1124305
1157721
1158305
1158336
1158469
1159966
1160216
1163514
1163691
1163901
1164311
1164639
1166148
1167207
1168320
1168652
1168767
1171591
1173969
1176955
1178029
1178332
1179263
1180306
1180366
1181968
1183776
1186081
1191759
1193246
1196346
1196921
1197850
1198352
1198563
1199983
1203549
1205586
1206265
1206420
1210893
1211406
1211924
1215708
1218881
1219925
1220283
1221377
1225831
1226863
1227145
1229524
1234862
1236675
1236968
1237605
1238217
1238501
1241572
1244624
1244683
1245402
1246576
