107724
117305
130260
140050
145163
149358
153096
159875
161358
162721
168139
179122
182205
184407
189203
190598
198094
201704
202034
211249
216255
223769
232475
238407
261750
268238
271745
284704
290854
295911
297198
302336
308901
313531
317110
319166
319952
321596
327617
331082
332928
335616
338748
338862
351983
352441
354817
355592
355952
356538
357076
359239
366154
368055
377062
397222
400827
404674
408070
411179
416480
420925
422794
429282
430340
431759
431767
432571
432893
438350
443448
446165
461439
461473
470371
470683
480106
481113
484511
488325
490250
490873
501079
501499
507155
508716
512350
512746
515936
536998
537265
537392
537965
540322
545785
548446
551714
555631
555882
555991
556676
564612
567840
577640
579243
585615
595004
599293
600515
603359
610554
613217
620811
621412
632628
715527
734827
741582
766612
773468
801364
833255
834995
837578
871644
872317
872971
881068
882421
889372
899392
904012
924203
936719
945668
949140
956686
969405
969956
970623
976826
978653
985214
1008808
1011496
1025140
1033353
1035622
1044697
1052762
1063103
1066878
1069952
1071032
1080641
1085992
1089061
1089611
1106512
1167769
1182777
1191700
1192896
1193538
1196573
1198151
1201555
1220333
1236011
1241990
