107486
114995
116566
118364
118658
120981
123236
127757
131961
136045
138707
140908
141220
142694
147563
149302
151200
160677
162754
163810
164593
172406
172939
173181
174447
174458
174547
178786
182290
186567
187554
188040
192624
196433
196749
201584
202154
208285
209656
214517
225324
228477
228918
232475
236787
239412
245246
246476
247159
247735
247754
248661
252097
256060
256884
258523
263293
263941
263990
264552
267775
267956
270754
273854
274400
274554
275025
276372
280320
280792
287148
293026
294115
294412
302487
305419
308900
316678
318265
328019
332928
341582
347235
349380
350143
351013
354730
360593
366982
375578
382675
396761
411179
411452
411677
428257
431142
441795
447204
453671
454197
456892
458098
465285
468837
469793
470752
471775
476137
477001
479921
487513
494112
494628
519885
521191
521461
521885
522574
523421
525249
535929
536722
539677
540247
543073
543400
547386
548624
553730
556657
556676
562586
567637
567649
572243
574634
576362
577867
583556
584282
599245
600467
618148
631728
665738
685675
688065
718604
724452
734719
752568
754934
756225
761107
763225
764801
769158
770369
772088
776007
794248
794978
796483
797671
798831
807430
827055
829273
830201
836316
839435
843326
844497
863993
886408
893080
895649
897079
901586
914722
924254
953867
956341
959390
963615
967199
967612
969099
971894
977130
1007975
1014685
1027240
1036452
1045120
1048927
1049672
1052503
1053819
1054887
1066859
1072779
1072790
1075341
1082751
1093004
1108055
1112491
1121384
1132196
1151020
1162191
1168627
1172062
1176955
1179385
1181968
1183011
1186081
1226895
1235962
1238501
1241388
1245373
