100715
109200
111320
124370
133014
141674
149358
151984
152438
153034
157480
171572
171642
172457
178316
181186
190081
193219
201169
205655
208980
209038
221606
223769
231767
232716
240869
241262
241363
244703
247593
248202
253259
255383
274391
275145
277556
289744
290387
296615
300450
302336
308103
311535
319952
327617
330278
330361
335599
338862
343860
344568
345428
347042
355952
357076
358193
367858
371266
371614
382617
387220
392166
393298
397005
400827
415543
419573
422146
422630
431759
433359
433733
438276
438292
438369
439351
440297
446165
449227
454008
460443
460608
462236
480255
486113
487410
490250
492371
496594
499344
509781
525441
527874
529566
532667
535312
535690
536648
537265
545468
548446
577041
579194
580646
583577
586731
588014
589005
593552
597089
615811
618576
620265
622569
632424
646642
762002
797879
807964
821419
825962
826217
829273
837378
842519
843216
866455
872921
874436
882992
893469
916188
930557
933462
935817
936719
945271
972646
975212
976697
979326
980970
985249
991767
996514
1000138
1008808
1010794
1017612
1025779
1027974
1032905
1032999
1034506
1039669
1039853
1041415
1060391
1064451
1071032
1075171
1075952
1080641
1102578
1106512
1150750
1155422
1164896
1165766
1166927
1174792
1179877
1189881
1191183
1192624
1206752
1206774
1212744
1221526
1223446
1226895
