100194
101105
102647
103566
103585
103922
105351
105892
106203
106982
107030
108063
108294
108805
109054
109302
109551
109572
109730
110168
110297
110731
110899
111061
111303
111432
112041
112633
113036
113487
113494
113566
113699
113725
113797
114202
114666
114817
115022
116290
116736
117321
117667
117699
117850
117921
118229
118924
119705
120286
120331
120461
121408
121730
123290
123777
125615
126035
126426
126875
127136
127319
127760
127790
128090
128265
129556
130935
131034
131554
131834
132260
132482
132640
133022
133113
133767
133917
135335
137464
138296
138325
138696
138701
139537
140168
140183
140387
140439
141964
142157
142309
142372
145215
145491
145804
146032
146208
146298
146314
147287
147288
147391
148040
149579
149963
150923
151510
152918
152992
153490
153534
153970
154132
154248
154647
154897
155650
156490
156634
156644
156655
157047
158032
158394
158554
159082
159183
159205
159219
159748
160378
161156
161206
161394
162167
162806
163661
164308
164593
164904
165402
165496
167298
171090
171614
172406
172679
172938
173319
174131
174447
174547
174617
176003
176469
176750
176862
177045
177556
177933
179325
179416
179724
179750
180625
180808
180952
180990
181027
181495
181642
182406
183398
184950
185126
185699
186079
187833
188213
188531
188588
189043
189194
189906
190741
191307
192516
192624
193406
193807
194283
194430
194904
195197
195246
195260
195864
196012
197297
197985
198355
198443
199673
200513
201065
201127
201921
202323
202425
202507
202691
203067
203373
203487
203556
204046
204764
204886
205472
205654
205866
207105
207309
209659
210653
212029
212031
214517
214828
216618
217726
218025
218865
219147
220023
220439
221186
221236
221359
221900
222204
223293
225621
226924
226927
226985
227151
227626
228477
229546
229711
232029
232070
232696
234320
235297
237181
237303
237437
238153
238743
238896
239835
239999
240151
240562
242195
242569
242618
243983
244024
244198
245076
245141
245440
246558
246715
247066
247514
248210
248247
248881
250022
250153
250456
251002
252901
253749
254029
254813
255198
256229
256540
257995
258061
258382
258440
259132
259544
259561
259705
259756
260244
260525
260856
261727
263805
263913
264151
265108
265595
265739
266879
267775
269991
270220
271265
271346
271452
272549
273947
274742
274836
274953
274971
275763
276151
276600
276711
276857
277301
278763
279218
279345
279693
279773
279810
280433
280693
280880
281256
281283
282261
282393
284050
285090
286228
286315
286321
287131
287308
288466
288517
288642
288714
289550
289773
289839
290089
290249
290411
290616
291022
291218
291564
292347
292921
293559
293602
293702
293992
294115
294116
295003
295823
295941
296137
296181
296286
296343
296604
297467
298742
299083
299248
299446
299714
301402
302580
302709
302998
303422
303808
304157
304346
304353
305678
306583
306607
307039
307299
307966
308992
310155
310170
310581
310615
310914
312801
312947
313327
314666
314813
315727
317644
317812
317980
318322
319322
319859
321135
321348
321442
322207
322387
323051
323558
324441
324985
325309
326190
326404
326897
327681
327975
328876
330072
330084
330142
330450
331247
331511
332348
332850
333423
333899
334233
334431
334438
334919
335440
335544
335918
336318
336730
337132
337592
337848
338268
339428
340229
340253
341101
341341
341360
341866
342699
343018
343805
343946
344106
345301
346493
346950
347067
347496
347516
347542
348261
348948
348977
349380
350143
350965
350969
351078
351613
351686
351763
352108
352366
352980
354783
355402
355838
356945
357025
358331
358557
359077
359592
360024
361488
362426
363005
363692
363733
364641
365043
365174
365431
365792
365986
366567
366974
367291
367609
367815
368080
369618
369769
370455
371191
371498
371866
372225
372572
374383
374467
374468
374708
375618
376043
376147
377424
378965
379021
379139
379349
380150
380551
380944
381294
381774
381797
382675
383456
383508
383585
383984
384386
385630
387239
387643
387862
388801
389100
389821
390199
390343
390726
390781
391139
391285
394148
396506
396831
397187
397295
398960
399691
400788
401272
403177
403445
404018
404157
404406
404535
404857
404903
405239
405901
406809
407030
408175
408382
408472
408547
408799
410425
410741
411058
411679
411787
411843
412068
412127
412468
413547
413973
414465
415088
415765
416623
416959
418551
418815
419062
421137
422118
422807
422871
422901
424458
424597
425149
425409
425522
425686
426430
427062
427096
427182
427283
427737
427779
428720
428875
428892
429035
429163
429627
429680
429748
429767
430319
431508
432704
432898
433003
433081
433622
433987
434088
434342
434444
435521
435733
436127
436333
436895
437343
437383
437840
438131
438169
438410
438646
439081
439171
439252
439261
440771
440924
441095
443117
444052
444055
444678
445207
445370
445614
446043
446169
446397
446878
447321
447331
448040
449087
449743
449890
449902
450524
450548
451220
451487
451669
452425
452878
453193
454083
454477
454478
454794
454905
455312
456059
456892
457599
457930
458921
459345
460089
460099
460228
460523
460810
460955
461002
461699
462181
462819
463488
463491
463510
464331
464482
464662
464687
464835
465004
465285
465567
465877
467469
468383
468396
468426
468493
468745
469049
469350
469639
469829
470169
470752
471628
471775
471785
472476
473077
473446
474174
474673
474699
475252
475601
476509
477232
477692
477935
478484
478639
480366
480562
480899
482021
482649
482684
483143
483161
483402
483533
483545
486075
486268
487104
487307
488525
488638
489055
490190
490375
490898
491689
491709
492336
492368
493372
493464
493553
495441
496123
496860
497169
497223
497696
498199
498303
498489
498524
498529
499230
499712
499840
500652
501883
502749
503775
504878
505184
505641
505859
506588
506632
506821
507704
507976
508101
508618
508803
510060
510635
510658
510669
510875
511024
511129
513144
513469
513862
514324
515602
515778
515788
516231
516402
516496
516797
516890
517260
517741
518130
518226
518398
518911
519137
519454
519469
519472
520041
520059
520357
521191
521549
522905
523346
523465
523687
524084
524177
524775
524910
525672
525815
526027
526700
526900
527677
527983
529466
529602
529864
529911
530327
530433
531587
532337
533162
533587
534156
534265
535929
536334
536549
537237
539054
539813
540144
540247
540798
541016
541193
541774
541799
542552
543323
543423
545598
545672
545865
545869
546314
547328
547712
547747
547968
548439
548480
549038
549759
550149
550372
550799
551892
552027
552778
552824
552846
552904
553463
555806
556062
557111
557131
557371
557390
557871
558685
558934
559766
560139
560559
561615
561920
562015
562434
563799
563868
563904
565022
566430
567311
567321
568132
568646
568886
568931
569119
573519
573766
574920
574988
575287
575459
576327
576380
576975
578880
581633
581869
583711
583933
584126
584447
585153
585456
585712
585939
588320
588437
589303
590250
590488
591985
592510
592631
593447
593648
594027
594239
594535
594866
595037
595077
596052
596217
596414
597177
598989
599279
599725
600025
600365
600449
601324
601640
601900
602580
602583
602997
604650
605261
605523
605525
607653
607789
608352
608425
608658
608982
609070
609104
610441
612288
612525
612824
612925
613206
613642
614286
615119
615661
616591
616689
616924
619303
619322
619745
620425
621020
622063
622081
622174
622782
624160
625131
625643
626865
627589
627641
628778
634606
637618
640517
641006
644588
645896
651351
652546
653292
655024
660622
662776
665107
665704
666438
668724
668785
673938
674334
674374
678103
679237
680791
681522
685984
688065
688836
688849
689532
695024
696371
696497
705142
705461
707139
711978
712438
714833
715313
716325
717413
717621
718985
719763
721420
722327
723615
723771
727526
733681
734723
735631
736012
738694
739852
739860
740276
740547
740629
740635
741223
742338
743771
744146
750685
751640
753354
753443
753808
754291
754357
757634
758771
758846
759650
760146
761277
764099
765780
767252
768062
770369
772694
776007
777643
778017
778466
778982
779784
783849
784065
786504
787610
787614
789767
789882
794248
794611
797275
797671
798943
801580
804991
805041
806299
806515
807149
808622
810001
815181
817595
819320
819455
821688
823956
826258
826642
827281
827344
827712
830201
831439
831848
833102
833153
834878
835783
836943
837740
838190
838612
838788
839184
840183
840539
842118
842170
844897
845419
845834
845965
864748
866215
866640
867539
867699
868830
869865
870442
871654
871913
872220
873567
873625
873976
874653
875200
875750
875771
875980
877676
878293
879068
880018
881409
881754
881845
882879
883667
884807
885724
887624
888184
888764
888781
889531
890071
894344
895221
896583
898005
899061
899788
899949
901480
901879
904975
905098
905354
905482
906279
907616
908191
908504
908667
908865
909186
909961
910386
910611
911227
911475
911614
912349
912460
913649
915967
916245
916801
917473
917561
919805
922543
922746
926266
928890
929195
930308
933151
934931
937249
937357
940354
940391
942775
942840
944871
949782
950583
950589
950781
952954
953668
954060
954244
954307
955102
955991
956341
956967
957469
958606
959369
961053
961165
961599
961949
963615
964386
964899
964915
964917
967612
970198
971407
971894
972334
972883
973633
973987
975853
976383
977136
977552
977658
978552
982129
983313
983480
984050
985407
986037
986736
986779
987563
987770
989025
989745
992235
993289
994488
994504
995076
995513
995860
998282
998627
998765
998827
999653
999694
999728
999810
999970
1000503
1001355
1001366
1002551
1003141
1005793
1006506
1006578
1009849
1010411
1010670
1014033
1014685
1014769
1016700
1017619
1017704
1018051
1018350
1018363
1018517
1019603
1019957
1020360
1022159
1025362
1026225
1027135
1027704
1027715
1027971
1028864
1028886
1029838
1030140
1030693
1031787
1031992
1035316
1035440
1035449
1035652
1036212
1036553
1036736
1038955
1039954
1040595
1041694
1042524
1043423
1043765
1045030
1045120
1046472
1047587
1048509
1048927
1052000
1052083
1052397
1053169
1054312
1055196
1055889
1056623
1056787
1056892
1057209
1058087
1058591
1058749
1059122
1059922
1060427
1061637
1061717
1062967
1065311
1066598
1067245
1072676
1073996
1077034
1077642
1077899
1077931
1080352
1080645
1080821
1081376
1081436
1085353
1086500
1087105
1087572
1089040
1089409
1090057
1090134
1090258
1090719
1092292
1093208
1095891
1096487
1097486
1098547
1099079
1101032
1101214
1102876
1105362
1105448
1108254
1108363
1109720
1111244
1111303
1112423
1112698
1113352
1113856
1114857
1120736
1120799
1121072
1122775
1124356
1138368
1149164
1149541
1150453
1150694
1151020
1152111
1152374
1153136
1154091
1154661
1154945
1155017
1156107
1157017
1157557
1158216
1158518
1158986
1159082
1159132
1159223
1160216
1160717
1161100
1162167
1162193
1162691
1163145
1163442
1163690
1163691
1163746
1164639
1166747
1167207
1167570
1167617
1167880
1168259
1168550
1168652
1169281
1169656
1170295
1170775
1171502
1171591
1172823
1174484
1176543
1176570
1176702
1177137
1177459
1177744
1177828
1178525
1178539
1178623
1179640
1181716
1182225
1182349
1184199
1186493
1188145
1189254
1189972
1191484
1191737
1191758
1192334
1196227
1196711
1197850
1198352
1198788
1198815
1200229
1201735
1203072
1203695
1204480
1204918
1205586
1206265
1208170
1208918
1209254
1209542
1210145
1210646
1211308
1211429
1212318
1213074
1213312
1214465
1216164
1216244
1218049
1218083
1218259
1219326
1220033
1221561
1221676
1222254
1222958
1225976
1226719
1229161
1229615
1232187
1232316
1233472
1233983
1235206
1235378
1235962
1236516
1236675
1236845
1237802
1238217
1239422
1240460
1240554
1240909
1241312
1241616
1241699
1241765
1244683
1244961
1245438
1246383
1246576
