100139
100194
100202
100212
100942
101105
101318
102375
102662
102917
105193
105377
105649
105707
105758
105839
106150
106319
106748
107250
107936
108765
108805
108875
108938
109054
109302
109363
109538
109551
109730
110899
111175
111432
112041
113297
113487
113494
113699
113875
114449
115334
115907
116290
116388
116969
117321
117912
118364
118414
118478
118750
120259
120461
120622
121128
121408
121437
121730
121892
122824
123294
123777
124681
124990
125204
125615
125798
125815
126035
126217
126432
126691
126972
127376
127760
127790
128265
128975
129105
129151
129556
129748
130019
130555
130700
130752
131034
132014
132036
132260
132739
133070
133892
134055
134585
134917
136067
136649
136654
136832
137165
137461
137685
138296
138325
138923
139002
139568
140578
141207
141330
141332
141642
143378
145478
145550
145614
145827
146032
146175
146208
147410
147432
147896
148440
149020
149356
149838
149886
149963
150393
150865
151702
151826
152266
152797
153850
153899
153900
154004
154953
155907
156096
156366
156490
156634
157047
158639
159035
159662
160892
161425
161947
162055
162167
162402
163934
164050
164313
165072
165076
165109
165229
165358
165402
165609
166603
166799
167298
168832
168983
170673
170729
170804
170884
171002
171103
171222
171396
171799
171975
172406
172838
173095
173174
173319
174447
174525
174617
174793
175222
175370
175866
176003
176187
176264
176862
177693
177933
177959
178754
179586
180111
180475
181027
181607
181686
182297
183417
183834
184045
184211
184660
184841
185511
185798
186145
186455
186505
186748
186860
187495
187833
188040
188309
188537
188558
188588
189010
189043
190328
191307
191426
191472
191747
191925
192277
192445
192911
193388
193469
193986
194335
194762
195200
196976
198355
198805
199673
199984
200082
200416
200525
200564
200601
200726
200898
201253
202124
202227
202350
202754
202856
203080
203139
203373
203487
203590
203780
203819
204181
204301
204804
205350
205515
206055
206111
206416
206984
207233
207749
208708
208744
209033
209276
209677
209786
209988
210261
211046
211671
212552
213511
214039
214303
214361
215849
216503
216710
217160
217273
217297
217726
218465
219957
221900
222634
223072
224478
224522
225166
225255
225582
226924
227142
227509
227925
228538
228856
229363
229711
230094
230440
231687
232542
233553
234186
234800
235381
235527
235596
236734
236862
237374
237920
238481
238881
239412
239503
240151
241017
241473
241593
241897
242195
242201
242901
243983
243996
244659
244827
245092
245247
246715
247304
247468
247732
248530
248633
249608
249865
249926
250022
250204
250400
251114
251385
251428
251477
252890
252947
253367
254316
255031
256259
256742
257484
257663
258609
259143
259756
261226
261240
261752
262086
262924
263805
263941
265085
266265
266648
266657
267322
267391
267648
267775
267956
269882
270220
270927
271036
271256
271489
271668
273267
273864
273947
274400
274685
274953
275025
275156
275401
275443
275462
276634
276667
277935
278491
278593
278677
278908
279218
280575
280613
280868
281256
282726
283016
283533
284980
285285
285365
285662
285995
286228
286753
287490
287668
288502
288795
289116
289241
289284
289307
290089
290249
290431
291564
291806
291899
291944
292035
292347
292885
292888
293451
293601
293839
293851
293965
294109
294115
294156
294576
295124
295730
296038
296219
296343
296604
296684
298174
298450
298742
299083
299397
299714
299730
300175
301084
301301
302471
302619
302709
302962
303230
303309
303422
303546
303808
304012
304549
305264
305419
306257
307039
307158
307299
307363
307577
308992
309021
309153
309886
310155
310170
310363
311409
311654
312256
312825
313327
313423
313537
313731
313887
314126
314138
314234
314647
315284
315575
316138
316368
317641
317710
318300
318322
318339
318495
320107
320943
321180
322207
322413
323051
323558
323636
323690
323804
323859
324352
324673
325831
326404
326935
327351
327605
327681
328019
328876
328952
329149
329649
329769
330072
330312
331203
331847
332133
332665
332850
332924
333729
333899
333924
334185
334775
334919
335335
335737
335797
336514
336831
336968
337358
338085
338947
339048
339428
339885
340068
340126
340187
340253
340999
341101
341102
341164
341270
341990
342219
342524
342546
343449
343539
343805
344106
344329
344891
345624
346186
346245
346289
346333
347476
347942
348255
348948
349380
349466
349622
349648
349972
350390
350923
351013
351455
351686
352255
352821
352980
353221
353707
353824
354575
354798
355203
355387
355661
355848
357025
358249
358331
358509
358760
359002
359007
360011
361090
361281
361292
361488
362814
363692
364137
364658
365989
366535
366803
366974
366982
368080
368517
369391
369652
369654
369660
370411
371055
371168
371498
371928
372468
372572
372863
373268
373616
373747
374383
374485
374708
375108
375155
375387
375519
375542
376036
376082
376124
376431
376854
378116
378436
378542
378563
378650
379272
380131
380551
380881
380944
381294
381685
381797
381808
383170
383294
383619
384386
385271
385630
387373
387459
387660
387862
388000
388427
389767
389821
390199
390487
391203
391499
391792
392833
393462
393650
393661
393980
394026
394148
394323
395546
395636
396469
396506
396642
397187
397272
397289
397295
397384
397621
398211
398341
398410
399352
399691
400662
400788
400880
401087
402047
402066
403196
403445
404535
405594
405626
406484
406595
407030
407187
407250
407914
408382
408729
409846
410397
410425
410921
412209
412833
412877
412949
413003
413192
413530
413937
414193
414465
414738
414758
415088
415331
416219
416537
416581
416657
417954
419307
420016
420839
421137
421796
421909
422261
422458
422790
422871
423611
424321
424345
424567
425951
426476
426722
427096
427464
427572
427779
428513
428547
428820
429595
430129
431547
432256
432729
432921
434944
435281
435521
437228
437383
437676
437974
438182
438486
438646
438718
439034
439261
441047
441803
442103
442178
442697
443923
445147
445207
445528
446043
446169
446979
447013
447321
448779
449038
449236
449584
449596
449743
450548
451156
452286
453037
453193
453207
453834
454083
454161
454219
454299
454642
454794
454796
455334
456219
456728
457930
458121
458746
458921
459771
460228
460550
460711
460754
461322
461427
461551
461875
462014
462636
462727
463018
463488
463507
463510
463550
463813
463969
464331
464482
464842
465127
465145
466406
466568
466582
466609
466862
466946
467407
467594
467755
468259
468396
468749
468789
468837
469770
470042
470144
470752
471406
473693
473727
473831
474673
474850
475420
475803
476652
477648
477692
477807
478155
478306
478470
478530
478604
478744
479256
479474
479735
479797
479899
480366
480373
480524
480899
481388
482649
482729
482740
482827
483402
484135
484315
484493
484505
484507
485052
486791
487173
487176
487374
487798
488635
489485
489543
489631
490024
490190
490823
490919
491767
492336
492488
492936
493372
493937
493984
495387
495507
496369
497223
498199
498326
498489
499532
499712
499732
500586
500908
503202
504538
506588
506632
506861
507197
507729
507889
508075
509386
510635
510734
511113
511792
513782
513907
514478
514513
514649
515060
515329
515368
516505
517196
517260
517402
517452
517641
518130
518166
518398
518714
518759
518800
518808
518843
518911
519137
519261
519327
519469
519472
519499
519903
520059
522871
522905
523011
523212
523822
523975
524662
525202
525249
526088
526400
526873
526900
526976
526985
527669
527882
528008
528757
528917
529736
531554
532306
532364
532620
532661
535454
535895
536990
537710
538091
538133
538623
538955
539695
539760
539813
540071
540247
540458
540798
541029
541193
541273
541453
541698
542277
542288
543430
543558
543676
544206
544881
545604
545671
546140
546857
546875
546986
547214
547335
548669
548715
548830
549005
549403
550155
550893
551892
552261
552555
552778
552846
552972
553754
554673
555395
556062
556301
557025
557417
557428
557602
558424
558646
560139
560369
560373
560724
560730
560864
561915
562434
562758
563064
563386
563531
563600
563799
563868
564071
565138
565546
565802
565827
567649
567971
569912
570223
570365
571913
571960
572292
572850
573413
573823
574109
574409
574626
574649
574979
574988
575625
575826
576327
576380
576692
576831
576867
578038
578301
578644
578715
580256
580277
580346
580384
580539
580695
580773
582952
584447
584660
586110
586233
588320
588437
588965
589952
590840
592024
592345
592421
592510
594027
594142
594535
594866
594927
595081
596052
597545
597681
598439
599279
599480
599647
599725
600173
600388
600607
601588
602293
602580
602814
602997
604365
604451
605153
605207
605261
605763
605939
606290
606450
607034
607089
608210
608228
608527
608653
608890
608982
609104
609205
609958
611419
611456
611537
611673
612824
615217
615572
616081
616225
616355
616689
616924
618439
618550
619240
619257
621707
621743
622174
622396
622579
622610
622767
623406
624879
625091
625100
625131
625753
625958
626163
626543
631418
633860
634258
635336
642745
645421
650857
654871
656513
657916
666223
667186
668634
672522
673843
673938
679482
680679
680791
684214
684785
685600
685675
688601
693691
694314
697089
697903
704970
709065
711019
711308
712533
714679
714926
715147
716095
717621
717935
718506
723355
723407
723771
724236
724769
725674
728085
731154
732484
733681
735711
736264
736583
737017
739388
739860
740249
740276
740325
741466
741468
742006
742796
743017
743771
745144
745446
746755
750492
751640
752577
752972
753443
753808
754776
756209
756895
756981
757634
757740
758478
758594
759360
759495
759580
759650
760146
761035
762864
764487
764703
765847
767723
768034
768575
769443
770709
771232
773493
775561
778695
778698
779663
783849
784065
784400
784859
786688
787614
789767
791661
794535
794639
794978
798464
798831
798943
800362
801007
804528
804991
805459
807205
807738
808909
810351
810796
812055
812773
815100
815145
815181
819320
819522
824083
824567
827072
827281
827637
827818
828469
830534
830560
830622
831848
833102
834134
835212
835363
836821
837740
838190
838634
839184
839442
839992
840055
840115
842314
844055
844497
844499
847660
847693
848278
849022
849181
849883
863993
864036
864534
864748
865797
867784
867960
868475
868477
868635
868995
869888
870253
871335
871822
873063
873625
873816
874128
875023
875200
875583
875601
876693
878237
879040
879068
879166
879335
879619
880018
881021
881409
881538
881847
883001
883474
884245
886335
888684
891209
891498
892846
892868
893091
893132
894584
895429
896292
896576
897112
897154
897404
897469
898639
899574
899638
899788
899949
900910
901480
902666
903506
904707
904772
904975
905482
906631
907256
910386
910611
911353
912665
913649
913869
914699
915084
915181
915275
915587
916116
917858
918855
919511
923982
924214
924447
926125
926371
927319
928252
928984
929431
930120
930957
932988
934189
934452
936098
937009
937616
940319
940576
942083
944871
945336
947310
949334
950274
950589
950781
950885
952141
953681
953733
954307
955120
956307
956341
956380
957469
958708
958732
961599
963258
963303
963615
965265
965727
965732
966233
966445
968004
969925
970916
970923
971894
972461
972883
973272
973977
975080
975489
975853
978112
978488
978552
978729
980613
982344
983244
985590
987100
987604
988614
988692
990121
990394
991052
994488
995068
995739
995860
996203
997960
998202
998627
998909
999728
999796
1000572
1001002
1001193
1001750
1001802
1004943
1006960
1007975
1010323
1012154
1012882
1014685
1016687
1016887
1016894
1018514
1019250
1020231
1021894
1022678
1023595
1027715
1027719
1028263
1028864
1029318
1029577
1029987
1030310
1030971
1031512
1032078
1033300
1033381
1034684
1034783
1035211
1035438
1036065
1036212
1036452
1037190
1037370
1037482
1038238
1038880
1039536
1040845
1041694
1042524
1043083
1045030
1045120
1045302
1045493
1046200
1046906
1047905
1048927
1052397
1055221
1056623
1056766
1056892
1057525
1057667
1057904
1058036
1058591
1058749
1059922
1059954
1060821
1061200
1061637
1062496
1064162
1064854
1065428
1066110
1066192
1067245
1067295
1067318
1068521
1068889
1069182
1070303
1070388
1070544
1071138
1071778
1072004
1072489
1072676
1073553
1073589
1073949
1074210
1074594
1074747
1075172
1075341
1075774
1076897
1077642
1078269
1078414
1083206
1083753
1084345
1087070
1087105
1088226
1088642
1090057
1090194
1090719
1091025
1091502
1092704
1093208
1094496
1094565
1094705
1095891
1096278
1096362
1096478
1097340
1097773
1097861
1097881
1098325
1098455
1099079
1099359
1099487
1099695
1101767
1102113
1102873
1102967
1103089
1104772
1105168
1105519
1106081
1106260
1106530
1106966
1107101
1107772
1108055
1108114
1108138
1108747
1109049
1110685
1110941
1111244
1111436
1111590
1112419
1113061
1113308
1113819
1115939
1116420
1116587
1121384
1121597
1124305
1124356
1131965
1133552
1133555
1134243
1139357
1140446
1149164
1149491
1151012
1151882
1152207
1152325
1153824
1155363
1157537
1157557
1157582
1157947
1158216
1159100
1159132
1160216
1160893
1161081
1162691
1163442
1163683
1163690
1163691
1163746
1164616
1164916
1165951
1168767
1169656
1171265
1171502
1171591
1172145
1172498
1172744
1175527
1176297
1176435
1176543
1176668
1177442
1177510
1179354
1179385
1179555
1180278
1180978
1181201
1181655
1183011
1183600
1184263
1185189
1186493
1188682
1188909
1189897
1190400
1191051
1191484
1193422
1193992
1194491
1196398
1197029
1197263
1197850
1197957
1198341
1198352
1198602
1199905
1199933
1200229
1200272
1201800
1202978
1203970
1204382
1205586
1206265
1206635
1208003
1209111
1209302
1210893
1211054
1211584
1212485
1213517
1214748
1215389
1215775
1216244
1216535
1216554
1216816
1217691
1217828
1220283
1220840
1221189
1221464
1224008
1224030
1225265
1226038
1226719
1227145
1227224
1228184
1229161
1229789
1230451
1230877
1231267
1231467
1231887
1232001
1232316
1234579
1234881
1235206
1235578
1235638
1236675
1236845
1237165
1237538
1237661
1237802
1238124
1238217
1238615
1239050
1239591
1240703
1240791
1240903
1241233
1241312
1241918
1242789
1243288
1245205
1246442
1246482
