100715
107536
134419
144223
148673
149358
150303
151984
179452
198622
214010
226704
232528
239147
248830
263990
266856
274391
285334
289744
290387
293830
326647
331350
335616
347996
349890
355952
357076
358113
358261
366154
370185
371614
376207
397717
398830
415543
419573
421188
425791
430600
444007
452539
456150
458054
481335
487410
488841
490873
510744
511908
514356
515491
518888
523772
525441
528833
536854
537265
541950
553406
555991
558155
564534
579243
581927
582195
583577
592916
605982
621421
623403
639169
690889
733528
734691
751399
771574
794349
817236
818420
819787
822408
829273
849340
866455
881324
889372
902688
903826
924660
939722
953867
953914
971139
977832
978653
979326
1011496
1014377
1015386
1018648
1044697
1049623
1064451
1071032
1074510
1075171
1158650
1162713
1170139
1174792
1183793
1188815
1190251
1192624
1197342
1214469
1218070
1236011
