100194
105047
107030
108938
109054
109525
109899
110899
111990
112044
114304
114666
116969
118071
118478
127790
131402
133892
133955
137123
138661
139918
141126
144256
146069
148040
149963
152992
153656
153900
156715
159094
163264
165402
171795
174942
176862
179706
179750
183417
187833
191561
197985
201152
202858
204431
208410
211044
212363
235297
242190
242480
244827
247209
249572
251002
259927
261727
265981
270220
271346
272234
275978
281988
282186
283278
284704
285727
289839
290340
291564
291752
295440
296343
297929
299418
299446
300984
301402
304012
307299
307665
309153
312931
313112
314647
315068
315284
324156
325063
329057
330205
341716
346333
347414
349049
351686
351763
359766
361188
365174
369390
369654
372970
374085
374383
377348
378563
381294
388097
398410
401319
402637
403445
405626
406394
407186
409174
409911
410242
412807
413855
416480
418965
420839
421137
423300
423602
425954
427096
427250
436895
438637
445481
445522
448040
449285
449654
449743
449925
453192
453193
458452
460754
462736
463507
464331
469533
472871
474394
480033
483076
495047
506611
510450
516797
517413
519718
519997
520394
523586
526900
528441
529795
530869
531298
535159
538246
541193
543869
548830
552870
554673
555559
556852
569912
570365
571624
583460
588666
596160
596500
601544
602580
603487
608169
612525
612824
616689
619482
624521
634638
636409
639907
648052
652546
665101
674245
675528
686238
689153
692658
699807
707101
712438
714379
718449
719880
724769
727214
733181
736206
739860
751640
755860
758478
769912
775182
783083
784455
790218
814744
819833
823539
838190
865290
871463
883628
885724
890147
890626
901836
902440
902846
908014
910640
911227
911241
911369
915181
915967
920333
922899
926215
950583
950781
953668
957469
964536
964541
968655
969958
971035
971440
973691
975489
976581
976732
981401
982856
988673
995068
997960
1017280
1023349
1027704
1031701
1039714
1045030
1052000
1055988
1056623
1061637
1063450
1071032
1081772
1085762
1095891
1097881
1099079
1099695
1106383
1124356
1133574
1155422
1157721
1158364
1158986
1159102
1160764
1163691
1167207
1168767
1171591
1173969
1188651
1191759
1197856
1198352
1198565
1204480
1235206
1236675
1237605
1237802
1241825
