101299
104401
109730
113036
116441
119510
121408
125915
126035
129151
130366
130555
138058
140480
144512
146208
148673
149358
149838
150865
153500
153534
156634
162055
162884
163776
164525
171222
174212
179988
192516
197718
199911
200366
205109
211046
212139
217297
237374
247993
248676
251036
252606
280966
293947
297467
299107
305678
308992
328086
328141
329014
330312
331444
339428
339606
339905
341166
341270
343805
346289
360516
361281
371498
371575
380944
383294
398534
399682
404347
405080
405901
408175
409690
412833
423459
424865
426790
445207
445261
446533
446878
447143
448792
450009
458457
460697
462014
462819
463969
465145
466214
467764
472493
474098
475440
475855
477648
478898
480928
489993
496238
499712
502470
507933
509218
510060
510225
510973
512440
512934
514356
518226
519452
520059
523766
531554
536214
536669
545944
549038
551934
552846
555991
556062
560369
563916
566090
575459
578507
579243
580123
592027
593459
600607
601405
619193
624033
624366
653292
668785
673938
688336
689705
690517
715453
734827
753583
755092
780709
794611
794690
805164
813375
816699
819320
833153
867045
872506
875601
875771
879335
879803
888764
912494
921280
932953
939722
940576
944871
945174
949782
959996
988587
998226
1003366
1014586
1032078
1036863
1054186
1059708
1073556
1080244
1081436
1081866
1083206
1086295
1090057
1100266
1105518
1122033
1158336
1159082
1163796
1166148
1166438
1171966
1173103
1174277
1174346
1182559
1186493
1191106
1195916
1197029
1205586
1218070
1219843
1220085
1224499
1225176
1225767
1227732
1229386
1236866
1238217
