132328
133955
138661
139918
148673
149358
174204
179122
179210
179354
180587
207999
211249
213053
223769
232475
255496
261750
282723
284704
285727
318498
324156
325063
332928
336239
338862
355592
357076
359239
361274
366154
377348
401319
402629
406394
411832
412807
416480
425600
430340
435267
446868
458452
462236
466370
480106
480445
487410
499204
527508
537265
537392
556243
556676
571013
575027
579243
593807
596427
599293
613217
615790
639169
734827
750068
756427
832438
834995
839250
867749
870977
878915
890626
930557
936719
939722
963942
964541
971035
1017280
1033353
1052901
1058940
1063450
1066878
1067863
1071032
1094910
1110165
1121044
1155422
1176130
1192624
1198151
1220333
1224499
1245469
