100194
100497
101389
105047
107030
108938
109054
109302
110297
111958
114666
115438
116759
118478
123501
123777
123949
126059
126124
127111
127303
127790
128859
129289
130532
132500
133892
137871
138965
140050
140093
142372
143331
145974
147410
147772
147896
148440
149963
155879
156366
158972
165324
165402
170884
171664
176862
181964
183417
187833
197201
198094
199656
199673
201704
204431
204821
209033
209599
209608
213322
218262
218744
220158
226086
229065
231934
234017
235297
235462
237469
241558
244198
244827
251568
253255
265419
266265
268238
269603
270220
271349
271497
272549
275782
275978
276634
276929
277744
281555
284573
284704
288366
288685
289246
291564
291752
292347
294943
295911
296181
296219
296343
297431
300069
301402
306257
306788
309153
312931
317641
319166
319952
322977
323046
327994
329649
329819
331082
332924
335544
345803
346333
347680
349360
350054
350593
351040
354817
355838
355952
360750
361791
362768
365174
366803
368080
369654
372038
373230
374383
376762
378183
381294
383984
384443
392769
394541
396894
400827
400905
401551
402484
403445
407237
408597
411215
416480
420925
421137
422151
422794
427096
427250
427921
430438
432893
435091
438350
442439
444175
444898
446169
448040
449529
449743
449925
451301
451658
453193
457624
460805
463507
464331
470065
470371
471841
472871
480366
483161
483533
483688
485098
493937
495206
496467
499147
501153
501499
508101
512746
518398
518488
520041
521201
523545
526900
528415
531053
537489
540322
540625
540861
545785
548830
549705
554079
554234
554667
560559
561920
562982
563600
567220
569912
571624
572123
572511
578301
580717
583460
588342
588965
596217
598623
600388
602580
606762
607784
612824
614578
616225
616689
619453
620811
622371
626162
632628
636458
640694
648052
651029
651048
657167
658355
688008
696493
703448
714299
715527
717234
734723
739860
740276
740786
743419
747952
748250
751640
757634
778017
789482
795191
806452
817898
825612
828186
834283
845639
845965
852509
863803
866385
867553
869865
872971
879166
880605
882421
885531
885724
889372
890147
896272
896576
899392
903640
903655
910238
910274
919805
930235
931866
945668
946201
950534
950781
952954
953088
954473
957231
957469
959459
963091
964536
970623
976383
978653
981401
983577
985214
988692
989145
989996
998545
999259
999796
1000560
1000572
1001837
1008808
1009010
1011496
1013535
1023819
1024219
1025140
1029030
1039714
1040391
1042216
1044697
1052762
1060176
1061637
1062852
1064563
1066889
1067487
1070333
1071032
1071331
1080641
1084345
1086227
1086750
1090029
1095891
1097548
1098390
1099079
1099592
1099695
1100769
1103098
1107636
1109186
1158305
1159966
1161856
1163691
1166865
1167207
1168767
1170827
1171265
1171591
1178332
1178568
1178842
1179263
1180756
1188682
1191682
1192299
1196697
1198352
1200044
1213074
1213768
1221377
1221464
1221607
1224008
1225800
1227145
1234306
1236675
1237777
1238156
1241572
1242917
1244906
