107724
130260
140050
149358
159875
161358
162721
168139
179122
182205
189203
198094
201704
202034
211249
216255
223769
232475
238407
268238
271745
284704
297198
302336
308901
313531
317110
319166
319952
321596
327617
332928
335616
338748
338862
351983
352441
355592
355952
356538
357076
359239
368055
377062
397222
400827
404674
408070
416480
420925
429282
431759
432571
438350
446165
461439
461473
480106
488325
490250
501079
501499
508716
512350
512746
515936
537392
537965
540322
548446
551714
555882
555991
577640
579243
600515
603359
610554
613217
621412
632628
715527
734827
801364
833255
834995
837578
871644
881068
882421
889372
904012
924203
945668
956686
969405
969956
970623
976826
978653
985214
1008808
1011496
1025140
1033353
1035622
1044697
1052762
1063103
1066878
1069952
1071032
1080641
1085992
1089061
1089611
1182777
1191700
1192896
1193538
1196573
1201555
1220333
1236011
1241990
