105109
111320
118443
133014
133955
141519
144223
145921
147422
149358
150303
154165
156003
159390
172030
172457
176093
179354
183036
187317
187606
191656
196070
199328
205440
211249
211726
221606
223124
227535
235302
244023
259005
263990
282859
283101
290288
291839
292707
300677
319952
321596
322611
324207
325217
334092
335616
340868
340892
343860
351599
355952
366154
367989
372060
388004
389097
390818
392865
397723
399636
400827
406180
406488
415543
415771
416480
425791
430021
438276
439351
443448
446165
448223
448629
449593
449689
456150
459030
460608
461119
462764
465046
472335
477469
482398
484956
494647
502591
504536
509781
517522
520105
523122
529566
536854
537653
540322
556676
557623
568136
573408
579243
586612
586731
587888
590436
595004
595074
603359
608203
610841
612887
615241
622569
625591
626124
678188
690889
694933
695006
705311
734827
750091
765773
771424
806212
817871
818420
831250
834995
847586
866455
866623
872909
880568
930557
932270
936719
939722
946912
950056
953894
956686
969405
970623
977704
979326
988747
991010
991767
1007415
1011327
1015620
1030684
1033786
1041415
1042448
1043904
1044697
1049623
1055005
1057173
1057848
1058467
1062886
1063103
1063450
1064451
1067863
1071032
1074308
1078605
1106512
1155422
1158650
1160765
1167769
1169334
1177218
1179952
1180476
1181760
1189196
1190439
1195378
1197273
1211928
1219889
1220333
1224179
1244138
