102086
109730
114363
117912
118554
119510
121147
124069
126035
126718
130366
130555
138058
140052
146208
149358
156634
160400
161848
179988
192516
205109
206454
211046
211249
215796
217297
227159
241604
248676
259947
269529
274448
287490
293992
296455
296815
299907
300677
300688
305678
308992
309563
316368
321847
325622
330312
332432
336730
339445
343805
343869
344630
346289
347246
351983
361488
371498
371575
375338
380689
381685
382617
385735
387373
390818
391631
395217
397222
399682
402629
403184
405901
406848
408266
421852
425686
428750
435267
437840
439261
442885
445207
446165
446878
448792
454083
454219
460228
460915
461997
463969
466214
477807
480373
480928
484351
496238
497295
499712
500190
502470
507911
510622
512100
512483
515009
518226
519452
520357
523515
525730
525889
529566
530862
535249
543430
545752
552846
555432
556062
557170
558641
558940
562198
570060
575459
578715
579243
581673
584167
586612
589952
593459
595004
600607
603391
609178
616308
655274
734827
735241
740325
749584
780709
794611
822437
827754
829305
832438
838066
844047
847010
849340
849398
864313
872222
880018
886182
904119
908384
917858
922413
930557
937602
939408
939722
953816
986779
1032078
1035567
1048693
1052397
1054186
1056892
1065517
1066878
1069295
1077855
1083206
1089611
1090057
1106362
1158336
1158603
1159082
1163707
1166696
1182559
1186514
1191727
1205586
1207540
1210893
1214762
1221408
1225176
1237301
1238217
1244423
1244683
