100194
100552
103218
103904
107030
109572
110899
114666
116969
123035
123777
126875
127790
129289
133767
133831
133955
134527
137871
138296
140063
142372
144256
147410
149963
151984
162567
163968
164174
171848
177755
179750
181931
186345
186815
187833
190741
197297
197985
201065
204431
206040
206673
234017
235297
239730
241363
241388
249457
250456
253255
261214
261223
265739
270378
271346
272549
275978
276893
281822
281988
288685
288739
289284
290089
291564
291752
292878
293559
294969
296219
301402
306257
306709
309153
312566
314647
319870
319952
321172
329819
332056
333674
333809
340938
349049
355838
355952
356698
366803
368030
368080
369285
375234
380828
383964
387220
389821
392471
392599
400827
403445
403759
407030
409174
412468
415230
416480
418485
421137
425954
427096
427283
429537
429795
431508
433296
433987
435091
445481
446169
449488
449743
449925
450235
460608
461163
463488
464482
464868
470065
471628
471841
477097
483161
483533
484887
487173
487307
490190
493713
495047
504549
504875
506611
507889
516797
523545
526900
528367
528441
532667
539583
540144
541193
542908
548108
548830
550676
552824
554079
554667
554673
555125
555806
560559
562595
563600
575625
580313
583460
585130
585153
588437
593192
594239
602580
602814
610976
612824
616689
617754
619880
626070
632424
632887
648052
665336
674245
686238
690305
691791
696493
697160
726763
727526
729030
733146
736206
738892
751146
751640
757634
770100
790090
791569
838190
845965
847294
866385
866455
869078
869865
879402
896576
897373
901075
901836
904975
908239
911227
914112
915181
919805
923537
932324
946440
950589
953668
953965
955991
957469
961165
964915
971917
977640
986299
987275
988692
988747
993998
997283
1000560
1017612
1018350
1025268
1027704
1032905
1033795
1037526
1044697
1047372
1049907
1050603
1052000
1056332
1056623
1060821
1061637
1063450
1071032
1071331
1080641
1081772
1095891
1096379
1097881
1100545
1102578
1122610
1123564
1124356
1150653
1155422
1157721
1159102
1160764
1163691
1166779
1168767
1169972
1171591
1173969
1180366
1189196
1189881
1195040
1197856
1198352
1199496
1220033
1221464
1221526
1235206
1236675
1237605
1237802
1244371
