149358
156003
174204
179122
205440
211249
253342
274448
274812
283101
300677
318712
320493
321596
324387
335616
336148
336239
343860
351983
355592
355952
366154
382617
390818
395217
397222
399636
400827
402629
408499
429282
431711
435267
439351
446165
448629
456150
460608
482398
484956
494647
516692
529566
535711
536284
540322
553406
565979
567520
579243
586612
590436
595004
603359
615790
616647
647384
678109
690889
729149
734827
735241
832438
847586
849340
869320
871644
880568
882282
930557
936719
939722
949370
956686
964541
969405
970623
977704
1044697
1049623
1063103
1063450
1064451
1066878
1067387
1078605
1089611
1100106
1106512
1110165
1155422
1158650
1167769
1170991
1181760
1195378
1219889
1220333
1236629
1237467
1241990
