105843
107463
111211
112511
121192
124464
132014
132722
146201
146390
148601
152033
152797
173319
183878
194668
201118
204301
223769
228704
236773
238407
238881
242195
249024
253734
259881
266879
272307
274742
281971
282311
288098
298245
300175
302871
318075
320242
327351
331420
335616
338748
339524
344415
344797
350768
357957
358958
361926
366154
366593
367552
368055
369391
371519
389312
392321
392937
401971
402120
404019
416080
429282
432571
444316
461439
465513
466468
470683
473727
475803
477056
478556
479256
503187
507155
517175
521549
521837
526488
538619
539813
543323
545072
551714
554521
554567
555753
560724
565546
566577
567840
572329
577640
585524
585615
599293
603359
604625
606450
633637
665395
680679
684785
770844
824022
836821
880837
882335
904012
911353
922012
924203
1063103
1069952
1139380
1202978
1219646
1220333
1236011
