100715
109200
111320
112771
124370
133014
133955
138455
141519
141674
144223
145921
149358
151984
152438
153034
155640
157480
171572
171642
172030
172457
178316
181186
182205
187317
187606
190081
193219
196070
199328
201169
205440
205655
208980
209038
211249
211726
221606
223124
223769
231767
232716
235302
240869
241262
241363
244703
247593
248202
253259
255383
259005
269795
274391
275145
277556
289744
290288
290387
296615
300450
302336
308103
311535
319105
319952
327617
330278
330361
334092
335599
338862
343860
344568
345428
347042
351599
355952
357076
358193
367858
367989
371266
371614
382617
387220
389097
392166
392865
393298
397005
397723
400827
406180
406488
411179
415543
416480
419573
422146
422630
430021
431759
433359
433733
438276
438292
438369
439351
440297
443448
446165
448223
449227
449593
454008
460443
460608
462236
477469
480255
486113
487410
490250
492371
496594
499344
502591
509781
516054
516692
517522
523122
525441
527874
529566
531557
532667
535312
535690
536648
537265
537653
545468
548446
548681
556676
557623
557637
573408
577041
579194
579243
580646
583577
586140
586731
587888
588014
589005
593552
597089
606704
610841
615241
615811
618576
620265
622569
625591
632424
646642
695006
717974
734827
762002
793305
797879
807964
821419
825962
826217
829273
831250
834995
837378
842519
843216
866455
866623
872909
872921
874436
880568
882992
893469
910707
916188
930557
933462
935817
936719
939722
945271
946912
972646
975212
976697
977704
979326
980970
985249
988747
991767
996514
1000138
1008808
1010794
1017612
1025779
1027974
1032905
1032999
1034032
1034506
1039669
1039853
1041415
1042448
1044697
1060391
1062886
1063450
1064451
1067863
1071032
1074308
1075171
1075952
1080641
1102578
1102714
1106512
1110165
1150750
1155422
1160628
1164896
1165766
1165834
1166927
1174792
1177218
1177544
1179877
1180476
1189196
1189881
1190439
1191183
1192624
1195378
1206752
1206774
1212744
1221526
1223446
1226252
1226895
