100194
101303
101389
102532
105047
105843
106174
106500
107030
108938
109220
109302
110297
111211
111958
113487
113566
113895
114363
114666
115022
115438
115606
116759
117912
118478
118554
121192
123501
123777
124069
124464
125034
126249
126277
126718
127111
127303
127790
128859
129415
130366
130532
132014
132253
132500
132722
133397
133892
136064
137677
137871
138965
139113
140093
140480
142372
143331
143498
144205
145215
145422
145974
146201
146208
146390
147410
147772
147895
147896
148440
148601
149886
149963
150337
152033
152797
152995
155862
155879
155913
156366
156634
158639
160153
161156
163869
164308
164597
165324
165734
166524
168379
169206
170131
170311
170884
172406
173319
173528
174578
175370
176862
178222
178285
179267
180230
181642
181964
187833
188482
189769
191185
191426
191463
191747
192058
192516
194125
194411
194561
194636
194668
195200
195349
195808
197201
197718
198355
199911
200047
200898
201118
201584
201600
202075
203556
203819
204301
204431
205109
206416
207105
208285
209033
209276
209598
212139
214303
215374
215849
216329
218262
218744
218865
220158
221843
223831
226086
226924
228704
229065
231629
231893
232159
234017
235297
235462
236292
236773
237374
238281
238481
238881
239503
241558
242195
242680
244198
244827
247851
249024
249449
249904
250963
253255
253734
254208
254395
256229
256626
257982
258025
259881
259945
261715
261752
262090
263293
263913
265419
265630
266150
267463
268529
269603
270220
271349
271497
272307
273947
274742
275978
276052
276634
277744
278491
279941
280966
281555
281971
282533
283016
285090
285450
286890
287148
287754
288098
288159
288685
288714
289246
290667
291564
293992
296181
296219
296343
296815
297431
298245
300069
300175
300774
301402
302246
302871
304487
304554
305419
305678
306788
308992
309153
309563
312415
312955
313472
313731
313776
314138
314234
315575
316835
317586
318075
318300
320242
320843
322776
322977
323762
325026
326485
327351
328351
329014
329649
329819
331786
332432
332635
332924
335544
338042
339445
339524
339606
344157
344269
344797
346289
347680
348085
349522
350054
350390
351013
351040
355661
355676
355838
356217
356806
357957
358021
358958
360593
360750
361741
361791
361926
362894
366503
366593
366803
367552
368080
369391
369654
369660
369718
371498
371575
372038
373699
373929
374468
376177
380236
380689
380881
380944
381294
381555
382265
383984
384261
384443
387297
387373
389312
389961
390199
392321
392366
392769
393439
396088
396106
396894
397953
399682
400253
400916
401082
401551
401971
402120
403445
403552
403765
404019
405901
406056
406750
407141
408597
410740
410824
410970
411215
411452
416080
416623
416959
417564
419062
419136
421137
422349
423878
424597
424865
427096
427250
427921
428651
430438
430521
431746
432122
434444
435091
435521
436127
437974
439261
440569
442885
444175
444316
444787
444898
446169
446535
447321
447717
448040
448792
449743
449925
451658
451897
452295
453193
453834
454013
454083
454219
457624
458615
458921
459345
460889
461997
463030
463507
463903
463969
464208
464331
465285
465513
465591
465877
466214
466468
466946
468383
468426
468467
468493
470042
470065
470752
471841
472871
473727
474269
475440
476566
477056
477413
477807
478167
478556
479256
480366
480373
482512
482953
483161
483533
483688
485876
487798
488635
489993
491536
491709
492488
492650
494963
495206
495409
496467
498303
499127
499147
500694
501153
502556
503187
503579
504878
506632
508101
509218
509386
510225
510479
510973
511792
512483
513392
516100
517260
517711
518398
518488
518911
519306
519327
519861
520056
521183
521201
521549
521837
521885
522268
523545
524668
524978
525889
526488
526900
527150
527677
527838
528415
528848
530814
531053
532233
532306
534555
535243
535249
535454
535838
535929
536398
537489
537723
538133
538471
539446
539879
540517
540625
542559
543323
544364
544950
545072
545865
545910
545944
546628
548830
549038
549659
549705
550268
552846
554164
554234
554567
554667
555398
555753
556062
556301
556657
560139
560724
561920
562198
562982
563837
565138
565546
566577
567220
567649
569268
569912
571624
571960
572123
572329
572511
575459
576712
578301
578365
578902
580695
580717
582622
584471
584801
585069
585524
588965
589776
594535
596217
596920
597790
598623
598952
599279
600388
600607
601306
602580
603391
604361
606450
606762
606922
607278
607784
607833
610403
612824
612953
613804
614578
615217
615259
616225
616689
618337
619453
622371
622782
624828
625483
626162
636458
638210
640694
645406
651029
651048
653292
657167
658355
662382
665395
672310
675569
686138
687773
688008
696493
697724
711253
711308
711978
714299
715147
715453
717621
719359
721265
724438
731874
734723
738717
739860
740276
740786
742338
746930
747952
748250
751640
751942
752568
753583
755092
757634
757740
770844
773493
776007
778017
778855
779784
789482
793919
794611
794978
795191
796448
806452
806484
817898
818643
819320
819872
822157
824022
825612
827754
828186
829305
829955
832235
833102
834283
836316
836821
839435
841409
842170
844047
844897
845834
845965
852509
862846
863803
864313
864534
866385
866605
867332
867553
867805
868830
869865
871654
874415
876212
876531
879166
880018
880605
881614
881662
881847
885531
885724
887042
888764
890276
890518
894344
896272
896576
899330
899638
900464
901985
902470
903640
903655
907866
910238
910274
911353
913464
916245
918855
919299
919805
922012
923982
930235
931866
933026
946201
950781
950817
952954
953088
953133
954473
955102
956307
956341
957231
957469
959062
959459
963091
963615
963873
964536
964983
967474
970021
979998
985590
986790
988692
989025
989098
989279
989745
989996
991727
992235
992452
995860
997163
997717
998545
1000560
1000572
1007975
1009010
1013535
1014685
1014735
1016570
1024219
1026604
1029987
1032321
1033378
1034893
1036452
1037084
1039534
1039714
1043111
1044608
1045120
1047235
1047955
1049074
1050540
1051361
1052503
1054887
1055722
1059033
1059459
1060176
1061637
1062852
1063037
1064563
1066889
1067295
1067487
1070069
1070333
1070572
1071331
1073436
1077855
1079981
1080244
1082751
1084345
1089775
1090029
1092457
1095891
1097548
1099079
1100769
1101837
1103098
1105632
1107968
1108350
1109186
1112722
1121072
1124305
1135820
1139380
1152114
1158336
1159966
1160216
1160717
1160772
1162191
1163145
1163691
1164616
1165427
1166148
1166865
1167207
1168767
1170752
1171265
1171591
1172049
1174277
1177944
1178332
1178568
1179263
1180756
1182692
1183766
1185643
1188682
1191682
1191727
1192299
1196346
1196697
1196711
1197850
1198352
1200044
1202876
1202978
1203042
1203541
1205586
1206265
1207494
1212304
1213074
1213768
1214239
1216244
1219646
1219925
1220283
1221464
1221607
1224008
1225800
1225976
1227145
1234306
1236675
1236905
1237777
1238156
1238217
1243675
1244906
1246442
