100351
100942
101105
101205
105649
106203
107305
108294
108805
108875
108938
109525
109538
109730
109978
110196
110731
110899
111432
111828
112006
112041
112387
113725
114658
114666
115526
116290
116388
116560
116969
118229
118478
118606
119510
121107
121128
121408
121730
124559
124681
126046
126217
126367
126632
126718
126975
127760
127790
128265
128359
128896
129318
129390
130188
130366
130555
130700
130756
131348
131511
131516
131834
132253
132641
133892
133998
134917
135825
136832
137090
138058
138325
139833
141207
141332
141642
142418
142659
143378
145215
145772
146032
146175
146208
146314
147333
148416
149020
149886
149963
151252
151989
152266
153055
153490
153899
154647
154953
155907
156096
156212
156490
156634
156644
157047
157180
157357
158639
158972
159094
160791
160892
162055
162167
162183
163124
163264
163332
163523
163810
165076
165785
167298
167358
168079
168201
168799
170293
171090
172305
172406
173071
173181
173260
173319
174212
174458
174525
174617
174942
175673
176549
176862
177933
178786
179706
179727
179750
181027
182361
182535
184660
184677
184830
184838
184841
185215
185625
185798
187833
187915
188558
190405
191307
191472
191954
192004
192386
192516
192639
193227
193285
193677
193696
193807
195642
196174
196232
196976
197750
197808
197892
197985
198477
198623
198862
199278
199576
200156
200898
201584
203487
204208
204431
204764
205071
205109
205515
206454
207233
209886
211979
212581
214039
214182
214517
214828
215796
215849
217089
217297
217726
217903
221187
221737
223906
224471
224478
224522
225015
226912
226924
227159
227925
228319
228538
228704
228856
231266
231351
231807
234017
235297
235596
236428
237181
238828
239145
239412
240151
240304
241230
241388
241604
242171
242452
242569
242920
243983
244198
245076
245092
247066
247209
247304
247822
248530
248676
248786
249024
249382
249572
251002
251477
252507
252901
252909
254338
255586
255620
258165
259756
259927
261215
262090
263245
263519
265244
266691
267164
267322
267343
267648
267775
268572
269015
269223
269668
269882
270220
271240
271256
271452
271497
272123
272966
273618
273842
274836
275298
275763
275782
275914
277301
278799
280693
280786
281256
281800
281971
283278
283533
284995
285626
286104
286215
286228
287490
288098
288642
289241
289822
290535
290616
291218
291317
291682
291752
292347
292710
292885
293702
293965
294412
296343
297442
298450
299083
301402
302709
303546
304012
304126
304298
305094
305264
305678
306257
307039
307210
307536
307665
307874
308073
308334
308900
308992
309563
310581
310944
312355
312825
312856
313112
314228
314234
314647
314852
315579
315727
316209
316368
318678
321180
321348
322520
323479
323949
324062
324441
324605
325241
325450
325622
326854
327015
327681
327976
328019
328876
329057
330312
332083
332346
332432
332762
332850
332943
333036
333072
333729
333900
334185
335224
335335
335544
336312
336730
336921
337414
337592
337743
338085
338798
339428
339445
339885
341101
341102
341164
341849
342099
343449
343583
343748
343805
344106
344415
344587
345301
346289
346638
347476
347568
347942
348948
349049
349765
349878
350009
350390
350593
350769
350967
351040
351686
352108
352623
353509
355035
355203
355520
356280
357957
358543
359002
359007
359077
362058
362675
363093
363302
363534
363733
364771
365245
366567
366974
366986
367948
368495
369390
369474
369960
371485
371498
371519
371575
371751
372108
373506
374467
374708
375338
376289
376431
376527
376741
376854
378183
378736
380309
380555
380689
380881
381797
381808
383170
384261
387239
388739
388999
389496
390427
391139
391631
391792
392706
392833
392937
393462
394811
395081
396831
397384
397452
399087
399352
400722
400788
400808
400840
401212
401310
403184
403445
403765
403874
404374
405239
405626
406435
406848
407307
407312
407912
408216
408266
408382
408547
409174
409431
410921
412591
412949
413192
413547
414193
414378
415088
415349
416219
416396
416890
416959
418124
418551
418780
419307
420571
420839
421137
421208
421796
422261
422871
422901
423300
423602
423611
424534
425149
425951
425954
426563
427035
427096
427250
427572
427783
428547
428604
428875
429092
429595
429826
430792
431265
431547
431837
432256
432995
433081
434194
434481
436311
436587
436986
437343
438477
439081
439261
439923
440558
440924
442103
442303
442662
442697
444052
444143
445207
445481
445522
446043
446878
447204
447321
450205
450548
450776
451669
452286
453193
453834
454197
454219
455008
456219
457865
457930
458101
460228
460771
460805
460915
461997
463835
464331
464694
464868
465211
465370
467022
470300
470752
470961
472476
472493
473693
474394
475601
476652
477648
478456
478604
479256
480136
480373
480623
480899
482740
482761
482998
483076
483143
483490
483533
484120
484507
484848
485025
485052
485421
486286
486791
486982
487994
488821
488836
490190
491256
494444
495047
495441
495507
496238
497295
497577
498326
498824
499303
499402
499519
499712
500190
500694
500915
501817
502923
503187
504102
505454
505859
506019
506129
506206
508067
508075
508445
508501
508618
508803
510060
510208
510450
510751
512100
512483
514462
514513
515368
516505
516578
516797
517999
518166
518226
518759
518800
518843
518902
518911
518920
519452
519472
519718
520531
521183
521418
522574
523099
523273
523346
523515
523586
523822
525815
525889
526399
526587
526976
527980
528008
528700
528757
529602
529667
529783
529795
530240
530805
530869
531406
531947
532369
533587
535047
535159
535729
535838
536334
538246
538955
539396
539813
540247
540798
541016
541099
541193
541417
541453
541470
542084
543430
543869
545049
546013
547665
549038
549263
549403
549705
550149
550799
550893
551091
551098
552444
552903
554079
554673
555432
555618
555727
556062
556224
556852
557034
557170
557428
558934
560139
562198
562434
562758
562783
563386
563799
563868
564710
565223
565366
566408
566531
567280
568991
570060
571211
571624
571913
571960
572285
572329
573477
573488
573766
576327
576380
577215
577441
577469
577620
578038
578301
578715
579353
583460
584082
584167
587539
588437
589952
590919
592510
593200
593447
594027
594239
594278
594535
594927
595081
596052
596217
596222
597247
597324
598439
599245
600449
600505
601544
601586
602293
602580
602997
603391
604625
606450
607089
609178
609257
609478
612288
612525
612824
615572
615774
616225
616689
616900
617055
619482
620797
622027
622174
622516
622579
623330
623860
625131
626109
626163
626547
628458
632691
634774
649715
650731
653292
655274
657916
658355
660994
663939
664671
667914
674245
680791
681522
683849
684785
686238
688849
690546
691791
701153
702345
704970
705461
705599
712438
713024
715221
716095
717621
717976
718379
718449
719880
721265
723615
725052
730652
732484
736264
739860
741223
745408
746974
747540
747609
747719
748401
748897
748914
749584
749724
751056
751640
751921
753354
756073
756486
757192
757634
758395
758619
762412
762454
764099
765800
767208
767252
767895
769631
770127
771773
772456
773493
775182
776007
776247
778698
778855
780125
780709
781588
784400
787610
788906
789767
792893
794690
798694
804528
804991
805158
805459
808909
814206
815881
815942
815963
819522
820012
822437
823956
824083
825683
827072
827281
833102
834878
836316
836821
837172
837373
838190
838612
839184
841049
841343
841583
842314
844897
845961
845965
846717
847010
847660
849398
863192
863202
863452
864313
864534
867699
867784
868338
869371
870078
871085
871314
872222
873063
873816
874722
875200
875487
876693
878894
878920
879531
880018
880160
880836
880853
881238
883831
883974
885724
886182
887891
889954
890100
890147
890399
891917
892098
892110
892846
896260
897154
897326
899601
899638
899802
899949
900464
901480
905059
905482
906526
907399
907616
908014
908982
910640
911241
911967
912284
915181
915361
915967
916245
917858
918459
922413
922746
923299
923982
926125
926215
926375
927709
930308
932650
933717
934209
935624
936316
937549
938561
939408
943941
946557
949466
950091
950963
951867
953034
953088
953816
954060
954307
955120
956341
957469
958444
958732
958960
963258
963615
964437
964536
964558
965172
965265
965693
967612
968551
969099
969304
971440
971894
973631
975522
975853
977640
978018
979815
980993
981027
981914
983125
986325
986779
987358
988673
988692
988859
989480
989745
993844
994453
994488
995068
995513
995709
996421
997960
998545
999056
999513
999728
1001837
1003298
1004644
1005776
1005938
1006301
1006485
1007668
1008376
1009010
1010411
1012296
1013113
1015959
1016700
1017496
1018350
1018638
1021223
1023349
1026838
1027704
1030310
1030391
1030880
1031701
1032078
1034783
1035567
1036212
1036736
1037716
1039029
1039138
1039714
1041531
1042827
1043765
1044423
1045030
1045120
1046200
1046665
1047905
1051441
1052397
1052775
1052838
1053560
1053562
1054205
1055039
1055931
1055988
1056892
1056909
1057887
1058519
1058749
1061637
1061789
1063076
1063343
1063971
1064097
1064162
1064491
1065332
1068315
1069295
1070565
1071706
1071986
1073436
1074594
1075814
1077452
1078771
1080102
1080370
1081768
1082659
1086701
1087105
1088550
1089618
1090510
1091502
1091846
1093208
1095891
1096278
1096289
1097043
1098337
1098455
1098521
1098547
1098836
1099079
1099219
1099695
1099727
1102164
1102469
1102684
1102967
1103111
1104517
1106362
1106383
1106530
1107320
1107772
1109301
1110438
1110497
1111244
1112397
1120736
1121072
1122775
1123496
1124356
1140726
1142122
1149848
1150208
1151143
1151439
1151882
1156578
1156722
1157721
1158336
1158446
1158603
1158986
1159082
1159100
1159583
1160107
1160461
1161081
1161088
1161487
1161989
1163690
1163691
1163707
1164080
1164173
1164639
1166138
1166696
1167207
1167617
1168082
1168259
1168767
1169281
1169349
1170752
1170775
1171370
1171591
1171672
1172049
1172145
1172744
1172838
1173969
1176435
1176580
1176603
1176950
1178802
1178946
1181547
1182559
1182692
1183089
1184225
1184638
1185954
1186514
1188808
1189232
1189972
1191727
1191759
1193606
1194377
1194451
1197452
1198352
1198565
1198813
1198934
1199229
1200297
1202349
1203695
1204097
1204202
1204414
1205188
1209542
1210145
1211025
1212683
1213402
1213768
1217692
1218881
1221408
1223106
1224381
1226834
1228184
1229161
1230300
1231267
1232187
1235206
1236406
1236675
1237221
1237301
1237802
1238217
1241233
1241312
1241825
1242492
1244423
1245706
1245778
1245952
