100194
100202
100942
101105
101299
101318
103371
103814
104401
105047
105498
105649
105769
106150
107030
108294
108805
108875
108938
109054
109572
109730
109978
110592
110899
111432
111828
112039
112041
112231
112387
113009
113036
113297
113425
113487
113567
113725
113797
114666
114811
114866
115438
116441
116969
117249
117667
117757
117850
118229
118302
118364
118478
118855
119510
119521
120099
120286
120461
120628
121128
121408
123294
123777
123949
124464
124784
126035
126662
127196
127376
127538
127760
127790
127802
128265
128568
129105
129151
129390
130184
130366
130555
130571
130756
131514
131554
131834
131862
132099
132253
132260
132739
133707
133892
134545
135414
137090
138058
138287
139416
140093
140387
140480
141642
141866
142373
142418
143826
144205
145230
145478
145772
145827
145928
146208
146452
146540
146883
147391
148229
148963
149370
149838
149886
149963
149980
150176
150337
150825
150865
151252
152339
152857
152992
153009
153490
153500
153534
153656
153900
153963
153970
154890
155285
155563
155710
156096
156121
156346
156366
156370
156490
156608
156634
156644
156705
157246
157503
158639
158972
159143
160378
160806
160907
162055
163178
163934
163968
164525
165609
165660
165785
166799
167097
167298
168569
168649
168983
170158
170729
170804
171799
172305
172406
172974
173319
174251
174525
174547
174617
174917
175616
175853
175869
176123
176294
176761
176862
177545
178829
179416
179988
180207
180230
180952
181029
181686
182670
182887
183846
184045
186240
187833
187915
187930
188482
188537
188970
189043
189720
190629
191017
191225
191307
191426
191827
192516
192562
193191
193677
193871
193943
194359
194430
195211
195246
195564
196329
196976
197718
197750
197808
199285
199673
199937
199984
200107
200564
201127
202124
202227
202690
202754
203511
203563
204037
205003
205109
205515
206055
206111
206686
206916
207105
208744
209218
209608
209988
211046
211074
211657
213211
214089
214317
215782
215849
217297
217726
217739
217797
219159
220439
221782
223493
224116
224478
224522
225255
225621
225819
226924
227267
228704
228856
229076
230856
231094
231629
231807
232785
233668
234222
234320
234495
234800
235297
236428
236452
236862
237374
238481
238557
239503
239598
240049
240151
240683
240766
243893
244198
244827
245072
247822
247851
247993
248425
248530
248676
249045
249572
249740
250400
250481
250535
250963
251036
251428
251477
252225
252547
252606
253255
253364
254316
256229
256735
256742
257663
257793
257995
258020
258038
259630
260024
260525
261061
261226
262166
263477
263882
266157
266265
267440
267956
268854
269666
269906
269982
270220
270237
270990
271497
273864
274199
274836
274953
275313
275401
275433
275829
275978
276372
276711
277301
277935
277989
280156
280966
280994
281256
281555
281976
282311
282671
283278
283533
284341
285090
285626
287754
287831
288366
290249
290337
290816
291218
291553
291564
291806
291899
292710
292885
293451
293602
293851
293947
294360
294576
295124
296286
296815
297113
297467
299107
300175
300218
302471
303696
303859
304860
305003
305242
305678
306100
306731
307210
307536
307595
307874
307966
308525
308992
309886
310030
310170
310380
310581
310847
310944
310952
311421
313674
313887
313942
314138
314188
314234
314636
314647
315007
315386
315575
315579
315727
316209
316681
316705
317870
318300
318678
319122
319668
320791
321180
323046
323722
323804
324385
324605
324751
325127
325208
326740
327138
327610
327681
328019
328086
328141
328640
329014
329769
330312
331247
331420
331444
332610
332943
333415
333924
334136
334438
335097
336040
336776
336831
337531
337592
339428
339606
339885
340068
340188
340236
340456
341101
341166
341253
341270
341310
341803
342524
342688
343539
343805
344106
344970
345624
346289
346950
347322
347476
347626
348948
349530
349537
350143
350390
350769
350820
350923
351016
351612
351763
352108
352405
353175
353824
355203
355809
355942
356178
356320
356609
356737
358181
358331
358412
359007
361068
361384
362617
362740
363138
364068
364296
364345
364658
364809
364948
365986
366534
366567
366974
366994
368108
368495
369215
369654
370111
370130
370690
371398
371435
371498
371519
371575
372049
372351
373230
373369
374383
374454
375104
375108
376513
378436
378563
379021
380828
381313
381774
381808
382031
383294
383617
384386
385430
386750
387239
387325
388275
388315
388923
388999
389100
389207
389496
389597
389767
389821
391139
391792
392183
392706
393210
393261
393334
394148
395636
395777
396506
396831
397272
397295
397384
398534
399094
399352
399468
399682
400722
400788
401551
403177
403445
404347
405368
405901
406076
406798
407955
408547
409352
409690
410242
410856
411679
412068
412414
412468
412790
412833
413192
413554
413932
414188
414193
415088
415331
415695
416080
416795
416959
417411
417557
417692
417796
418770
418780
419033
419307
419473
420626
420953
421137
421383
421796
422118
422261
422497
422901
423037
423459
423619
423713
424321
424511
424865
425664
425951
425954
426430
426790
427096
427327
427408
427779
428273
429092
429595
430018
430278
430438
430844
431837
432995
433003
433081
433266
433622
434913
436431
436586
436822
436986
438932
439081
439310
440971
441047
443409
444167
444803
444938
445031
445207
445381
446169
446533
446535
446878
446979
447204
447321
448259
448590
448779
448792
449115
449236
449890
449919
449925
450009
450399
450524
450548
450623
451669
453036
453193
453207
453256
453834
454059
454161
454794
455008
457820
457930
458457
458651
458692
460089
460099
460697
460754
460756
461875
462055
462636
462819
463253
463903
463969
464167
464519
464868
464983
465110
465145
465877
466214
466437
467764
468493
468837
469049
470065
470752
470805
471460
471775
471799
471841
472286
472493
473077
473727
474098
474442
475419
475420
475440
475601
475637
475855
476652
477616
477648
477692
478470
478604
479921
480218
480524
480899
480928
482021
482426
482729
482827
483161
483211
483533
483791
484135
484493
484505
484507
484669
484735
485071
485098
485101
486524
488446
488754
489263
489993
490190
490755
491395
491767
491803
492313
492345
493366
493937
493984
494444
495425
495544
495684
496238
496860
497223
497798
498326
499303
499402
499519
499712
499732
500694
500946
501191
501817
502383
502470
504538
504614
506206
506588
506632
506972
507317
508618
508797
508803
509007
509178
509182
509350
509547
510060
510208
510225
510243
510669
510734
510886
510973
511024
514478
514668
515958
516578
517175
518398
518800
518843
519137
519261
519306
519667
519887
520056
520059
520531
520978
521161
521710
521885
521894
522476
522646
523099
523273
523297
523346
523465
524090
525249
525646
526400
526488
526886
526887
526976
527418
527590
528757
528811
528869
528917
529795
529805
531053
531298
531521
532306
533921
535988
536398
536615
536669
536696
537708
538673
538900
538955
539130
539188
539813
540247
540798
540810
541039
542084
542513
542530
543053
543563
543870
545865
545877
545910
545944
546839
548581
548624
548999
549038
550658
550799
551098
551892
551934
552715
552778
552846
553602
553841
554157
555013
555222
556062
556159
556219
556852
557428
558424
559347
559661
560324
561007
563799
563868
563916
564430
566090
567321
568132
569472
569912
570458
572169
572850
573848
574855
574988
575459
576266
576301
576380
577914
579353
579539
579663
579893
580123
580717
580773
581812
582737
584447
584660
586117
586233
587965
588320
588730
589121
589325
591465
592027
592123
593137
593447
593459
593782
594239
594535
595081
596052
596217
596325
596575
597703
599245
599725
600407
600607
601405
601640
601900
601965
602580
602997
604451
604625
604667
605153
605523
606632
607223
607393
608982
610365
611456
611537
611629
612518
612824
613003
613162
613642
614173
614909
615217
616170
616689
617669
618337
618391
618634
619193
621358
621707
621947
622027
622174
622767
624190
625091
628778
634638
639570
642550
643161
651586
651923
654138
658355
659179
660116
664576
668634
668785
670787
671210
673938
679237
679482
679925
681522
684785
686238
687466
687995
688336
690517
691206
693572
693691
695135
696497
704970
705461
709087
711515
711978
712438
714379
715147
715221
715453
716018
716095
716228
719763
721553
723771
727418
733680
734723
735292
738694
738892
739860
740142
740325
741468
743017
744951
746755
747446
747609
749724
751640
753456
754409
754789
755092
756209
756804
756856
757597
758197
760240
762882
765348
765567
768034
768575
769479
770369
771171
772456
773493
779524
779698
779784
780709
781190
783181
784065
785031
787211
789767
790704
791569
794611
794675
794690
795567
798749
798831
800736
802319
804528
804991
805041
805158
805164
805674
806141
808622
810428
813375
816699
818839
819320
819859
821793
822596
824247
826642
827072
828021
830638
830899
831848
832718
833153
834134
835212
835783
837001
837740
838190
838612
838620
838788
839435
840055
841189
841409
841703
842314
843577
844497
844535
845965
849583
849882
863993
864036
864534
865970
868475
868830
869139
872506
873363
873470
873625
873816
874309
874722
874972
875487
875750
875771
876693
877227
880102
880890
881409
881754
884486
885458
885525
885531
885562
885724
886524
888377
888764
888781
889184
889255
889768
889830
890276
892098
893132
894091
896389
897079
897112
897952
898879
899330
899574
899601
899638
899725
899788
899949
900713
900910
900951
901144
901480
901873
901985
904772
905482
905659
907465
907866
908014
908239
908504
910241
911241
911353
911369
911475
911614
912460
912494
917561
917932
918260
918392
919066
919286
919531
919805
922899
923982
923984
926392
927319
928890
930308
932953
937249
940576
941862
942898
944871
945905
946254
946483
949426
949782
950274
950589
950781
951641
951912
951994
953088
953733
954307
955120
955263
956341
956423
956935
957231
957469
959369
959996
960264
960904
963258
963615
964075
964536
964899
965265
965907
966086
966445
968004
968496
969958
970052
970923
971470
971894
973651
975449
975853
977643
978552
981371
982129
982774
984988
988673
988692
989317
994488
995068
995674
995860
996421
997051
997163
997283
998202
998226
998282
998545
1000572
1003366
1003499
1005484
1005793
1006932
1007975
1008136
1008328
1009010
1009030
1009439
1012481
1013519
1014384
1014586
1014663
1014685
1014952
1015344
1016343
1016473
1017619
1019603
1021126
1022797
1025066
1026225
1027704
1028364
1028470
1030281
1030971
1031383
1032078
1032311
1033683
1034684
1034783
1035449
1036212
1036736
1036863
1037370
1038016
1039029
1039714
1039836
1040936
1041657
1042524
1044582
1044710
1045120
1045493
1046200
1047587
1047905
1047955
1048334
1052000
1052397
1053125
1053328
1054006
1054084
1054186
1055988
1056623
1057792
1058491
1058591
1059225
1059708
1059954
1060608
1061637
1061789
1062112
1063606
1063946
1063971
1066192
1066512
1066628
1066859
1067883
1071508
1072461
1074641
1074766
1075098
1075943
1077767
1078618
1080003
1080209
1080244
1081436
1083206
1083441
1083753
1086295
1086750
1086766
1088642
1089040
1090057
1091502
1091993
1095721
1095891
1096242
1097340
1097881
1098547
1098840
1100266
1101214
1101895
1102684
1104545
1105518
1105519
1106260
1107755
1107772
1108055
1109301
1109932
1111176
1111244
1112194
1112698
1119605
1120736
1122033
1124305
1124356
1125216
1133552
1133574
1149541
1150728
1151413
1151882
1152114
1157557
1158216
1158336
1159082
1159385
1160121
1162193
1163180
1163691
1163746
1163796
1163901
1164939
1166148
1166433
1167088
1167207
1167617
1168051
1168652
1171502
1171591
1171716
1171944
1171966
1172049
1172498
1172598
1173969
1175352
1176067
1176119
1176152
1176543
1176580
1177294
1177825
1182176
1182559
1183190
1185280
1185954
1186493
1186750
1187387
1188282
1189329
1190153
1191106
1191389
1191955
1193469
1193925
1195073
1195916
1196418
1196500
1197029
1197766
1197795
1197850
1198352
1198602
1199933
1200297
1202105
1203072
1203708
1204097
1204382
1204652
1205188
1205586
1206265
1208302
1209111
1210145
1211025
1212318
1214465
1215839
1217691
1217885
1218394
1219925
1220085
1220580
1224008
1224488
1225176
1225196
1225767
1226834
1227732
1229161
1229386
1229524
1229789
1232516
1233167
1233360
1234831
1235206
1235431
1235670
1236675
1236866
1237005
1237221
1237545
1237605
1238217
1238732
1239028
1240396
1240402
1240460
1240554
1241815
1243464
1244706
1245083
1245091
1246586
