102475
109730
119438
119510
121408
126035
130366
133070
137677
140480
146208
149358
156634
162055
168735
176093
179988
188766
192516
193278
200391
202409
205109
211249
217297
217456
231859
236292
248428
248676
259005
259947
277345
280966
292427
295084
296308
296815
302962
302998
305678
308992
309563
314228
316368
319114
329014
330312
332432
335334
338042
338862
339445
339511
339905
343869
344630
346289
351983
353700
357905
358338
358519
361281
361488
371575
373882
375338
377785
379459
380689
389020
390818
392932
393980
402096
403184
404347
406546
409431
411304
423459
424865
427966
439106
439628
442885
443105
445147
445207
445612
446165
446878
448792
454219
454896
459070
459432
460228
461997
462819
463969
466500
467764
468467
468961
472493
474098
475440
475855
476228
477413
477807
480373
492075
499712
500586
509386
510060
510973
511024
511792
511998
512483
518226
519452
523766
523772
526049
530862
536214
543430
544950
546403
547403
547635
549038
552846
555151
556062
557170
558639
558641
563904
570060
570636
571960
572744
575459
576902
577997
578290
578715
579243
584471
588525
599279
602009
613272
615217
624033
638210
653292
668785
673790
703679
715453
755092
779732
785547
790583
805164
807093
819320
822157
827754
847010
849327
868477
879099
880018
881500
881847
917021
928507
930957
937357
939722
944871
951920
955102
995709
1001799
1025017
1030410
1032078
1032314
1039101
1056892
1066878
1081436
1089611
1090275
1102540
1106362
1122527
1124508
1150404
1154722
1157149
1158336
1165492
1166148
1166696
1180862
1202592
1203609
1205519
1205586
1207540
1218070
1218594
1220214
1223105
1223988
1224499
1225176
1227732
1238217
1246474
