100300
105649
107724
109765
115334
116290
118606
120248
120286
124681
126277
127960
129461
129710
132253
133917
137685
139363
140387
141845
149083
149886
150269
150337
151025
152918
156003
157246
161742
163869
176750
179122
180230
181607
181642
188309
188482
188588
189769
189906
191747
192709
195808
197394
198355
200898
202227
203139
203819
209276
209872
209988
214303
215849
219957
223109
225614
226572
226924
231687
232159
236344
247851
250620
252075
259132
261240
261264
261715
261750
261752
269982
272472
273864
274953
275813
280880
286228
286306
289747
291399
297198
299397
299714
309886
313731
314138
315575
317586
319861
327874
337358
343202
344106
350327
355661
355812
356945
359007
360586
363069
371266
375104
379448
382117
384082
386610
387528
388315
388905
390199
391083
392200
392366
392506
393439
397295
401419
407914
410921
413973
416657
416890
416959
424192
424597
432898
433733
447692
449584
450548
453834
454794
456538
457077
458921
459771
464842
465004
474879
476566
478530
482649
482999
483490
487798
491767
498303
498613
500694
502556
502695
503765
506019
506632
506861
509835
514513
518762
519068
519137
519327
519454
519903
520056
520071
524910
527882
534228
537257
537265
538133
538471
539188
545865
549049
552096
556943
564071
566531
567223
567321
568128
574409
574649
577541
593807
594535
599725
600365
600705
601072
611673
623370
626547
671464
690889
705461
711515
716605
717621
728085
750974
756209
756427
766612
771232
779784
784859
801007
805158
819864
820248
822185
824841
833102
837578
840115
841409
846778
863109
864534
868830
869696
871644
876096
876693
876768
892868
899949
910611
918021
918855
923982
928949
937249
956686
968496
969405
981371
985590
1005767
1009417
1012178
1015959
1028559
1029318
1029987
1031532
1035275
1046200
1046906
1047587
1048291
1051361
1055722
1056600
1062335
1066192
1067295
1087105
1101837
1107311
1153190
1156107
1160216
1163901
1164676
1169656
1170504
1171944
1172049
1177294
1196346
1199522
1211584
1214496
1215590
1220283
1225265
1225976
1237221
1240460
1241990
