100715
107724
111320
111800
122194
122953
129710
130891
141519
141837
142784
143958
144223
145547
149358
150445
151025
156003
161491
164245
170455
172457
175261
175435
179122
187060
189203
192405
192866
207999
223769
226572
231223
232528
235302
257146
258511
261750
263990
271363
275145
275813
279261
283164
284434
285727
286698
289744
290288
294438
297198
297775
304895
317806
319861
320493
325217
333895
335124
335322
335616
336691
348140
349445
355952
358124
363069
371266
384082
385046
392032
392166
395875
396165
397005
397222
402518
403297
411179
412751
415543
421633
422146
425791
429282
432141
432571
438276
439351
442907
443466
447692
450559
460608
465434
468525
472067
474380
480079
487105
490873
493115
495371
499990
503181
512762
518888
520105
521298
525242
529543
531887
532366
534228
537265
542549
547684
552295
558271
560827
567223
572727
575027
581768
592073
592856
593807
595074
603349
604971
606704
689705
690889
703490
725938
727718
733528
756427
766612
781095
784649
790221
818420
820702
821505
825190
825962
827055
829307
832733
837578
843216
849340
863824
866758
867946
871644
874218
874292
876096
882421
883283
883538
889372
892685
911537
912703
941597
941776
947206
953867
956686
958011
968137
969405
975791
978181
979326
991767
996587
999943
1011380
1011561
1018648
1019059
1024519
1029914
1032905
1033257
1040881
1041415
1043904
1055005
1066878
1071032
1076700
1082849
1097163
1103020
1107167
1108657
1111293
1113184
1125095
1145358
1160852
1168627
1169908
1174792
1175532
1190770
1191183
1191310
1191561
1203156
1211526
1224499
1226252
1226584
1232202
1233613
1236011
1237795
1239584
1240426
1241990
