100194
100351
100942
101998
102475
104424
105649
105919
107030
107216
108228
108938
109054
109730
109765
110899
112044
114666
114934
115334
115562
116969
117086
117790
118478
118606
119438
119454
119510
121408
121437
122130
122976
122994
123294
123642
123777
123949
126035
126875
127790
127960
130053
130366
130571
131516
132253
132721
133070
133113
133892
134163
134783
134914
137677
138296
138707
139038
139363
140465
140480
140578
140614
141601
141815
143382
144417
145215
146208
147410
147772
148440
148963
149080
149318
149886
149963
150337
150817
152992
153900
156096
156268
156366
156634
156974
157246
158639
159567
160513
160892
161742
162055
162796
163810
164225
164231
164593
165402
168735
171103
172052
172406
173095
173319
173416
173968
174547
175866
175869
176862
177693
178786
179988
180207
180223
181624
181935
185215
185724
187833
188482
188588
188766
189283
191747
192516
192562
192635
193278
193677
195197
195384
195808
197297
197627
197752
199673
199984
200047
200391
201118
202227
202409
204037
204208
205109
205800
205866
207002
209608
209988
210492
212508
212552
212891
213211
214177
215267
215374
215849
216620
217076
217297
218262
219353
219957
221681
221900
223493
223786
226086
226924
227509
228704
229452
231418
231629
231859
232159
232696
233569
234017
234320
235297
236292
236598
238581
240175
241393
241558
242452
242928
244024
244827
245072
246011
246348
247822
248336
248428
248676
248801
250456
250535
251002
251365
251719
252444
253230
257373
257705
257832
257982
258025
258523
259907
259947
261715
263293
265244
266087
267737
267956
268558
269417
270220
270378
271497
272234
273010
273229
273854
273864
274440
274953
275401
275462
275782
275829
275928
277345
278491
278702
279756
280320
280966
281890
281988
282068
285090
286161
286228
286306
288098
288714
289822
291899
292347
292427
293851
294412
295084
295890
296308
296343
296815
298214
299397
299627
300501
300774
301616
302709
302962
302998
305347
305678
306257
306583
307210
308992
309153
309563
310030
312415
312856
312870
313472
313731
313839
314138
314228
314234
314475
314647
314813
316138
316303
316368
317586
318265
318300
318455
318551
319114
319870
320242
322387
322977
326603
327313
327874
329014
329819
330312
331420
332348
332432
332850
333054
333674
333793
335334
335643
336247
336830
338042
338288
339445
339511
339524
339885
339905
339977
341716
341803
343202
343816
343869
344415
344630
345538
346289
347542
347545
349537
350054
350143
350768
351013
351763
353824
354730
355402
355661
355848
356945
358331
358338
358519
359121
361047
361281
361488
362310
362989
365037
369089
369654
370988
371485
371575
373882
374383
375104
375338
375519
377785
378436
378563
378965
379272
379459
380329
380689
380828
380881
381668
381774
382117
382180
383158
388097
389020
390199
392932
393396
393980
394148
396036
397295
399284
400253
400880
402047
402096
403184
403445
403759
404122
404152
404347
404670
405310
405314
406546
407186
409431
410508
410819
411304
411452
412468
413973
414465
415122
416890
417692
420839
421137
423459
424865
425954
426430
427096
427250
427966
428816
430868
432669
432898
433579
434444
434495
434667
435281
435551
436536
437974
439106
439628
442885
443105
444342
445147
445207
445612
445663
446878
447204
447321
448590
448792
449166
450548
451364
451429
451487
451913
452331
453193
453200
453834
454013
454219
454896
457287
458921
459070
459432
460228
460415
460754
460889
461571
461997
462055
462819
463507
463969
464208
464331
464928
465285
466500
466946
466979
467764
468426
468467
468791
468837
468961
470042
470065
470752
471630
471841
472493
473727
474027
474098
474702
475419
475440
475855
476228
477413
477807
478530
478556
479256
480373
482580
482649
482740
483161
483533
484493
487513
488638
489861
490024
490190
490737
491395
491449
492075
492670
493340
493372
494940
495018
495047
495424
497696
498225
498512
498824
499519
499566
499712
500586
500694
501835
502006
502695
503865
505859
505941
506632
506984
507418
508101
508618
508803
509386
509835
510060
510973
511024
511792
511998
512483
514311
514478
514775
515602
516389
516402
516407
516496
516797
516827
517175
517260
518226
518762
518843
518902
519137
519452
519469
519472
519847
519861
520071
520531
521191
521340
521999
523766
524662
524845
526049
526088
526488
526900
527677
528700
529795
530327
530862
531053
531392
532306
532504
532620
533279
533708
535838
535929
536214
536911
536990
537176
538133
539188
539572
539813
540247
541689
542084
543323
543430
543563
544950
545865
546403
546706
547403
547635
548108
548830
548999
549038
550268
552715
552846
552972
553151
553832
554079
554567
554673
555013
555151
555753
555871
556062
556943
557170
557541
557602
558639
558641
560139
560864
561915
563904
564071
564110
564592
564686
566352
567280
569912
570060
570490
570636
571913
571960
572483
572744
573259
574409
574634
574988
575459
576902
578290
578301
578715
579652
580153
580829
581812
582405
582842
583460
584471
588437
591171
593107
594535
596217
598679
599279
599725
600365
600407
601246
601640
601900
602009
602580
604098
605068
605763
606450
606762
607784
607833
609056
609497
610976
611059
612518
612824
613272
613324
613804
615217
616105
616635
616689
618667
619106
620290
623370
624033
625091
626293
627846
633114
638210
644142
645406
647884
648052
649774
651048
652979
653292
654029
665738
668785
670457
673790
674245
680859
681522
683849
684785
685675
686919
691791
696493
698499
703617
703679
707139
711978
715147
715341
715453
716605
717621
720385
721265
721306
723417
725683
729030
730981
734723
735292
739860
741764
745567
747446
747609
748250
749414
751017
751640
755092
756209
758362
760414
761277
773493
776007
777643
779524
779732
783503
784957
785547
789070
789650
790583
791686
791944
794248
805158
805164
805683
807093
815784
817773
819320
822157
822185
825311
827754
828186
829768
829769
832235
833102
833231
836821
838190
838788
839435
841409
842170
842314
843255
845961
847010
848826
849327
857103
862846
864534
865525
868477
868999
870078
870253
874591
875101
876693
879099
879166
880018
880558
880711
881500
881662
881847
884542
889462
889768
891167
892868
895569
897112
899949
900554
903640
904707
904975
905659
906775
907465
908239
910386
910611
911614
915181
915245
916245
917021
918367
923982
928507
928890
930235
930957
937357
940354
944871
949568
950781
951920
953088
953343
954307
954912
955102
956341
957469
957568
963091
963258
963615
965178
967165
967612
968493
968496
970021
970052
971992
972539
973330
973691
974145
975449
977640
981371
982129
985590
985710
988692
989745
992218
993844
994183
995709
995860
998202
999259
999796
1000406
1001799
1007975
1009010
1010411
1012154
1012481
1013377
1013519
1014536
1014685
1014979
1015088
1018706
1019250
1023349
1025017
1025324
1029264
1030140
1030410
1030880
1030911
1031383
1032078
1032314
1034893
1038186
1038520
1038786
1039101
1040391
1042374
1043083
1046906
1047955
1048849
1050811
1052000
1056238
1056600
1056623
1056892
1061317
1061637
1063946
1066548
1070156
1071331
1071450
1076634
1078646
1078872
1081436
1082751
1085057
1087105
1089040
1090029
1090134
1090275
1093004
1095220
1095721
1095891
1099347
1100051
1102540
1103098
1106362
1107311
1108363
1109265
1110685
1112588
1121384
1122527
1124305
1124356
1124508
1133574
1139380
1150667
1154722
1156107
1157149
1158336
1158419
1160216
1160717
1162191
1162193
1163691
1163901
1164265
1165385
1165492
1166148
1166696
1166865
1167207
1167617
1168082
1168320
1168550
1168767
1171265
1171591
1171944
1173955
1173969
1175571
1176921
1178842
1180366
1180862
1181655
1188174
1189232
1191689
1193235
1194451
1198352
1199905
1202592
1203263
1203306
1203549
1203609
1204127
1205519
1205586
1206265
1207540
1208115
1209219
1210332
1213697
1213768
1215184
1216244
1217121
1218594
1220214
1220283
1221274
1221728
1222168
1223105
1223988
1225176
1227732
1229524
1230877
1232575
1233049
1235378
1235962
1236675
1236696
1237545
1237605
1237802
1238217
1238574
1238925
1239141
1239805
1239872
1242175
1245019
1246474
1246576
1246673
