100139
105892
107536
111061
111539
113494
113566
114202
115907
117321
117667
117921
118364
123294
125815
126432
127760
136654
139568
141207
141332
141519
154004
154248
156096
157047
158639
164904
171002
172406
172938
174447
178754
179079
179586
180475
180808
181686
185126
186567
188206
189203
192624
193406
193807
200082
200416
200726
203556
203780
207749
214517
216710
218865
221359
225166
225582
225621
228477
233608
234800
239503
241017
241593
244024
245375
245440
248881
252539
253367
256259
258440
259756
260525
263941
265085
265108
267775
267956
269991
274391
274400
275025
275462
278677
281283
281388
282859
291022
294115
296684
305419
307577
323823
323859
326404
326935
328019
335440
336239
336831
340999
341360
346245
347496
348255
348261
349380
350143
351013
357076
358331
361274
363692
366982
367291
369652
370411
370455
375387
379349
380150
382675
383508
389132
390781
391139
394148
396469
399691
400662
411041
411179
411843
416219
426476
427779
428875
429142
430319
439351
441803
447013
447321
451487
461473
464687
465285
466582
466609
467469
468396
469829
470752
474850
476509
476652
478744
479735
480562
483402
484956
488635
489055
490024
496123
496844
503775
505641
505859
508618
515060
517522
518843
518911
519469
519472
521191
524775
525249
525815
531587
536284
536990
540458
544881
545869
552778
556301
557390
560139
565214
576327
576867
584282
584447
601324
612925
615661
620425
621707
622610
625753
665704
685675
685984
688849
705142
712533
715313
717413
717935
735711
736583
737017
738677
743771
750685
754357
758594
759650
761277
769445
773804
794248
794349
797671
815145
830201
840637
847660
863993
872120
873625
875023
875804
878293
893939
894187
896943
902666
904707
911331
911614
916245
926125
934931
945336
945698
954244
954307
956341
958606
963615
967612
971894
994504
995513
995739
999694
1001366
1010411
1014685
1014769
1019250
1022678
1027971
1028864
1030693
1031512
1033353
1035211
1035438
1036452
1045120
1048927
1074747
1075341
1081376
1088642
1090134
1096278
1097861
1098455
1107101
1121384
1123400
1149541
1151012
1151020
1152207
1154661
1158518
1162167
1164616
1167880
1171502
1172823
1177828
1179385
1179555
1185189
1192334
1203695
1204918
1206635
1209542
1211308
1211526
1214960
1215775
1221561
1222254
1233232
1234881
1238124
1241616
1242619
