132328
133955
138661
139918
148673
149358
156003
174204
179122
179210
179354
180587
205440
207999
211249
213053
223769
232475
253342
255496
261750
274448
274812
282723
283101
284704
285727
300677
318498
318712
320493
321596
324156
324387
325063
332928
335616
336148
336239
338862
343860
351983
355592
355952
357076
359239
361274
366154
377348
382617
390818
395217
397222
399636
400827
401319
402629
406394
408499
411832
412807
416480
425600
429282
430340
431711
435267
439351
446165
446868
448629
456150
458452
460608
462236
466370
480106
480445
482398
484956
487410
494647
499204
516692
527508
529566
535711
536284
537265
537392
540322
553406
556243
556676
565979
567520
571013
575027
579243
586612
590436
593807
595004
596427
599293
603359
613217
615790
616647
639169
647384
678109
690889
729149
734827
735241
750068
756427
832438
834995
839250
847586
849340
867749
869320
870977
871644
878915
880568
882282
890626
930557
936719
939722
949370
956686
963942
964541
969405
970623
971035
977704
1017280
1033353
1044697
1049623
1052901
1058940
1063103
1063450
1064451
1066878
1067387
1067863
1071032
1078605
1089611
1094910
1100106
1106512
1110165
1121044
1155422
1158650
1167769
1170991
1176130
1181760
1192624
1195378
1198151
1219889
1220333
1224499
1236629
1237467
1241990
1245469
