100194
100300
100942
101185
102375
105351
105431
105649
106748
107030
108938
109054
109302
109730
109765
110899
111175
111287
112044
112161
112231
113566
114666
114995
115334
115521
116290
116566
116969
117321
117667
118478
118554
118606
118750
120248
120286
121408
121729
121730
123358
124132
124464
124681
125407
126035
126277
127760
127790
127960
129151
129289
129461
130752
131034
132253
132483
133035
133070
133892
133917
134585
135083
135889
137461
137685
137871
139363
140387
141330
141845
143668
143814
144512
146208
147410
147896
148440
149083
149838
149886
149963
150269
150337
150432
150865
151702
152715
152797
152918
153850
156634
157246
158639
160791
160892
161742
161947
162055
162884
163515
163810
163869
164901
165109
165402
166603
168983
170884
171222
173095
173319
174525
174793
174942
175168
176750
176862
180230
181607
181642
183119
186145
186455
187589
187833
188309
188482
188588
189769
189906
190328
191426
191747
192445
192709
193388
193677
195200
195808
197394
197571
197892
197985
198355
199285
199656
199673
199984
200601
200898
201130
202075
202227
203139
203373
203707
203819
204037
205109
206779
206984
207233
207309
207749
208708
209033
209276
209872
209988
211044
211672
211854
212898
214303
214517
214589
215849
216503
219957
221739
223072
223109
224646
225614
226924
228477
231687
232159
234017
235297
236344
236598
236734
236773
238316
238828
238881
239186
241388
242195
244198
244659
245072
247851
248633
249418
250019
250116
250620
251002
251637
252075
253050
253734
255031
255198
255972
257771
258038
259132
259881
261240
261264
261715
261752
263293
265487
265965
266265
267105
267391
269982
270220
271036
271240
271668
272472
272880
273864
273947
274953
275978
276081
277935
278415
280575
280880
283016
283278
285219
286228
286306
288502
288685
289116
289246
289284
289668
289747
290089
291399
291564
292035
292885
293839
293851
295397
296815
297467
299397
299714
301402
302619
302998
303230
303808
304012
305678
308900
308992
309021
309153
309563
309886
310030
311714
312256
313731
314138
314234
314647
314666
314813
315575
315727
316368
316991
317586
317641
320843
322776
323636
325265
327351
327681
327874
328019
328141
328952
330205
332078
332432
332788
333036
333674
333857
335643
336776
336831
337358
338085
338798
339428
339885
341803
341990
342442
342474
343202
343805
344106
344425
345301
347067
348255
349537
350143
350327
353707
355387
355661
355812
355848
356945
359007
360011
360297
360586
361281
361488
362251
362482
363302
364658
364948
366803
367523
367703
369285
371485
371498
371519
371575
371928
372468
373743
374383
375104
375633
376762
378563
379043
379448
379581
379896
380944
381138
381830
382117
383294
386610
387373
387528
387862
388315
388905
390199
391083
391499
392200
392366
392506
392706
392990
393439
393980
394323
397295
397384
398534
398935
401419
401551
402047
402066
403445
404152
404535
405626
407141
407237
407914
409935
410921
412877
413973
414465
416657
416890
416959
419062
421137
422379
424192
424597
427096
427464
427779
431088
431547
432898
432921
433234
434913
434944
436940
437228
437676
437857
438486
438718
439034
439310
444598
445207
445522
445663
446169
446533
446878
447204
448040
448779
448792
449038
449584
450548
450575
453036
453193
453834
454083
454219
454794
454796
455334
456538
457077
457818
458348
458921
459155
459345
459771
460222
460228
460915
461107
461699
462727
463018
464331
464842
465004
465145
466568
466946
467072
468259
468686
468837
470752
471775
473266
473727
474027
474238
474673
474879
475440
476566
476652
476922
477520
477648
477865
478306
478530
478556
479256
480193
480373
482649
482740
482999
483161
483490
483533
483545
486268
487798
490024
490190
491767
492488
493937
494444
495424
495425
498303
498613
499402
499519
499712
500216
500694
502006
502484
502556
502695
503202
503765
505071
506019
506632
506861
508101
508618
508803
509386
509835
510734
511024
511792
512483
513054
514513
515368
515710
515778
517260
518398
518714
518759
518762
519068
519137
519327
519454
519469
519872
519903
520056
520059
520071
521340
523545
524910
526088
526488
526900
527669
527748
527882
528700
530133
532233
532337
532387
533108
534268
535047
535454
537257
538133
538471
538928
539188
539695
539813
540144
540247
541193
541698
542084
543430
543558
543563
543676
544206
545865
546031
546403
547214
548105
548830
549038
549049
550117
551892
552846
552972
553790
554667
554673
555395
556062
556301
556852
556943
557541
559927
560139
560724
562595
564071
565260
566352
566531
567321
567455
567649
567971
568128
568991
570060
570365
570490
571624
571960
574409
574649
575459
577541
579001
579132
581130
584447
587512
589952
592027
594535
596160
596217
599279
599725
600173
600365
600388
600705
601072
602580
605068
606450
607593
611419
611673
612113
612525
612824
613804
615217
615570
616225
616689
619574
621707
622371
622410
622758
623370
625753
626543
626547
634258
634638
651048
655735
668785
671464
673938
675581
684785
685675
685764
697763
698889
703448
705461
710572
710726
711308
711515
714379
715341
715919
716317
716605
716869
717621
718506
719763
728085
736844
738077
739860
740325
741223
750974
751640
753354
755093
755860
756209
757634
761277
761442
761668
762864
764204
770844
771232
772456
775182
778695
779784
781956
784859
794611
794690
801007
805158
805164
811153
813375
818643
819320
820248
822185
824841
827754
828469
829955
831848
833102
836316
836821
838190
840115
841409
844055
844497
846778
848426
849181
849508
850013
863109
863993
864534
866016
868830
869696
869865
870253
871984
873976
875601
875750
876693
876768
876894
878237
882335
883474
888764
890147
890387
890863
891917
892868
893080
896576
897469
899503
899949
901480
904975
907465
907875
907965
910238
910386
910611
911227
911241
911614
915181
917946
918021
918855
919805
923982
923984
936098
937249
942111
944871
944889
948847
949127
949334
950781
953668
956341
957469
958301
958444
963258
963303
963615
964536
967612
968496
970923
971894
975080
975788
976575
978488
979705
980613
981371
982344
985590
987275
988692
994488
995674
995709
995860
997960
998202
998545
1001550
1005767
1007975
1009417
1012178
1014685
1015959
1017993
1018514
1020231
1022785
1027971
1028131
1028559
1029318
1029987
1030880
1031532
1032078
1033466
1034094
1035275
1036452
1039101
1039954
1041984
1042374
1042827
1044118
1046200
1046906
1047587
1048433
1051361
1052397
1053208
1054006
1054887
1055722
1056600
1056623
1056766
1056892
1058591
1059892
1060821
1061637
1062335
1062496
1062941
1063037
1064750
1064854
1065517
1066192
1066859
1067295
1069182
1069295
1069812
1070005
1071138
1072620
1075341
1078269
1079981
1083206
1084345
1086750
1087105
1088496
1088642
1089618
1090057
1091666
1093004
1095891
1098390
1098840
1101768
1101837
1102269
1103089
1107101
1107311
1108055
1108114
1111244
1111436
1113819
1113856
1115520
1116420
1121072
1121384
1133574
1133620
1140446
1149541
1153190
1156107
1157582
1158336
1159082
1159966
1160121
1160216
1161487
1162167
1163691
1163901
1164676
1166138
1166148
1166747
1167207
1167617
1168767
1169656
1170775
1171218
1171265
1171502
1171591
1171944
1172049
1172059
1175608
1175856
1177294
1179354
1179708
1180366
1180587
1182349
1183190
1186111
1186493
1188682
1191484
1191682
1191759
1193992
1196346
1197029
1199522
1199933
1202537
1202592
1205340
1205586
1206265
1208988
1211584
1213402
1213730
1213768
1214496
1215590
1218794
1220195
1220283
1221408
1225176
1225265
1225976
1229524
1234161
1236675
1237221
1237605
1237802
1238124
1238217
1240460
1243288
1244683
1245402
1246442
