100403
110164
113350
129710
140908
148178
149358
151025
156305
172939
179122
186567
200059
201704
205463
223769
232475
234768
236355
236787
238407
241363
247159
249703
259005
263990
272184
274448
279304
282341
284704
285334
295911
303130
307920
309534
309787
319251
321153
332928
336868
338862
343860
349914
355952
359239
366154
371266
382617
386178
386287
387220
393927
396903
397222
400827
402518
405080
411179
420381
420925
422630
437363
438350
441335
456150
460608
461655
462236
485828
490250
494127
494628
495306
507155
512746
523421
532366
537265
537653
540322
541311
547596
548152
551714
556676
560425
560438
568382
572243
575027
577867
578537
584282
585615
602687
618148
622333
632424
747498
756427
763225
772088
774114
779222
827055
829273
833255
837378
837578
866455
866758
872971
881068
882421
889372
924203
933793
935817
939722
940381
953867
969405
969956
997771
1018465
1020474
1023754
1027240
1044697
1048291
1066878
1067863
1071032
1085992
1089611
1106512
1112491
1151427
1153974
1158650
1158916
1167825
1168627
1170319
1170848
1170991
1174346
1190251
1192624
1195554
1196258
1198151
1201555
1206572
1206752
1214469
1216002
1216011
1218070
1218323
1220333
1225140
1226895
1235655
1236011
1241388
1244298
