105431
106748
112161
112231
113566
114995
116566
117321
117667
117987
122194
123358
127760
132483
134585
137461
143814
156369
158639
163810
166603
168983
174525
174793
186145
186567
187589
189203
190328
191426
193388
199285
201130
203373
206984
207749
214517
223072
228477
236598
238828
245072
248633
250116
251637
255972
257146
263293
267105
271668
276081
283016
284718
288502
289668
292885
293839
297775
302619
308900
309021
310030
314234
316991
322776
328019
328952
332078
336776
336831
338085
341803
341990
342474
348255
350143
360297
363302
364658
367703
372468
381138
391499
392706
402066
411179
412751
412877
422379
427779
433234
434913
434944
437676
439351
447204
448779
449038
453036
458348
460222
461699
466946
467072
468259
468837
470752
471775
472067
473266
476652
476922
477865
490024
490873
495424
502006
508618
515710
515778
518714
518888
519469
526088
528700
531887
532337
532387
535047
540247
552972
553790
555395
556301
557541
560139
567649
568991
570490
581130
584447
612113
613804
621707
625753
685675
685764
697763
710726
715341
716317
716869
719763
727718
754023
755093
761277
761442
772456
781095
827055
829955
836316
843216
844497
863993
866016
871984
883474
883538
893080
897469
911614
936098
956341
963615
967612
971894
975788
976575
980613
982344
1001550
1007975
1014685
1018514
1024519
1027971
1028131
1030880
1034094
1036452
1042374
1054006
1054887
1059892
1066859
1072620
1075341
1088642
1089618
1091666
1093004
1098840
1107101
1108055
1111436
1113819
1113856
1121384
1133620
1140446
1149541
1161487
1162167
1166747
1168627
1171218
1171502
1175856
1179354
1179708
1205340
1208988
1234161
1238124
1246442
