100300
100942
101185
103585
105351
105431
105498
105649
106203
107030
108543
108805
108875
108938
109054
109498
109538
109551
109730
109765
110731
110899
111287
111432
112041
112044
112161
112979
113046
113297
113487
113566
113725
114666
114995
115521
115687
116566
117321
118478
118554
118606
120248
120286
120992
121107
121128
121729
121730
122221
123294
123358
124132
124464
124955
125407
125911
126035
126217
126277
127136
127319
127760
127790
127960
129105
129151
129289
129345
129461
131005
131514
132046
132253
132483
132739
133035
133070
133633
133892
133917
134545
135083
135531
135889
137581
137871
138325
138936
139363
140183
140387
140809
141845
143238
143668
143814
144512
145467
145550
145566
145597
145826
146208
146263
146452
148195
149083
149838
149886
149963
150269
150337
150432
151812
152370
152715
152797
152918
153490
154084
154248
154890
154897
155563
156456
156491
156634
156705
157246
157833
158085
158293
158939
159082
160791
161415
161425
161742
162851
162884
163515
163810
163869
163934
164198
164901
165377
165402
166603
166799
167097
167209
167298
168960
168983
170293
171103
171799
171803
172869
173095
173319
174525
174942
175168
175450
175673
176750
176862
177933
180230
180397
181027
181275
181642
182238
182297
182406
182887
183119
184336
184841
185183
186652
186974
187589
187833
188482
188588
188804
189419
189769
189906
190328
191307
191397
191747
191954
192624
192709
193677
195197
195200
195808
195864
196293
197219
197394
197421
197571
197892
197985
198355
198443
199285
199656
199673
199984
200573
201130
201253
201921
202040
202075
202124
203707
203740
204037
204288
206079
206111
206686
206779
206991
207177
207309
207749
208423
208629
208744
208815
209276
209872
211044
211672
211854
212898
214303
214517
214589
215849
216241
216503
218299
218306
219147
219384
219957
220046
221739
221900
223109
223906
224093
224098
224471
224478
224522
224646
225614
226924
227234
228477
228538
228929
230440
231687
232159
232723
233042
234017
234220
235015
235297
236344
236598
236734
236773
237181
238316
238828
238881
239186
239999
240562
241388
241473
241974
242618
243525
243592
244198
245072
245076
245092
247754
247851
248210
249169
249418
250019
250050
250116
250620
250700
250929
251002
251428
251637
252075
252832
252901
252915
253050
253734
254873
255031
255198
255586
255972
257771
257910
259132
259143
259381
259881
261004
261264
261715
262086
262444
262806
263127
263293
263921
264417
264784
265487
265965
266265
267105
267391
268441
268731
269882
269975
269982
269991
270220
271240
271964
272472
272880
273267
273829
273864
274901
275978
276081
276667
278415
279540
279788
280156
280433
280693
280786
280880
281256
283278
285219
285587
285626
286306
287131
287766
287842
288466
288502
288685
288828
289065
289093
289246
289668
289747
290089
290794
291399
291564
292885
292888
293839
293965
295041
295075
295397
295906
296038
296174
297008
297075
297113
297467
298035
298450
298473
298742
299445
301402
302008
302247
302310
302471
302492
302998
303479
303808
305242
305264
305412
305487
305507
305650
305678
306607
308900
308992
309153
309563
310030
310155
310380
311714
312821
313143
313887
314126
314138
314647
314666
314813
315397
315504
315575
315727
316368
316991
317586
317884
318269
318322
318749
319895
320144
320316
320843
321030
321330
322776
323804
325265
325435
325467
325831
327129
327681
327874
328141
328876
329149
329769
330084
330205
331247
331982
332078
332133
332432
332788
332850
333036
333147
333496
333674
333729
333793
333857
333899
334576
335156
335643
336514
336831
337009
337309
338798
340315
341101
341253
341341
341803
341824
342442
342474
343169
343202
343449
343805
344106
344425
345301
345500
346950
347067
347476
347752
348255
348618
349537
349622
350143
350327
351140
351200
352497
353744
354407
355812
356791
356945
359007
359077
359113
359596
360297
360586
361002
361281
362251
362482
363302
363733
364658
364676
365690
366241
367523
367703
369285
369474
369769
371336
371435
371485
371498
371519
371575
372225
373743
374708
375104
375108
375633
376513
376762
377414
378412
378563
378893
379043
379259
379448
379581
379896
380944
381138
381797
381830
382117
382706
383035
383680
383912
384386
385318
386610
387373
387528
387572
387644
387660
388739
388905
388999
390199
390402
390982
391083
391437
391789
392099
392200
392366
392506
392706
392990
393439
393462
393938
393980
394741
394811
395270
395636
396004
397295
397384
398534
398935
399352
400662
401419
401551
403445
403667
404152
406484
406534
406575
407141
407237
407912
409185
409846
409935
411677
412790
413192
413973
415088
415331
415742
416890
416959
417954
418519
419062
420953
421137
421796
422379
422497
424192
424597
426653
426964
427096
427283
427327
427408
427464
427498
427572
427779
429092
429826
429913
431088
431547
432256
432898
432995
433003
433234
433277
434088
434135
435521
436854
436940
437011
437857
438182
439081
439252
439310
439383
440622
440853
442103
442250
442411
442934
443775
443971
444143
444598
445207
445522
445663
446043
446533
446878
446979
447321
448040
448108
448792
449016
449584
449596
450524
450548
450575
450648
453036
453107
453193
453207
453834
454083
454299
455312
455342
456538
457077
457818
458348
458921
459155
459345
460222
460228
460550
460915
461107
461699
462727
463813
464331
464835
464842
465004
465145
465370
466822
466946
467072
468686
468745
468749
470752
470805
471775
473077
473266
473693
473727
474027
474238
474269
474414
474598
474879
475440
476566
476652
476922
477520
477648
477692
477865
477918
478456
478556
479553
480193
480373
480562
480899
482352
482649
482999
483161
483490
483533
483545
484507
484879
485071
485384
486023
486268
486791
487798
489117
489263
490024
492313
492488
494444
495424
495425
495544
495617
496830
496860
497772
498199
498303
498326
498529
498613
499402
499471
499519
499532
499566
499712
499952
500216
500694
502006
502484
502556
502695
503202
503765
504682
505071
505338
506019
506129
506382
506588
506632
507875
508067
508075
508101
508618
508803
509835
510669
510699
511024
512483
513054
515076
515710
515778
515788
516711
517784
518759
518762
518892
519068
519137
519454
519872
520056
520059
520071
520093
521161
521340
522862
523099
523147
523545
523915
524910
526488
526887
526900
526976
527748
527937
528097
528536
528700
528757
529602
530133
532233
532337
532387
533108
533587
534268
535047
535449
535454
536334
537257
538133
538471
538928
538955
539188
539695
539813
540144
540247
541016
541193
542084
542397
542513
543375
543430
543973
545604
545865
546031
546403
547482
547578
548105
548830
548950
549038
549049
549238
549263
549728
549845
550117
550149
550893
551179
551892
552228
552846
552972
553151
553790
554079
554132
554667
554673
555013
555446
556062
556175
556301
556852
556943
557541
558182
559661
559927
560724
560845
561726
562434
562595
563799
563868
564511
565022
565260
566352
566531
567321
567455
568128
568991
570060
570223
570490
571624
572285
572850
573477
574409
575187
575459
575667
575900
576380
576867
577134
577541
577702
578750
579001
579132
579539
580256
581130
581288
583772
583933
585291
586233
587512
589322
589952
591109
591916
592027
592510
593355
593447
594142
594237
594535
594866
594927
595081
595248
596052
596160
596217
597464
598989
599279
599725
600365
600388
600705
601072
602079
602247
602580
602583
602649
602997
603786
604451
605068
605207
605523
607089
607593
608425
609257
610054
610441
610511
611332
611526
612113
612525
612733
612824
613804
615217
615358
615570
615774
616689
616783
616924
619574
621707
622174
622371
622410
622758
623192
623200
623370
623440
624190
624505
625753
626547
634258
634638
641366
646625
649714
649715
651048
653447
653580
655735
658494
661812
667914
668724
668785
669327
671464
675581
679509
681566
685675
685764
685813
687176
690546
693691
697763
697825
698889
700783
703448
704970
705461
710572
710726
711515
714379
714679
715147
715341
715919
716095
716317
716605
716869
717341
717621
719763
728228
728393
731074
733681
733909
734911
736844
738077
739388
739860
741223
741484
742006
742980
743017
744146
746862
747540
747961
748914
750974
751640
753246
753354
753443
755093
755860
758197
758598
760146
761277
761442
761668
761804
764196
764204
768034
770844
772456
773124
773826
775182
776247
778698
779784
781956
794611
794690
795129
798831
798943
799990
801016
804528
804991
805158
805164
806299
806597
810001
811153
813375
814206
815803
815942
818643
818839
819320
819522
820120
820248
821047
822185
824083
824841
825224
825683
826643
827754
829955
830899
831848
833102
833782
834357
836316
836821
837799
838190
838612
839184
840115
840312
841409
842177
842314
843188
844055
845932
846676
846778
847294
847660
848426
849063
849508
850013
859944
863109
863993
865927
866016
866215
867552
867567
867784
867960
868156
868560
868830
869696
869865
871314
871822
871984
873976
875101
875750
876768
876894
877676
879402
882335
883606
884486
886366
887828
887891
888764
889469
889954
890147
890387
890399
890863
891917
892083
892868
893080
893132
897071
897154
897326
899503
899638
899788
899949
901144
901480
901879
904882
904975
905482
906604
907465
907875
907965
908364
908982
910238
910334
910611
911071
911180
911227
911241
911475
911614
912398
915181
915587
917946
918021
919805
920194
923982
924231
924262
926371
927343
928890
928931
929267
930308
941247
942111
944889
948847
949127
950786
953668
954080
955120
955263
956341
957469
958301
958444
958606
961599
963258
963615
964059
964536
966445
967255
967612
968496
970923
971894
975788
975853
976575
979705
980754
981371
983244
984988
985590
987275
987792
988692
988803
990145
994453
994488
995674
995709
997960
998545
999588
1001550
1002551
1003499
1005767
1005938
1006485
1007975
1008413
1009417
1009673
1010274
1010715
1011336
1012008
1012178
1012296
1014384
1014685
1015959
1016110
1016216
1016887
1017547
1017993
1019257
1020512
1021380
1021696
1022785
1024698
1025269
1025791
1026225
1027971
1028131
1028364
1028559
1029030
1029318
1029987
1030880
1030971
1031532
1032078
1033466
1034094
1035275
1035449
1036212
1036452
1037872
1039101
1039954
1041984
1042374
1042827
1044118
1045030
1045120
1045493
1046200
1046906
1047587
1047905
1048433
1051361
1052397
1053208
1053328
1054006
1054887
1055143
1055722
1056600
1056623
1056892
1058591
1058749
1059892
1059954
1060821
1061200
1061637
1062335
1062941
1063037
1063483
1064162
1064750
1065235
1065517
1066859
1067295
1067318
1068195
1068315
1069295
1069812
1070005
1070101
1070412
1071138
1071706
1072489
1072620
1072676
1075341
1079981
1084345
1086750
1087105
1088496
1088505
1088642
1089618
1090057
1091666
1092742
1093004
1093278
1095891
1098390
1098547
1098840
1101767
1101768
1101837
1102269
1102306
1103089
1103450
1104744
1107101
1107311
1111303
1112698
1113732
1113819
1113856
1114322
1115520
1120037
1121072
1121384
1122556
1123126
1133574
1133620
1149491
1149541
1150188
1150208
1151882
1153190
1156107
1157924
1159082
1159966
1160093
1160121
1160216
1161081
1161487
1162167
1163442
1163691
1163746
1163901
1164080
1164676
1166138
1166148
1166747
1167207
1167617
1168767
1169656
1169666
1170775
1171218
1171265
1171502
1171591
1171944
1172049
1172059
1172498
1172511
1175352
1175608
1175856
1176485
1176702
1176955
1177294
1177989
1179708
1179987
1180366
1180587
1180860
1182349
1183011
1186111
1186493
1188409
1189520
1189700
1189972
1190088
1190388
1191389
1191484
1191682
1191759
1191955
1192197
1193813
1193899
1195597
1195917
1196346
1197029
1198815
1198934
1199229
1199522
1199933
1200229
1201800
1202496
1202537
1202592
1203191
1203562
1205340
1205586
1206265
1208003
1208988
1210145
1210851
1211596
1213402
1213495
1213730
1213768
1214496
1214938
1215590
1215757
1216000
1217691
1218394
1218664
1218794
1220195
1221408
1223695
1224008
1225176
1225265
1225976
1226994
1228925
1229161
1229524
1231035
1234161
1235206
1236516
1236675
1236845
1237165
1237221
1237605
1237802
1238124
1238615
1240460
1241233
1242285
1244683
1245402
1245706
1246482
