113350
129710
144573
149358
151025
156305
162971
172939
175030
179122
205463
232475
234768
236355
238407
241363
244452
247159
249703
272184
274391
274448
279304
282341
284704
285334
296144
309534
309787
321153
335616
338862
343860
355952
357076
366154
371266
386178
400827
402518
405080
420381
422630
460608
462236
485828
488325
488731
495306
512746
526524
556676
560438
577867
578876
584282
588525
602687
605982
606579
608770
618148
622333
632424
698237
700038
747498
748232
756427
763225
767608
772088
777174
779222
804295
807713
829273
839250
866455
866663
866758
881068
882421
889372
933793
935817
939722
969405
970623
1012477
1018465
1023754
1049623
1066878
1067863
1071032
1077172
1089061
1089611
1112491
1153974
1164301
1165940
1168627
1170319
1170504
1170991
1171818
1190251
1192624
1195554
1196258
1206572
1216002
1216011
1217590
1218323
1220333
1225140
1235655
1236011
1237795
