100194
100942
101105
101205
101246
102136
102233
103814
104518
105047
105377
105919
106150
106203
106982
107030
107493
107884
108765
108938
109054
109498
109525
109730
109899
110592
110899
111432
111552
111880
111990
112041
112044
112935
113297
113487
113699
113725
113797
114304
114666
116281
116290
116388
116969
117667
118071
118478
118606
120286
120461
120768
121128
121443
121730
122130
123953
124464
126035
126718
127319
127760
127790
128103
128359
128523
128643
128896
129105
129151
129390
130464
130555
131402
131514
131554
132014
132260
133022
133045
133556
133892
135205
135500
137123
141126
141357
141642
142122
142373
142694
144256
144417
145772
145827
146004
146069
146208
146559
147513
147734
148040
148195
149886
150164
151252
152484
152797
152992
153656
153899
153900
154193
154431
154953
154982
155072
156634
156644
156715
156974
157047
157861
158554
159035
161674
162055
162167
162284
162402
163620
163753
163810
163968
164310
164947
165358
165402
165785
166516
166524
166799
167298
168079
168983
170777
170782
171090
171706
171795
171799
172560
172838
173319
174525
174617
175869
176228
176713
176750
177205
179706
179988
180808
181027
181421
181816
182357
182361
182910
183417
184838
184841
185156
185297
185339
187011
187314
187833
188528
188531
188982
189043
191307
191472
191561
192277
193807
194283
195024
195200
195241
195864
196232
196976
197219
197718
197808
197985
199673
199835
200898
201152
201193
201410
202124
202858
203487
204804
205363
205866
206111
208189
208410
208744
211044
211149
212363
212413
212932
213013
213461
214303
215849
215998
219080
219736
220023
220306
221737
222244
224522
225255
226537
227142
228458
228538
229711
229974
230094
231094
231829
233042
233534
234221
234320
234495
234604
234827
235297
235527
237190
237374
238743
238881
239186
239256
239844
240049
240151
240562
240683
241230
241983
242190
242480
242618
243422
243627
244101
244827
245076
247304
248530
250176
250929
251002
251428
253280
254833
254903
257970
259381
259881
261223
261240
261367
261727
262086
262318
262442
263477
264205
265981
266087
266648
266873
267775
270220
270349
270927
271256
271346
271676
272234
272686
273864
274371
274894
274953
275025
275978
278259
278763
279941
280156
281256
281988
282068
282186
282533
284995
285662
286161
286210
286215
286554
287490
288039
288714
288795
289245
289781
289839
290340
290961
291564
291659
291752
291806
291944
292531
294156
295084
295440
295730
296030
296343
297354
297929
298742
299397
299418
299446
299907
299926
300984
301402
302471
302709
302998
303309
304012
304373
305264
305678
307244
307299
307536
307665
307921
307974
308992
309153
309563
310920
311714
312931
314188
314234
314587
314647
314666
315068
315284
315579
315946
315996
316042
316209
317211
318322
320144
320242
321182
322466
322776
323051
323804
324614
326056
327351
327605
328114
328876
329426
330205
330312
331247
331273
333899
334874
335335
335481
335737
336730
338091
338288
339445
339606
339675
339905
340253
341101
341341
341716
343449
343673
343754
343869
345500
346333
346666
346834
346951
347067
347414
347476
348322
348948
348997
349049
349622
350143
351078
351613
351712
351763
352527
353337
354353
354783
355387
355831
355892
356172
357250
358331
358338
359002
359077
359766
359870
361188
362310
362617
363786
364804
364809
365174
365431
365455
366241
366567
366834
366974
367524
367674
369391
369567
369654
369769
371498
372524
372863
372970
374085
374383
374591
375104
375108
375338
376513
377414
377424
378563
381294
381808
382642
382915
382985
383035
385318
385630
386199
387660
388097
388275
390693
391437
391617
392200
392706
392833
392932
393261
393439
393559
393980
394741
395636
395817
397295
398211
398410
399710
401213
402637
403445
403833
404347
404374
404535
405226
406056
406626
407141
407186
407553
407912
408176
408266
409174
409352
409494
409911
410242
413855
413937
415088
415126
416537
416657
418403
418965
419944
421070
421214
421796
421852
422118
422871
422901
424321
425522
425954
426430
426807
427096
427250
428875
429595
430566
431384
432898
433464
433495
433838
435521
435869
436895
436986
437259
437383
438426
438637
439252
439825
440924
443070
445147
445207
445481
446043
446166
446599
446878
447143
447204
447321
448040
448255
448792
449285
449654
449743
449925
450776
451129
451487
452545
452878
453192
453193
453384
454083
454161
454364
455008
456298
456683
456892
458323
458921
459345
459432
460243
460754
461159
461848
462636
462736
463507
464331
464842
466214
466406
466468
469049
469533
470432
470752
471402
472439
472871
473077
473693
473727
474598
474879
475838
477216
477610
477616
477807
480033
480366
480373
480899
482021
482305
482729
482999
483688
483791
484042
484177
484669
484879
485361
485422
486791
487374
488821
491803
492345
492634
493156
493366
494923
495424
495911
496238
497711
497798
497894
498199
498303
498529
498824
499712
500078
500915
501913
502830
503073
504001
504975
506588
506611
506984
507197
507317
507605
508067
509386
510225
511074
511819
512204
514476
515406
515555
515788
516402
516496
516711
516890
517175
517260
517413
518233
518714
518808
518843
518902
519137
519327
519469
519593
519722
519885
519887
519997
520394
520531
521161
521837
521885
521894
523586
523672
524084
524222
524485
525365
526900
527081
527677
528441
528757
528917
529602
529805
530055
530131
530433
531298
532337
533587
533921
534268
535212
535895
536074
536334
536398
536913
538243
539813
540247
540798
541193
541230
541273
541286
541417
542530
543430
543612
546857
547386
547635
547665
548830
548999
549038
549238
549263
549424
550149
550293
551179
551221
551381
552778
552870
555559
555727
555981
556062
556233
556689
556852
558639
558934
561354
562015
562758
563483
563531
563868
564220
564430
564592
565223
565366
565526
566531
567034
567756
569623
569912
570324
570365
571913
572285
572850
573223
573956
574818
574979
574988
575287
575459
576327
576380
576831
577541
577702
578365
578507
578715
580277
583460
584447
584471
584973
586233
588666
589044
590111
591107
592027
592618
592647
593236
594027
594114
594535
596052
596160
596325
596500
597464
598054
598989
600449
600675
601405
601900
601940
602580
602583
602997
603334
603348
603391
603487
604361
604451
605153
605523
606450
607089
608169
608653
609151
612525
612824
615217
616689
616767
616924
616935
618224
618667
620486
620532
621583
621627
622174
624033
624521
624828
625577
625592
625753
626547
628994
634638
634932
636409
637082
639907
642745
648052
652546
654290
655024
655783
657916
665101
668724
675528
682155
686064
687466
689153
692658
697228
697825
697903
699807
701886
703612
703679
704816
707101
711978
714379
714981
714997
715341
716095
716607
717621
717686
718449
718647
721420
723407
723771
724769
726166
726503
727214
730825
733181
733681
734723
736206
739860
744146
747540
747609
749020
749773
751640
754685
755860
756073
758197
758478
758619
759580
761471
762882
767895
769912
771316
773493
773826
775022
775133
779533
779663
783083
784262
784455
785031
786954
787610
788247
789882
790218
792356
797589
798831
799041
804391
804991
805158
806597
807033
813375
814206
814744
815100
815181
815334
815553
817595
819320
819522
819833
823539
824083
825883
828607
829305
832718
834878
835254
837172
838190
838368
838612
838913
839184
840183
843694
845238
846301
846717
847294
848418
849095
862083
864534
865290
865871
871463
873712
876693
877469
879303
880018
880022
880447
881754
883606
883609
883628
886099
886366
886524
887379
887764
887828
890147
890216
890276
891055
891917
892868
895682
895975
897112
899601
899638
899949
901836
902440
902846
905016
905059
905482
905873
906704
907616
907922
910412
911227
911241
911369
911475
911614
911887
911967
914486
914984
915181
915429
915568
915947
917858
920333
920487
920780
921598
922899
923299
924972
925477
926125
928890
929431
930781
940391
946557
947655
948247
950274
950583
950781
953668
953681
953767
954060
955263
956341
956708
957469
958708
958960
959369
963615
964536
966930
968655
968664
969958
970408
970436
971440
971686
971894
971904
973691
975489
975853
976581
976732
980247
980527
981371
981401
982856
985590
986779
988022
988692
989006
989279
993656
995311
995513
995709
996305
996421
997283
997980
998009
998545
998627
999694
999728
1000007
1001550
1004943
1008376
1014587
1016343
1017496
1017573
1017619
1019603
1020524
1023349
1026225
1027704
1028364
1028470
1029458
1030310
1031060
1031171
1031383
1032311
1034783
1035944
1036212
1036452
1037190
1037716
1039954
1044582
1045030
1045120
1046162
1047587
1048846
1049835
1052000
1052397
1052919
1053208
1053560
1056623
1056766
1056787
1056892
1057525
1058591
1059343
1060124
1060144
1063037
1063767
1063971
1064162
1067295
1067318
1071778
1071986
1072676
1074813
1075341
1080287
1081772
1082539
1085353
1085762
1088923
1090134
1090323
1091846
1093043
1093208
1095868
1095891
1097861
1097881
1099079
1099186
1099219
1102306
1102687
1105168
1105858
1106306
1107311
1108145
1112698
1113308
1113778
1116587
1122610
1124356
1124706
1133574
1149541
1151439
1153149
1157557
1158085
1158364
1158446
1158986
1159082
1159102
1160764
1161348
1163690
1163691
1163734
1163746
1167207
1168051
1168259
1168767
1169281
1171591
1173099
1173969
1175527
1176067
1176603
1176947
1177510
1177582
1177610
1178692
1180455
1182559
1187732
1188174
1188651
1188698
1189501
1191051
1191484
1194832
1195241
1197856
1197916
1198352
1198788
1199560
1199905
1200313
1201305
1201800
1203191
1204480
1205519
1209111
1210893
1212318
1215775
1216244
1220175
1220484
1225976
1228143
1228810
1229161
1231687
1234517
1235206
1236101
1236516
1236675
1237605
1237802
1238217
1238505
1240402
1240460
1240903
1241233
1241350
1242017
