107536
107981
111539
129710
131739
141519
149358
151984
156003
159875
175030
179079
186567
188206
189203
207999
223124
223769
233608
238407
241363
245375
252539
254464
268238
274391
278317
281388
282859
285727
295911
312694
319861
319952
323823
336239
343860
347042
349914
350268
355952
357076
359000
361274
371266
373276
384624
387220
389132
402629
405080
406490
408070
411041
411179
412807
418716
429142
429282
430423
439351
456150
460608
461473
462236
470371
473380
480106
484956
485828
496844
508716
513327
516692
517522
529543
532366
536284
536648
537265
545781
550905
556243
558271
563848
565214
579243
584282
585227
589971
613217
619485
658691
672788
690889
723572
735241
738677
752805
769445
773804
774914
793305
794349
833255
837578
840637
859466
871644
872120
875804
880568
884179
893939
894187
896943
911331
914853
933793
939722
940381
945698
956686
969405
970623
972938
1033353
1036780
1044697
1050237
1053904
1063103
1071032
1074510
1089611
1099716
1107167
1111819
1121044
1123400
1153818
1155422
1163559
1170504
1170991
1178019
1178228
1189196
1190251
1192624
1195348
1196573
1198151
1201555
1211526
1214960
1217590
1220333
1233232
1236011
1241990
1242619
1244298
