101998
103101
107536
114934
117086
117790
119454
122130
122976
122994
123294
130053
134783
138707
140465
143382
144417
156096
156268
156974
158639
162796
163810
164225
164593
171103
172406
173416
173968
174547
175866
175869
178786
180207
181624
195384
200047
204208
205866
207002
212552
221046
221681
221812
229452
231223
234320
236598
240175
242452
244024
245072
246011
256580
257832
257982
258523
259907
263293
263990
266087
267956
269417
273010
273854
274391
275462
275829
279756
280320
289822
294412
300501
300774
303113
306583
307210
310030
314234
314475
316138
316303
318265
318551
323823
326603
332850
332928
341803
345538
347545
350143
351013
353824
354730
357076
358331
361047
362310
365037
369089
370185
375519
383158
394148
397717
398830
399284
404122
405314
411452
415122
417692
435281
435551
436536
439351
447204
447321
451364
451487
451913
452331
454013
457287
465285
466946
466979
468837
470752
474702
487513
490024
490873
491449
492670
493340
494940
495424
497696
499566
502006
505859
508618
515602
516496
516827
517522
518843
518888
518902
519469
519472
519847
521191
521999
524845
526088
528700
531392
535929
536990
540247
548999
550268
552972
553151
553406
553832
557541
557602
560139
564110
564592
570490
574634
577867
581812
590154
591171
605982
613804
620290
647884
665738
683849
685675
715147
715341
735292
747609
749414
751399
761277
776007
783503
789578
791944
794248
794349
805683
815784
825311
829273
839435
842314
845961
857103
862846
869407
870078
895569
904707
911614
915245
916245
918367
954307
954912
956341
963615
967165
967612
972285
991393
992218
993844
994183
1007975
1010411
1012154
1013377
1013519
1014685
1014979
1019250
1025324
1029914
1030880
1038520
1041263
1042374
1047955
1050811
1060391
1066548
1070156
1078646
1082607
1082751
1090134
1093004
1095721
1100051
1109265
1121384
1150667
1162191
1168082
1180476
1193235
1211526
1215184
1217121
1226895
1235962
