106319
109730
111303
117912
119438
119510
125915
126035
146110
149358
156634
161156
192516
194283
196070
204764
211249
223124
223831
227159
241604
248210
259005
267528
286315
286903
295084
297467
302998
305678
308992
309563
314228
316368
327617
330312
332286
333857
338514
338862
339428
339606
347246
361488
366096
371498
371575
375663
380131
382617
383170
387643
393980
398534
408175
425686
431759
437795
437840
440757
444055
445207
446165
447717
454083
454219
458457
459070
459345
460228
462819
466214
472493
476658
480373
490250
498495
499712
511024
511360
514324
518226
523766
527838
529566
532233
535690
537653
544826
545944
547635
548446
548681
549392
552846
555151
555704
556062
557170
558639
562656
565260
567311
573519
575459
579243
586326
587513
594749
595077
598054
604650
614286
616308
620265
620486
621020
623173
624033
625100
625772
638210
665107
673938
698889
734827
748312
755092
793305
801580
807093
819320
822437
823956
833153
844055
871654
876531
880018
903506
917858
930557
935817
939722
944871
945273
949782
955102
972883
973987
975212
992235
999010
1040595
1056892
1067863
1073949
1074873
1075952
1077899
1081436
1106362
1111461
1114857
1116420
1121072
1122033
1150038
1154091
1158603
1166138
1170775
1187547
1191051
1191484
1197029
1205586
1211463
1229386
1241699
1244683
