100034
100194
103904
106213
107030
108938
109054
110164
111958
112044
113350
114666
116969
118071
118478
119376
122601
123460
123642
123777
123949
127790
128560
130571
132500
133892
136146
137871
138923
140578
147410
147896
148178
148440
149963
156305
160270
160513
160791
163470
163661
165710
171039
173095
175203
176549
176862
181964
185215
187495
187833
191561
192562
198548
199984
201704
209608
209794
210939
211854
212302
212891
218262
218744
220401
226056
234017
235297
236355
236609
236843
236862
239639
240696
241363
244827
249934
251002
253363
265739
267391
270220
270378
271497
274459
276634
277935
281988
284497
284704
289404
291564
292347
293993
295911
296181
297431
299418
301402
303083
307631
309153
314813
317980
318677
319251
322520
323045
326483
335544
335685
341173
341989
342338
345803
349164
355952
364895
365174
368080
369285
369390
369654
372038
374383
375744
380828
381585
385364
386245
387220
387680
396894
398526
400827
401551
402518
403445
403759
406221
407628
410819
413217
416984
418074
420751
420839
420925
421137
423574
424651
425954
427096
427250
427283
428462
434904
435091
437363
438350
443703
444175
445481
449166
449488
453193
453846
460608
460754
464331
466898
466937
472871
474027
476259
479346
480033
483533
483688
487885
490190
495206
496148
496573
496665
503202
504975
505021
505338
508101
512746
517196
518488
520727
521982
523212
523273
523586
526900
529795
531053
531164
531831
532366
540322
544090
544203
548152
548830
552861
560438
565124
569912
570164
575625
578301
582604
582737
586977
588675
590478
591743
591864
598005
600388
602580
602687
602814
605763
606250
607678
607784
608651
612824
616689
622396
622758
626162
626293
632424
648052
674245
681336
689103
691791
700210
705196
707139
739860
746247
747498
748250
751640
757634
758362
760414
764843
772616
774114
777179
777319
780007
780855
789391
806452
816093
821073
825189
828186
845965
866455
869865
870253
871765
872674
872971
875101
879166
880558
882421
889264
889372
893116
896272
897373
903640
903655
904975
906577
907465
907965
908239
908561
914112
915181
922899
930235
933793
936127
937601
940381
946201
949334
952954
954473
957469
959654
963608
967160
967280
971803
971992
973691
979705
981846
984494
986807
988673
988692
990145
995068
998545
999796
1000560
1000572
1011124
1018183
1018465
1020474
1023349
1023754
1025003
1027723
1031553
1033795
1044697
1049907
1058591
1061637
1063364
1063550
1063729
1065332
1068268
1070388
1071032
1071331
1078468
1078872
1084345
1086227
1086750
1088112
1090818
1091680
1095891
1099359
1109110
1109186
1110423
1110880
1150653
1151427
1157432
1157721
1159966
1162156
1163514
1167207
1168320
1168767
1171591
1173969
1174695
1178029
1178332
1180366
1183558
1191759
1193246
1195554
1196921
1198352
1198563
1203557
1206420
1206572
1208947
1214469
1215707
1216276
1218881
1221377
1225831
1226798
1229524
1236675
1237605
1237802
1240847
1244298
1246576
