100351
104122
104870
105649
106500
108294
109765
116517
118606
120248
124681
125664
130464
132253
132519
132873
132936
140387
141601
145478
146032
149318
149886
151126
154386
157893
160153
160378
163869
164231
164308
168285
173876
176750
179416
180230
180707
181642
185297
188482
188588
189769
191681
191747
198355
200898
206123
209276
215374
215849
218431
219957
220140
221843
226924
226985
227628
231629
231893
237011
242143
247822
247851
251114
252704
253781
254395
254813
259132
261918
262440
262442
265244
266994
269982
273229
273864
274132
280880
286161
286228
297198
299397
302709
303696
308063
314138
315897
317571
317586
324071
327874
329867
332348
332635
336247
338288
339456
344106
344298
345624
350354
350390
352108
353509
356945
359007
361977
364137
371266
374205
375104
375986
376277
380881
382500
386709
387857
388905
389609
389709
391277
396088
397295
399636
402831
405963
411438
412252
413540
416890
417444
418357
421909
424597
426430
432898
434667
436127
437974
438114
440641
448590
450548
453834
454794
457692
458921
460243
460889
461604
464842
465004
465308
465771
467407
470042
474699
476566
477436
482512
483002
485101
491179
491767
495409
495625
499840
500694
501835
502556
506019
506632
507844
508797
510710
514513
516402
516692
518762
519137
519261
520056
520531
522268
524222
524668
527677
530327
532306
535088
536648
537573
538133
545598
545865
549049
550372
552096
555618
556943
557270
564071
566531
567321
572483
574649
580153
584126
585186
590436
592631
594535
595043
596761
599725
600705
601732
608228
609497
611673
612284
613217
621108
621358
623370
625091
626547
642259
645406
658691
705461
711253
717621
721306
756427
763292
764703
771711
773493
779784
804295
817773
827637
839250
843577
845834
863109
863705
864534
865625
868830
871913
872009
873567
876768
881662
897112
899949
903493
906775
907235
907616
910611
911318
912398
923982
936316
937658
949491
959463
965265
965732
968493
969405
972938
973330
976245
981371
983313
985590
991727
992661
997163
1005793
1010123
1012481
1015959
1020503
1021208
1030140
1033300
1037084
1046665
1046906
1047587
1048334
1049623
1054285
1059459
1064103
1066192
1066872
1067295
1076586
1083883
1087105
1089061
1100448
1101837
1106512
1107311
1121044
1155827
1158650
1159268
1160717
1164301
1164639
1164676
1165940
1166395
1168652
1170504
1170991
1172049
1178337
1190251
1196633
1196711
1197850
1199738
1199905
1211406
1216244
1217590
1225976
1228789
1234862
1240791
1241990
1242252
1242652
