100351
105649
116290
118606
119521
124681
131516
132253
149886
156003
159748
179122
182670
188588
199021
200898
205440
214303
215374
215849
226924
232159
242680
247822
251114
265244
280855
297390
302709
303696
312856
314138
315575
317586
321596
324387
326854
335036
335224
336873
344106
350390
352108
355592
356945
359007
359398
374467
380309
380881
382117
387528
391425
396831
399636
405997
410921
416890
416959
423611
424511
425424
426430
432898
434667
440924
450548
453834
456150
457077
458921
467022
470042
480524
482512
482649
482999
483490
486286
493372
494647
495507
498824
500694
502556
506019
506632
513053
514513
516402
516692
519068
520531
522876
532306
535838
536971
538133
545865
551551
555618
560864
566531
567280
571211
587539
589515
590436
594535
599725
608228
612953
618667
625091
626547
686919
690889
702345
705461
717621
729149
742752
773493
779784
833102
834878
844897
864534
868830
871644
876693
876768
880568
880853
881662
891167
897112
898398
899949
918021
923982
949370
949491
950963
956686
965265
969405
978018
980993
996421
997163
999056
1004644
1005767
1009417
1015959
1046200
1046665
1047587
1049623
1059459
1063883
1087105
1100106
1100394
1106512
1106530
1122775
1123496
1124305
1158650
1159583
1160216
1160461
1162398
1163145
1163901
1164639
1167769
1169656
1170991
1172049
1184638
1189232
1194451
1195378
1196500
1197850
1199522
1199905
1216036
1237467
1239028
1241312
1241990
