115022
116290
116517
118606
119521
132253
133917
140555
140566
141845
145215
146032
147391
149886
150337
161742
176162
176750
179416
180230
181642
187314
188482
188588
188629
189283
189769
190081
191747
194904
197752
198355
205440
209276
214066
215849
219957
222880
226924
238481
244544
244703
247822
251114
251350
257705
262442
265244
269982
273864
274871
274953
278491
280880
285365
286228
286306
288714
299109
302336
302709
303403
303696
309886
312870
314138
316835
317586
318300
323558
330361
332635
338288
339675
339977
347942
352108
355402
355661
355676
358932
369660
371266
380881
382500
385474
391758
392200
396831
403177
405997
410571
416959
422630
423611
427150
432898
433733
434444
438114
443448
446501
452975
453834
457599
457692
458700
458921
460889
462181
462236
464842
472381
474699
482649
482999
484493
487410
487798
488638
491395
491709
493372
498303
498626
498824
499840
500158
501883
502591
504878
509835
510875
516402
516692
519068
519137
519306
520056
520531
522876
532933
534447
536451
536648
537265
541099
541774
545865
557270
566531
572265
573408
574649
574988
575523
577470
581114
583889
584126
591985
594535
596414
598262
599725
600365
606730
608228
615811
625091
642259
645215
705461
711253
716605
751513
758350
779784
817595
834588
834995
836063
837378
841409
844897
845834
846796
869055
873567
875352
876693
880568
889405
897112
899949
906384
910611
915947
923982
961422
981371
983313
996628
998288
1003223
1003498
1012481
1014763
1025779
1029318
1031383
1033300
1034893
1041694
1046200
1055722
1065303
1083739
1087105
1106512
1122775
1124305
1156107
1160216
1160628
1160717
1162398
1168652
1172049
1177294
1188145
1192624
1195378
1196398
1197850
1206752
1240460
