100034
100139
100194
100300
100351
100497
100552
100630
100680
100942
101185
101246
101299
101303
101389
101532
101687
101763
101998
102086
102099
102233
102375
102475
102532
102647
102662
102746
103218
103566
103814
103904
104345
104401
104424
104756
104870
105047
105126
105193
105351
105377
105431
105649
105843
105892
105919
106174
106213
106319
106500
106748
106982
107030
107216
107463
107486
107493
108063
108228
108294
108927
108938
109054
109075
109220
109302
109525
109572
109615
109730
109765
109899
110168
110297
110487
110899
111061
111175
111209
111211
111287
111303
111939
111958
111990
112039
112044
112161
112231
112511
112570
112935
113036
113109
113487
113494
113566
113661
113699
113895
114202
114304
114363
114601
114666
114817
114932
114934
114995
115022
115334
115438
115511
115521
115562
115606
115907
116188
116241
116281
116290
116441
116517
116560
116566
116759
116969
117086
117321
117667
117757
117790
117850
117912
117921
117934
118071
118234
118364
118414
118478
118554
118606
118658
118750
119376
119438
119454
119510
119521
119803
120086
120248
120286
120331
120407
120981
121147
121192
121408
121437
121607
121672
121729
121730
122130
122601
122918
122976
122994
123035
123236
123290
123294
123358
123460
123501
123517
123642
123777
123881
123949
124069
124132
124464
124559
124681
125034
125407
125664
125798
125815
125915
126035
126059
126124
126249
126277
126432
126662
126718
126734
126875
126975
127111
127303
127757
127760
127790
127802
127960
128083
128560
128568
128703
128859
128975
129151
129289
129318
129415
129461
129556
130053
130184
130188
130366
130464
130508
130532
130555
130571
130700
130752
130996
131034
131071
131402
131403
131511
131516
131862
131961
132014
132253
132286
132482
132483
132500
132519
132622
132641
132721
132722
132936
133035
133070
133113
133397
133556
133767
133831
133892
133917
133998
134055
134146
134163
134527
134585
134783
134914
134917
135083
135500
135825
135889
136045
136064
136146
136654
137123
137461
137464
137677
137685
137871
138058
138287
138296
138663
138696
138701
138707
138886
138923
138965
139038
139113
139363
139568
139833
140052
140063
140093
140121
140167
140168
140234
140387
140465
140480
140555
140566
140578
140614
141126
141207
141220
141330
141332
141601
141636
141642
141778
141815
141845
141964
142062
142372
142694
143331
143382
143498
143668
143814
144205
144256
144417
144512
145004
145215
145257
145422
145478
145491
145614
145974
146032
146069
146110
146175
146201
146208
146390
146720
147287
147333
147391
147410
147432
147563
147772
147895
147896
148040
148229
148416
148440
148601
148775
148963
149080
149083
149302
149318
149428
149579
149601
149838
149886
149963
149980
150221
150269
150337
150393
150432
150817
150825
150865
150923
151126
151200
151702
151806
151826
151989
152033
152339
152484
152715
152797
152857
152918
152992
152995
153500
153534
153656
153848
153850
153900
153963
154004
154132
154193
154248
154386
154737
154982
155211
155285
155563
155862
155879
155913
156096
156212
156268
156346
156366
156370
156634
156644
156655
156690
156715
156974
157011
157047
157246
157427
157503
157663
157861
157893
158032
158554
158639
158972
159094
159143
159183
159205
159567
159748
160153
160270
160378
160400
160513
160677
160791
160892
161156
161394
161742
161848
161947
162055
162183
162284
162567
162585
162754
162796
162884
163178
163264
163470
163515
163661
163689
163776
163810
163869
163968
164174
164225
164231
164308
164525
164593
164597
164738
164901
164904
165072
165109
165324
165402
165496
165609
165710
165734
166154
166524
166603
167409
168079
168201
168285
168379
168735
168953
168983
169206
169447
169564
170131
170311
170515
170804
170884
171002
171039
171103
171222
171664
171795
171848
172052
172406
172560
172576
172938
173095
173174
173181
173319
173410
173416
173528
173876
173968
174131
174212
174447
174458
174525
174547
174578
174793
174942
175168
175203
175222
175370
175596
175866
175869
176003
176162
176264
176549
176713
176750
176761
176862
176911
177469
177545
177693
177755
178222
178285
178751
178754
178786
178829
179267
179416
179586
179706
179727
179750
179988
180207
180223
180230
180475
180625
180707
180808
181421
181607
181624
181642
181660
181686
181867
181931
181935
181964
182290
182361
182377
182670
182855
183119
183398
183417
183470
183878
184211
184677
184830
184920
185126
185156
185215
185297
185625
185724
186145
186345
186455
186815
187314
187495
187554
187589
187833
187986
188040
188309
188478
188482
188513
188528
188588
188629
188766
188982
189010
189283
189769
189906
190062
190168
190328
190741
191185
191426
191463
191561
191681
191747
191827
191857
191995
192058
192445
192516
192562
192624
192635
192709
192765
192911
193191
193278
193333
193388
193406
193677
193696
193807
193986
194125
194283
194411
194561
194636
194668
194904
195197
195200
195349
195384
195642
195808
196012
196083
196174
196433
196749
196867
197201
197297
197394
197571
197627
197718
197752
197778
197808
197892
197985
198355
198548
198623
198862
199021
199278
199285
199323
199656
199673
199835
199911
199984
200047
200082
200107
200355
200366
200391
200416
200601
200726
200898
201065
201118
201130
201152
201193
201250
201396
201410
201584
201600
201699
202075
202119
202154
202227
202323
202409
202507
202754
202856
202858
203067
203088
203139
203368
203373
203511
203556
203707
203780
203819
204037
204208
204301
204328
204400
204431
204764
204821
205003
205071
205109
205472
205800
205866
206040
206093
206123
206416
206454
206673
206779
206916
206965
206984
207002
207105
207233
207309
207749
208231
208285
208410
208708
208869
209033
209055
209218
209276
209598
209599
209608
209656
209794
209872
209988
210492
210628
210653
210939
211044
211046
211458
211671
211672
211752
211854
211979
212029
212139
212302
212363
212508
212552
212891
212898
213013
213211
213322
214066
214177
214303
214517
214589
215267
215374
215796
215849
216329
216503
216618
216620
216710
216732
217076
217089
217160
217297
217468
218262
218431
218744
218865
219159
219353
219803
219957
220158
220401
220763
221359
221681
221739
221843
221900
222204
222880
223072
223109
223493
223774
223786
223831
224116
224262
224646
225015
225166
225324
225582
225614
225621
225686
226056
226086
226617
226924
226985
227159
227267
227452
227509
227628
227677
227768
228319
228458
228477
228634
228704
228918
229065
229452
230341
230856
231418
231629
231687
231859
231893
231934
232029
232159
232696
232785
233174
233518
233569
233668
234017
234320
234495
234800
234901
235297
235462
236292
236344
236544
236598
236609
236734
236773
236843
236862
237023
237190
237303
237374
237469
237920
238153
238281
238316
238365
238481
238581
238743
238828
238881
239129
239145
239186
239412
239503
239639
239730
239844
240049
240175
240479
240484
240696
241017
241388
241393
241558
241593
241604
241682
242143
242171
242190
242195
242206
242452
242480
242569
242680
242920
242928
243093
243893
244024
244198
244544
244659
244827
245072
245141
245246
245440
245887
246011
246076
246348
246476
247209
247287
247515
247735
247754
247822
247851
247885
247993
248210
248336
248428
248530
248633
248661
248676
248801
248881
248962
249024
249418
249443
249449
249457
249572
249608
249740
249904
249934
250019
250116
250176
250456
250481
250535
250620
250963
251002
251036
251114
251350
251365
251505
251568
251637
251719
252075
252097
252324
252444
252547
252606
252704
252947
253050
253171
253230
253255
253280
253296
253363
253367
253466
253734
253781
254029
254208
254395
254813
254903
255031
255116
255198
255913
255972
256060
256229
256259
256503
256626
256735
256884
257024
257373
257484
257705
257771
257832
257982
258025
258038
258061
258440
258523
258533
259132
259184
259756
259881
259907
259927
259945
259947
260118
260525
260697
260837
260856
261035
261061
261214
261215
261223
261240
261264
261280
261715
261727
261752
261918
262090
262161
262440
262442
262852
263293
263805
263913
263941
264004
264151
264172
264205
264263
264552
264832
265085
265108
265244
265419
265487
265595
265630
265739
265965
265981
266087
266150
266161
266177
266265
266648
266879
266994
267105
267164
267343
267391
267463
267528
267648
267737
267775
267956
267994
268529
268558
268854
269015
269223
269417
269529
269603
269906
269982
269991
270220
270378
270754
270843
271036
271240
271346
271349
271489
271497
271668
272123
272234
272307
272472
272549
272880
273010
273229
273267
273842
273854
273864
273947
274132
274400
274440
274459
274554
274685
274742
274871
274894
274953
274971
275025
275156
275298
275401
275462
275782
275829
275928
275978
276052
276081
276151
276189
276372
276394
276396
276600
276634
276893
276929
277345
277744
277935
278275
278415
278491
278593
278677
278702
278811
279756
279941
279979
280081
280320
280575
280792
280855
280880
280966
281269
281283
281555
281822
281890
281971
281988
282068
282186
282311
282533
282934
283016
283278
284050
284052
284461
284497
284573
284600
285090
285219
285285
285365
285430
285450
286161
286210
286228
286306
286315
286321
286890
286903
287148
287447
287490
287668
287754
288039
288098
288159
288366
288502
288517
288685
288714
288739
288795
289116
289246
289284
289404
289668
289707
289747
289781
289822
289839
290089
290249
290340
290341
290411
290667
291022
291399
291564
291659
291752
291899
291986
292035
292347
292427
292531
292710
292878
292885
293026
293559
293601
293702
293839
293851
293947
293992
293993
294109
294115
294412
294943
294965
294969
295003
295048
295084
295397
295440
295601
295890
296137
296181
296219
296308
296343
296455
296604
296684
296815
296832
297341
297390
297431
297442
297467
297929
297953
298214
298245
299107
299109
299397
299418
299446
299627
299714
299907
299926
300069
300175
300297
300501
300688
300774
300984
301301
301402
301616
302246
302487
302619
302709
302871
302962
302998
303083
303213
303230
303403
303546
303696
303808
303934
304012
304353
304487
304554
304710
305003
305094
305242
305347
305419
305499
305510
305678
306257
306583
306709
306788
307031
307158
307210
307299
307577
307595
307631
307665
308063
308334
308467
308900
308992
309021
309153
309445
309563
309662
309886
310030
310528
310581
310702
310914
311307
311409
311714
312163
312256
312355
312415
312566
312856
312870
312931
312947
312955
313112
313130
313291
313472
313514
313731
313776
313839
314138
314228
314234
314475
314587
314636
314647
314666
314813
315068
315284
315386
315508
315575
315727
315897
316042
316138
316303
316368
316678
316835
316981
316991
317571
317586
317641
317644
317710
317812
317980
318075
318265
318300
318455
318551
318677
319006
319114
319870
320242
320437
320843
320943
321030
321120
321135
321172
321593
321847
321909
322387
322413
322520
322776
322977
323045
323046
323540
323558
323636
323690
323762
323859
324071
324352
324441
324614
324751
324985
325026
325127
325265
325622
326056
326070
326292
326404
326483
326485
326528
326603
326740
326854
326935
327313
327351
327358
327457
327681
327874
327976
327994
328019
328086
328141
328351
328640
328952
329014
329057
329339
329649
329819
329867
330069
330205
330312
330450
331420
331444
331786
332056
332078
332083
332286
332346
332348
332432
332635
332665
332762
332788
332850
332924
333036
333054
333067
333665
333674
333793
333809
333857
334058
334136
334185
334388
334634
335036
335224
335333
335334
335335
335363
335400
335440
335481
335544
335643
335685
335737
335918
335938
336247
336381
336687
336730
336776
336830
336831
336873
336921
337132
337358
337414
337531
337538
337743
338009
338042
338085
338105
338182
338288
338514
338798
338947
339057
339428
339445
339456
339511
339524
339606
339675
339885
339905
339977
340253
340456
340938
340999
341164
341166
341173
341253
341270
341360
341582
341716
341803
341849
341866
341989
341990
342158
342338
342442
342474
342546
343018
343202
343539
343583
343805
343816
343869
344106
344129
344157
344269
344290
344298
344329
344415
344425
344630
344797
345301
345369
345538
345624
345792
345803
346245
346289
346333
346493
346638
346951
347067
347235
347246
347322
347414
347496
347542
347545
347680
347942
348085
348255
348261
349049
349114
349164
349360
349380
349466
349522
349537
349765
350054
350143
350327
350354
350390
350593
350732
350768
350820
350887
351013
351040
351455
351686
351763
352108
352255
352366
352928
353299
353337
353509
353707
353824
354730
354783
355050
355387
355402
355520
355661
355676
355812
355838
355848
356178
356217
356280
356320
356698
356806
356945
357025
357250
357620
357674
357957
358021
358331
358338
358412
358519
358543
358760
358932
358958
359007
359077
359121
359398
359766
360011
360297
360586
360593
360626
360750
361047
361068
361188
361281
361488
361741
361791
361926
361977
362251
362310
362482
362675
362743
362768
362814
362894
362989
363093
363302
363692
364137
364345
364641
364658
364895
364948
364954
365006
365037
365174
365367
365510
365989
366033
366096
366503
366593
366803
366834
366982
366986
367291
367523
367552
367674
367703
368030
368080
368561
369089
369206
369285
369390
369391
369567
369652
369654
369660
369718
370411
370455
370690
370988
371331
371485
371498
371519
371575
371928
372038
372351
372468
372524
372709
372751
372779
372970
373230
373369
373506
373587
373616
373699
373743
373747
373882
373929
374085
374205
374383
374454
374467
374468
374847
375104
375155
375234
375338
375387
375519
375552
375578
375633
375663
375709
375744
375986
376173
376177
376277
376468
376762
377785
378183
378436
378563
378965
379043
379272
379349
379448
379459
379576
379581
379896
380054
380131
380150
380236
380309
380329
380551
380555
380670
380689
380828
380881
380944
381138
381294
381555
381585
381668
381685
381774
381830
382117
382180
382265
382500
382675
382961
383035
383158
383170
383294
383508
383617
383964
383984
384261
384443
384542
385364
385474
385735
386245
386610
386709
386756
387267
387297
387325
387373
387528
387643
387680
387836
387857
387862
388097
388315
388392
388427
388905
388923
389020
389312
389609
389709
389767
389821
389961
390100
390199
390693
390781
391083
391139
391197
391277
391425
391437
391499
391617
391631
391758
392200
392321
392366
392471
392506
392599
392706
392769
392932
392937
392990
393396
393439
393661
393703
393980
394026
394148
394323
394541
395532
396036
396088
396106
396469
396653
396761
396831
396894
397272
397289
397295
397316
397384
397621
397673
397953
398225
398410
398526
398534
398935
399087
399284
399542
399682
399691
400041
400253
400662
400722
400808
400880
400905
400916
401082
401212
401213
401419
401551
401971
402047
402066
402096
402120
402443
402484
402637
402831
403177
403184
403445
403552
403759
403765
403874
404019
404122
404152
404157
404263
404347
404374
404535
404614
404670
404857
404903
405239
405310
405314
405626
405901
405997
406056
406221
406546
406630
406750
406848
407030
407141
407186
407237
407628
407914
408175
408216
408266
408382
408547
408597
409174
409431
409630
409690
409911
409935
410175
410242
410463
410508
410571
410740
410741
410819
410824
410921
410970
411215
411304
411438
411452
411677
411843
412209
412252
412468
412833
412877
413217
413530
413540
413855
413932
413973
414193
414378
414465
415122
415230
416080
416219
416555
416581
416623
416657
416795
416890
416910
416959
416984
417444
417564
417692
417796
417976
418074
418485
418770
418965
419062
419136
419983
420245
420269
420571
420626
420751
420839
421070
421137
421256
421381
421852
421909
422035
422151
422197
422349
422379
422670
423037
423300
423459
423574
423602
423611
423748
423878
424192
424511
424534
424567
424597
424651
424865
425001
425424
425522
425686
425954
426430
426476
426790
427096
427150
427250
427283
427464
427779
427921
427966
428202
428257
428273
428345
428462
428604
428651
428661
428720
428750
428816
428820
428875
428887
429035
429537
429795
430319
430438
430521
430868
431088
431142
431350
431384
431508
431547
431746
431837
432122
432669
432729
432898
432921
433234
433296
433579
433987
434194
434444
434495
434667
434904
434913
434944
435091
435178
435281
435521
435551
435733
436127
436321
436333
436536
436551
436587
436895
436940
437007
437228
437259
437383
437424
437676
437795
437840
437857
437974
438114
438486
438637
438718
439034
439106
439114
439115
439261
439310
439628
439923
440569
440641
440757
440771
440809
440924
440971
441032
441344
441482
441795
441803
442113
442439
442800
442885
443015
443070
443105
443409
443552
443703
443706
444052
444055
444167
444175
444316
444342
444398
444540
444598
444743
444787
444898
444938
445147
445207
445261
445481
445522
445612
445663
446141
446169
446397
446438
446501
446533
446535
446878
447013
447143
447204
447321
447331
447717
448040
448590
448779
448792
449038
449166
449285
449358
449488
449529
449584
449654
449743
449890
449919
449925
449969
450009
450011
450205
450235
450548
450575
450623
450658
450775
451220
451301
451364
451429
451487
451633
451646
451658
451685
451897
451913
452295
452331
452425
452588
452895
452975
453036
453192
453193
453200
453374
453547
453671
453725
453834
453846
454013
454083
454155
454197
454219
454794
454796
454896
455008
455334
455425
456287
456538
456683
456892
457077
457287
457599
457624
457692
457778
457818
457930
458098
458348
458457
458549
458615
458651
458692
458700
458746
458921
459070
459155
459345
459432
459515
459771
460222
460228
460243
460415
460497
460697
460754
460756
460771
460805
460810
460889
460915
461107
461163
461571
461699
461848
461875
461997
462014
462055
462181
462697
462727
462736
462819
463018
463030
463457
463488
463507
463510
463711
463903
463969
464208
464331
464482
464519
464662
464687
464842
464868
464928
465004
465145
465158
465285
465308
465364
465513
465567
465591
465771
465877
466214
466384
466468
466500
466568
466582
466609
466898
466934
466937
466946
466979
467022
467072
467113
467407
467469
467764
468259
468383
468396
468426
468467
468493
468686
468791
468837
468961
469163
469298
469497
469533
469639
469793
469829
470042
470065
470169
470271
470432
470752
471406
471460
471529
471628
471630
471672
471775
471785
471841
471927
472112
472381
472476
472493
472871
473137
473164
473266
473446
473727
474027
474098
474174
474238
474269
474394
474673
474699
474702
474850
474879
475180
475252
475419
475440
475803
475855
476137
476228
476259
476362
476509
476566
476646
476652
476658
476721
476922
477001
477056
477097
477413
477436
477520
477616
477648
477807
477865
478167
478306
478530
478556
478609
478639
478658
478744
478898
479246
479256
479346
479735
479899
479921
480033
480193
480366
480373
480524
480562
480623
480928
481388
481424
481859
481929
482305
482512
482580
482649
482740
482764
482827
482953
482999
483002
483076
483161
483211
483402
483490
483533
483545
483688
483786
484120
484135
484177
484351
484493
484887
485098
485101
485876
485938
486268
486286
486375
486628
486647
487123
487173
487176
487307
487513
487798
487885
488446
488580
488635
488638
488754
488821
489055
489631
489861
489886
489993
490024
490090
490190
490737
490858
491154
491179
491395
491449
491536
491689
491709
491767
492075
492222
492336
492488
492650
492670
492936
493340
493366
493372
493713
493937
494112
494444
494940
494963
495018
495047
495206
495409
495424
495425
495507
495544
495625
496123
496148
496238
496467
496573
496630
496665
497295
497696
498022
498225
498303
498308
498495
498512
498613
498626
498824
499127
499147
499230
499402
499519
499566
499712
499840
499952
500158
500190
500216
500586
500619
500652
500694
500737
500946
501153
501817
501835
501883
502006
502470
502484
502556
502604
502695
503081
503187
503202
503579
503765
503775
503865
503989
504102
504549
504671
504875
504878
504975
505021
505071
505081
505338
505641
505693
505859
505941
506019
506611
506632
506821
506861
506972
506984
507197
507418
507704
507729
507844
507889
507911
507933
508093
508101
508399
508618
508797
508803
509218
509386
509527
509835
509945
510060
510225
510450
510479
510622
510710
510734
510875
510886
510973
511024
511074
511360
511747
511792
511998
512100
512440
512483
513053
513054
513144
513392
514044
514311
514324
514476
514478
514513
514562
514697
514775
515009
515060
515368
515406
515555
515602
515710
515778
516100
516231
516389
516402
516407
516464
516496
516505
516797
516827
516884
517175
517196
517260
517413
517711
517741
517918
518226
518300
518398
518488
518714
518759
518762
518843
518902
518911
519068
519137
519261
519306
519327
519362
519452
519454
519469
519472
519718
519847
519861
519872
519885
519887
519903
519997
520041
520056
520059
520071
520357
520394
520531
520708
520727
521183
521191
521201
521340
521461
521549
521710
521837
521885
521894
521982
521999
522140
522260
522268
522283
522574
522876
522905
523011
523212
523273
523480
523515
523545
523586
523672
523766
524087
524165
524222
524485
524542
524662
524668
524775
524845
524910
524978
525202
525249
525646
525730
525815
525889
526049
526088
526399
526488
526900
526985
527081
527150
527669
527677
527748
527838
527882
527983
528367
528415
528441
528601
528700
528848
529037
529466
529667
529795
529805
529911
530133
530327
530730
530814
530862
530869
531053
531164
531298
531392
531554
531587
531681
531831
532233
532306
532337
532364
532387
532504
532620
532933
533108
533279
533708
534268
534447
534548
534555
535047
535088
535159
535243
535249
535413
535454
535838
535929
536214
536334
536398
536451
536615
536669
536722
536911
536971
536990
537176
537237
537257
537489
537573
537723
538133
538246
538471
538619
538928
539188
539446
539572
539583
539677
539695
539813
539879
540144
540226
540247
540458
540517
540625
540861
540994
541029
541039
541099
541193
541230
541417
541689
541698
541774
541799
542073
542084
542166
542552
542559
542908
543053
543073
543323
543400
543430
543558
543563
543612
543676
543869
543870
544090
544166
544203
544206
544364
544498
544826
544881
544950
545072
545598
545752
545865
545869
545910
545944
545984
546031
546403
546628
546706
546839
546948
546995
547162
547214
547386
547403
547635
547652
547968
548075
548105
548108
548624
548715
548780
548830
548844
548999
549038
549049
549392
549424
549659
549705
549759
549950
550000
550117
550227
550268
550372
550658
550676
551551
551892
551934
552555
552715
552778
552824
552846
552861
552870
552972
553151
553478
553730
553790
553832
553841
554079
554164
554199
554234
554521
554565
554567
554667
554673
555013
555125
555151
555395
555398
555432
555468
555559
555618
555704
555753
555806
555871
556062
556301
556657
556852
556927
556943
557034
557111
557131
557170
557270
557390
557541
557602
558639
558641
558877
558940
559927
560139
560369
560373
560559
560724
560864
561915
561920
562031
562198
562586
562595
562656
562982
563379
563600
563837
563904
563916
564071
564110
564430
564592
564686
564710
564738
564966
565124
565138
565223
565260
565366
565442
565526
565546
566090
566217
566339
566352
566360
566408
566531
566577
567220
567280
567311
567321
567395
567455
567637
567649
567756
567787
567971
568128
568454
568670
568769
568931
568991
569119
569268
569912
570060
570071
570164
570178
570365
570490
570636
571211
571624
571913
571960
572123
572265
572285
572329
572483
572511
572744
573223
573259
573335
573488
573519
573530
574109
574409
574634
574649
574941
574988
575459
575523
575625
576301
576313
576327
576362
576712
576867
576902
577215
577469
577470
577541
577620
577914
577925
578290
578301
578365
578507
578640
578715
578902
579001
579132
579429
579652
579663
580123
580153
580313
580695
580717
580829
580957
581114
581130
581673
581812
581869
582405
582421
582604
582622
582737
582842
583460
583556
583889
584082
584126
584167
584174
584447
584471
584801
585069
585130
585153
585186
585456
585524
585712
586117
586193
586326
586484
586977
587512
587513
587539
588342
588437
588666
588675
588730
588965
589515
589776
589952
590111
590237
590250
590478
591171
591743
591864
591985
592027
592123
592345
592421
592631
593107
593192
593200
593459
594239
594535
594749
595043
595077
596160
596217
596414
596500
596920
597071
597177
597545
597681
597790
598005
598054
598262
598334
598439
598520
598623
598679
598952
599245
599279
599365
599725
599727
600143
600173
600365
600388
600407
600449
600467
600505
600607
600705
601072
601246
601306
601324
601405
601544
601640
601732
601900
602009
602111
602247
602580
602649
602814
603348
603391
603487
603632
604098
604276
604361
604625
604650
604653
605068
605763
606250
606450
606632
606730
606762
606922
607278
607593
607678
607784
607833
608169
608228
608651
608653
608658
608950
609056
609178
609414
609497
609958
610365
610403
610737
610976
611059
611419
611629
611673
612113
612410
612518
612525
612824
612925
612953
613162
613237
613272
613324
613405
613642
613804
613847
614102
614286
614578
615119
615217
615259
615570
615572
615661
615725
616105
616225
616308
616425
616591
616635
616689
616767
616924
617055
617754
618127
618337
618391
618667
619106
619193
619322
619453
619482
619574
619745
619880
620003
620290
620425
620486
621020
621108
621175
621358
621444
621627
621645
621707
621743
621947
622027
622063
622371
622396
622410
622610
622758
622782
623173
623261
623370
623860
624033
624190
624366
624483
624521
624828
624891
624990
625091
625100
625483
625643
625753
625772
626070
626162
626293
626335
626543
626547
627846
628458
628994
631244
631728
632887
633114
633637
634258
634535
634638
634774
635336
636409
636458
638210
639907
640694
642259
644142
644588
645215
645406
645421
645896
647845
647884
648052
649774
650731
651029
651048
651586
652268
652546
652590
652979
653292
654029
654138
654955
655024
655274
655735
657167
657257
658355
658850
660622
662382
664576
665101
665107
665336
665395
665704
665738
666512
666700
668724
668785
669786
670255
670457
671464
672310
673790
673938
674245
674374
675528
675569
675581
680679
680791
680859
681336
681522
682209
683849
684214
684785
685675
685764
685984
686138
686238
686919
687773
687995
688008
688065
688336
688836
688849
689103
689153
690305
690517
691791
692658
696120
696371
696493
696916
697160
697228
697448
697724
697763
698499
698889
699807
700210
700437
701121
701153
702345
703448
703617
703679
704816
705081
705142
705196
705461
705599
707101
707139
709087
710572
710726
711135
711253
711308
711515
711978
712021
712438
712533
714299
714379
714926
715147
715313
715341
715453
715919
716228
716317
716325
716605
716869
717234
717413
717621
717935
718449
718506
718604
719359
719763
719880
720385
721265
721306
721420
721553
722159
723355
723417
724236
724438
724452
724769
725052
725594
725674
725683
726763
727214
727526
728085
729030
729490
730825
730981
731154
731874
731930
733146
733181
734719
734723
735292
735711
736012
736206
736583
736844
737017
737370
738077
738717
738892
739860
740249
740276
740325
740547
740786
741223
741764
742338
742430
742751
742752
743419
743771
744898
745408
745567
746247
746930
747446
747609
747952
748250
748312
748401
748897
749020
749414
749584
750685
750974
751017
751056
751146
751456
751513
751640
751921
751942
752568
753354
753583
754357
754685
754934
755092
755093
755525
755860
756209
756225
756486
757597
757634
757740
758160
758350
758362
758395
758478
758594
758771
758846
759495
759580
759650
760414
761107
761277
761442
761668
761912
762454
762864
763292
764099
764186
764204
764703
764801
764843
767197
767252
768575
769158
769443
769479
769912
770100
770127
770369
770844
771171
771232
771711
771773
772456
772616
773306
773493
774150
775022
775182
775561
776007
777179
777319
777643
778017
778695
778855
779524
779569
779698
779732
779784
780007
780709
780855
781190
781956
783083
783503
784400
784455
784859
784957
785547
786504
786954
789070
789391
789482
789650
790090
790218
790432
790583
791569
791661
791686
791944
792356
793919
794248
794611
794690
794828
794978
795191
795345
795480
795567
796448
796483
797671
798694
798831
800362
801007
801016
801580
802319
804528
805041
805158
805164
805674
805683
806141
806452
806484
806515
806597
807093
807430
809144
810796
811153
811849
812773
813114
813372
813375
814744
815145
815334
815553
815784
816093
816699
817595
817773
817898
818077
818643
819320
819455
819833
819859
819872
820012
820248
821073
822157
822185
822437
823514
823539
823924
823956
824022
824247
824841
825189
825311
825612
825883
827039
827637
827684
827754
828186
828469
829256
829305
829768
829769
829955
830201
831640
831848
832235
833102
833153
833231
834283
834357
834588
834878
835254
835363
836063
836316
836821
836943
837155
837831
838066
838190
838620
838788
839435
839662
839992
840055
840115
840593
841189
841409
841583
842170
842314
843087
843255
843326
843577
844047
844055
844497
844897
845639
845834
845961
845965
846778
846796
847010
847294
847660
847693
848418
848426
848826
849095
849181
849327
849398
849508
849883
850013
852509
857103
862846
863109
863452
863705
863803
863993
864313
864534
864992
865290
865378
865525
865625
866016
866133
866385
866605
866670
867332
867342
867553
867805
868477
868830
868999
869055
869065
869078
869371
869696
869865
870078
870253
871085
871463
871654
871765
871913
871984
872009
872222
872365
872506
872674
873063
873360
873567
873625
873976
874128
874415
874591
874653
875023
875101
875352
875601
875750
875771
875980
876212
876531
876693
876768
876894
877574
878063
878237
878293
879099
879166
879335
879402
879531
879619
879803
880018
880447
880558
880605
880711
880754
880837
880853
880890
881021
881500
881614
881662
881847
882335
883094
883395
883474
883609
883628
883667
883831
884542
884582
885531
885724
886182
886408
886537
886926
887042
887722
888764
889184
889255
889264
889405
889462
889531
889768
889830
889954
890147
890216
890276
890387
890518
890863
891055
891167
891209
891506
891917
892868
893080
893116
894344
894527
895569
895588
895649
896144
896272
896389
896406
896576
897079
897112
897373
897469
898398
899176
899330
899503
899638
899802
899949
900464
900554
901075
901274
901480
901586
901658
901836
901985
902440
902470
902624
902666
902846
903493
903506
903640
903655
904119
904707
904975
905059
905098
905354
905659
905873
906338
906384
906577
906700
906704
906775
907235
907399
907465
907616
907866
907875
907965
908014
908239
908384
908561
908865
910238
910274
910386
910611
910640
911192
911227
911241
911318
911353
911369
911614
912261
912398
912462
912494
913464
913528
913869
913899
914112
914722
915181
915245
915275
915325
915568
915947
915967
916245
916607
917021
917858
917946
918021
918128
918133
918367
918459
918855
919299
919345
919531
919805
920333
920841
921598
922012
922347
922413
922899
923537
923982
923984
924214
924254
926125
926215
926660
928252
928507
928890
928984
929195
930235
930297
930957
931283
931866
932324
932953
933026
933731
934189
934224
934452
934931
935227
935434
935624
936098
936127
936316
937249
937357
937601
937602
937616
937658
939408
940354
940391
940576
942111
943941
944871
944889
945174
945273
945336
946201
946440
946483
947721
948522
948719
948847
948861
948892
949127
949285
949334
949426
949466
949491
949568
949677
949782
950091
950534
950583
950589
950781
950817
950885
950963
951920
952642
952954
953088
953133
953343
953668
953681
953733
953767
953816
953965
954244
954307
954473
954912
955102
955150
955991
956000
956307
956341
956708
957231
957469
957568
958301
958406
958444
958606
958732
958960
959062
959390
959459
959463
959654
959996
961053
961165
961422
963091
963215
963258
963303
963523
963608
963615
963873
964386
964437
964536
964915
964983
965178
965265
965726
965727
965732
965907
966593
966930
967160
967165
967199
967280
967474
967612
968004
968493
968496
968551
968655
968664
969099
969925
969958
970021
970052
970408
970654
970813
970923
971363
971440
971470
971803
971894
971917
971992
972506
972539
972883
973209
973330
973631
973651
973691
973977
973987
974102
974145
974286
975080
975449
975489
975522
975788
976245
976383
976575
976581
976732
977130
977640
977946
978018
978488
979705
979743
979998
980613
980993
981322
981371
981401
981846
982129
982344
982856
983125
983147
983313
983577
984204
984494
985441
985584
985590
985710
986299
986325
986736
986779
986790
986807
987275
987770
988004
988022
988587
988673
988692
989006
989025
989033
989098
989145
989279
989289
989480
989745
989996
990145
990394
991727
992218
992235
992452
992661
993289
993844
993998
994183
994299
994488
994504
995068
995513
995674
995709
995739
995860
996203
996264
996421
996628
997029
997163
997283
997717
997960
998202
998226
998288
998545
998827
999010
999056
999259
999653
999694
999796
999810
1000406
1000560
1000572
1001366
1001550
1001746
1001799
1001837
1001980
1003141
1003223
1003366
1003498
1004644
1005484
1005767
1005793
1006301
1006485
1006506
1006932
1007668
1007975
1008376
1009010
1009163
1009417
1009439
1009827
1010123
1010143
1010411
1010670
1011124
1012154
1012178
1012481
1013377
1013519
1013535
1014536
1014586
1014587
1014685
1014735
1014763
1014769
1014979
1015088
1015344
1015959
1016473
1016570
1016615
1017993
1018051
1018183
1018350
1018514
1018706
1019250
1020231
1020503
1021126
1021208
1021653
1021708
1022283
1022568
1022678
1022785
1023349
1023595
1023819
1024219
1025003
1025017
1025268
1025324
1025362
1025474
1025962
1026604
1027704
1027723
1027971
1028131
1028559
1028864
1029030
1029264
1029318
1029458
1029838
1029981
1029987
1030140
1030410
1030693
1030880
1030911
1031383
1031512
1031532
1031553
1031701
1031992
1032078
1032314
1032321
1033300
1033378
1033466
1033683
1033795
1034094
1034893
1035023
1035211
1035275
1035438
1035440
1035567
1036197
1036452
1036736
1036863
1036898
1037084
1037482
1037526
1037646
1038016
1038069
1038186
1038520
1038786
1038880
1039029
1039101
1039138
1039534
1039714
1039954
1040260
1040391
1040595
1040923
1041694
1041984
1042216
1042374
1042827
1043083
1043111
1043423
1044118
1044608
1044710
1044805
1045030
1045120
1046162
1046200
1046472
1046665
1046906
1047235
1047372
1047587
1047735
1047955
1048276
1048334
1048433
1048509
1048693
1048849
1048927
1049074
1049672
1049835
1049907
1050540
1050603
1050811
1051263
1051361
1052000
1052083
1052397
1052503
1052775
1053125
1053208
1053562
1053632
1053819
1054006
1054186
1054285
1054362
1054705
1054887
1055018
1055722
1055988
1056238
1056332
1056600
1056623
1056766
1056892
1057085
1057887
1058036
1058185
1058591
1059033
1059172
1059343
1059459
1059708
1059892
1060176
1060427
1060821
1061106
1061317
1061637
1062335
1062496
1062852
1062941
1063037
1063364
1063550
1063606
1063729
1063883
1063946
1064103
1064563
1064750
1064854
1065137
1065175
1065303
1065332
1065428
1065517
1066192
1066548
1066859
1066889
1067114
1067295
1067487
1067883
1068268
1068786
1069133
1069182
1069295
1069812
1070005
1070069
1070156
1070333
1070388
1070544
1070572
1071138
1071331
1071450
1071508
1071778
1072620
1072779
1072790
1073436
1073553
1073589
1073949
1074747
1074873
1075341
1075948
1076336
1076586
1076634
1077034
1077089
1077452
1077855
1077899
1078269
1078414
1078468
1078646
1078872
1079799
1079981
1080003
1080244
1081376
1081436
1081772
1082751
1083206
1083739
1083883
1084345
1084517
1085057
1085199
1085225
1085639
1085762
1086180
1086227
1086295
1086750
1086766
1087070
1087105
1087572
1088112
1088496
1088550
1088642
1089040
1089136
1089409
1089586
1089618
1089775
1090029
1090057
1090134
1090258
1090275
1090323
1090818
1091666
1091680
1091993
1092457
1093004
1094565
1095220
1095721
1095891
1096278
1096289
1096379
1096487
1097486
1097548
1097825
1097861
1097881
1098325
1098337
1098390
1098455
1098492
1098840
1099079
1099219
1099347
1099359
1099592
1099695
1100051
1100266
1100394
1100398
1100448
1100545
1100769
1101214
1101768
1101837
1101895
1102006
1102269
1102327
1102540
1102756
1102876
1103089
1103098
1103434
1103450
1104149
1104772
1105518
1105632
1106260
1106362
1106383
1106530
1106851
1106966
1107101
1107311
1107636
1107755
1107772
1107968
1108055
1108114
1108350
1108363
1109049
1109086
1109110
1109186
1109265
1109294
1109653
1110178
1110262
1110423
1110438
1110685
1110880
1111176
1111244
1111436
1111461
1111590
1112194
1112423
1112588
1112722
1113352
1113778
1113819
1113856
1114355
1114857
1115067
1115520
1116420
1119605
1120667
1121072
1121384
1121597
1122033
1122527
1122610
1122775
1123496
1123564
1124305
1124356
1124508
1132196
1133574
1133620
1135820
1138368
1139380
1140446
1140726
1149541
1149848
1150038
1150653
1150667
1150728
1151012
1151020
1151439
1152114
1152207
1152325
1153190
1153605
1154091
1154661
1154722
1155827
1156107
1157149
1157432
1157582
1157721
1158305
1158336
1158364
1158369
1158419
1158469
1158518
1158603
1158986
1159082
1159102
1159268
1159583
1159966
1160121
1160216
1160461
1160568
1160717
1160764
1160772
1161487
1161856
1161989
1162156
1162167
1162191
1162193
1162378
1162398
1162691
1163145
1163180
1163514
1163683
1163691
1163707
1163734
1163796
1163823
1163901
1164229
1164265
1164311
1164616
1164639
1164676
1165385
1165427
1165492
1165951
1166138
1166148
1166395
1166433
1166696
1166747
1166779
1166865
1167207
1167617
1167880
1168051
1168082
1168320
1168550
1168652
1168767
1169656
1169972
1170233
1170752
1170775
1170827
1171218
1171265
1171370
1171502
1171591
1171672
1171716
1171944
1171966
1172011
1172049
1172059
1172062
1172145
1172598
1172787
1172823
1172856
1173103
1173955
1173969
1174277
1174695
1175571
1175608
1175856
1176297
1176580
1176603
1176921
1176955
1177294
1177744
1177828
1177944
1178029
1178332
1178337
1178568
1178842
1178946
1179263
1179354
1179385
1179555
1179708
1180278
1180306
1180366
1180587
1180756
1180862
1181201
1181547
1181655
1181968
1182176
1182349
1182559
1182692
1183011
1183190
1183558
1183766
1183776
1184199
1184638
1185071
1185189
1185643
1186081
1186111
1186493
1186514
1187547
1187832
1188145
1188174
1188651
1188682
1189232
1189329
1189420
1190400
1191051
1191106
1191484
1191682
1191689
1191727
1191759
1192299
1192300
1192334
1192948
1193235
1193246
1193422
1193469
1193606
1193925
1193992
1194451
1195040
1195073
1195393
1195732
1195916
1196346
1196398
1196500
1196633
1196697
1196711
1196921
1197029
1197452
1197795
1197850
1197856
1197874
1197916
1198341
1198352
1198563
1198565
1199118
1199204
1199496
1199522
1199738
1199905
1199933
1199983
1200044
1200584
1200983
1201603
1201735
1201835
1202537
1202592
1202876
1202978
1203042
1203263
1203306
1203541
1203549
1203557
1203609
1203695
1204097
1204127
1204414
1204480
1204918
1205188
1205340
1205519
1205586
1205666
1206265
1206420
1206635
1207494
1207540
1208115
1208302
1208918
1208947
1208988
1209111
1209219
1209542
1210332
1210893
1211165
1211308
1211406
1211463
1211584
1211924
1212304
1212370
1213074
1213402
1213697
1213730
1213768
1214239
1214331
1214465
1214477
1214496
1214762
1215184
1215590
1215707
1215708
1215775
1215832
1216036
1216244
1216276
1217121
1217692
1218083
1218594
1218794
1218881
1219183
1219628
1219646
1219843
1219925
1220033
1220085
1220142
1220175
1220195
1220214
1220283
1221274
1221377
1221408
1221464
1221561
1221607
1221728
1221768
1222168
1222254
1223105
1223988
1224008
1225176
1225265
1225683
1225767
1225800
1225831
1225976
1226798
1226863
1227145
1227732
1228789
1229386
1229524
1230877
1231467
1232316
1232575
1233049
1234161
1234306
1234517
1234862
1234881
1235206
1235378
1235578
1235962
1236101
1236675
1236696
1236840
1236866
1236905
1236968
1237221
1237301
1237545
1237605
1237777
1237802
1238124
1238156
1238217
1238385
1238501
1238574
1238732
1238925
1239028
1239141
1239422
1239805
1239872
1240460
1240703
1240791
1240847
1241233
1241312
1241572
1241616
1241699
1241825
1242175
1242252
1242492
1242917
1243105
1243288
1243675
1243826
1244154
1244371
1244423
1244624
1244683
1244706
1244906
1245019
1245373
1245402
1245952
1246442
1246474
1246576
1246673
