105649
108228
108294
116290
119521
120286
127802
130184
131862
132253
132873
132936
133917
138663
140387
140566
144205
145478
147391
149886
150337
150825
152857
156346
157246
157503
160378
163178
170804
176750
176761
178285
179122
179416
180587
182670
188482
188588
191747
193191
202227
203511
205440
209218
209988
215849
226924
231629
238481
247287
247822
247851
250963
252547
259132
269982
273864
275401
278491
280880
285090
285334
287754
291899
302709
303696
309886
314138
314636
315575
318300
328640
341253
344106
345624
347322
350390
352108
359007
371266
375104
378436
389767
392200
396831
397295
399636
400041
403177
413932
416959
424511
426430
428273
440971
443448
446535
448590
449890
450548
450623
450775
453834
454794
456150
463903
465364
465877
468493
480524
482827
483211
484493
485101
491395
491767
500694
501883
506632
508797
519137
519261
519306
520056
520531
525646
527508
532306
537265
538133
539188
543870
545865
545910
549759
567321
574988
590436
592123
594535
599725
600407
601640
618337
621358
621947
625091
631244
687995
690889
705461
711515
711978
721306
747446
756209
756427
758350
771232
773493
779784
795567
805158
819859
837578
838620
838788
841409
843577
864534
868830
876693
883667
889830
897112
899330
899949
901985
905659
907866
923982
924660
956686
964386
965265
968004
969405
973651
981371
985590
996421
997163
1005793
1012481
1016473
1025779
1031383
1039029
1046200
1046906
1047587
1048334
1049623
1053125
1055722
1063946
1087105
1121044
1122775
1124305
1158650
1163901
1168652
1170319
1170752
1170991
1171944
1172049
1177294
1192300
1196500
1197795
1197850
1216244
1219925
1237221
1239028
1240460
1241990
