100403
100942
111209
112511
117934
120331
121730
124464
132014
151702
155211
156690
162284
173319
183878
193333
193677
205463
213211
216732
223493
223769
224646
228704
238407
240479
242569
248530
249024
261035
266879
272184
272307
274742
279304
298245
309534
313291
313839
320242
343860
344797
345792
366154
369391
371519
372779
392937
393927
396903
398935
402047
404019
404374
406630
416080
420381
436333
450205
458549
459515
475803
476646
483545
487123
494127
503187
507155
521549
521837
526488
538928
539813
543323
551714
554567
560724
564430
571913
575027
577925
585615
598334
601900
604625
604653
606450
613405
665395
680679
684785
744898
781190
811153
813372
836821
867342
924203
935624
989033
998202
1212370
1220333
1236011
