100194
101532
102375
103218
104345
107030
108927
108938
109054
109572
109615
110899
111939
112044
113109
114666
115511
116969
118478
122918
123035
123777
125407
126875
127790
128568
128703
133892
133955
134917
140093
141815
144573
147410
148600
148963
149963
152992
153656
156305
157427
157480
157663
158654
160270
165402
171664
171795
175168
175203
176862
183398
187833
195197
199323
199673
200355
203088
203368
204037
208231
209055
209608
210653
210939
219803
224262
227677
232696
234495
235297
236544
240484
244827
249934
250456
251002
252444
256503
264151
264832
265739
266265
267391
269603
270220
271497
276151
276634
277744
281555
281988
283278
285430
288685
289246
291564
291986
294943
295048
296144
296219
296343
301402
305242
306257
308334
309153
312163
316981
317085
321120
321172
321909
322387
326292
329819
332788
333067
333674
333809
337743
341989
351040
354817
355050
355838
355952
357620
358760
360626
363093
368080
369390
369654
373276
379043
380551
381774
388751
394026
397272
403445
403759
405626
408547
414778
416555
420751
421137
422197
425954
427096
427250
429537
430438
431547
435733
441344
449166
449743
451646
452588
453193
455425
460608
463457
463507
464331
476721
483533
485938
488580
490090
490190
493713
503202
508093
508101
511747
514044
514562
515368
517918
518488
520041
520727
523273
526900
528415
529543
531053
531831
532366
533279
534548
535711
540994
543869
545785
546948
547162
548075
549705
552824
554667
556559
556852
563600
567971
578301
578876
579429
583460
585153
596217
597545
600388
601544
602580
602814
607784
608651
608770
609082
612824
614102
616689
622371
622396
624483
624891
634535
648052
651586
657257
658355
666512
670255
674245
696916
711135
718449
724769
725594
731930
739860
751640
757634
764186
767608
774150
777174
779524
790432
795480
806452
827684
828186
831640
838190
869078
869865
872971
883094
886926
889264
889462
891917
896272
896576
899503
903640
904975
907465
908239
908561
910386
911192
913528
915181
916607
922347
933793
948522
948719
949334
950781
953681
953733
957231
957469
958406
959654
963215
963608
964536
970623
971992
972506
979705
980992
984204
989289
994299
995068
999796
1000572
1009010
1010143
1013535
1020474
1027704
1038069
1040260
1040923
1043083
1044805
1048509
1052000
1053632
1056623
1061106
1061317
1061637
1062852
1063364
1070388
1071032
1078872
1079799
1089040
1095891
1098325
1099359
1100398
1101214
1103450
1108114
1114355
1115520
1120667
1124356
1133574
1155422
1163691
1166865
1167207
1168320
1168767
1171591
1171818
1172787
1178332
1180756
1187832
1191759
1198352
1200584
1200983
1204127
1213768
1214331
1218083
1218881
1221464
1227145
1229524
1232575
1236675
1236840
1237795
1237802
1238912
1239141
1239872
1241825
1243105
