106845
111595
121517
132328
133014
140287
144223
149358
165583
170455
174204
179122
179354
201078
207999
208650
211249
211726
217576
227535
232716
235302
253342
261750
274448
274812
284434
285727
289972
290387
290527
296939
300092
318712
320493
321596
324387
325063
332928
335322
336148
336239
339692
345926
347996
350405
351983
355592
355952
357076
361274
366496
371614
376811
382617
383671
386564
392166
395217
397222
402592
402629
408499
409730
416067
429282
431711
435267
439351
440651
446165
446518
446868
448223
449227
460608
462236
474380
480106
499204
504536
516692
522578
527508
528623
535711
536284
537265
542549
553406
558155
565979
567520
579243
584815
586731
592916
593807
613217
615790
616647
618484
647384
671395
678109
715583
721809
729149
735241
747911
796188
818420
821419
831250
832438
834995
849340
869320
871644
872909
878915
882282
882992
884298
886056
898615
930557
936719
939722
947351
949370
950056
953914
958288
961289
961337
964541
1023000
1030922
1031803
1035736
1039816
1044697
1055005
1058940
1063103
1066878
1067387
1074543
1075171
1076700
1089611
1089632
1100106
1106348
1110165
1111293
1123466
1155422
1158650
1165766
1168827
1170991
1174792
1192624
1204460
1205694
1220333
1226252
1236629
1237467
1240239
1241990
