100194
100351
100942
101532
101687
101763
102375
106500
107030
108294
108938
109054
109572
109730
110899
111939
112044
112570
113109
113487
114666
116517
116566
116969
118478
118554
118606
120248
120331
121147
121672
121730
122918
123517
123777
124069
124464
124681
125664
126875
127760
127790
128083
128568
128703
129151
130366
130464
131403
132014
132253
132519
132936
133070
133892
134146
137677
140093
140167
140234
140387
141207
141601
141636
141778
146208
146720
147410
148775
148963
149318
149601
149886
149963
150221
151126
151702
151806
152992
153534
153848
154386
156634
157011
157663
157893
158554
160153
160378
162585
162754
163869
164231
164308
165402
168285
170515
171664
171795
172406
173319
173410
175168
176750
176862
178829
179416
180230
183398
184920
185297
187833
188482
188982
189769
190168
191681
191747
191857
195197
195200
199673
199911
200047
200355
200391
200898
202409
202754
204328
204400
205109
206123
207233
208231
209608
210653
210939
211672
214517
215374
215849
218431
219803
219957
221843
223774
224646
226985
227628
227677
232696
233174
234320
235297
237023
237374
238365
238743
240479
241017
242143
244827
245887
247822
247885
248962
249934
250456
250535
251002
251114
252444
252704
253781
254395
254813
256503
259132
262161
262440
262442
264004
264151
264172
264832
266265
266879
266994
267391
267956
268854
269603
270220
273229
273864
274894
275025
276151
276634
277744
278275
278811
279756
281555
281988
284600
285430
286161
286890
286903
288098
288685
291564
291986
294115
294943
294965
296219
296343
296832
297442
301402
302709
303213
305242
305678
306257
308063
308334
308467
308992
309153
309445
310528
310702
312163
314138
315897
316303
316368
316981
317571
320242
321030
321120
321172
321909
322387
323540
327358
328019
329014
329819
329867
330069
332635
333674
333809
335918
337538
337743
338042
338288
339428
339445
339456
341866
341989
343805
344157
345369
345624
346289
350143
350354
350390
351040
352108
352928
353509
355050
356945
357620
358760
359007
360626
361488
361977
363093
364137
366033
366593
368080
368561
369654
371498
371519
372709
372751
373747
374205
375104
375986
376173
376277
379043
380054
380551
380881
381774
382500
383294
386709
387857
389609
389709
391197
391277
392706
392990
393703
394026
396088
397272
397295
401082
403445
403759
404347
411438
412252
416555
416890
417444
417976
419062
420269
420751
421137
421909
422197
422670
424597
425686
425954
426430
427096
427250
428202
428345
429537
430438
432898
434667
435733
436127
437007
438114
441344
442113
443015
444052
445207
446438
446878
447143
447204
447321
448590
448792
449358
450548
450658
452331
452588
453193
453834
454155
454219
454794
455425
457692
458921
459432
460228
460243
460889
460915
463457
463507
463969
464331
464842
465158
465308
465771
467113
467407
468467
468837
469298
470042
470271
470752
471529
474850
475440
476566
476652
477436
477520
478556
478639
481424
482512
482740
483002
483533
485101
485938
489993
490190
490858
491179
493713
495409
495625
499712
500694
503202
505071
506019
506632
507844
508093
508101
508797
509527
510060
511024
511747
511792
512483
514044
514513
515368
515778
516402
517711
518762
519137
519261
519362
519452
520041
520531
521885
523273
523480
523515
524165
524542
524668
525815
526399
526488
526900
527838
528415
529037
530133
530327
531053
531831
532306
532337
533279
535249
535929
537573
538133
539813
540994
543323
543558
545598
545865
545984
548075
549049
549705
549950
550117
550227
550372
552846
553478
554667
556062
556301
556852
557170
557270
564071
565546
566339
566360
566531
567971
571960
572483
573223
574634
574941
575459
577925
578301
579429
580123
580153
583460
585153
585186
594535
595077
596217
597071
597545
598520
599279
599725
600388
600449
600705
601544
602247
602649
604276
606450
607784
608228
608651
609497
611673
612824
613237
614102
615217
616425
616689
617055
622371
622396
622410
624033
624891
625091
626547
634535
651586
652268
654955
657257
658355
666512
668785
673938
682209
697448
700437
705461
711135
711253
715341
715453
717621
719763
721265
721306
724769
725594
731154
731930
735292
735711
739860
740325
746930
751640
755525
761107
761912
763292
764703
771711
773493
774150
776007
779524
779784
780709
790583
794611
794690
801016
806452
811849
817773
818643
819320
824247
827637
831640
837831
838190
843577
845834
847660
847693
863109
863705
864534
867332
868830
869865
872009
873567
874415
875023
876768
878063
880018
880837
881662
882335
883094
884582
886926
889264
889462
890216
890276
891917
896272
896406
896576
897112
899176
899949
901658
903493
903506
903640
904975
906775
907465
907616
908239
908561
910386
910611
911318
912261
912398
913528
915181
916607
922347
936316
939408
940391
943941
944871
947721
948719
948861
950781
953681
953733
953767
956307
956341
957469
958406
959463
959654
963215
963615
964536
965265
965726
971992
972506
973330
973987
976245
981371
983313
984204
985584
986779
989289
991727
992661
994299
995068
995709
995860
996264
997163
999796
1007975
1009010
1012481
1013519
1014685
1015959
1021208
1025017
1025962
1027704
1030140
1033300
1036197
1037084
1040260
1044805
1046906
1047587
1048334
1048509
1049835
1052000
1053632
1054186
1054285
1056623
1056892
1059172
1059459
1061637
1062852
1063037
1063364
1064103
1066192
1066548
1075341
1076586
1080244
1082751
1083883
1085199
1089040
1095891
1097825
1098325
1100398
1101214
1102756
1103434
1107311
1110178
1114355
1115067
1115520
1119605
1120667
1121072
1121384
1124356
1133574
1151020
1155827
1159268
1160717
1160772
1163691
1164639
1166138
1166148
1166865
1167207
1168320
1168767
1171591
1172049
1172787
1172856
1178332
1178337
1179385
1180756
1183011
1185071
1187832
1189420
1195916
1196633
1196711
1197850
1198352
1199905
1200983
1202592
1202978
1203541
1204127
1204414
1205586
1205666
1206265
1211165
1211406
1213768
1214331
1214477
1214762
1216244
1218594
1218881
1221464
1225976
1226863
1227145
1228789
1232575
1236675
1236840
1237802
1238217
1241616
1242252
1243105
1244683
1245402
