100942
117934
120331
121730
124464
128083
132014
140121
149601
150393
151702
155211
173319
175030
179210
201396
202754
207233
213211
223769
224646
227452
238407
238881
240479
250535
257024
264004
266879
272307
288098
294965
320242
321030
327351
335616
339524
350887
366154
366593
369391
371519
372779
439115
443015
454155
458692
466468
467113
469008
477056
477616
478556
482740
486113
503865
514478
526488
539813
543323
554199
565546
567200
571913
577925
601900
603359
604625
606450
656898
680679
770844
784400
832957
836821
880837
882335
948861
955150
1022283
1063103
1077172
1152325
1202978
1220333
1235378
1236011
