111901
132873
135537
147839
148673
149358
175030
179122
180587
186567
189203
205440
225099
232158
248830
271363
285334
285727
312694
329954
342631
348456
352503
355952
360516
366154
371266
373276
399636
405080
411041
411179
414778
438350
439351
443448
456150
458452
486768
494474
510354
512934
514356
518888
527508
537265
540322
555991
562023
567840
576281
579243
590436
599293
603359
639169
689705
690889
727518
734827
756427
771574
821181
837578
867045
872971
889372
921280
924660
939722
945698
956686
969405
973642
982864
996122
1025779
1044697
1049623
1063103
1064451
1071032
1073556
1081866
1091381
1105731
1107167
1121044
1158650
1162713
1166438
1166717
1170139
1170319
1170991
1174346
1211526
1214469
1218070
1220333
1220893
1224499
1236011
1241990
