100139
100194
100202
100212
100942
101105
101318
102662
102917
103566
103585
103922
105193
105351
105377
105649
105707
105758
105839
105892
106150
106203
106319
106982
107030
107936
108063
108294
108765
108805
108875
108938
109054
109302
109363
109538
109551
109572
109730
110168
110297
110899
111061
111432
112041
112633
113036
113487
113494
113566
113699
113725
113797
113875
114202
114666
114817
115907
116290
116388
116736
117321
117667
117850
117912
117921
118229
118364
118414
118478
120259
120286
120331
120461
121128
121408
121437
121730
121892
122824
123294
123777
124681
124990
125615
125798
125815
126035
126217
126426
126432
126691
126972
127136
127319
127376
127760
127790
128090
128265
128975
129105
129151
129556
129748
130019
130555
130700
130935
131034
131554
131834
132014
132036
132260
132640
132739
133070
133113
133767
133892
133917
134055
134917
135335
136067
136649
136654
136832
137165
137464
138296
138325
138696
138701
138923
139002
139568
140168
140183
140387
140439
140578
141207
141332
141642
141964
142157
142309
143378
145215
145478
145491
145550
145614
145804
145827
146032
146175
146208
146314
147287
147391
147410
147432
148040
148440
149020
149356
149579
149838
149886
149963
150393
150923
151510
151826
152266
152797
152918
153490
153534
153899
153900
154004
154132
154248
154647
154897
154953
155650
155907
156096
156366
156490
156634
156644
156655
157047
158032
158394
158554
158639
159082
159183
159205
159219
159662
159748
160378
161206
161394
161425
162167
162806
163661
163934
164308
164313
164593
164904
165072
165076
165229
165402
165496
165609
166603
166799
167298
168983
170673
170804
171002
171103
171614
171799
171975
172406
172679
172838
172938
173095
173174
173319
174131
174447
174525
174617
175222
175370
175866
176003
176187
176264
176469
176750
176862
177556
177693
177933
177959
178754
179325
179416
179586
179724
180111
180475
180625
180808
180990
181027
181495
181642
181686
182297
183398
183417
183834
184045
184211
184660
184841
184950
185126
185699
185798
186079
186505
186748
187495
187833
188040
188531
188537
188558
188588
189010
189043
189906
191307
191472
191925
192277
192516
192624
192911
193406
193469
193807
193986
194335
194430
194762
194904
195197
195200
195246
195864
196012
198355
198443
198805
199673
199984
200082
200416
200513
200525
200564
200726
200898
201127
201253
201921
202124
202425
202507
202691
202754
202856
203067
203080
203373
203487
203556
203590
203780
204046
204181
204301
204764
204804
204886
205350
205472
205654
206111
206416
207105
207309
207749
208744
209659
209677
209786
210261
210653
211046
211671
212029
212031
214303
214361
214517
214828
216503
216618
216710
217160
217297
218025
218865
219957
220023
220439
221236
221359
221900
222204
222634
223293
224478
224522
225166
225255
225582
225621
226924
226927
226985
227151
227509
227626
227925
228477
228538
228856
229363
229546
229711
230094
230440
232029
232542
232696
233553
234186
234800
235297
235381
235527
235596
236862
237181
237303
237374
237437
237920
238481
238743
238881
239412
239503
239835
239999
240151
240562
241017
241473
241593
241897
242195
242201
242569
242618
242901
243983
244024
244827
245076
245141
245247
245440
246558
246715
247066
247304
247468
247514
247732
248530
248881
249608
250153
250204
250400
250456
251002
251114
251385
251477
252901
252947
253367
253749
254029
254316
254813
255031
255198
256229
256259
256540
256742
257484
257663
257995
258382
258440
258609
259132
259143
259561
259705
259756
260244
260525
260856
261727
262086
262924
263805
263913
263941
264151
265085
265108
265595
266265
266648
266657
266879
267322
267391
267648
267775
267956
269991
270220
270927
271256
271265
271346
271452
271489
272549
273267
273864
273947
274400
274685
274742
274836
274953
274971
275025
275156
275401
275443
275462
275763
276151
276600
276634
276711
276857
277301
277935
278491
278677
278763
278908
279218
279345
279693
279773
279810
280433
280613
280693
280868
281256
281283
282261
283533
284050
284980
285090
285285
285365
285662
285995
286315
286321
286753
287308
287490
287668
288502
288517
288714
288795
289241
289307
289550
289773
289839
290089
290249
290411
290431
290616
291022
291218
291564
291806
291899
292347
292888
292921
293451
293601
293602
293702
293965
293992
294109
294115
294116
294156
294576
295124
295730
295823
296137
296181
296219
296286
296343
296604
296684
297467
298450
298742
299083
299248
299397
299446
299714
299730
300175
301084
301301
301402
302471
302580
302709
302962
303309
303422
303546
303808
304157
304346
304353
304549
305264
305419
305678
306257
306583
306607
307039
307158
307299
307363
307577
308992
309153
309886
310155
310170
310363
310581
310615
310914
311409
311654
312801
312825
312947
313327
313423
313537
313887
314126
314138
314647
314666
314813
315284
315575
316138
317644
317710
317812
317980
318300
318322
318339
318495
319322
319859
320943
321135
321442
322207
322387
322413
323051
323558
323690
323804
323859
324352
324673
325309
325831
326190
326404
326897
326935
327605
327681
327975
328019
328876
329649
329769
330072
330084
330312
330450
331203
331247
331511
332133
332348
332665
332850
332924
333423
333729
333899
333924
334185
334233
334431
334775
334919
335335
335440
335544
335737
335797
335918
336318
336514
336730
336831
336968
337132
337592
337848
338268
338947
339048
339428
340068
340126
340187
340229
340253
340999
341101
341270
341341
341360
341866
342219
342524
342546
343018
343539
343805
344106
345301
345624
346186
346245
346289
346333
346493
347067
347476
347496
347516
347542
347942
348255
348261
348948
348977
349380
349466
349622
349648
350143
350390
350923
350965
350969
351013
351078
351455
351613
351686
351763
352108
352255
352366
352980
353221
354575
354798
355838
356945
357025
358249
358331
358557
358760
359002
359007
359077
360024
361090
361281
361292
361488
362426
362814
363005
363692
363733
364137
364641
365043
365174
365792
365986
365989
366535
366567
366974
366982
367291
367609
368080
368517
369391
369618
369652
369654
369660
369769
370411
370455
371498
371866
372572
372863
373268
373616
374383
374467
374468
374485
374708
375108
375155
375387
375542
375618
376036
376043
376431
376854
377424
378116
378436
378542
378650
378965
379139
379272
379349
380131
380150
380551
380881
380944
381294
381685
381774
381797
381808
382675
383170
383294
383508
383585
383619
383984
384386
385271
385630
387239
387373
387459
387660
387862
388427
388801
389767
389821
390199
390343
390487
390726
390781
391139
391285
392833
393462
393650
393661
393980
394026
394148
395546
396469
396506
396642
396831
397187
397272
397289
397295
397621
398341
398410
398960
399352
399691
400662
400788
400880
401087
403177
403196
403445
404018
404157
404406
404857
404903
405239
405594
405901
406484
406595
407030
407250
408382
408472
408547
408799
409846
410397
410425
410741
411058
411679
411787
411843
412068
412127
412209
412833
413192
413530
413547
413937
413973
414193
414465
414738
414758
415088
415331
415765
416219
416537
416581
416623
416657
416959
417954
418551
418815
419062
419307
420839
421137
421796
421909
422118
422261
422458
422790
422807
422901
423611
424321
424345
424458
424567
424597
425149
425409
425522
425686
425951
426430
426476
427062
427096
427182
427464
427737
427779
428513
428547
428720
428820
428875
429035
429163
429627
429748
429767
430129
430319
431547
432256
432704
432729
433003
433081
433622
434088
434342
434444
435521
435733
436127
436333
436895
437343
437383
437840
437974
438131
438169
438182
438410
438646
439171
439252
439261
440771
440924
441095
441803
442103
442178
443117
444052
444055
444678
445147
445207
445370
445614
446043
446169
446397
446878
446979
447013
447321
447331
448040
449087
449236
449584
449596
449743
449890
450548
451156
451487
451669
452286
452425
453037
453193
453834
454083
454299
454477
454478
454642
454794
454905
455312
456059
456219
456728
456892
457599
457930
458121
458921
459345
460089
460099
460228
460523
460550
460711
460754
460810
461002
461427
461551
461699
461875
462014
462819
463488
463491
463507
463510
463550
463813
463969
464331
464482
464662
464687
464835
464842
465004
465145
465285
465567
465877
466406
466582
466609
466862
467407
467469
467594
467755
468383
468396
468426
468493
468745
468749
468789
469049
469770
469829
470042
470144
470169
470752
471406
471775
471785
472476
473077
473446
473693
473727
473831
474174
474673
474699
474850
475252
475420
475601
475803
476509
476652
477692
477807
477935
478155
478470
478484
478744
479256
479474
479735
479797
479899
480366
480373
480524
480562
480899
481388
482021
482649
482684
482729
482827
483402
483533
483545
484315
484493
484505
484507
485052
486075
486268
486791
487104
487173
487176
487374
487798
488525
488635
489055
489485
489543
489631
490024
490190
490823
490919
491689
491767
492336
492368
492488
492936
493372
493553
493984
495441
495507
496123
496369
496860
497169
497223
498199
498303
498326
498489
498524
498529
499230
499712
499732
500586
500652
500908
502749
503202
503775
504538
504878
505184
505641
505859
506588
506632
506821
507197
507704
507729
507889
507976
508075
508101
508618
508803
510060
510635
510658
510669
510875
511024
513144
513469
513782
513862
514324
514478
514649
515060
515329
515602
515778
515788
516231
516505
516890
517196
517260
517402
517641
517741
518130
518166
518226
518398
518759
518808
518843
518911
519137
519261
519454
519469
519472
519499
520041
520059
520357
521191
521549
522871
522905
523011
523212
523346
523465
523687
523822
523975
524177
524662
524775
524910
525202
525249
525672
525815
526027
526700
526873
526900
526976
526985
527669
527677
527983
528008
528917
529466
529602
529736
529864
530327
530433
531554
531587
532306
532364
532620
533162
533587
534156
534265
535454
535895
535929
536334
536990
537237
537710
538133
538623
539054
539695
539760
539813
540071
540247
540458
540798
541016
541029
541193
541273
542277
542552
543323
543423
543430
544881
545598
545604
545671
545672
545865
545869
546140
546314
546857
546875
546986
547328
547335
547712
547747
547968
548439
548480
548669
548715
548830
549005
549038
549403
549759
550149
550372
550799
550893
551892
552027
552261
552555
552778
552824
552846
552904
552972
553463
554673
556062
556301
557025
557111
557131
557390
557417
557428
557602
557871
558424
558646
558685
558934
559766
560139
560369
560373
560559
560724
560864
561615
561915
561920
562015
562434
563064
563386
563600
563799
563868
563904
564071
565022
565138
565546
565827
566430
567321
568132
568646
568931
569119
569912
570223
571913
572292
572850
573413
573766
573823
574109
574409
574626
574920
574979
574988
575287
575459
575625
576327
576380
576692
576867
576975
578038
578301
578644
578715
578880
580256
580277
580384
580695
580773
581633
581869
583711
583933
584126
584447
584660
585456
585712
586110
586233
588320
588437
588965
589303
589952
590250
590488
592024
592345
592421
592510
592631
593447
593648
594027
594239
594535
594866
594927
595037
595081
596052
597177
597545
597681
598439
598989
599279
599480
599647
599725
600025
600388
600449
600607
601324
601588
601640
601900
602580
602814
602997
604365
604451
605153
605207
605261
605523
605525
605763
605939
606290
606450
607034
607089
607653
607789
608210
608228
608352
608425
608653
608658
608890
608982
609070
609104
609205
609958
610441
612288
612525
612824
612925
613206
613642
614286
615119
615217
615572
615661
616081
616355
616591
616689
616924
618439
618550
619240
619257
619303
619745
620425
621707
621743
622063
622081
622174
622396
622579
622610
623406
624160
624879
625091
625100
625131
625643
625753
625958
626163
626865
627589
627641
628778
634258
634606
635336
637618
641006
642745
644588
645421
645896
650857
651351
652546
653292
655024
660622
662776
665704
666223
666438
667186
668634
668724
668785
673938
674334
674374
678103
679237
679482
680679
680791
681522
684214
684785
685675
685984
688065
688601
688836
688849
693691
694314
695024
696371
696497
697089
697903
704970
705142
705461
707139
709065
711978
712438
712533
714679
714833
714926
715147
715313
716095
717413
717621
717935
718985
719763
721420
722327
723355
723407
723615
723771
724236
724769
725674
727526
731154
732484
733681
734723
735631
735711
736012
736583
737017
738694
739388
739852
739860
740249
740276
740547
740629
740635
741223
741466
741468
742006
742338
742796
743017
743771
744146
750492
750685
751640
752577
752972
753354
753443
753808
754291
754357
756209
756895
756981
757634
757740
758478
758594
758771
758846
759360
759495
759580
759650
760146
761035
761277
764099
764487
764703
765780
765847
767252
767723
768034
769443
770369
770709
772694
773493
775561
777643
778017
778466
778982
779663
783849
784065
784400
786504
787610
789882
791661
794248
794535
794611
794978
797275
797671
798831
798943
800362
801580
804528
804991
805041
805459
806299
806515
807149
807205
808622
808909
810001
810351
810796
812055
812773
815100
815145
815181
817595
819320
819455
819522
821688
823956
824567
826258
827072
827281
827344
827637
827712
827818
830201
830534
830560
831848
833102
834878
835363
835783
836821
836943
837740
838190
838612
838634
838788
839184
839442
839992
840055
840115
840183
840539
842118
842170
842314
844055
844497
844499
847660
847693
848278
863993
864036
864748
866215
867539
867784
867960
868477
868635
868830
868995
869888
870442
871335
871654
871822
871913
872220
873063
873625
873976
874128
874653
875023
875200
875750
875771
875980
877676
878293
879068
879166
879335
879619
880018
881021
881409
881538
881754
881847
883001
883667
884807
885724
887624
888184
888684
888764
889531
891209
892846
892868
893091
893132
894344
895221
895429
896292
896583
897112
897154
897404
898005
899061
899638
899788
899949
900910
901480
901879
902666
903506
904707
904772
904975
905098
905354
905482
906279
906631
907616
908504
908667
908865
909186
909961
910386
910611
911353
911475
911614
912349
912460
913649
913869
914699
915084
915275
915587
915967
916245
916801
917473
917561
917858
919511
919805
922543
923982
924214
924447
926125
927319
928252
928890
928984
929195
929431
930308
930957
933151
934189
934452
934931
937009
937249
937357
937616
940319
940354
940391
940576
942083
942775
942840
945336
947310
950274
950583
950589
950781
950885
952141
952954
953681
953733
954060
954244
954307
955102
955120
956307
956341
956380
956967
957469
958606
958732
959369
961053
961599
961949
963258
963615
964386
964915
965265
965727
965732
966233
966445
967612
968004
969925
970198
970916
970923
971407
971894
972461
972883
973272
973633
973977
973987
975489
975853
977136
977552
977658
978112
978552
978729
982129
983244
983313
983480
984050
985407
985590
986037
986736
986779
987100
987563
987604
987770
988692
989025
989745
990121
990394
991052
993289
994488
994504
995068
995076
995513
995739
995860
996203
997960
998202
998627
998827
998909
999653
999694
999728
999796
999810
999970
1000503
1000572
1001193
1001355
1001366
1001750
1002551
1003141
1004943
1005793
1006506
1006578
1006960
1009849
1010323
1010411
1012154
1012882
1014685
1014769
1016687
1016700
1016887
1017619
1017704
1018051
1018350
1018363
1018517
1019250
1019603
1019957
1020231
1021894
1022159
1022678
1023595
1025362
1026225
1027135
1027704
1027715
1027719
1027971
1028263
1028864
1028886
1029318
1029577
1029987
1030140
1030310
1030693
1030971
1031512
1031787
1031992
1032078
1033300
1033381
1034684
1034783
1035211
1035316
1035438
1035440
1035449
1036212
1036452
1036553
1036736
1037190
1037370
1037482
1038238
1038880
1038955
1039954
1041694
1042524
1043083
1043423
1043765
1045030
1045120
1045493
1046472
1046906
1047587
1047905
1048509
1048927
1052000
1052083
1052397
1053169
1055889
1056623
1056787
1056892
1057209
1057525
1057667
1058036
1058087
1058591
1058749
1059122
1059922
1060427
1060821
1061200
1061637
1061717
1062967
1064162
1065311
1065428
1066110
1066192
1066598
1067245
1067318
1068521
1068889
1070303
1070388
1070544
1071138
1071778
1072004
1073553
1073589
1073949
1073996
1074210
1074594
1074747
1075172
1075341
1075774
1076897
1077034
1077642
1077899
1078414
1080352
1080645
1080821
1081376
1084345
1085353
1087070
1087105
1088226
1088642
1089040
1089409
1090057
1090134
1090258
1090719
1091025
1092292
1092704
1093208
1094496
1094565
1094705
1095891
1096278
1096362
1096487
1097340
1097486
1097773
1097861
1097881
1098325
1098455
1099079
1099359
1099487
1099695
1101032
1101214
1101767
1102876
1102967
1103089
1104772
1105168
1105362
1105448
1105519
1106081
1106260
1106530
1106966
1107101
1107772
1108254
1108363
1108747
1109049
1109720
1110685
1110941
1111244
1111303
1111590
1112423
1112698
1113308
1113352
1113819
1113856
1115939
1116587
1120736
1120799
1121072
1121384
1121597
1124305
1124356
1131965
1133555
1134243
1138368
1139357
1149164
1149541
1150453
1150694
1151012
1151020
1152111
1152207
1153136
1154091
1154661
1154945
1155017
1155363
1157017
1157537
1157557
1158216
1158518
1158986
1159082
1159100
1159132
1160216
1160717
1160893
1161081
1162167
1162193
1162691
1163145
1163442
1163683
1163690
1163691
1163746
1164616
1164639
1164916
1165951
1166747
1167207
1167617
1167880
1168259
1168550
1168767
1169656
1170295
1170775
1171502
1171591
1172145
1172498
1172744
1172823
1174484
1175527
1176297
1176435
1176543
1176570
1176668
1176702
1177137
1177744
1177828
1178539
1179385
1179555
1179640
1180278
1180978
1181201
1181655
1181716
1182225
1183011
1184199
1185189
1186493
1189254
1189897
1189972
1190400
1191051
1191484
1191737
1191758
1192334
1193422
1196398
1196711
1197029
1197263
1197850
1198341
1198352
1198788
1198815
1199905
1199933
1200229
1200272
1201735
1201800
1202978
1203072
1203695
1204382
1204480
1204918
1205586
1206265
1206635
1208003
1208170
1208918
1209254
1209542
1210145
1210646
1210893
1211054
1211308
1212318
1212485
1213074
1213312
1213517
1214748
1215775
1216164
1216244
1216535
1216554
1216816
1217691
1217828
1218049
1218083
1219326
1220033
1220840
1221189
1221464
1221561
1221676
1222254
1224008
1224030
1225265
1225976
1226038
1226719
1227145
1227224
1228184
1229161
1230877
1231267
1231467
1231887
1232001
1232187
1232316
1233472
1233983
1234579
1234881
1235206
1235378
1235578
1235638
1235962
1236516
1236675
1236845
1237165
1237661
1237802
1238124
1238217
1238615
1239050
1239422
1239591
1240460
1240554
1240703
1240791
1240903
1240909
1241312
1241616
1241765
1241918
1242789
1244683
1244961
1245438
1246383
1246482
1246576
