100194
101185
102375
105351
107030
108938
109054
109302
110899
111175
111287
112044
114666
115521
116969
118478
118750
125407
127790
129289
130891
131034
133892
135083
135889
137871
147410
147896
148440
149963
150432
160791
160892
164901
165402
170884
173095
174942
175168
176862
183119
186455
187060
187833
197571
197985
199656
199673
199984
203707
204037
206779
208708
209033
211044
211854
212898
215571
216503
221739
234017
235297
238316
241388
244198
244659
248818
249418
250019
251002
253050
257771
258038
265487
266265
267391
270220
271036
271240
272880
275978
277935
278415
279261
280575
283164
283278
285219
285727
288685
289246
289284
290089
291564
292035
293851
295397
301402
303230
304012
309153
312256
314647
314666
314813
315727
317641
317806
320493
323636
325265
327681
330205
332788
333036
333674
335124
342442
344425
344568
345301
349537
353707
355952
362251
366803
367523
369285
374383
376762
378563
379043
379581
381830
387862
394323
397384
401551
402518
403297
403445
404152
405626
407237
414465
421137
422146
427096
427464
431547
432921
438486
439034
442907
443466
444598
445522
445663
446169
448040
450575
453193
457818
460608
461107
462727
463018
464331
468686
474027
474238
474673
483161
483533
490190
493937
495425
499402
499519
500216
503202
508101
508803
513054
515368
518398
519872
521340
523545
526900
527669
527748
529543
532366
533108
535603
539695
540144
541193
541698
544206
547214
548105
548830
551892
552295
554667
554673
556852
562595
566352
567971
570365
571624
596160
596217
600388
602580
607593
611419
612525
612824
616225
616689
622371
622758
634638
651048
655735
703448
710572
714379
715919
718506
736844
739860
751640
755860
757634
762864
775182
778695
781956
825190
828469
836786
838190
849181
849508
850013
869865
870253
875750
876894
878237
882421
889372
890147
891917
895808
896576
899503
901480
904975
907465
907875
907965
910238
910386
911227
911241
915181
919805
923737
942111
948847
949127
949334
950781
953668
957469
958444
963258
963303
964536
970923
975080
978181
978488
979705
987275
988692
994488
995674
997960
998545
1017993
1020231
1032905
1039954
1041984
1042827
1044697
1048433
1053208
1056623
1056766
1058591
1060821
1061637
1064750
1064854
1070005
1071032
1074510
1078269
1084345
1086750
1095891
1098390
1102269
1103089
1108114
1108657
1115520
1133574
1159966
1160121
1160852
1163691
1167207
1167617
1168767
1171265
1171591
1175608
1180366
1180587
1183190
1186111
1188682
1191682
1191759
1193992
1199933
1213768
1229524
1236675
1237605
1237795
1237802
1243288
