100194
100351
100942
105649
105919
106150
107030
107811
107844
108228
108805
108938
109054
109279
109498
109730
111958
112041
112979
113125
113838
113875
113960
114666
114995
116290
116566
116969
118234
118606
120461
121128
121408
121814
122994
123035
123294
123777
125915
126217
126651
127760
127790
128090
128645
129686
130053
130300
130996
131514
131516
131572
132046
132505
132936
133707
133917
134545
135825
137464
137677
138389
138663
138707
139038
140465
140566
140578
141332
141642
143668
143826
144417
144512
144626
145215
145566
146208
146314
147410
147432
148440
149421
149579
149963
150337
152992
154084
154248
154715
154897
155063
156096
156634
157047
157112
157246
159250
159431
161010
161425
161674
162884
163776
164231
165402
165785
167428
168735
171002
171103
171222
171396
172406
173319
174212
175080
175869
176750
177693
178285
179988
180223
180952
182535
184049
184726
184838
186738
186974
187495
187833
188588
188766
189283
190062
191307
191747
192516
192562
192624
193469
195197
195241
195864
197297
197627
197752
197778
198443
199673
199911
199984
200366
201113
201699
201921
201941
204037
204301
204504
205109
206093
206155
207120
209988
212139
212413
213211
213487
214182
215267
217076
217297
217726
219147
220023
223220
225811
227509
228538
228856
229452
230138
233072
233415
234320
234859
235297
238581
238881
239503
239835
241393
244198
244827
245144
246348
247287
248072
248676
248801
248962
250050
250069
250204
251002
251719
251930
252326
252547
255972
256697
257373
257832
258025
258382
258523
258784
259132
259381
259907
261384
263583
263805
263913
265244
266263
266414
266889
267198
267737
267956
269906
270220
270378
271256
271497
272301
276634
276679
276711
277301
277876
278491
280693
280868
280880
281256
281988
282068
282393
282533
283533
285732
286228
286315
286391
287608
288976
289822
291553
293965
294115
295906
296038
296343
296815
297113
297139
297953
298214
298450
299627
300473
300745
301157
302709
302965
302991
302998
303309
303422
304298
304710
305419
306257
306583
307039
307874
308073
308992
309021
309153
310030
310581
312774
312856
312870
313143
313514
313887
313976
314234
314647
315746
316303
318300
319114
319299
319484
320498
322387
322615
326483
326764
327313
327482
329014
331273
331420
332432
332651
332850
333054
333793
333899
334058
334388
334438
334919
335643
336247
337215
337665
338042
339048
339378
339511
339524
339606
339905
340253
340456
341270
343312
343816
344106
344630
346289
347476
347545
348255
348948
349035
349537
350054
351013
351249
352980
354730
355402
355848
357250
358331
359007
359121
361281
362989
363733
364850
365510
365613
365690
366974
367391
367948
369474
371485
372225
373369
374383
374708
375104
375338
377785
378183
379021
379139
380881
380944
381774
381797
382117
382719
382851
384386
387459
388097
388497
392099
392200
392706
392937
393396
393559
394148
394811
396506
399087
400041
402221
403445
403759
404152
404670
406546
407628
407955
408175
408799
409352
409846
410425
411452
412468
414193
415122
416219
416396
416890
417692
418124
421070
422261
422497
423721
424321
425062
425954
426406
427250
428202
428816
429530
429748
430868
431265
431743
431807
434135
434197
435281
436386
436986
440725
442803
442885
443105
445207
445261
446878
447143
447204
447321
448590
450524
450775
451129
451364
451623
452331
453193
453834
454013
454219
454400
454907
455312
457778
457820
458121
458746
459070
460228
460754
460889
461515
462014
462819
463253
463278
464208
464331
465364
467764
468426
468837
468961
470752
471256
471775
472493
473831
474098
475855
476228
478470
478530
478556
478658
478898
479256
479396
480136
480638
480899
482699
483161
483533
487336
487374
488638
490190
492670
493464
493984
495018
495441
498512
499303
499532
499566
499712
501269
501883
502006
502688
505859
506632
507933
508075
508397
508618
508840
509218
509835
510635
510669
511024
511792
511998
512440
513762
516496
516505
516711
516827
517260
517499
518226
518482
518843
519452
519469
519847
519885
519887
521183
521191
521340
521999
522646
523766
523822
525118
528271
528601
528757
530327
530944
531053
531554
532306
533279
533708
534904
535047
535413
535916
536214
536398
536990
538133
540247
541029
541470
541689
542084
542277
543430
543563
544950
545865
546706
546857
547017
547635
547665
548830
548999
549038
549728
549759
550893
551098
551892
552846
553151
554673
555013
556062
557398
558424
560139
560369
560697
561915
561920
562031
562434
562667
563868
564592
564686
565366
566217
567128
567280
567971
568132
570365
570636
571913
571960
572030
573223
573259
573766
574988
575459
576694
578038
578301
578507
578639
578640
579539
580829
581688
582842
583933
584107
584471
588675
590478
590632
591109
591171
592510
593447
594027
594535
595139
595248
595399
596052
596213
596217
599725
600449
600607
602580
602997
604451
605207
605523
605844
607267
608425
609205
609497
611059
612288
612824
616225
616689
616924
617645
618667
620290
620532
621048
622174
623950
624033
624366
625943
626122
626163
626337
631244
647884
649714
649715
651048
652979
653292
654552
656858
658129
658850
666223
668785
670457
674245
680791
681522
684785
686238
687466
688065
691556
696493
703679
707139
711515
711980
714679
715341
717621
720385
721265
721306
721420
721553
725674
728393
730007
732056
733175
734723
735292
736264
736979
737370
739860
741466
741468
741769
745419
748914
751640
753583
756073
757192
758350
759286
761471
764843
769479
771232
773493
776007
778698
779241
779524
783978
784957
785031
787610
790583
797398
805158
806597
808622
808909
813844
814206
818077
818839
822937
824083
825189
825224
827281
827754
828186
829768
832235
834080
836821
838190
838634
839184
839435
840183
841409
843255
847660
847693
864719
865871
868999
871314
873063
873363
873625
875200
875222
875601
876693
879040
879099
879335
879803
881662
883667
887722
887891
889564
890276
892510
894384
894527
895682
897154
899788
899949
901075
901879
902587
903640
904975
905482
906886
907465
908210
910334
910386
911071
911227
911353
911475
911887
914699
915245
915275
917021
917561
918367
920326
928890
932389
934354
942898
945174
945318
947256
948892
948905
949568
950781
951912
951920
953088
953511
956341
956935
957469
963258
963615
964386
964899
964998
965907
967165
967384
969958
970021
971894
973330
973691
974145
975853
978552
980431
980801
982129
982902
984988
985590
988587
988692
989360
992218
993844
994004
994488
995076
995709
995860
997029
999796
999970
1000212
1001133
1002608
1004943
1008136
1009010
1012154
1012481
1012941
1014685
1014979
1019250
1025017
1029030
1030911
1032078
1033497
1036212
1038025
1038337
1039714
1039821
1044423
1045120
1046906
1048849
1049064
1053328
1054084
1055018
1055039
1055071
1055191
1055722
1056600
1056623
1056892
1058591
1061200
1061637
1061717
1062170
1063946
1063971
1064162
1064323
1065901
1066548
1066628
1070303
1070388
1071986
1072676
1073228
1073498
1076634
1078646
1080375
1081019
1082751
1083655
1083810
1087105
1089040
1090029
1090134
1093208
1095891
1099487
1099695
1099947
1104744
1105519
1106776
1107311
1107968
1108145
1109301
1109458
1109853
1110685
1113856
1114915
1122527
1122775
1124305
1150667
1158216
1158336
1158419
1160216
1162191
1163690
1163691
1163746
1163823
1166148
1166224
1167617
1168082
1168259
1168293
1168767
1169281
1170752
1171502
1173103
1173969
1174277
1175571
1175858
1176770
1181655
1181978
1183011
1187387
1188174
1188909
1191106
1191955
1192300
1194832
1195732
1198352
1199229
1200229
1201835
1203263
1204127
1204202
1205586
1206265
1207540
1207660
1210332
1210851
1213768
1215110
1215184
1215839
1216244
1216276
1217885
1218664
1219183
1219333
1219843
1221728
1223105
1226719
1229161
1229703
1230877
1231035
1232407
1235206
1236675
1236696
1237605
1237802
1237940
1238385
1238574
1241825
1242175
1243373
1243476
1245019
1245706
1246474
1246482
1246586
1246673
