101687
109730
118554
121147
124069
129151
130366
133070
137677
141636
141778
146208
148775
149358
151806
153534
156634
157011
170515
173410
174578
179988
195200
199911
200391
202409
205109
211672
211752
212139
223774
237374
238743
274894
278811
284600
286903
295084
305678
308992
309445
310528
314228
316368
324352
327358
329014
335918
338042
338862
339428
339445
343805
344157
346289
352928
353299
353700
358338
361281
361488
366033
371498
371575
372709
372751
376173
380689
382617
383055
383294
391197
401082
402629
404347
405080
419062
422670
423459
425686
437007
444052
445207
446165
446878
447143
448792
449975
454083
454219
459432
460228
460915
461997
462697
463969
468467
470271
471529
475440
477413
477520
481424
488325
488731
489886
489993
490858
499712
505071
510060
511024
511792
512483
519452
522260
523515
524165
524542
526524
527838
530133
535249
543558
548780
549038
549392
549950
550117
552846
553478
555991
556062
557170
558639
566360
570060
571960
573519
574941
575459
580123
588525
595077
597071
598520
599279
604276
606579
613237
615217
616425
622410
624033
652268
654955
668785
673938
682209
696120
698237
700038
700437
715453
734827
740325
746930
755525
761912
780709
790583
794611
794690
818643
819320
822437
833255
849398
864313
867332
874415
880018
884582
899176
901658
903506
912261
917021
917858
935434
935817
939408
939722
940391
944871
947721
953767
956307
973987
978032
986779
995709
1025017
1049835
1054186
1056892
1063037
1066878
1067863
1068786
1080244
1085199
1097825
1103434
1110178
1121072
1158336
1160772
1163559
1166138
1166148
1186493
1189420
1195393
1195916
1201555
1202592
1203541
1205586
1205666
1214762
1218594
1225683
1226863
1238217
1244683
1245402
