100403
110164
140908
148178
149358
156305
186567
190598
200059
201704
223769
232475
236787
259005
263990
295911
303130
307920
319251
332928
336868
338862
349914
355952
359239
366154
382617
386287
387220
393927
396903
397222
411179
420925
422630
431767
437363
438350
441335
443448
456150
461655
470683
484511
490250
490873
494127
494628
507155
523421
532366
537265
537653
540322
541311
545785
547596
548152
551714
556676
560425
568382
572243
575027
578537
585615
595004
599293
734827
756427
766612
772088
773468
774114
827055
833255
837378
837578
866455
872971
899392
924203
933793
935817
940381
949140
953867
969956
997771
1020474
1027240
1044697
1048291
1063103
1066878
1067863
1071032
1085992
1106512
1151427
1158650
1158916
1167825
1170848
1170991
1174346
1190251
1192896
1198151
1201555
1206752
1214469
1218070
1220333
1226895
1241388
1244298
