100194
102662
103566
105351
105377
106982
107030
107981
108063
108938
109054
109302
109572
110297
110899
114666
118414
118478
121437
123777
127790
128975
129556
131034
131739
133113
133892
138296
138923
140168
140578
145491
147410
148440
149579
149963
151826
151984
153900
156366
156644
156655
161394
163661
165072
165402
165609
173095
176264
176862
183398
183417
187833
189010
193986
195197
199673
199984
202507
202856
203067
205472
210653
216503
216618
227509
232029
232696
235297
236862
237920
241363
244827
245141
249608
250456
251002
252947
254029
260856
261727
264151
266265
268238
270220
271346
272549
273267
274685
276151
276600
276634
277935
278317
285285
285727
287668
288517
289839
290089
291564
292347
294109
295911
296137
296181
296219
296343
296604
299446
301301
301402
304353
306257
307299
309153
311409
312694
314647
314813
315284
317812
319952
322387
322413
323690
327681
329649
332924
335544
345301
346333
347042
347542
351455
351686
351763
352366
355838
355952
357025
358760
359000
365174
368080
369654
373276
374383
375155
380551
381294
381774
383984
387220
388427
389821
394026
397272
398410
400880
403445
404157
404903
407030
408382
408547
410741
412807
413530
414465
420839
421137
425522
427096
427464
436895
446169
446397
447331
448040
449743
453193
457930
460608
460754
460810
463507
464331
464482
470169
470371
471785
473380
474174
475252
483533
487173
487176
489631
490190
492936
499230
503202
507729
507889
508101
508803
513327
517196
518398
523011
523212
524662
525202
526900
527983
529543
532366
539695
541193
542552
545781
548715
548830
551892
552824
554673
560559
561920
563600
569912
575625
578301
581869
585227
585712
588437
588965
590250
597177
597545
597681
598439
600388
602580
602814
608653
612525
612824
613642
615119
616689
622396
625643
635336
644588
645421
645896
652546
674374
681522
696371
707139
714926
723355
723572
727526
736012
739860
740276
740547
751640
757634
758478
758771
764099
767252
778017
786504
791661
806515
819455
836943
838190
839992
859466
875750
879166
884179
885724
904975
905354
910386
913869
915275
915967
919805
928252
928890
929195
933793
934452
937616
940354
940381
950583
950589
950781
952954
953681
953733
957469
961053
964915
970623
970923
975489
987770
990394
994488
995068
996203
997960
999653
999796
999810
1000572
1003141
1006506
1020231
1025362
1027704
1036780
1037482
1038880
1043083
1043423
1044697
1046472
1048509
1052000
1056623
1058036
1060427
1060821
1061637
1070544
1071032
1074510
1077034
1084345
1089409
1090258
1094565
1095891
1097486
1098325
1099079
1099359
1099695
1099716
1101214
1103089
1104772
1106966
1107772
1112423
1124356
1138368
1155422
1158986
1162193
1163683
1163691
1165951
1167207
1167617
1168550
1168767
1171591
1176297
1178019
1180278
1181201
1181655
1184199
1189196
1190400
1198352
1201735
1204480
1208918
1213074
1218083
1220033
1221464
1227145
1230877
1231467
1235578
1236675
1237802
1239422
1240703
1244298
1246576
