101299
101303
102099
102746
114363
117912
118554
121408
124069
126718
129151
130366
136064
137677
139113
140480
146208
149358
152995
153096
156634
159875
161156
165734
168379
174578
175370
179267
179988
184407
188528
191463
192058
192516
195200
197718
199911
201600
202075
205109
211249
212139
223831
236292
237374
238281
241682
254208
256626
259945
266150
276052
280966
284052
288159
293992
295084
295601
296815
300688
304487
305678
308992
309563
310914
312955
313776
320843
324352
327617
329014
331786
332286
332432
338042
338105
338862
339428
339445
339606
344157
344269
346289
350732
351983
355387
356217
356538
356806
358021
359239
361281
361741
366503
371498
371575
373699
374468
380689
380944
381555
387297
387373
390100
397222
399682
401082
403552
405901
407141
408070
417564
419062
419136
422349
424865
428651
430521
431746
431759
432122
436551
439261
442885
446165
446878
447717
448792
451897
452295
454083
454219
459345
460228
461997
463969
465591
466214
467764
468467
472493
475440
477413
477520
477807
478167
480106
480373
481929
482953
484511
485876
488325
489993
490250
492488
492650
494963
501079
509218
509386
510060
510225
510973
511792
512483
516100
524978
525889
527838
532233
535249
535454
540517
543430
543558
544950
545944
546628
548446
549038
549659
552846
555631
555991
556062
562198
563904
564612
568454
568769
569268
571960
575459
579243
584471
584801
589776
593459
595004
597790
599279
600607
603391
604361
615217
621412
621444
624828
638210
653292
697724
711308
715453
724438
734827
738717
746930
753583
755092
773468
793919
794611
794690
807093
818643
819320
822157
827754
829305
833255
844047
864313
866605
867332
871654
872222
874415
876531
880018
881500
881614
881847
888764
912261
918133
919299
933026
949140
955102
956307
964983
967474
972883
976826
986790
988004
992235
992452
995709
997717
1014735
1016570
1039534
1048276
1063037
1066878
1073436
1077855
1079981
1080244
1089611
1089775
1105632
1112722
1121072
1158336
1160772
1164229
1164311
1165427
1166148
1174277
1191727
1201555
1203042
1203541
1205586
1214239
1219628
1226863
1238217
