100680
104756
105649
108228
108294
109075
109765
119521
120086
120286
124681
127960
129710
130184
132519
133917
137685
141845
145215
145257
146032
147287
149083
149886
151025
155913
157246
164231
166154
168953
169447
176750
176761
176911
178285
179122
179416
180230
181607
188482
188588
191747
195808
200059
202227
203819
206416
209276
209598
209872
209988
210628
215374
215849
217468
219957
226617
226924
228458
228634
231629
231893
234768
236344
238481
249703
251365
252547
261715
261752
273864
274953
275401
278491
280855
280880
282068
282341
282934
285090
285334
286161
288714
289707
291899
292531
303130
303696
312415
312870
314138
317586
318300
321153
332348
335224
335938
336247
336868
339057
339456
349914
350390
352108
355661
356945
365006
365367
369206
371266
373929
378436
380881
382117
384542
386287
390199
397295
402831
404614
410175
410921
413973
416657
416890
416959
421256
422630
424597
425424
427150
428273
432898
434667
436321
437424
437974
440971
443706
446535
448590
450548
450623
453725
453834
456150
457077
458921
462236
463030
463711
464842
465004
475180
478530
478609
480524
482512
482580
483211
485828
486375
486647
487798
488638
490737
495306
498303
498824
502556
503579
508399
508797
510875
514476
514697
520071
524668
524910
525646
532620
535838
536971
537265
538133
539572
541689
544498
545865
555398
557270
560425
565442
566531
567321
567395
574409
577470
582842
592123
594535
598952
599725
600407
601640
603632
607833
609497
615725
618127
621358
622333
625091
631244
675569
684214
701121
711253
712021
717621
756427
763292
773493
779222
779784
795345
809144
813114
817773
822185
823514
823924
827637
833102
837378
837578
841409
842170
864534
865378
868830
869696
872365
873360
876768
881068
881662
886537
889830
891167
897112
898398
901985
903493
906775
910611
915947
918855
920841
923982
949568
949677
957568
964386
965265
965732
966593
969405
969956
974102
977946
985441
985590
985710
989745
1003498
1004644
1012481
1022568
1025474
1029987
1031532
1031992
1034893
1041694
1046665
1046906
1048291
1055722
1056600
1058185
1063883
1065137
1071450
1075948
1077089
1084517
1085992
1087105
1102006
1104149
1106512
1108350
1124305
1153974
1158369
1158650
1158916
1160216
1162378
1163901
1164639
1167825
1168652
1170319
1170752
1170991
1172049
1190251
1192624
1196346
1196711
1197850
1198151
1199118
1199522
1206752
1211406
1215708
1219925
1220283
1234862
1241312
