100194
105047
107030
108938
109054
109572
110899
114666
115438
116969
117757
118478
123035
123777
123949
127790
128568
130571
130996
133892
135537
135825
138287
140093
147410
147839
148963
149579
149963
149980
152339
152992
153656
155563
156366
158972
159143
165609
176862
187495
187833
191827
192562
197778
199673
199984
205003
206093
209608
219159
224116
225099
227267
235297
243893
244198
244827
249572
249740
253255
266265
270220
270378
271363
271497
275978
276634
277935
281555
283278
285727
288366
291564
293851
297953
307595
312694
314647
315727
323046
325127
326483
326740
334058
334136
334388
337531
340253
340456
349537
350820
351763
355952
356178
364345
369654
370690
372351
373230
373276
374383
378563
380828
381774
383617
389821
397272
397384
401551
403445
407628
408547
410242
412468
414778
420626
421137
425954
427096
427250
430438
431837
438350
443409
444938
446169
449919
449925
453193
457778
458452
460754
461875
462055
464331
464868
470065
471841
478658
483161
483533
484135
485098
486768
490190
493937
495425
499402
499519
508803
510354
510886
518398
521710
529795
531053
531298
536615
540322
546839
551892
556852
561920
562031
569912
570365
576281
579663
580717
582737
586117
588675
590478
594239
596217
602580
606632
610365
611629
612824
616689
624190
634638
651048
651586
658355
664576
674245
680791
681522
686238
696493
709087
714379
721553
738892
739860
751640
757597
771171
771574
779524
791569
821181
825189
838190
845965
872971
885531
885724
889372
889768
896389
901480
907465
908239
911227
911241
911369
915275
919805
922899
950589
950781
953088
953733
957231
957469
963258
964536
969958
970052
970923
988692
994488
995068
995674
997029
998545
1000572
1005484
1006932
1009010
1009439
1027704
1038016
1039714
1044697
1052000
1055018
1056623
1058591
1061637
1071032
1071508
1086750
1091381
1091993
1095891
1099695
1101214
1101895
1111176
1112194
1124356
1133574
1160121
1163691
1163823
1167207
1167617
1168767
1171591
1171716
1172598
1182176
1189329
1198352
1204097
1213768
1214469
1216276
1229524
1236675
1237545
1237605
1237802
1238732
