100194
100552
102647
103218
103814
103904
106319
107030
109572
109730
110487
110899
111303
114601
114666
115022
116290
116517
116969
117912
118606
119438
119454
119510
119521
120407
121730
123035
123290
123294
123777
124464
125915
126035
126734
126875
127790
129289
132253
132286
132482
133767
133831
133917
134527
137871
138296
140063
140555
140566
141845
142062
142372
143382
144256
144417
145215
146032
146110
146175
147391
147410
149428
149886
149963
150337
156096
156634
159205
161156
161742
162567
163968
164174
164593
171848
172406
173319
173968
174547
176162
176750
177755
179416
179750
180230
181642
181660
181931
183470
186345
186815
187314
187833
188482
188588
188629
189283
189769
190062
190741
191747
191995
192516
193677
194283
194904
196867
197297
197752
197985
198355
201065
201118
201410
202323
204431
204764
205866
206040
206673
207233
209276
211458
213211
214066
215849
219957
222880
223493
223831
225621
225686
226924
227159
227768
233668
234017
234320
235297
238153
238481
238881
239730
241388
241604
244544
245072
246076
247822
248210
249024
249457
250456
251114
251350
253255
255198
257705
258061
259184
260837
261214
261223
262442
263805
265244
265739
266161
267528
267994
269982
270378
270843
271346
272549
273864
274871
274953
275978
276394
276893
278491
280880
281822
281988
282533
285365
286228
286306
286315
286903
288685
288714
288739
289284
289668
290089
290249
290341
291564
291752
292878
293559
294115
294969
295003
295084
296219
297467
299109
300175
301402
302709
302998
303403
303546
303696
305499
305510
305678
306257
306709
308900
308992
309153
309563
309886
310581
312566
312870
313291
314138
314228
314647
316368
316835
317586
318300
319870
320437
321172
323558
324441
324985
329819
330312
331420
332056
332286
332635
333674
333809
333857
334185
334634
335643
338288
338514
338947
339428
339524
339606
339675
339977
340938
342158
347067
347246
347942
349049
349114
349380
352108
353824
354730
354783
355402
355661
355676
355838
356698
358932
361488
364954
366096
366803
368030
368080
369285
369391
369660
371331
371498
371575
375234
375663
375709
380131
380828
380881
382500
383170
383964
385474
386756
387643
389821
391758
392200
392471
392599
393980
394148
396653
396831
398534
398935
400916
403177
403445
403759
404122
404263
404535
405997
407030
408175
409174
409630
410463
410571
412468
415230
416219
416959
417692
418485
421137
422035
423611
425686
425954
427096
427150
427283
427779
429537
429795
431384
431508
432898
433296
433987
434444
434944
435091
437383
437795
437840
438114
440757
442800
444055
445207
445481
446169
446501
447204
447321
447717
449488
449743
449925
449969
450235
451220
452975
453547
453834
454083
454219
457599
457692
458457
458700
458921
459070
459345
460228
460497
460756
460889
461163
462181
462819
463488
464482
464842
464868
466214
466609
469163
469639
470065
470752
471628
471672
471841
471927
472381
472493
474699
476137
476658
477001
477097
478639
479246
480373
482649
482740
482764
482999
483161
483533
483786
484493
484887
487173
487307
487798
488638
490190
491395
491709
492222
493372
493713
495047
496630
497696
498303
498308
498495
498626
498824
499712
499840
499952
500158
500619
501883
504549
504875
504878
505693
505859
506611
507889
509835
510875
511024
511360
514324
515778
516402
516496
516797
518226
518759
519068
519137
519306
519469
520056
520531
520708
521191
521549
522876
523545
523766
526900
527838
528367
528441
529037
529911
531681
532233
532337
532933
534447
536398
536451
539583
539677
539813
540144
540247
541099
541193
541774
541799
542073
542084
542908
544826
545865
545944
547635
548108
548830
549392
550676
552824
552846
553832
554079
554667
554673
555125
555151
555704
555806
556062
557170
557270
558639
560139
560559
562595
562656
563600
564110
564966
565260
566531
567311
568670
572265
573335
573519
573530
574649
574988
575459
575523
575625
576327
577470
580313
581114
583460
583889
584082
584126
584174
584447
585130
585153
586326
587513
588437
591985
593192
594239
594535
594749
595077
596414
598054
598262
599725
600365
600449
600505
601900
602580
602649
602814
604650
606450
606730
608228
610737
610976
612824
614286
616308
616635
616689
617754
619322
619880
620486
621020
622782
623173
624033
625091
625100
625772
626070
632887
638210
642259
645215
648052
665107
665336
673938
674245
680859
686238
690305
691791
696493
697160
698889
705081
705461
711253
716325
716605
722159
726763
727526
729030
733146
736206
738892
742430
743771
748312
749414
751146
751456
751513
751640
755092
757634
758160
758350
764801
770100
773306
776007
779784
790090
791569
794248
801580
807093
817595
819320
822437
823956
827039
833153
834588
836063
838190
840055
840593
841409
844055
844897
845834
845961
845965
846796
847294
863993
866385
869055
869078
869865
871654
873063
873567
875352
876531
876693
879402
880018
889255
889405
891506
896576
897112
897373
899949
901075
901274
901836
903506
904975
906384
908239
910611
911227
911614
912462
914112
915181
915947
917858
919805
923537
923982
932324
933731
944871
945273
946440
949782
950589
952642
953668
953965
954307
955102
955991
957469
961165
961422
963615
964915
967612
971894
971917
972883
973631
973987
975449
977640
981371
983313
986299
987275
988692
992235
993998
995513
995739
996628
997283
998288
999010
999694
1000560
1003223
1003498
1007975
1009827
1010670
1012481
1013519
1014685
1014763
1018051
1018350
1021708
1025268
1027704
1029318
1029838
1029981
1031383
1033300
1033795
1034893
1037526
1037646
1040595
1041694
1045120
1046200
1047372
1049907
1050603
1051263
1052000
1055722
1056332
1056623
1056892
1060821
1061637
1065303
1071331
1073949
1074873
1077899
1081436
1081772
1083739
1087105
1087572
1089618
1090134
1095891
1096278
1096379
1097881
1098455
1098492
1099219
1100545
1106362
1106851
1109086
1109653
1111244
1111461
1114857
1116420
1121072
1122033
1122610
1122775
1123564
1124305
1124356
1150038
1150653
1151020
1151439
1153605
1154091
1156107
1157721
1158603
1159102
1160216
1160717
1160764
1162398
1163180
1163691
1164265
1164616
1166138
1166779
1168652
1168767
1169972
1170775
1171591
1172049
1173969
1175856
1177294
1179385
1180366
1182349
1187547
1188145
1191051
1191484
1195040
1196398
1197029
1197850
1197856
1198352
1199204
1199496
1205188
1205586
1206265
1208302
1209542
1211463
1214465
1220033
1221464
1229386
1235206
1236675
1237605
1237802
1240460
1241699
1244371
1244683
