100942
173319
179452
181935
185724
193677
201118
212508
213211
223493
228704
238581
250535
253230
275928
288098
313839
320242
325191
331420
335616
335643
339524
339885
344415
350768
355848
358261
366154
402047
428816
473727
475419
478556
479256
482740
498512
503865
514478
517175
526488
539813
543323
543563
545945
552715
554567
555753
564686
571913
592916
601900
606450
613324
627846
680859
684785
722810
751017
789070
836821
924203
975449
982129
998202
1014536
1063103
1076634
1139380
1164265
1175571
1213697
1220333
1235378
1236011
