100351
100630
100942
101105
101205
102086
105349
105649
106203
107030
107305
107493
108805
108938
109242
109498
109525
109538
109730
109910
109978
110196
110731
110899
111175
111287
111432
111828
112006
112041
112044
112387
113661
113725
114363
114658
114666
116290
116517
116560
116969
117912
118071
118229
118478
118554
118606
118675
119285
119510
119521
120461
120927
121107
121128
121147
121437
121607
121730
123035
123881
124069
124559
124681
124950
126035
126046
126217
126367
126632
126651
126718
127319
127760
127790
128103
128265
128359
129289
129390
130188
130366
130555
130700
130756
131348
131514
131516
131834
132253
132500
132641
133022
133892
134013
134631
135825
136688
137060
137090
137190
138058
138296
138325
138886
139833
140052
141207
141332
141642
141648
142418
142659
143378
143668
143826
144417
145209
145282
145772
146175
146208
146314
147333
147410
147772
148416
149020
149886
149963
150817
151252
151989
152266
152305
153055
153490
153900
154184
154647
154953
155231
155563
156212
156366
156490
156634
156644
157047
157180
157357
157796
158639
158972
159748
160400
160791
160892
161425
161848
162167
163332
163689
163810
163936
164453
164738
165263
165785
166603
166799
167298
167358
167409
168079
168523
168799
170158
170293
171039
171090
171711
171799
172406
172576
172679
173071
173181
173319
174296
174525
174617
175450
175866
176216
176228
176862
177126
177469
177767
178829
179706
179727
179988
181027
181114
182361
182535
182670
182855
184660
184677
184756
184830
184841
185183
185215
185625
185798
186860
187189
187833
187986
188558
188588
189419
189855
190405
191307
191472
191857
191954
192004
192516
193227
193285
193677
193696
193871
195642
196232
196834
196976
197750
197808
197985
198623
198862
198920
199021
199278
199285
199576
199673
200156
200898
201152
201584
201800
202119
202124
202858
203487
204208
205071
205109
205515
205668
206111
206454
206779
208010
208744
208869
209886
211046
211854
212581
214039
214182
214303
214517
214828
215374
215796
215849
217089
217297
217903
219746
220521
220763
221187
221737
223641
224471
224522
224604
225015
226086
226146
226924
227142
227159
227267
227626
227925
228319
228538
228704
228856
229711
230341
230856
231266
231351
232159
233518
234017
234277
234320
234800
235297
235596
235764
236428
236862
237181
238153
238281
238316
238557
238828
239145
240151
240304
241388
241512
241596
241604
242171
242206
242452
242569
242618
242680
242920
243093
243245
244198
245072
245076
245131
245468
247066
247822
248530
248676
251002
251114
251477
252901
252909
253466
253662
254338
254548
254873
255031
255586
255620
255913
256735
256993
257982
258165
258382
259561
259756
259947
260697
261223
261280
261853
261946
262086
262090
262161
262852
263245
263477
264263
265244
265391
267164
267322
267343
267648
267775
268924
269015
269223
269529
269668
269906
270220
271256
271497
272123
273267
273618
273842
274400
275298
275313
275763
275782
275914
276189
277301
278593
278799
279979
280081
280693
280786
280850
280855
281256
281800
283278
284461
284995
285626
286104
286215
287131
287490
287608
288466
288517
288642
288685
289241
289246
289822
290114
290535
290616
291317
291564
291682
291752
292347
292422
292710
292885
293702
293965
293992
294115
294116
294412
294495
294576
294943
294969
295086
296181
296343
296455
296684
296815
297390
297442
297538
298450
298742
299083
299417
299907
300688
301402
302471
302709
303546
303696
304012
304126
304157
304298
304794
305094
305264
305678
306257
306607
306731
307039
307176
307210
307536
307665
307874
308073
308334
308900
308992
309153
309563
309662
310944
312163
312856
313423
313674
314138
314234
314647
314852
315575
315579
315727
316138
316209
316368
317586
318322
318678
319006
319299
320144
321120
321180
321847
322520
323046
323479
323804
323949
324062
324441
324605
325241
325450
325622
325831
326070
326528
326629
326854
327015
327681
327976
328019
328876
329149
329339
330312
332083
332346
332432
333036
333072
333665
333729
334185
335036
335094
335224
335469
335544
336381
336730
336873
337414
337531
337592
337743
338085
338182
338798
338806
339445
339885
340311
341101
341102
341164
341341
341849
341866
342099
342688
343449
343748
343805
343869
344106
344290
344415
344587
344630
345337
346289
346638
346950
347246
347476
348948
349622
349765
350390
350593
350967
351013
351040
351455
351712
351763
352108
352980
353221
353412
354401
354407
354730
355203
355520
356280
356529
356945
357731
357957
358528
358543
359007
359077
359398
361488
362058
362675
363093
363138
363534
364367
364676
364771
365174
365245
366567
367948
368495
368969
369391
369474
369654
369960
371485
371498
371519
371575
371751
372108
372225
372970
373506
374467
374604
374708
374847
375338
375393
375519
376107
376468
376741
376854
377790
378183
378563
378736
379576
379896
380309
380555
380689
380881
381685
381797
381808
382117
382851
382961
385318
385378
385735
386879
387239
387373
387459
387528
387588
388097
388999
389496
390427
391139
391425
391631
392706
392833
392937
393462
394026
395081
395636
396547
396831
397384
398211
399682
400722
400788
400808
400840
401212
401310
403184
403445
403759
403874
404374
405626
405901
405997
406848
407307
407312
407912
408266
408382
408547
409174
409352
409846
410442
410856
410921
410982
412591
412949
413192
413547
413937
414193
414378
415088
415765
416219
416890
416959
417954
418124
418551
418747
418780
419307
419395
420245
420571
421137
421796
421852
422261
422458
422790
422807
422871
422901
423611
423953
424321
424511
424534
425001
425149
425424
425686
425954
426406
426430
426563
426964
427096
427250
427572
427779
427783
428604
428750
428820
428875
429092
429595
429748
429826
430792
431199
431265
431547
431837
432256
432855
432898
433003
433081
434194
434313
434667
435091
436311
436333
436587
437343
437383
437840
438477
439081
439114
439171
439261
439923
440558
440924
441032
441803
442103
442662
442697
442885
443971
444143
445207
445326
445481
446043
446141
446169
446599
446878
447204
447321
448792
450205
450524
450548
450776
451669
451685
452286
452878
453193
453834
454083
454197
454219
454907
455008
456005
456219
456287
456884
457077
457930
458081
458101
458921
460228
460756
460771
460805
460915
461997
462636
463457
463835
463969
464331
464482
464694
464835
464868
465211
465370
466214
466406
466582
467022
467169
468396
468960
469497
470042
470300
470752
470961
471841
472476
473077
473137
473604
473693
475157
475601
476362
477807
477935
478456
478604
479256
480373
480524
480623
480899
480928
482512
482649
482740
482761
482817
482999
483143
483490
483533
483791
484120
484351
484569
484848
485052
485071
485421
486286
486791
486982
487994
488821
488836
490096
490190
490823
493372
494444
495507
495684
496238
497295
497772
498326
498824
499303
499402
499471
499519
499566
499712
500078
500190
500694
500915
501191
501817
502470
502556
502923
503202
504671
505081
505859
506019
506206
506588
506632
507889
507911
508045
508067
508075
508445
508654
508803
509945
510622
510751
512100
512483
513053
514478
514513
515009
515368
515602
515788
516402
516505
516578
516808
517175
517323
518166
518226
518759
518800
518843
518902
518911
518977
519068
519452
519472
519887
520041
520357
520531
521183
521837
522574
522876
522884
523273
523346
523465
523515
523822
525730
525815
525889
526900
526976
527980
528601
528700
528716
528917
529602
529667
529783
530130
530240
530805
530862
531681
531947
532306
532369
532518
533587
535047
535249
535413
535838
535929
536334
536398
536971
537370
538133
538243
538955
539396
539399
539813
540071
540247
540798
541016
541193
541417
541453
541985
542084
543400
543430
544260
545049
545752
545865
546857
546986
546995
547665
547972
548194
548439
548581
549263
549403
549705
550000
550149
550387
550874
550893
551091
551098
551551
552444
552555
552846
552903
553151
553841
554079
554157
554565
555432
555618
555727
556062
556224
556852
556927
557170
557417
557428
557636
558641
558934
558940
560139
560864
561007
562015
562198
562398
562434
562758
562783
563386
563641
563799
563868
564467
565223
565366
566531
567280
567787
568991
570060
570071
570365
571211
571913
572285
572329
572850
573130
573223
573766
573823
574469
575218
575459
576301
576313
576327
576380
577215
577449
577469
578038
578301
578455
578715
579353
580957
581673
583460
584082
584167
584447
586193
586233
587473
587539
588437
589515
589952
590482
590919
591109
592510
593200
593447
593459
594027
594278
594535
594957
595081
595282
595305
596052
596217
596222
597247
597324
598334
598439
599245
599725
600449
600505
600607
601900
602580
602997
603391
604451
604625
605319
606450
607089
607453
608228
608352
608950
609178
609257
610441
611332
612288
612410
612525
612824
612953
613804
615572
615774
616225
616308
616689
616900
617754
618667
620532
620797
622027
622174
622516
623330
623860
624190
624875
625091
625131
626070
626109
626163
626293
626543
626547
628458
630658
631728
632691
634774
648052
649715
655274
657916
658355
660994
664671
666700
667914
668634
671878
674245
680679
680791
681522
683849
684620
684785
686919
687466
688849
691791
696493
697825
701153
702345
703612
704970
705461
712438
713024
714548
715221
716095
717621
718379
718449
721265
723615
725052
725674
729490
730652
732484
733681
736264
736979
737319
738892
739371
739860
740276
740325
741223
741484
741769
742751
742752
744146
744951
746974
747540
747609
747719
747961
748401
748914
749584
749724
751017
751640
751921
756073
756486
757192
757634
758395
758619
759580
762454
764099
764487
765800
767252
767895
769631
770127
771773
773493
776007
778466
778698
778855
779533
779569
779784
780125
780709
781926
784065
784400
785031
785381
787610
789767
792893
794248
794611
794828
795480
798943
803600
804528
804991
805459
806515
806597
808804
808909
809731
810001
811501
814206
815881
815963
819522
820012
822437
822596
824083
825683
826694
827281
827754
828730
829305
831241
832718
833102
834878
835707
836316
836821
837172
837373
838066
838190
838612
839184
839662
841343
841583
842314
843087
844047
844897
845965
846301
846717
847010
847660
849398
863192
863202
863452
864313
864534
864748
867699
867784
868338
868830
869371
870078
870823
871085
871314
872222
873063
874430
874722
874976
875200
875750
876693
876768
878168
878894
878920
880018
880754
880836
880853
881238
881662
881754
881845
883831
883974
884501
886182
887891
889255
889462
889954
890147
891167
891873
891917
892098
892110
892846
895812
897112
897154
897326
898398
899601
899788
899802
899949
901480
901745
901879
902624
903423
904119
905482
906482
906700
907399
907465
908239
908384
908982
911241
911475
911614
911887
911967
912284
915181
915361
915967
916245
917165
917858
918021
918078
918128
922413
922899
923982
926125
926660
927709
929431
930308
932650
932988
933717
934209
934626
935624
937549
937602
938561
939342
939408
943941
946557
949466
949491
950091
950274
950781
950963
951867
952642
953088
953668
953816
954060
954307
954473
955120
956341
957393
957469
958444
958732
958960
963258
963523
963615
964437
964536
964558
964899
965172
965265
966582
967612
968551
969099
969304
970813
971440
971894
971992
972539
973209
973940
975522
975853
977640
978018
978530
978950
979705
980247
980613
980993
981027
981914
982129
986325
986779
987358
987563
988692
988859
989480
993844
994453
994488
995513
996421
997163
998545
999056
999728
999970
1000560
1001837
1001980
1003298
1004644
1005767
1005776
1005938
1006301
1006485
1007975
1008376
1009010
1009417
1009439
1010411
1011325
1012296
1013113
1013535
1014384
1014685
1015959
1017496
1018350
1018638
1019603
1021653
1023349
1026838
1027704
1029981
1030310
1030880
1030971
1032078
1033518
1034684
1035567
1036212
1036736
1037716
1038016
1039138
1041468
1041531
1042827
1043104
1043765
1044106
1044423
1045030
1045120
1046200
1046665
1047587
1047735
1047905
1048693
1051441
1052000
1052397
1052838
1053073
1053562
1054084
1054186
1054362
1054705
1056892
1056909
1057887
1058519
1058591
1059459
1061637
1063076
1063343
1063632
1063883
1063971
1064097
1064162
1065332
1065517
1066019
1066625
1066626
1066628
1068315
1068889
1069133
1069295
1070101
1070565
1071706
1071861
1071986
1072617
1072676
1073553
1074594
1074786
1075814
1076336
1076897
1077452
1077855
1078193
1079499
1080102
1081768
1083206
1083441
1085225
1085762
1085922
1086701
1087105
1088550
1089586
1089618
1090057
1090510
1091502
1091846
1093004
1093208
1095891
1096278
1096289
1097043
1098337
1098440
1098455
1098547
1098836
1099079
1099219
1099727
1100394
1102164
1102469
1102684
1102796
1102967
1103111
1104517
1104545
1105168
1106081
1106362
1106530
1107755
1107772
1108254
1109301
1110262
1111244
1112397
1118420
1120736
1122359
1122775
1123496
1124305
1124356
1125216
1125421
1134152
1149848
1150208
1151475
1151744
1151882
1153614
1156578
1156722
1157721
1158336
1158446
1158603
1158986
1159082
1159583
1160107
1160216
1160461
1161081
1161088
1161487
1162398
1163145
1163690
1163691
1163707
1163746
1163901
1164080
1164639
1166439
1166561
1166696
1166779
1167207
1167617
1168051
1168082
1168259
1168767
1169281
1169349
1169656
1170233
1171369
1171370
1171591
1171672
1172049
1172145
1172744
1172838
1173969
1174443
1175758
1176435
1176543
1176580
1176603
1176749
1177828
1178802
1179591
1181547
1182559
1182692
1183089
1184199
1184225
1184638
1185954
1186514
1188282
1188808
1189232
1189972
1191727
1191759
1194451
1196500
1197452
1197850
1198352
1198813
1198815
1198934
1199522
1199905
1201603
1201800
1203695
1204097
1204131
1204414
1205586
1206265
1207540
1207660
1208148
1208302
1209111
1209191
1209542
1210145
1210893
1212683
1213402
1213768
1214762
1216036
1216429
1217692
1218881
1219661
1221408
1221676
1223106
1225176
1226834
1227145
1229161
1230300
1231035
1231267
1232187
1232575
1233005
1233360
1235206
1235941
1236406
1236675
1237301
1237802
1238124
1238217
1239028
1241233
1241312
1242492
1243330
1244154
1244423
1244683
1245706
1245778
1245952
1246586
