104122
114621
132873
133955
144573
148600
149358
156305
157480
158654
162971
175030
179210
181491
182205
220140
223769
225006
232475
237011
238407
244452
274391
296144
297198
317085
332928
335616
338862
348211
349038
353700
354817
355952
357076
366154
371266
373276
382617
383055
388751
399636
402629
405080
405963
406069
411041
414778
418357
446165
449975
460608
461604
469008
486113
488325
488731
490873
516692
518888
519498
526524
529543
532366
535711
536648
545785
552096
555991
556559
556676
565979
567200
578876
584282
588525
590436
591159
596761
603359
605982
606579
608770
609082
612284
613217
633283
656898
658691
678109
698237
700038
734827
748232
756427
762847
767608
772088
777174
804295
807713
832957
833255
839250
866663
872971
931348
933793
935817
939722
969405
970623
972938
978032
980992
1012477
1020474
1049623
1063103
1066872
1066878
1067863
1071032
1077172
1089061
1096704
1106512
1121044
1155422
1158650
1163559
1164301
1165940
1170504
1170991
1171818
1190251
1201555
1217590
1220333
1236011
1237795
1238912
1241990
1242580
1242652
