100630
121607
123881
124559
127760
130700
141207
141332
144417
151989
158639
163810
168079
172406
173181
174204
175866
177469
178829
179727
184677
191857
195642
201584
214517
225015
230856
233518
234320
234800
238153
238828
242920
253342
257982
259756
262090
262852
267164
267343
267648
267775
274400
280081
292710
292885
294115
294412
297442
307210
314234
318712
319006
326528
328019
333665
336239
338085
338182
341164
341849
341866
351013
354730
358543
359077
373506
376468
379576
391139
392706
400722
401212
414193
416219
424534
425001
428604
428820
431711
437383
439351
441032
441803
447204
454197
455008
460756
460771
468396
470752
473137
484956
488821
499566
505859
518843
518902
518911
519472
519887
522574
525815
528601
528700
529667
535413
535929
536284
536334
543400
546995
552555
553406
565366
565979
568991
576301
576327
577469
584447
593200
599245
600505
613804
616647
622027
628458
631728
647384
678109
683849
701153
725052
747609
758395
770127
771773
776007
778855
779569
794248
836316
843087
863452
870078
880754
882282
899802
911614
916245
926125
954307
956341
958732
963615
967612
969099
971894
975522
980613
989480
995513
1001980
1006301
1006485
1007975
1008376
1014685
1029981
1036736
1045120
1053562
1057887
1064451
1077452
1089618
1093004
1098455
1099219
1110165
1110262
1149848
1168082
1172145
1176580
1177828
1181547
1201603
1203695
1209111
1219889
1238124
1241233
1242492
1245952
