100034
100194
100942
101998
102647
103218
104345
104756
104870
105649
108294
108927
108938
109615
109730
109765
111209
111958
114666
114995
115511
116969
117667
117934
118478
118658
119510
119803
120086
120286
120331
120981
121730
123035
123642
123777
124069
125407
127757
127790
127960
128560
129151
130184
130571
131961
132622
133892
134917
136045
137871
138707
138923
140121
140480
140578
141815
145004
145215
145478
146032
146208
147410
147563
147896
148440
148963
149083
149886
149963
150393
151200
151702
153656
154737
155211
156634
157246
157427
160270
160677
162284
163661
165402
166154
168735
169447
171039
171222
172406
173319
173876
174578
175203
176862
178786
179416
179727
179988
180707
181642
181867
182290
182377
185215
187495
187554
187833
188040
188478
188513
188528
188588
192445
192562
192765
196083
198355
199323
199673
199911
199984
201250
201396
201584
202154
203088
203368
204037
204764
205109
209055
209276
209598
209608
209794
210628
210939
211752
211854
212139
212302
213211
214517
215849
217468
218262
219957
224262
224646
225324
226056
226617
226924
226985
227452
228458
231629
231893
234017
234495
234901
235297
236544
237374
238481
238743
238881
239129
239186
239412
240484
240696
244827
245246
246476
247735
247754
247851
248530
249024
249443
249934
251002
251505
252097
252547
253171
255116
256060
257024
258523
260118
261918
263941
265244
265739
267775
267956
269982
270220
271497
272307
273854
273864
274132
274459
274742
276372
276396
278593
280320
280792
280880
280966
281988
282068
282533
283278
284497
285090
286228
289116
289246
289404
292347
295048
295084
296455
299397
301402
302998
303696
303808
305419
305678
306257
307031
307210
307631
308900
308992
309153
309563
312415
313130
313291
313776
314138
314228
315508
316368
316678
317586
317644
318265
318300
322520
324071
324352
326292
327351
327874
328086
329014
332348
332788
333067
335333
335685
335938
336247
339524
339606
339905
342338
343805
344106
344129
344157
344298
344630
345792
349380
350143
350887
351013
351040
353299
354730
355838
358338
360593
361281
364895
365174
365367
368080
369206
369390
369391
369654
371519
371575
372779
374205
375552
375578
375744
380670
380689
380828
382117
384542
387836
388905
390199
391139
392937
393980
395532
397295
397673
398935
402047
402831
403445
403759
404374
404614
405626
407628
408175
408547
409935
410175
410921
411452
411677
413217
413540
413973
416080
420839
421137
421381
423459
423574
423748
424597
425001
425424
425686
425954
427096
427150
427250
428257
428273
428462
428661
429537
431350
431547
434904
435178
436321
436333
437007
437974
439115
440641
440809
440971
441795
444175
444398
444540
444743
445207
445481
446535
446878
447204
448590
449166
449488
449743
450011
450205
450548
450623
451646
453193
453834
453846
454083
454219
454896
456892
457077
458549
458692
458921
459345
460228
461997
462697
463711
463969
464331
464842
465004
466384
466468
466937
468837
469793
470752
471775
473164
474699
475803
475855
476646
476721
477001
477056
477413
477616
478609
479346
480033
480562
483211
483533
483545
483786
486375
486628
487798
487885
488580
488638
489886
490090
490190
490737
491767
495206
496665
498022
499712
499840
500694
501835
502556
502604
503202
503579
503865
503989
508101
508399
510710
510875
510973
514478
514562
517918
518300
518488
520056
520071
520727
521191
521461
521549
521885
521982
522140
522260
522268
524087
524222
524668
524910
526900
527677
529795
530730
531053
531164
532233
532387
534548
535088
535838
535929
536722
536971
538133
539572
539813
540226
542166
543073
543323
543430
543869
544166
544203
545865
546948
547162
547386
548624
548780
549038
549392
549659
552824
552846
553730
554199
555618
556062
556943
558639
560139
563379
563600
564430
564738
565223
565442
566531
567311
567321
567637
569912
570060
570164
570178
571913
572744
573519
574634
574649
575625
576362
577470
578290
582604
582842
584126
584167
584447
584471
586484
586977
591864
592631
593459
594535
595043
596217
599245
599727
600143
600467
600505
600607
601640
601732
601900
602009
602111
602580
602814
603391
603632
604625
604653
606250
607784
608651
612824
613237
615217
615725
616425
616689
616924
619574
620003
621108
621175
621358
621645
623370
624483
624828
625091
626162
626293
626335
634258
642259
645406
647845
648052
665395
665738
670255
673938
674245
680679
681336
685675
688065
689103
696120
696916
697228
701121
703679
705196
717413
717621
718449
718604
721265
724452
734719
739860
744898
746247
746930
751640
756225
757634
760414
764186
767197
769158
770369
770844
772456
772616
773493
776007
777179
779524
780007
780855
784400
790432
795480
796483
797671
801580
807093
811153
815145
817773
819320
822185
822437
823514
823924
823956
827684
828186
830201
833102
836821
838066
839435
843326
849398
849883
864313
865378
865625
869078
869865
871765
871913
872365
873360
880018
880558
881500
881662
881847
888764
889830
891167
893080
893116
895588
896144
896272
897373
899503
901586
901658
901985
903493
903640
903655
904119
904975
906338
906775
907235
907965
910611
911192
912494
914722
915181
915947
917021
917858
919345
920841
923982
924254
930235
931283
935434
937357
937601
937658
945336
946201
948522
949334
949491
949568
952954
953767
954307
955150
956000
956341
957231
957469
957568
958301
959390
959463
963608
963615
965732
967280
967612
968493
969099
969925
970654
971363
971894
971992
974102
974286
977130
977946
979705
981846
984204
985441
985590
988673
989033
993844
995068
995860
997163
998202
999796
1000560
1000572
1001746
1004644
1005793
1007975
1010123
1010143
1012481
1013535
1014685
1016615
1018183
1020503
1022283
1023349
1025017
1025474
1027704
1027723
1034094
1035023
1035211
1036452
1038069
1040923
1042374
1043083
1045120
1046665
1046906
1054006
1056600
1056892
1057085
1058185
1061106
1061317
1061637
1063364
1065175
1065332
1067114
1067295
1068786
1070388
1071331
1072779
1077089
1078468
1078872
1079799
1082751
1086750
1087105
1090818
1093004
1095891
1097825
1098325
1099359
1100448
1101768
1101837
1103450
1104149
1107311
1108114
1109186
1111590
1121072
1132196
1150653
1151020
1152325
1157432
1158336
1158369
1160717
1162156
1162191
1162378
1163901
1164676
1166138
1166148
1166395
1168652
1168767
1170752
1170775
1171591
1172011
1172049
1172062
1174695
1178332
1179385
1181968
1183011
1183558
1186493
1189420
1191759
1195393
1196711
1197874
1198352
1199118
1199522
1199738
1200584
1202592
1202978
1203557
1205586
1206265
1208947
1211308
1212370
1214239
1215707
1216276
1218083
1218594
1220142
1221768
1225683
1226798
1229524
1234862
1235378
1235962
1236675
1237605
1237802
1238124
1238217
1239141
1239872
1240791
1240847
1241312
1241825
1243826
1244683
1245373
