113487
113566
113895
114995
116188
116566
127760
130260
139568
141207
145163
145422
156974
158639
162721
162754
164597
168139
169206
170311
172406
175596
182205
185156
188982
189203
190598
191426
194125
194636
200047
201584
203556
207105
208285
216255
218865
232475
234320
239503
247515
249449
253296
256735
256884
257982
262090
263293
263913
276372
279941
280320
283016
286890
287148
290667
292885
300774
302619
305419
314234
317110
322776
323762
325026
326485
332928
338009
344329
348085
349522
351013
357076
357674
360593
362894
369718
377062
384261
391139
394148
397316
400916
402443
403765
404674
410740
411179
411452
416623
419983
420269
440569
444787
447204
447321
452331
454013
461473
465285
466946
470752
474269
488635
490873
500737
512350
516464
516884
517711
518911
519469
521183
521885
535929
536398
536722
537392
539879
542559
544364
550268
554164
556301
556657
556676
556927
557541
558877
560139
563837
565138
567649
574634
576712
578365
580695
582622
599365
601306
606922
613804
615259
622027
622782
652590
669786
686138
688065
715147
737370
741582
742338
751942
752568
757740
761277
776007
778855
794248
794978
796448
819872
829256
829955
834357
836316
839435
862846
872317
887042
890276
890518
899638
913464
916245
930297
956341
959062
963615
971894
979998
983147
989025
992218
1007975
1014685
1027971
1033353
1036452
1037646
1043111
1045120
1047235
1047955
1049074
1052503
1054887
1075341
1082751
1085225
1107968
1152114
1162191
1164616
1166433
1182692
1191700
1202876
1212304
1238501
1243675
1246442
