100194
100388
101998
102475
104424
105649
105892
106150
107030
107216
107727
107936
108765
108875
108938
109054
109615
109765
110168
110211
110899
111432
111809
111896
112041
112044
112401
113181
113297
113787
113875
114216
114666
114934
115334
115562
116969
117065
117086
117610
117669
117790
118229
118478
119438
119454
119510
120124
120622
120734
121128
121408
121437
121499
121590
122130
122808
122976
123501
123642
123777
123949
123953
124144
126035
126875
126975
127790
127960
128103
128737
129105
129464
130366
130571
131320
131348
131514
132253
132260
132286
132417
132721
133070
133113
133707
133755
133892
134163
134631
134783
134914
134917
136832
138296
138325
138395
138451
139363
140480
140614
140965
141181
141312
141332
141601
141648
141815
143382
144465
145467
146208
146559
146574
147410
147772
148963
149020
149080
149318
149886
149963
149980
150817
151353
152266
152992
153358
153900
153970
154066
154084
154183
155063
156096
156268
156366
156634
156705
156974
157047
157229
157796
158186
158639
158939
159051
159567
160433
160513
160892
161058
161197
161742
162055
162167
162362
162796
163810
163934
164225
164593
165402
166603
166799
167298
167992
168983
170158
171799
172052
172406
172756
173095
173319
173416
173968
174296
174525
174547
174617
175616
175866
175869
176264
176469
176862
177933
178786
179724
180207
180374
180415
181624
181758
181935
181964
182297
182535
183140
184070
184343
184791
184841
184887
185215
185339
185724
185798
186738
186748
186974
187715
187833
188482
188588
188835
189043
190261
191307
191747
192562
192624
192635
193056
193278
193677
193796
195384
195808
196232
196871
196976
197039
197750
198410
199576
199673
199856
199984
200047
200391
200501
201118
201158
201887
201921
202124
202227
202350
202409
203487
203590
204208
204400
205109
205166
205800
205866
206055
206111
206155
207002
208423
208744
208815
209010
209608
210492
211149
212508
212552
212891
213325
214177
214517
215374
215849
216241
216620
217739
218262
218465
219353
219957
220364
220492
221681
221900
222403
223493
223786
224471
224522
226086
226924
227142
227626
227925
228704
228856
228947
229546
229782
230094
230124
230440
231301
231418
231629
231807
231859
232159
232696
233042
233415
233569
233592
234017
234140
234827
235297
235596
236292
236598
237181
238173
239129
239844
240151
240175
240521
240562
241230
241558
241897
242201
242452
242928
242966
244024
244827
245072
245092
246011
247822
248072
248336
248425
248428
249382
249816
250153
250397
250456
250535
251002
251287
251365
252444
252641
252901
253230
254849
254873
257705
257832
257851
257982
257995
258065
258523
259544
259866
259947
260019
260720
261384
261715
262086
262427
262806
262924
263293
263477
263913
264277
265084
265244
265630
266087
266716
266849
267277
267956
268305
268558
269417
269732
270189
270220
270378
271158
271256
271497
272234
272556
273010
273229
273854
273864
274440
274467
274836
274953
275401
275462
275782
275829
275928
276711
277345
277677
277990
278491
278702
279756
280320
280433
280693
280966
281256
281890
281951
281988
282188
282388
285090
285626
286161
286306
286769
287131
287308
287608
287842
288098
288714
290030
290405
291218
291806
291899
292347
292427
292888
293416
293652
293851
293960
294412
294552
295084
295890
296308
296343
296915
298450
298473
299175
299397
300501
300774
300916
301616
302471
302709
302962
304373
304445
305264
305347
305419
305645
305678
307210
307718
308299
308695
308992
309563
310155
310380
310920
312415
313130
313472
313731
313839
313887
314138
314188
314228
314234
314408
314475
314647
314813
315504
316138
316368
317586
318265
318300
318455
318551
319870
320242
320791
322387
322977
323051
323281
323469
323804
323949
324441
325066
325208
325831
325873
326603
326781
327015
327025
327681
327874
328876
329014
329426
329819
330312
332348
332850
333423
333674
333793
333899
334431
335094
335334
336830
337840
338288
339048
339445
339885
339905
339977
340446
341256
341341
341716
341803
342099
343202
343449
343869
344415
344469
344970
345538
346289
346475
347476
347542
348339
348618
348948
349114
349537
349622
350143
350768
351013
351040
351763
353460
353744
353824
354730
355203
355247
355552
355661
355942
356672
356945
358331
358338
358519
359077
360284
360695
360867
361002
361047
361281
361404
361480
361488
362310
363005
364658
364676
364809
365037
366177
366241
367609
368354
368452
369089
369127
369654
370988
371575
372049
372572
372592
373882
374383
374485
375108
375230
375519
376854
377472
377790
378412
378436
378542
378563
378965
379272
379459
380329
380689
380828
381668
381774
381808
382117
382180
382334
382492
383158
383585
385318
386618
387480
387660
388979
388999
389020
390199
390670
390807
390982
391085
392932
393462
393980
394073
394148
394699
395636
396036
397295
399087
399284
399389
400153
400253
400788
400880
401190
401272
402047
402096
402485
403184
403445
403485
403759
403961
403979
404122
404347
405310
405314
406141
407186
407912
409431
409846
409911
410397
410508
410819
411304
411890
412414
413973
414149
414465
415088
416219
416537
416623
417692
418126
419307
420839
421137
421208
421796
422261
422871
423459
423591
424865
425001
425086
425149
425455
425954
426430
426469
426563
427096
427250
427966
428439
428875
429092
429537
429595
429826
429913
430880
430886
432669
432898
433095
433579
433622
433959
434444
434495
434667
435389
435551
435834
436536
436986
437974
438169
438646
439106
439628
441047
444342
444803
445147
445207
445612
445663
446043
446438
446830
446878
447204
447321
448108
448259
448585
448590
448779
448792
449166
450524
450548
450648
451429
451487
451669
451913
451914
452375
452878
453193
453200
453834
454161
454896
456059
457287
458163
458921
459432
459988
460228
460415
460550
461427
461571
461997
462055
462890
463253
463507
463510
463969
464280
464331
464835
464928
465110
465127
465285
465370
465521
466471
466500
466582
466946
466979
468467
468570
468791
468837
469803
470042
470065
470144
470752
470805
471039
471630
471775
471776
471841
471922
472053
472493
473077
473693
473727
473942
474027
474098
474702
475419
475440
475454
475671
477413
477692
477807
479458
479474
480373
480899
481432
481773
482352
482580
482649
482740
483128
483161
483533
483791
484493
484879
485149
486524
487513
488638
488933
489345
489861
490024
490190
490737
490755
490823
491395
491449
491803
491936
492075
493156
493340
493372
493464
494174
494923
494940
495047
495325
495387
495424
495441
497696
497711
498225
498489
498529
498824
499519
499712
500586
500694
501835
502695
503231
503865
504100
504549
504975
505941
506588
506632
506984
507418
507976
508067
508075
508101
508501
508618
508803
508840
509386
510060
510062
510669
510973
511129
512483
514311
514478
514775
515602
516389
516402
516407
516709
516797
516890
517175
517260
518130
518436
518696
518762
518800
518843
518902
519137
519304
519469
519472
519847
519861
520071
520508
520531
520693
521191
522060
522574
523822
524662
524845
525126
526049
526088
526488
526900
526976
527677
528008
528536
528700
528757
528811
528869
528917
529037
529795
530862
531053
531392
531406
531668
532306
532504
532620
533587
535413
535838
535929
536334
536487
536722
536911
537145
537176
537872
538133
538243
538955
539188
539572
539741
539813
540071
540247
540428
542073
542084
543323
543699
545672
546403
546857
547403
547651
548108
548999
549038
549061
550156
550216
550268
550387
550874
551179
552715
552846
552896
552903
552972
553832
554079
554368
554525
554567
555151
555525
555753
555871
556062
556233
556943
557170
557371
557541
557602
558639
558641
560331
560864
561615
562172
562802
563799
563904
564071
564110
564686
565138
565740
566352
568132
568735
568859
568863
569174
569912
570060
570490
570723
571913
572285
572483
572651
572744
573393
573766
574409
574634
574838
574988
575287
575459
575826
576380
576902
576975
578290
578301
578715
579353
579539
579652
580153
581622
581731
581812
582405
583460
583691
583791
585321
587965
588002
588268
588437
592157
592647
593107
594027
594535
595081
596052
596217
597464
598262
598394
598679
598989
599279
599725
600365
600407
600449
600467
601246
601640
601900
602009
602580
602583
602997
603143
604098
604451
604551
604772
605068
605319
605763
606450
606739
606762
607089
607784
607833
608666
608982
609056
609104
609205
609597
610976
611039
611740
612518
612824
613272
613324
613804
614304
615217
615243
615774
616105
616635
616689
616783
616924
618311
618779
619106
621991
622174
623370
624033
625091
625577
626163
626293
627555
627846
629549
633114
638210
639696
641173
643337
644142
645406
648052
649774
651048
653292
653427
654029
657916
658655
660497
664671
664948
665738
668592
670457
673790
674172
674245
680859
681522
683849
684785
685675
686041
686919
687466
691791
693851
695135
696493
698499
700984
703617
711978
713391
715147
715341
715453
716605
720705
721265
721306
722327
723417
723771
725674
725683
726503
728050
729030
729048
730981
734723
735292
735736
738258
739388
739860
741468
741484
741764
742006
744951
745144
745567
747446
747609
748250
749414
751017
751640
753246
753808
755092
756209
756311
756770
756856
756895
758197
758362
760007
760414
760736
761137
761277
764518
769479
776007
777643
778698
778982
779524
779732
780196
781798
783503
785339
785547
787610
789070
789650
791686
791944
794248
798831
798943
804528
805158
805164
805683
807093
808013
808622
810001
815181
815784
817519
817773
819320
819522
821955
822157
822185
824083
825224
825311
827281
829769
831612
832718
833102
833231
834357
836821
836943
838190
838612
838634
838788
839184
839435
841252
842170
842314
843188
845961
847010
847382
848826
849063
849327
857103
862846
863192
863202
864534
865525
868477
870078
870253
871314
871822
873363
873816
874591
874911
875101
879166
879617
880018
880102
880445
880558
880711
881054
881500
881754
881847
882604
883345
884542
886366
887080
887828
887891
889462
889768
890211
890276
891167
892868
892959
895072
895218
895569
895765
896292
897112
897233
897326
898879
899601
899638
899725
900554
900881
901058
901480
903640
904707
904975
905482
905659
906775
907465
907974
908014
908076
908239
908504
908667
910238
910611
911614
915181
915245
915686
916245
919238
922200
922746
923982
924447
927314
928507
928890
928931
930235
930957
937357
937365
939477
940354
941247
942898
943369
943514
944871
946082
946483
947024
948013
950781
952141
952297
953343
953511
953681
953755
954244
954307
954786
954912
955102
955263
956341
957469
957568
961949
963091
963615
964750
965178
967160
967612
968493
968496
970052
970173
970916
971894
971983
971992
972539
972937
975449
975701
975853
977640
978552
981371
982614
984556
985407
985590
985710
986037
987358
987792
988692
989745
989826
990145
994183
994488
995709
995860
998202
998545
999259
999728
999796
1000406
1001799
1002608
1003499
1006950
1007314
1007975
1008413
1010411
1011122
1011336
1013377
1013519
1014536
1014685
1014979
1015088
1015499
1015669
1016225
1016402
1018105
1018638
1018706
1019250
1019603
1021223
1021380
1022678
1023349
1025324
1026838
1027715
1028364
1029030
1029264
1030140
1030310
1030410
1030880
1030971
1031383
1032078
1032314
1033497
1034783
1034893
1035211
1035277
1036212
1037190
1037716
1038186
1038520
1038786
1038955
1039101
1039249
1039589
1040391
1042374
1043083
1044118
1044582
1046906
1047905
1047955
1048849
1050811
1051441
1052000
1052803
1053073
1053328
1053560
1054084
1054616
1056238
1057197
1058591
1058749
1059954
1060858
1061317
1061567
1061637
1063785
1064323
1065136
1065483
1066548
1067883
1068315
1070156
1071331
1071450
1072004
1072489
1072676
1074022
1075083
1075943
1077588
1077767
1077821
1078872
1081436
1082751
1083852
1084698
1085057
1085603
1085762
1086983
1087105
1089040
1089689
1089824
1089919
1090134
1090275
1090991
1093004
1093208
1095220
1095721
1095891
1097340
1097881
1098547
1098840
1099084
1099347
1100051
1101823
1102540
1102687
1102967
1103089
1103098
1104545
1105168
1105448
1105519
1106173
1106362
1107201
1107311
1108363
1109265
1110411
1111303
1112122
1112588
1112698
1113819
1116356
1121384
1123126
1124305
1124356
1124508
1133552
1133574
1139056
1139380
1150209
1150381
1150453
1151413
1152248
1153136
1154207
1154685
1154722
1156107
1157149
1158085
1158336
1158578
1159100
1160717
1162191
1162193
1163690
1163691
1163734
1163901
1164265
1165385
1165492
1165812
1166696
1166865
1167207
1167617
1167677
1168320
1168550
1168767
1169143
1171265
1171591
1171944
1172945
1173505
1173955
1173969
1175571
1175910
1175947
1176119
1176921
1177989
1178623
1178842
1179412
1180366
1180862
1181655
1187405
1187758
1189232
1189972
1191689
1191955
1193235
1194451
1195073
1196418
1197766
1198352
1199866
1199905
1199933
1200229
1201800
1202133
1202481
1202592
1202722
1203306
1203549
1203609
1205519
1205586
1206265
1207037
1208115
1209219
1209542
1210145
1212318
1212474
1213236
1213697
1213768
1214860
1215438
1215497
1215839
1216244
1216506
1216816
1217121
1217691
1218594
1218965
1220214
1220283
1220313
1221274
1222168
1223988
1224381
1225176
1226719
1227315
1227732
1229161
1229524
1232575
1233049
1233167
1233360
1235144
1235206
1235378
1235962
1236101
1236516
1236675
1236845
1237545
1237578
1237802
1238198
1238217
1238615
1238925
1239079
1239141
1239396
1239591
1239805
1239872
1240056
1240554
1241233
1242017
1242175
1246482
1246576
