101299
102086
102475
109730
116241
117912
119510
121408
124069
125915
129151
130555
137677
138701
140480
146208
149358
149838
151806
153534
153850
156634
168735
169564
171222
178751
179988
181867
188528
192445
196012
204764
205109
217160
237374
238743
239186
249443
251036
251505
253171
255116
259005
259947
274448
280966
281269
287447
289116
293992
296455
296815
297341
300297
302998
303808
303934
305678
307031
307920
308992
309563
309787
311307
313776
314228
316368
317644
320843
321593
321847
324352
328086
329014
335333
335363
335918
336687
336921
338862
339606
339905
341270
343805
344157
344630
353337
359239
361281
361488
362743
371498
373587
375552
380670
382617
383294
386178
387267
388392
393980
395532
397222
398225
399542
405080
408175
409935
411304
416910
431350
437007
437840
439106
441335
441482
444540
445147
445207
446878
451633
452895
453374
454219
454896
459070
459345
460228
461655
461848
462819
463969
465591
466214
466384
466934
468467
472112
472493
473164
475855
477520
480373
485876
489886
490250
491154
492075
496238
499712
500586
502604
503081
503989
510973
511024
511998
522260
522283
523672
530730
532233
535454
537653
540226
541311
542166
543430
544166
545944
547596
547652
549038
549659
552846
555468
555704
556062
558641
560373
565260
567311
568382
570060
570178
572744
573519
575459
578290
578537
582421
584167
584471
586484
593459
599279
600143
600607
602009
602111
603391
613237
613272
613847
614286
615217
616425
616767
619574
620003
624828
624990
634258
698889
700437
703679
724438
738717
746930
794690
801580
807093
819320
823956
833255
837155
838066
849095
864992
866670
866758
877574
880018
881500
881847
888764
895588
904119
912494
915325
919299
931283
935817
937357
939722
955102
956000
958301
974286
997771
1016615
1025017
1032078
1033466
1035023
1036898
1054186
1056892
1065175
1065517
1066878
1067114
1067863
1073949
1080244
1086180
1089611
1089775
1101768
1109049
1111461
1121072
1158336
1158469
1166138
1166148
1170775
1170848
1174346
1183776
1189420
1196258
1197874
1199983
1201555
1205586
1210893
1211924
1214239
1216002
1216011
1218070
1218323
1221768
1225140
1235655
1238217
1243826
1244624
1244683
1245402
