100194
104424
107030
108938
109054
110899
112044
114666
115562
116969
118478
121437
123642
123777
123949
126875
127790
130571
132721
133113
133892
138296
139038
140578
140614
141815
147410
147772
148440
148963
149080
149963
151984
152992
153900
156305
156366
160513
160892
165402
172052
173095
176862
185215
187833
192562
195197
197297
197627
198622
199673
199984
204037
209608
210492
212891
215267
216620
218262
226086
227509
231418
232696
233569
234017
235297
241393
241558
244827
248801
250456
251002
251719
252444
267737
269154
270220
270378
271497
272234
274440
275782
281890
281988
285727
292347
293851
295890
296343
299627
301616
305347
306257
309153
314647
314813
319251
319870
322387
322977
327313
329819
333674
333793
341716
347542
349537
350054
351763
355952
359121
369158
369654
370988
374383
377348
378563
380828
381668
381774
388097
393396
396036
400880
403445
403759
404152
407186
410819
412468
414465
420839
421137
425954
427096
427250
432669
433579
444342
445663
449166
451429
453193
453200
460415
460608
460754
461571
462055
463507
464331
464928
468051
468791
470065
471630
471841
474027
483161
483533
489861
490190
495018
495047
499519
507418
508101
508803
511908
512746
514311
514775
515491
516407
516797
521340
524662
526900
528833
529543
529795
531053
533279
536911
540322
546706
548108
548152
548830
554079
554673
555013
563851
566352
569912
573259
576281
578301
579652
583460
588437
593107
596217
602580
604098
604291
605763
606762
607784
610976
612518
612824
616689
618576
626293
632424
633114
644142
648052
649774
651048
652979
654029
674245
681522
691791
696493
698499
707139
720385
723417
725683
729030
730981
734723
739860
741764
745567
748250
751640
758362
760414
779524
784957
791686
828186
829768
833231
838190
843255
865525
866455
870253
875101
879166
880558
880711
884542
889372
889462
889768
902688
903640
904975
907465
908239
910386
915181
928890
930235
933793
940354
950781
953088
953343
957469
963091
963258
964541
970052
971992
972539
973691
974145
977640
978653
988692
999259
999796
1000406
1009010
1011496
1015088
1023349
1025140
1029264
1030911
1040391
1043083
1044697
1052000
1056238
1056623
1061317
1061637
1071032
1071331
1074510
1078872
1089040
1090029
1095891
1099347
1103098
1112588
1124356
1133574
1155422
1162193
1163691
1165385
1166865
1167207
1167617
1168320
1168550
1168767
1171265
1171591
1173969
1178842
1180366
1181655
1181760
1188174
1191689
1198352
1203263
1204127
1208115
1209219
1210332
1213768
1221728
1229524
1230877
1232575
1233049
1236675
1237545
1237605
1237802
1238574
1238925
1239141
1239805
1239872
1245019
1246576
