111901
121842
132873
135537
137637
144223
147466
147839
149358
164011
164245
172457
175030
176923
179122
180587
183365
186567
189203
193058
196079
205440
209038
211249
225099
232158
232716
241262
263990
271363
275145
284538
284718
285334
285727
289744
290642
301840
312694
313574
322611
324924
327617
329954
331822
334092
336239
339517
342631
348456
349175
352503
355192
355952
360281
360516
366154
369359
371266
373276
376207
385884
390288
391238
392865
393298
397005
399636
405080
411041
411179
414778
415543
419573
421188
426774
427893
438276
438292
438350
439351
443448
448223
448379
450717
458452
480061
480255
486282
486768
493932
494474
495371
499344
505897
509781
510354
512934
513229
517911
518888
520105
526949
527508
529492
536854
537265
538322
538455
540322
551256
555241
562023
564054
567840
576281
579194
579243
580916
590436
590891
595959
598574
599293
603359
612375
626124
656026
672788
673831
684803
689705
716465
725689
727518
733528
734827
756427
763366
792719
796188
818420
821181
821419
825962
832733
837578
867045
872971
881163
889372
921280
921295
923737
937939
945698
953867
956686
966883
969405
973642
982864
991985
996122
998432
1011380
1012322
1017280
1021980
1025779
1028858
1031427
1036180
1044697
1049623
1050325
1051255
1061702
1063103
1064451
1071032
1071940
1073556
1081866
1091381
1095744
1102578
1102714
1105731
1107167
1121044
1125095
1153290
1155422
1166438
1166717
1169908
1170319
1170504
1170848
1170991
1174346
1174792
1187181
1187667
1192997
1195041
1198986
1211526
1220333
1220893
1223554
1224499
1226252
1228399
1229219
1236011
1240239
1241990
1242619
