103101
106261
106845
107150
107536
107981
111539
111911
122194
128096
129710
131739
133014
133534
137637
141519
143958
144223
147422
149358
150303
151984
156003
156305
159390
159875
170455
172457
173068
173559
175030
177158
179079
181186
184525
186567
188206
189203
193219
201078
207999
209038
211726
223124
223769
231223
232528
232630
233608
235302
238407
241363
245375
252539
252625
254464
257800
261867
263990
268238
268398
274391
275145
278317
281388
282859
285727
286698
289744
292707
295911
296939
299586
312694
313330
314677
315521
319861
319952
320828
323823
326027
334092
334799
336083
336239
337232
338241
339726
343860
347042
347996
349205
349914
350268
355952
357076
359000
361274
367989
369132
369359
371266
371614
373189
373276
376207
384249
384624
385046
387220
388004
389132
392865
398255
402629
405080
406490
408070
411041
411179
412754
412807
414485
416265
418716
418954
419573
421188
422146
425791
429142
429282
430423
431083
433359
436155
438276
439351
449227
449661
453499
455558
456150
457331
460608
461473
462236
465434
470371
472186
472574
473380
474380
480061
480106
480255
480763
483240
484956
485828
490931
491581
493932
495371
496594
496844
496885
507119
508716
509781
511293
513037
513229
513327
516692
517522
523187
529543
532366
536284
536648
536854
537265
541950
545781
546438
547684
550777
550905
553494
556243
557623
557637
557851
558271
563848
565214
571550
572727
574194
579243
581071
583577
584282
585227
585878
589957
589971
592073
595074
598761
609552
613217
619485
642489
652084
656026
658691
672788
686267
690889
705311
716465
723572
725938
735241
738677
742911
752805
762002
765773
769445
773804
773862
774914
782942
793305
794349
796188
809543
818420
821419
825962
826217
831250
832733
833255
837578
840637
849340
859466
871644
872120
873018
875804
880568
882245
884179
886056
886947
893939
894187
896943
911331
914853
917356
919294
925293
933793
935849
939722
940381
945698
947206
951512
956686
958148
966858
969405
970623
972938
979326
991985
997744
1003026
1003686
1007836
1009063
1010794
1011380
1014152
1018599
1021655
1025528
1031480
1032999
1033353
1036780
1036866
1044697
1048120
1050237
1053904
1056712
1061188
1063103
1064077
1064451
1071032
1074510
1076876
1089611
1094863
1099716
1102763
1107167
1108996
1111819
1121044
1123400
1125095
1153069
1153818
1155422
1158928
1162122
1163559
1165766
1166377
1170139
1170504
1170991
1174792
1175532
1178019
1178228
1188127
1189196
1190251
1192624
1195348
1196573
1196789
1197342
1198151
1201555
1203396
1207053
1207591
1210635
1211526
1214960
1216738
1217590
1219618
1220333
1225803
1228271
1233232
1236011
1241990
1242619
1243533
1244298
1244846
