104122
114621
132873
133955
148600
149358
157480
158654
179210
181491
182205
220140
223769
225006
237011
238407
297198
317085
332928
338862
348211
349038
353700
354817
357076
366154
371266
373276
382617
383055
388751
399636
402629
405080
405963
406069
411041
414778
418357
446165
449975
460608
461604
469008
486113
490873
516692
518888
519498
529543
532366
535711
536648
545785
552096
555991
556559
565979
567200
584282
590436
591159
596761
603359
609082
612284
613217
633283
656898
658691
678109
734827
762847
772088
832957
833255
872971
931348
939722
972938
978032
980992
1020474
1063103
1066872
1066878
1067863
1071032
1096704
1106512
1121044
1155422
1158650
1163559
1170504
1170991
1201555
1220333
1236011
1238912
1241990
1242580
1242652
