100715
103101
106845
114621
120153
122194
126268
133014
144223
147670
149358
150303
156305
168011
168797
172457
173068
173559
176093
178316
182205
193219
209038
211249
216255
217456
221046
221812
222546
224628
231223
243852
247920
256580
259005
263990
269154
269944
285727
289744
300450
303113
319251
322611
323823
325191
332928
335322
335616
338862
339726
349205
350146
351599
351983
353700
355952
357905
362197
364470
369158
369359
371095
371266
371849
377348
390818
392865
393298
397005
407466
408099
411913
414915
415771
416265
422146
422630
427699
439351
446067
446165
448223
455558
459308
460608
463535
465179
466365
468051
477144
477469
479054
481450
490201
491581
496126
512746
515936
517522
529543
529710
532152
540322
545945
546438
547497
548152
551871
558564
563851
567223
567863
572727
576281
577867
577997
579194
584297
588525
590154
595074
602965
604291
612887
618576
626124
632424
656134
684671
691537
705311
722810
725135
737643
753505
761744
762002
782177
789578
790252
800950
818420
828136
829744
849340
869407
881068
881163
882992
885851
886947
918206
919151
922108
924203
933793
939722
941597
941776
945568
948238
948265
951512
953914
964541
969405
972104
972285
975212
979326
991393
997744
1009063
1010794
1022699
1025140
1029914
1037406
1041263
1044697
1050325
1060391
1061702
1063103
1065030
1066509
1066878
1071032
1074510
1082607
1089061
1089611
1101605
1102631
1150404
1155422
1158928
1170319
1173287
1174792
1180476
1181760
1192624
1198123
1198151
1199390
1211526
1219618
1220333
1224499
1224502
1225803
1226895
1241990
