100715
109439
111800
111901
116105
121517
144573
146149
149358
151984
153339
157573
166996
170455
171642
173559
188096
196252
205463
205655
209038
210401
222546
225099
227535
238407
248818
255353
261750
274391
280075
283105
284538
285334
285727
290943
301640
303666
306111
309534
319952
325217
329029
335322
336239
337565
338862
345366
347996
349175
350141
355952
357076
361353
361928
376752
377865
384624
390271
400827
406497
408037
408070
412807
412850
413942
415543
420925
422146
431711
436155
439351
445530
447692
448223
448379
449959
452539
456150
460592
460608
461139
461473
465179
466365
471727
480106
482054
484230
487727
488325
496594
496602
496799
508424
510025
510744
516806
527137
535690
538455
542549
545927
560438
571467
581043
583577
584297
587759
589028
590436
592464
656134
686116
756427
778269
797569
818420
821963
824341
837378
863824
866455
872971
885100
895220
924203
926689
932566
933462
944364
958148
963812
969405
975791
1010794
1017280
1019059
1025140
1025779
1030188
1031480
1034531
1037406
1050761
1066878
1067863
1071032
1089611
1108657
1109874
1113184
1121044
1155422
1158916
1165834
1169334
1170504
1174792
1177724
1181387
1195348
1197342
1214796
1220333
