100351
100630
100942
102086
105649
107030
108938
109525
109730
110899
111175
111287
112044
113661
114363
114666
116290
116560
116969
117912
118071
118478
118554
118606
119510
119521
121147
121437
121607
121730
123035
123881
124069
124559
124681
126035
126718
127760
127790
129289
130188
130366
130555
130700
131516
132253
132641
133892
135825
138058
138296
138886
139833
140052
141207
141332
143668
144417
146175
146208
147333
147410
147772
148416
149886
149963
150817
151989
153900
155563
156212
156634
158639
158972
159748
160400
160791
161848
163689
163810
164738
167409
168079
171039
172406
172576
173181
173319
175866
176862
177469
178829
179706
179727
179988
182670
182855
184677
184830
185215
185625
187833
187986
188588
191857
192516
193677
193696
195642
197985
198623
198862
199021
199278
199673
200898
201584
202119
202858
205071
205109
206454
206779
208869
211046
211854
214303
214517
215374
215796
215849
217089
217297
220763
225015
226086
226924
227159
228319
228704
230341
230856
232159
233518
234017
234320
234800
235297
238153
238316
238828
239145
241388
241604
242171
242206
242569
242680
242920
243093
244198
247822
248530
248676
251002
251114
253466
255031
255913
257982
259756
259947
260697
261223
261280
262090
262161
262852
264263
265244
267164
267343
267648
267775
269015
269223
269529
270220
271497
272123
273842
274400
275298
275782
276189
279979
280081
280855
283278
284461
287490
288517
288685
289246
291564
291752
292347
292710
292885
293702
293992
294115
294412
294943
296181
296343
296455
296815
297390
297442
299907
300688
301402
302709
303696
304012
305094
305678
306257
307210
307665
308334
308992
309153
309563
309662
312163
312856
314138
314234
314647
315575
316368
317586
319006
321120
321847
322520
323046
325622
326070
326528
326854
327976
328019
329339
330312
332083
332346
332432
333036
333665
334185
335036
335224
335544
336381
336730
336873
337414
337531
337743
338085
338182
338798
339445
339885
341164
341849
341866
343805
343869
344106
344290
344415
344630
346289
346638
347246
349765
350390
350593
351013
351040
351455
351763
352108
354730
355520
356280
356945
357957
358543
359007
359077
359398
361488
362675
363093
365174
369391
369654
371485
371498
371519
371575
372970
373506
374467
374847
375338
376468
378183
378563
379576
379896
380309
380555
380689
380881
381685
382117
382961
385735
387373
387528
388097
391139
391425
391631
392706
392937
394026
396831
397384
399682
400722
400808
401212
403184
403445
403759
403874
404374
405626
405901
405997
406848
408266
408547
409174
410921
414193
414378
416219
416890
416959
420245
420571
421137
421852
423611
424511
424534
425001
425424
425686
425954
426430
427096
427250
428604
428750
428820
431547
431837
432898
434194
434667
435091
436333
436587
437383
437840
439114
439261
439923
440924
441032
441803
442885
445207
445481
446141
446169
446878
447204
448792
450205
450548
451685
453193
453834
454083
454197
454219
455008
456287
457077
458921
460228
460756
460771
460805
460915
461997
463457
463969
464331
464482
464868
466214
467022
468396
469497
470042
470752
471841
472476
473137
476362
477807
479256
480373
480524
480623
480928
482512
482649
482740
482999
483490
483533
484120
484351
486286
488821
490190
493372
494444
495507
496238
497295
498824
499402
499519
499566
499712
500190
500694
501817
502470
502556
503202
504671
505081
505859
506019
506632
507889
507911
508803
509945
510622
512100
512483
513053
514478
514513
515009
515368
516402
516505
517175
518226
518759
518843
518902
518911
519068
519452
519472
519887
520041
520357
520531
521837
522574
522876
523515
525730
525815
525889
526900
528601
528700
529667
530862
532306
535249
535413
535838
535929
536334
536971
538133
539813
541193
541417
542084
543400
543430
545752
545865
546995
549705
550000
551551
552555
552846
553841
554079
554565
555432
555618
556062
556852
557170
558641
558940
560864
562198
565223
565366
566531
567280
567787
568991
570060
570071
570365
571211
571913
572285
572329
575459
576301
576313
576327
577215
577469
578301
578715
580957
581673
583460
584167
584447
586193
587539
588437
589515
589952
593200
593459
594535
596217
598334
599245
599725
600505
600607
601900
602580
603391
604625
606450
608228
608950
609178
612410
612525
612824
612953
613804
615572
616225
616308
616689
617754
618667
622027
623860
625091
626070
626293
626543
626547
628458
631728
634774
648052
655274
658355
666700
674245
680679
680791
681522
683849
684785
686919
691791
696493
701153
702345
705461
717621
718449
721265
725052
725674
729490
739860
740276
740325
741223
742751
742752
747609
748401
749584
751640
751921
756486
758395
759580
762454
764099
767252
770127
771773
773493
776007
778855
779569
779784
780709
784400
794248
794611
794828
795480
820012
822437
827754
829305
833102
834878
836316
836821
838066
838190
839662
841583
843087
844047
844897
845965
847010
849398
863452
864313
864534
868830
869371
870078
871085
872222
873063
875750
876693
876768
880018
880754
880853
881662
883831
886182
889462
889954
890147
891167
891917
897112
898398
899802
899949
902624
904119
906700
907399
907465
908239
908384
911241
911614
915181
915967
916245
917858
918021
918128
922413
922899
923982
926125
926660
937602
939408
949466
949491
950091
950781
950963
952642
953088
953668
953816
954307
956341
957469
958732
958960
963258
963523
963615
964437
964536
965265
967612
968551
969099
970813
971440
971894
971992
972539
973209
975522
977640
978018
979705
980613
980993
982129
986325
986779
988692
989480
995513
996421
997163
999056
1000560
1001837
1001980
1004644
1005767
1006301
1006485
1007975
1008376
1009417
1013535
1014685
1015959
1018350
1021653
1023349
1027704
1029981
1032078
1035567
1036736
1038016
1039138
1042827
1045120
1046200
1046665
1047587
1047735
1048693
1052000
1052397
1053562
1054186
1054362
1054705
1056892
1057887
1059459
1061637
1063883
1065517
1069133
1069295
1073553
1076336
1077452
1077855
1083206
1085762
1087105
1088550
1089586
1089618
1090057
1093004
1095891
1096289
1098337
1098455
1099079
1099219
1100394
1106362
1106530
1107755
1107772
1110262
1111244
1122775
1123496
1124305
1124356
1149848
1157721
1158336
1158603
1158986
1159082
1159583
1160216
1160461
1162398
1163145
1163691
1163707
1163901
1164639
1166696
1166779
1167207
1167617
1168082
1168767
1169656
1170233
1171370
1171591
1171672
1172049
1172145
1173969
1176580
1176603
1177828
1181547
1182559
1184199
1184638
1186514
1189232
1191727
1191759
1194451
1196500
1197452
1197850
1198352
1199522
1199905
1201603
1203695
1204097
1205586
1206265
1207540
1208302
1209111
1210893
1213402
1213768
1214762
1216036
1217692
1218881
1221408
1225176
1227145
1232575
1235206
1236675
1237301
1237802
1238124
1238217
1239028
1241233
1241312
1242492
1244154
1244423
1244683
1245952
