100715
103101
106261
106845
107150
107536
107981
114621
117987
121517
122194
123892
128096
129710
133014
133534
141519
144223
145163
149358
150303
151984
156305
156369
159390
159875
170455
172457
175030
177158
184525
186567
189203
193219
200628
201078
209038
214925
215571
223124
223769
231223
232630
233608
235302
238407
248818
254464
257800
263990
268238
268398
274391
275145
278317
285727
289744
292707
296939
313330
314677
315521
317361
319861
319952
320828
322611
323823
326027
329029
334092
334799
336083
338241
340892
343860
344568
347996
348780
349205
349914
351599
355952
357076
359000
361274
366154
371266
373189
384249
384624
385046
389056
389132
389914
398255
402629
405080
408070
411041
411179
412754
412807
414485
416265
418716
419573
421188
422146
429282
430423
430837
433209
433359
433733
436155
438276
439351
454160
456150
460608
461473
472186
472574
474380
480061
480106
485828
491581
493932
495371
496594
496885
507119
511293
513037
513327
515156
517522
522003
529543
532366
535603
536284
536648
536854
537265
552096
556243
557623
557637
557851
558155
563848
571550
579243
582195
583577
585227
585878
589957
592073
592916
595074
612887
619485
635176
656026
672788
680508
690889
723572
754023
762002
765773
773862
793305
797569
818420
819864
825962
831250
836786
840637
849340
873018
880568
884179
886056
886947
893939
894187
895808
917356
925293
928949
933793
935849
936719
939722
940381
947206
956686
958288
966858
969405
970623
979326
1007836
1009063
1011380
1018599
1032905
1032999
1036780
1044697
1048120
1048291
1050237
1053904
1058467
1063103
1064451
1071032
1072252
1074510
1076876
1094863
1099716
1099995
1107167
1108996
1109874
1111819
1123400
1125095
1153818
1158928
1162122
1163559
1170139
1178228
1189196
1190251
1192624
1196789
1198151
1201555
1203396
1211526
1217590
1217817
1219618
1236011
1241990
1242619
1243533
1244298
