100403
103101
104122
107536
107724
107981
109200
110164
111539
111901
113350
114621
117305
117987
122194
129710
130260
130891
131739
132328
132873
133955
135537
138661
139918
140050
140908
141519
144573
145163
147839
148178
148600
148673
149358
151025
151984
152438
153096
156003
156305
156369
157480
158654
159875
161358
162721
162971
168139
171642
172939
174204
175030
176093
179079
179122
179210
179354
179452
180587
181491
182205
184407
186567
187060
188206
189203
190081
190598
192866
196070
198094
198622
200059
201704
202034
205440
205463
207999
211249
213053
215571
216255
217456
220140
221046
221812
222546
223124
223769
225006
225099
226572
231223
232158
232475
233608
234768
236355
236787
237011
238407
241363
244452
244703
245375
247159
247593
248818
248830
249703
252539
253342
254464
255383
255496
256580
257146
259005
261750
263990
268238
269154
271363
271745
272184
274391
274448
274812
275813
278317
279261
279304
281388
282341
282723
282859
283101
283164
284704
284718
285334
285727
290854
293830
295911
296144
296615
297198
297775
300677
302336
303113
303130
307920
308901
309534
309787
312694
313531
317085
317110
317806
318498
318712
319166
319251
319861
319952
320493
321153
321596
323823
324156
324387
325063
325191
327617
329954
330361
331082
332928
335124
335616
336148
336239
336868
338748
338862
342631
343860
344568
347042
348211
348456
349038
349914
350268
351983
352441
352503
353700
354817
355592
355952
356538
357076
357905
358113
358124
358261
359000
359239
360516
361274
363069
366154
368055
369158
370185
371266
373276
377062
377348
382617
383055
384082
384624
385046
386178
386287
387220
388751
389132
389914
390818
393927
395217
396903
397222
397717
398830
399636
400827
401319
402518
402629
403297
404674
405080
405963
406069
406180
406394
406490
408070
408499
411041
411179
411832
412751
412807
414778
414915
416480
418357
418716
420381
420925
422146
422630
422794
425600
429142
429282
430340
430423
431711
431759
431767
432571
432893
433733
435267
437363
438350
439351
441335
442907
443448
443466
446165
446868
447692
448629
449593
449975
456150
458452
460608
461439
461473
461604
461655
462236
466370
468051
468525
469008
470371
470683
472067
473380
480106
480445
481113
482398
484511
484956
485828
486113
486768
487410
488325
488731
490201
490250
490873
492371
494127
494474
494628
494647
495306
496844
499204
501079
501499
502591
507155
508716
510354
511908
512350
512746
512934
513327
514356
515491
515936
516692
517522
518888
519498
521298
522003
523421
523772
526524
527508
528833
529543
529566
531887
532366
532667
534228
535603
535690
535711
536284
536648
536998
537265
537392
537653
537965
538455
540322
541311
545781
545785
545945
547596
548152
548446
548681
550905
551714
552096
552295
553406
555631
555882
555991
556243
556559
556676
557623
558271
558564
560425
560438
562023
563848
563851
564612
565214
565979
567200
567223
567520
567840
568382
571013
572243
573408
575027
576281
577640
577867
577997
578537
578876
579243
584282
585227
585615
586612
586731
588525
589971
590154
590436
591159
592916
593807
595004
596427
596761
599293
600515
602687
603359
604291
604971
605982
606579
608770
609082
610554
612284
613217
615790
615811
616647
618148
618576
619485
620265
620811
621412
621421
622333
622569
625591
632424
632628
633283
639169
647384
656898
658691
672788
678109
689705
690889
698237
700038
715527
722810
723572
727518
727718
729149
734827
735241
738677
741582
747498
748232
750068
751399
752805
754023
756427
761744
762847
763225
766612
767608
769445
771574
772088
773468
773804
774114
774914
777174
779222
781095
789578
793305
794349
800950
801364
804295
807713
819864
821181
825190
827055
829273
832438
832957
833255
834995
836786
837378
837578
839250
840637
843216
847586
849340
859466
866455
866663
866758
867045
867749
869320
869407
870977
871644
872120
872317
872971
875804
876096
878915
880568
881068
882282
882421
883538
884179
889372
890626
893939
894187
895808
896943
899392
902688
904012
910707
911331
914853
918206
919151
921280
923737
924203
924660
928949
930557
931348
933793
935817
936719
939722
940381
945668
945698
949140
949370
953867
956686
963942
964541
968137
969405
969956
970623
971035
971139
972285
972938
973642
975212
976697
976826
977704
977832
978032
978181
978653
980970
980992
982864
985214
985249
988747
991393
996122
997771
1008808
1011496
1012477
1017280
1017612
1018465
1020474
1023754
1024519
1025140
1025779
1027240
1029914
1032905
1033353
1035622
1036780
1041263
1044697
1048291
1049623
1050237
1052762
1052901
1053904
1058940
1060391
1063103
1063450
1064451
1066872
1066878
1067387
1067863
1069952
1071032
1072252
1073556
1074510
1075952
1077172
1078605
1080641
1081866
1082607
1082849
1085992
1089061
1089611
1091381
1094910
1096704
1099716
1100106
1101605
1102578
1105731
1106512
1107167
1108657
1110165
1111819
1112491
1121044
1123400
1150404
1151427
1153818
1153974
1155422
1158650
1158916
1160628
1160852
1162713
1163559
1164301
1164896
1165940
1166438
1166717
1166927
1167769
1167825
1168627
1170139
1170319
1170504
1170848
1170991
1171818
1174346
1176130
1178019
1178228
1180476
1181760
1182777
1189196
1189881
1190251
1191310
1191700
1192624
1192896
1193538
1195348
1195378
1195554
1196258
1196573
1198151
1201555
1206572
1206752
1206774
1211526
1212744
1214469
1214960
1216002
1216011
1217590
1218070
1218323
1219889
1220333
1220893
1221526
1224499
1225140
1226895
1233232
1235655
1236011
1236629
1237467
1237795
1238912
1241388
1241990
1242580
1242619
1242652
1244298
1245469
