103101
107536
149358
151984
156305
176093
179452
198622
211249
217456
221046
221812
222546
231223
256580
259005
263990
269154
274391
285334
285727
293830
303113
319251
323823
325191
332928
335616
338862
351983
353700
355952
357076
357905
358113
358261
366154
369158
370185
371266
377348
390818
397717
398830
414915
422630
439351
446165
460608
468051
487410
490201
490873
511908
512746
515491
515936
517522
518888
523772
528833
529543
537265
540322
545945
548152
553406
558564
563851
567223
576281
577867
577997
579243
588525
590154
592916
604291
605982
618576
621421
632424
722810
751399
761744
789578
794349
800950
829273
866455
869407
881068
889372
902688
918206
919151
924203
933793
939722
964541
969405
971139
972285
977832
978653
991393
1011496
1025140
1029914
1041263
1044697
1049623
1060391
1063103
1066878
1071032
1074510
1082607
1089061
1089611
1101605
1150404
1155422
1170319
1180476
1181760
1190251
1192624
1198151
1211526
1218070
1220333
1224499
1226895
1236011
1241990
