100194
100351
100942
101532
101687
101763
101998
102375
102647
103218
104345
104870
105649
106500
107030
108294
108927
108938
109054
109572
109615
109730
109765
110899
111939
112044
112570
113109
113487
114666
115511
116517
116566
116969
117667
117934
118478
118554
118606
119803
120248
120331
121147
121672
121730
122918
123035
123517
123777
124069
124464
124681
125407
125664
126875
127760
127790
128083
128568
128703
129151
130366
130464
131403
132014
132253
132519
132622
132936
133070
133892
134146
134917
137677
140093
140121
140167
140234
140387
141207
141601
141636
141778
141815
145004
145478
146032
146208
146720
147410
148775
148963
149318
149601
149886
149963
150221
150393
151126
151702
151806
152992
153534
153656
153848
154386
155211
156634
157011
157427
157663
157893
158554
160153
160270
160378
162585
162754
163869
164231
164308
165402
168285
170515
171664
171795
172406
173319
173410
173876
174578
175168
175203
176750
176862
178829
179416
179727
179988
180230
180707
181642
182377
183398
184920
185297
187833
188478
188482
188513
188588
188982
189769
190168
191681
191747
191857
192765
195197
195200
196083
198355
199323
199673
199911
200047
200355
200391
200898
201250
201396
202409
202754
203088
203368
204037
204328
204400
205109
206123
207233
208231
209055
209276
209608
210653
210939
211672
211752
212139
213211
214517
215374
215849
218431
219803
219957
221843
223774
224262
224646
226924
226985
227452
227628
227677
231629
231893
232696
233174
234320
234495
234901
235297
236544
237023
237374
238365
238743
238881
239129
240479
240484
241017
242143
244827
245887
247822
247851
247885
248962
249934
250456
250535
251002
251114
252444
252704
253781
254395
254813
256503
257024
259132
260118
261918
262161
262440
262442
264004
264151
264172
264832
265244
265739
266265
266879
266994
267391
267956
268854
269603
269982
270220
271497
272307
273229
273864
274132
274894
275025
276151
276372
276396
276634
277744
278275
278593
278811
279756
280880
281555
281988
283278
284600
285430
286161
286228
286890
286903
288098
288685
289246
291564
291986
294115
294943
294965
295048
295084
296219
296343
296832
297442
299397
301402
302709
303213
303696
305242
305678
306257
307210
308063
308334
308467
308992
309153
309445
310528
310702
312163
313130
314138
314228
315508
315897
316303
316368
316981
317571
317586
320242
321030
321120
321172
321909
322387
323540
324071
324352
326292
327351
327358
327874
328019
329014
329819
329867
330069
332348
332635
332788
333067
333674
333809
335918
336247
337538
337743
338042
338288
339428
339445
339456
339524
341866
341989
343805
344106
344129
344157
344298
345369
345624
346289
350143
350354
350390
350887
351040
352108
352928
353299
353509
355050
355838
356945
357620
358338
358760
359007
360626
361281
361488
361977
363093
364137
366033
366593
368080
368561
369390
369391
369654
371498
371519
371575
372709
372751
372779
373747
374205
375104
375986
376173
376277
379043
380054
380551
380689
380881
381774
382500
383294
386709
387836
387857
388905
389609
389709
391139
391197
391277
392706
392990
393703
394026
396088
397272
397295
397673
401082
402831
403445
403759
404347
405626
408547
411438
411452
412252
413540
416555
416890
417444
417976
419062
420269
420751
421137
421381
421909
422197
422670
423459
424597
425001
425686
425954
426430
427096
427250
428202
428345
429537
430438
431547
432898
434667
435178
435733
436127
437007
437974
438114
439115
440641
440809
441344
442113
443015
444052
444398
444743
445207
446438
446878
447143
447204
447321
448590
448792
449166
449358
449743
450011
450548
450658
451646
452331
452588
453193
453834
454083
454155
454219
454794
455425
456892
457692
458692
458921
459432
460228
460243
460889
460915
461997
462697
463457
463507
463969
464331
464842
465004
465158
465308
465771
466468
467113
467407
468467
468837
469298
470042
470271
470752
471529
474699
474850
475440
476566
476652
476721
477001
477056
477413
477436
477520
477616
478556
478639
480562
481424
482512
482740
483002
483533
483786
485101
485938
488580
489886
489993
490090
490190
490858
491179
491767
493713
495409
495625
498022
499712
499840
500694
501835
502556
503202
503865
505071
506019
506632
507844
508093
508101
508797
509527
510060
510710
511024
511747
511792
512483
514044
514478
514513
514562
515368
515778
516402
517711
517918
518300
518488
518762
519137
519261
519362
519452
520041
520056
520531
520727
521885
522140
522260
522268
523273
523480
523515
524087
524165
524222
524542
524668
525815
526399
526488
526900
527677
527838
528415
529037
530133
530327
531053
531831
532306
532337
532387
533279
534548
535088
535249
535929
537573
538133
539813
540994
543323
543558
543869
545598
545865
545984
546948
547162
548075
548624
548780
549038
549049
549392
549705
549950
550117
550227
550372
552824
552846
553478
554199
554667
555618
556062
556301
556852
556943
557170
557270
558639
560139
563379
563600
564071
564738
565223
565546
566339
566360
566531
567321
567971
570060
571913
571960
572483
573223
573519
574634
574649
574941
575459
577925
578301
579429
580123
580153
583460
584126
584447
585153
585186
592631
594535
595043
595077
596217
597071
597545
598520
599279
599725
599727
600388
600449
600505
600705
601544
601732
601900
602247
602580
602649
602814
604276
604625
606450
607784
608228
608651
609497
611673
612824
613237
614102
615217
616425
616689
616924
617055
621108
621175
621358
621645
622371
622396
622410
623370
624033
624483
624891
625091
626547
634535
642259
645406
647845
648052
651586
652268
654955
657257
658355
666512
668785
670255
673938
674245
680679
682209
685675
696120
696916
697228
697448
700437
705461
711135
711253
715341
715453
717413
717621
718449
719763
721265
721306
724769
725594
731154
731930
735292
735711
739860
740325
746930
751640
755525
757634
761107
761912
763292
764186
764703
767197
770844
771711
772456
773493
774150
776007
779524
779784
780709
784400
790432
790583
794611
794690
795480
801016
806452
811849
815145
817773
818643
819320
822437
824247
827637
827684
828186
831640
836821
837831
838190
843577
845834
847660
847693
849398
863109
863705
864313
864534
865625
867332
868830
869078
869865
871913
872009
873567
874415
875023
876768
878063
880018
880837
881662
882335
883094
884582
886926
889264
889462
890216
890276
891917
896144
896272
896406
896576
897112
899176
899503
899949
901658
903493
903506
903640
904975
906338
906775
907235
907465
907616
908239
908561
910386
910611
911192
911318
912261
912398
913528
915181
916607
917021
917858
919345
922347
923982
935434
936316
937658
939408
940391
943941
944871
945336
947721
948522
948719
948861
949334
949491
950781
953681
953733
953767
954307
955150
956307
956341
957231
957469
958406
959463
959654
963215
963608
963615
964536
965265
965726
965732
968493
969925
970654
971363
971992
972506
973330
973987
976245
979705
981371
983313
984204
985584
985590
986779
989289
991727
992661
993844
994299
995068
995709
995860
996264
997163
999796
1000572
1001746
1005793
1007975
1009010
1010123
1010143
1012481
1013519
1013535
1014685
1015959
1020503
1021208
1022283
1025017
1025962
1027704
1030140
1033300
1034094
1035211
1036197
1037084
1038069
1040260
1040923
1042374
1043083
1044805
1045120
1046665
1046906
1047587
1048334
1048509
1049835
1052000
1053632
1054006
1054186
1054285
1056623
1056892
1057085
1059172
1059459
1061106
1061317
1061637
1062852
1063037
1063364
1064103
1066192
1066548
1067295
1068786
1070388
1072779
1075341
1076586
1078872
1079799
1080244
1082751
1083883
1085199
1087105
1089040
1093004
1095891
1097825
1098325
1099359
1100398
1100448
1101214
1101837
1102756
1103434
1103450
1107311
1108114
1110178
1111590
1114355
1115067
1115520
1119605
1120667
1121072
1121384
1124356
1133574
1151020
1152325
1155827
1158336
1159268
1160717
1160772
1162191
1163691
1164639
1164676
1166138
1166148
1166395
1166865
1167207
1168320
1168652
1168767
1171591
1172011
1172049
1172787
1172856
1178332
1178337
1179385
1180756
1183011
1185071
1186493
1187832
1189420
1191759
1195393
1195916
1196633
1196711
1197850
1198352
1199738
1199905
1200584
1200983
1202592
1202978
1203541
1204127
1204414
1205586
1205666
1206265
1211165
1211308
1211406
1213768
1214331
1214477
1214762
1216244
1218083
1218594
1218881
1220142
1221464
1225683
1225976
1226863
1227145
1228789
1229524
1232575
1234862
1235378
1236675
1236840
1237802
1238124
1238217
1239141
1239872
1240791
1241616
1241825
1242252
1243105
1244683
1245402
