100351
105649
107216
108228
109765
115334
118606
127960
131516
132253
134163
134914
139363
141601
145215
149318
149886
150337
157246
159567
161742
164231
177693
180223
188482
188588
189283
191747
192635
195808
197752
202227
205800
209988
214177
215374
215849
219353
219957
221900
222546
223786
226924
231629
232159
242928
246348
247822
248336
251365
257373
257705
258025
261715
265244
268558
273229
273864
274953
275401
278491
282068
285090
285334
286161
286228
286306
288714
291899
293830
298214
299397
302709
312415
312856
312870
313472
313731
314138
317586
318300
318455
327874
332348
336247
336830
338288
339977
343202
343816
355402
355661
356945
358113
362989
371266
375104
378436
378965
379272
380329
380881
382117
382180
390199
397295
400253
404670
405310
410508
413973
414915
416890
422630
426430
430868
432898
434444
434667
437974
448590
450548
453834
458921
460889
464208
470042
478530
482580
482649
484493
487410
488638
490201
490737
491395
493372
498824
500694
501835
502695
505941
506632
506984
509835
515936
516389
516402
518762
519137
519861
520071
520531
527677
530327
532306
532504
532620
533708
535838
537265
538133
539188
539572
541689
545865
555871
556943
558564
560864
561915
564071
567223
567280
572483
574409
574988
580153
580829
582405
582842
594535
598679
599725
600365
600407
601246
601640
607833
609056
609497
611059
616105
618667
619106
621421
623370
625091
645406
670457
686919
703617
711978
716605
717621
721306
747446
756209
761744
773493
777643
800950
805158
817773
822185
829769
832235
833102
838788
841409
842170
864534
868999
874591
876693
881068
881662
891167
892868
897112
899949
900554
905659
906775
910611
918206
923982
949568
957568
965178
968493
968496
969405
970021
971139
973330
977832
981371
985590
985710
989745
1012481
1018706
1030140
1031383
1034893
1038786
1046906
1048849
1049623
1056600
1063946
1071450
1087105
1089061
1095220
1101605
1107311
1108363
1110685
1124305
1156107
1158419
1160216
1160717
1163901
1170319
1171944
1173955
1176921
1189232
1190251
1192624
1194451
1198151
1199905
1203549
1216244
1220283
1221274
1236696
1241990
1242175
1246673
