100194
100351
100630
100942
101246
102086
102233
103814
105047
105649
105919
107030
107493
108294
108938
109054
109525
109730
109899
110899
111175
111287
111990
112044
112935
113661
113699
114304
114363
114666
116281
116290
116560
116969
117667
117912
118071
118478
118554
118606
119510
119521
120286
121147
121408
121437
121607
121730
122130
123035
123881
124069
124559
124681
126035
126718
126975
127760
127790
129151
129289
129318
130188
130366
130464
130555
130700
131402
131511
131516
132014
132253
132641
133556
133892
133998
135500
135825
137123
138058
138296
138886
139833
140052
141126
141207
141332
141642
142694
143668
144256
144417
145215
146032
146069
146175
146208
147333
147410
147772
148040
148416
149886
149963
150817
151989
152484
152797
152992
153656
153900
154193
154982
155563
156096
156212
156634
156715
156974
157861
158639
158972
159094
159748
160400
160791
161848
162055
162183
162284
163264
163689
163810
164738
165402
166524
167409
168079
168201
171039
171795
172406
172560
172576
173181
173319
174212
174942
175866
176713
176750
176862
177469
178786
178829
179706
179727
179750
179988
180808
181421
182361
182670
182855
183417
184677
184830
185156
185215
185297
185625
187314
187833
187986
188528
188588
188982
191561
191857
192516
193677
193696
193807
194283
195200
195642
196174
197718
197892
197985
198623
198862
199021
199278
199673
199835
200898
201152
201193
201584
202119
202858
204431
204764
205071
205109
205866
206454
206779
207233
208410
208869
211044
211046
211854
211979
212363
213013
214303
214517
215374
215796
215849
217089
217297
220763
225015
226086
226924
227159
228319
228458
228704
230341
230856
232159
233518
234017
234320
234800
235297
237190
237374
238153
238316
238743
238828
238881
239145
239186
239844
240049
241388
241604
242171
242190
242206
242480
242569
242680
242920
243093
244198
244827
247209
247822
248530
248676
249024
249572
250176
251002
251114
253280
253466
254903
255031
255913
257982
259756
259881
259927
259947
260697
261215
261223
261240
261280
261727
262090
262161
262442
262852
264205
264263
265244
265981
266087
266648
267164
267343
267648
267775
269015
269223
269529
270220
271346
271497
272123
272234
273842
273864
274400
274894
274953
275025
275298
275782
275978
276189
279979
280081
280855
281971
281988
282068
282186
282533
283278
284461
286161
286210
286228
287490
288039
288098
288517
288685
288714
289246
289781
289839
290340
291564
291659
291752
292347
292531
292710
292885
293702
293992
294115
294412
294943
295084
295440
296181
296343
296455
296815
297390
297442
297929
299397
299418
299446
299907
299926
300688
300984
301402
302709
302998
303546
303696
304012
305094
305678
306257
307210
307299
307665
308334
308992
309153
309563
309662
311714
312163
312355
312856
312931
313112
314138
314228
314234
314587
314647
315068
315284
315575
316042
316368
317586
319006
320242
321120
321847
322520
322776
323046
324614
325622
326056
326070
326528
326854
327351
327976
328019
329057
329339
330205
330312
332083
332346
332432
332762
333036
333665
334185
335036
335224
335335
335481
335544
335737
336381
336730
336873
336921
337414
337531
337743
338085
338182
338288
338798
339428
339445
339606
339675
339885
339905
341164
341716
341849
341866
343583
343805
343869
344106
344290
344415
344630
346289
346333
346638
346951
347067
347246
347414
347942
349049
349765
350143
350390
350593
351013
351040
351455
351686
351763
352108
353337
353509
354730
354783
355387
355520
356280
356945
357957
358338
358543
359007
359077
359398
359766
361188
361488
362675
363093
363302
365174
366834
366986
367674
369390
369391
369567
369654
371485
371498
371519
371575
372524
372970
373506
374085
374383
374467
374847
375104
375338
376468
378183
378563
379576
379896
380309
380555
380689
380881
381294
381685
382117
382961
383035
383170
384261
385735
387373
387528
388097
390693
391139
391425
391437
391617
391631
392200
392706
392932
392937
393439
393980
394026
396831
397295
397384
398410
399087
399682
400722
400808
401212
401213
402637
403184
403445
403759
403765
403874
404347
404374
405239
405626
405901
405997
406056
406848
407141
407186
408216
408266
408547
409174
409431
409911
410242
410921
413855
414193
414378
416219
416657
416890
416959
418965
420245
420571
420839
421070
421137
421852
423300
423602
423611
424511
424534
425001
425424
425686
425954
426430
427096
427250
428604
428750
428820
431384
431547
431837
432898
434194
434667
435091
436333
436587
436895
437259
437383
437840
438637
439114
439261
439923
440924
441032
441803
442885
443070
444052
445207
445481
445522
446141
446169
446878
447143
447204
448040
448792
449285
449654
449743
449925
450205
450548
451487
451685
453192
453193
453834
454083
454197
454219
455008
456287
456683
457077
458921
459345
459432
460228
460243
460754
460756
460771
460805
460915
461848
461997
462736
463457
463507
463969
464331
464482
464842
464868
466214
466468
467022
468396
469497
469533
470042
470432
470752
471841
472476
472493
472871
473137
473727
474394
474879
476362
477616
477648
477807
479256
480033
480373
480524
480623
480928
482305
482512
482649
482740
482999
483076
483490
483533
484120
484177
484351
486286
488821
490190
493372
494444
495047
495424
495507
496238
497295
498303
498824
499402
499519
499566
499712
500190
500694
501817
502470
502556
503187
503202
504102
504671
505081
505859
506019
506611
506632
506984
507197
507889
507911
508618
508803
509386
509945
510060
510225
510450
510622
511074
512100
512483
513053
514476
514478
514513
515009
515368
515406
515555
516402
516496
516505
516797
517175
517260
517413
518226
518759
518843
518902
518911
519068
519137
519327
519452
519469
519472
519718
519885
519887
519997
520041
520357
520394
520531
521837
521885
521894
522574
522876
523515
523586
523672
524222
524485
525730
525815
525889
526900
527081
527677
528441
528601
528700
529667
529795
530862
530869
531298
532306
532337
534268
535159
535249
535413
535838
535929
536334
536971
538133
538246
539813
540247
541099
541193
541230
541417
542084
543400
543430
543612
543869
545752
545865
546995
547386
547635
548830
548999
549038
549424
549705
550000
551551
552555
552846
552870
553841
554079
554565
554673
555432
555559
555618
556062
556852
557034
557170
558639
558641
558940
560864
562198
564592
564710
565223
565366
565526
566408
566531
567280
567756
567787
568991
569912
570060
570071
570365
571211
571624
571913
571960
572285
572329
573488
574988
575459
576301
576313
576327
577215
577469
577541
577620
578301
578507
578715
580957
581673
583460
584167
584447
584471
586193
587539
588437
588666
589515
589952
590111
592027
593200
593459
594535
596160
596217
596500
598054
598334
599245
599725
600449
600505
600607
601544
601900
602580
603348
603391
603487
604361
604625
606450
608169
608228
608950
609178
612410
612525
612824
612953
613804
615217
615572
616225
616308
616689
616767
617055
617754
618667
619482
621627
622027
623860
624033
624521
624828
625091
626070
626293
626543
626547
628458
628994
631728
634638
634774
636409
639907
648052
650731
652546
653292
655024
655274
658355
665101
666700
674245
675528
680679
680791
681522
683849
684785
686238
686919
689153
691791
692658
696493
697228
699807
701153
702345
703679
704816
705461
705599
707101
711978
712438
714379
715341
717621
718449
719880
721265
721420
724769
725052
725674
727214
729490
730825
733181
736206
739860
740276
740325
741223
742751
742752
745408
747609
748401
748897
749020
749584
751056
751640
751921
753354
754685
755860
756486
758395
758478
759580
762454
764099
767252
769912
770127
771773
772456
773493
775022
775182
776007
778855
779569
779784
780709
783083
784400
784455
786954
790218
792356
794248
794611
794690
794828
795480
798694
805158
813375
814744
815334
815553
817595
819320
819833
820012
822437
823539
823956
825883
827754
829305
833102
834878
835254
836316
836821
838066
838190
839662
841583
843087
844047
844897
845961
845965
847010
847660
848418
849095
849398
863452
864313
864534
865290
868830
869371
870078
871085
871463
872222
873063
875750
876693
876768
879531
880018
880447
880754
880853
881662
883609
883628
883831
885724
886182
889462
889954
890147
890276
891055
891167
891917
892868
897112
898398
899802
899949
900464
901836
902440
902624
902846
904119
905059
905873
906700
906704
907399
907465
907616
908014
908239
908384
910640
911227
911241
911369
911614
915181
915568
915947
915967
916245
917858
918021
918128
918459
920333
921598
922413
922899
923982
926125
926215
926660
936316
937602
939408
940391
949466
949491
950091
950583
950781
950963
952642
953088
953668
953767
953816
954307
956341
956708
957469
958732
958960
963258
963523
963615
964437
964536
965265
966930
967612
968551
968655
968664
969099
969958
970408
970813
971440
971894
971992
972539
973209
973631
973691
975489
975522
976581
976732
977640
978018
979705
980613
980993
981371
981401
982129
982856
983125
985590
986325
986779
988022
988673
988692
989006
989480
989745
995068
995513
995709
996421
997163
997960
999056
999694
1000560
1001837
1001980
1004644
1005767
1006301
1006485
1007668
1007975
1008376
1009417
1013535
1014587
1014685
1015959
1018350
1021653
1023349
1027704
1029458
1029981
1031383
1031701
1032078
1035567
1036452
1036736
1038016
1039029
1039138
1039714
1042827
1045030
1045120
1046162
1046200
1046665
1047587
1047735
1048693
1049835
1052000
1052397
1052775
1053562
1054186
1054362
1054705
1055988
1056623
1056892
1057887
1059343
1059459
1061637
1063037
1063883
1065517
1067295
1069133
1069295
1071778
1073436
1073553
1075341
1076336
1077452
1077855
1081772
1083206
1085762
1087105
1088550
1089586
1089618
1090057
1090134
1090323
1093004
1095891
1096289
1097861
1097881
1098337
1098455
1099079
1099219
1099695
1100394
1106362
1106383
1106530
1107311
1107755
1107772
1110262
1110438
1111244
1113778
1121072
1122775
1123496
1124305
1124356
1133574
1140726
1149848
1151439
1157721
1158336
1158364
1158603
1158986
1159082
1159102
1159583
1160216
1160461
1160764
1161989
1162398
1163145
1163691
1163707
1163734
1163901
1164639
1166138
1166696
1166779
1167207
1167617
1168051
1168082
1168767
1169656
1170233
1170752
1170775
1171370
1171591
1171672
1172049
1172145
1173969
1176580
1176603
1177828
1178946
1181547
1182559
1184199
1184638
1186514
1188651
1189232
1191051
1191484
1191727
1191759
1193606
1194451
1196500
1197452
1197850
1197856
1197916
1198352
1198565
1199522
1199905
1201603
1203695
1204097
1204480
1205519
1205586
1206265
1207540
1208302
1209111
1210893
1213402
1213768
1214762
1215775
1216036
1216244
1217692
1218881
1220175
1221408
1225176
1225976
1227145
1232575
1234517
1235206
1236101
1236675
1237221
1237301
1237605
1237802
1238124
1238217
1239028
1240460
1241233
1241312
1241825
1242492
1244154
1244423
1244683
1245952
