106319
109730
113036
113699
117912
121408
126035
129151
130555
133070
134055
141964
146208
147432
149358
149838
153534
156634
159875
175370
192516
195200
196012
204764
207309
207999
211046
217160
217297
223124
237374
238743
265595
286315
287490
288795
293992
297467
302962
303808
305678
308992
310914
312947
317644
324352
330312
335335
335918
336730
337132
339428
341270
343018
343805
346289
346493
349466
352255
361281
361488
362814
365989
371498
373616
374468
380944
381685
383170
383294
387373
393980
402629
405080
405901
408070
412209
412833
416581
418716
419062
424567
425686
430423
432729
437840
439261
444052
444055
445147
445207
446878
454083
459345
460228
462014
462819
463969
465145
477807
480106
480373
481388
486268
492336
492488
499712
500586
507197
507704
510060
511024
514324
516231
517741
518226
520059
520357
522905
531554
535454
543430
549038
550905
552846
556062
560369
560373
563904
575459
578715
579243
589952
592421
599279
600607
614286
615217
616591
619485
619745
625100
634258
653292
660622
668785
673938
688836
735241
740249
753354
759495
774914
775561
793305
794611
801580
812773
819320
823956
833255
844055
868477
871654
875771
879335
880018
881847
888764
903506
917858
930957
937357
939722
940391
940576
955102
956307
972883
973977
973987
986779
1032078
1035440
1050237
1052397
1053904
1056892
1065428
1073589
1073949
1077899
1078414
1089611
1090057
1096487
1109049
1111819
1113352
1121072
1154091
1159082
1162691
1163559
1170775
1186493
1191051
1191484
1197029
1201555
1205586
1210893
1238217
1244683
