100194
100942
101299
103814
104401
105047
105649
107030
108228
108294
108938
109054
109572
109730
110899
112039
113036
114666
114995
115438
116290
116441
116566
116969
117757
118234
118478
119510
119521
120286
121408
123035
123294
123777
123949
124464
125915
126035
126662
127760
127790
127802
128568
129151
130184
130366
130555
130571
130996
131862
132253
132936
133892
133917
135825
137464
138058
138287
138663
140093
140387
140480
140566
143668
144205
144512
145478
146208
147391
147410
148229
148963
149579
149838
149886
149963
149980
150337
150825
150865
152339
152857
152992
153500
153534
153656
153963
155285
155563
156096
156346
156366
156370
156634
157246
157503
158972
159143
160378
162055
162884
163178
163776
164525
165609
170804
171222
172406
173319
174212
174547
176750
176761
176862
177545
178285
178829
179416
179988
182670
187495
187833
188482
188588
191426
191747
191827
192516
192562
193191
193677
197718
197778
197808
199673
199911
199984
200107
200366
201699
202227
202754
203511
205003
205109
206093
206916
209218
209608
209988
211046
212139
213211
215849
217297
219159
223493
224116
225621
226924
227267
228704
231629
232785
233668
234320
234800
235297
237374
238481
238881
239503
243893
244198
244827
247287
247822
247851
247993
248530
248676
248962
249572
249740
250481
250535
250963
251036
252547
252606
253255
256229
257832
259132
261061
266265
267956
269906
269982
270220
270378
271497
273864
275401
275829
275978
276372
276634
277935
278491
280880
280966
281555
282311
282533
283278
285090
287754
288366
290249
291564
291899
292710
293851
293947
294115
297467
297953
299107
300175
302709
303696
304710
305003
305678
307210
307595
308992
309886
310030
313514
314138
314234
314636
314647
315386
315575
315727
318300
323046
324751
325127
326483
326740
328086
328141
328640
329014
330312
331420
331444
334058
334136
334388
336831
337531
339428
339606
339885
339905
340253
340456
341166
341253
341270
341803
343539
343805
344106
345624
346289
347322
348255
349537
350143
350390
350820
351763
352108
353824
356178
356320
357250
358412
359007
361068
361281
364345
364658
365510
369654
370690
371498
371519
371575
372351
373230
373369
374383
374454
375104
378436
378563
380828
380944
381774
383294
383617
387325
388923
389767
389821
392200
392706
392937
394148
396831
397272
397295
397384
398534
399087
399682
400041
400722
401551
403177
403445
404347
405901
407628
408175
408547
409690
410242
412468
412833
413932
416080
416219
416795
416959
417692
417796
418770
420626
421137
423037
423459
424511
424865
425954
426430
426790
427096
427250
428273
430438
431837
439310
440971
443409
444167
444938
445207
445261
446169
446533
446535
446878
447143
447204
447321
448590
448792
449890
449919
449925
450009
450548
450623
450775
453036
453193
453834
454794
455008
457778
458457
458651
458692
458746
460697
460754
461875
462014
462055
462819
463903
463969
464331
464519
464868
465145
465364
465877
466214
467764
468493
468837
470065
470752
471460
471775
471841
472493
473727
474098
475419
475440
475855
476652
477616
477648
478658
478898
480524
480928
482827
483161
483211
483533
484135
484493
485098
485101
488446
488754
489993
490190
491395
491767
493937
494444
495425
495544
496238
499402
499519
499712
500694
500946
501883
502470
506632
506972
507933
508618
508797
508803
509218
510060
510225
510734
510886
510973
512440
514478
516505
517175
517260
518226
518398
518843
519137
519261
519306
519452
519847
519887
520056
520059
520531
521710
521885
523766
525249
525646
526488
529795
529805
531053
531298
531554
532306
535413
536214
536615
536669
538133
539188
539813
540247
541029
541039
542084
543053
543870
545865
545910
545944
546839
548624
549038
549759
550658
551892
551934
552715
552846
556062
556852
560369
561920
562031
563916
564430
566090
566217
567321
569912
570365
571913
574988
575459
576301
577914
578507
578640
579663
580123
580717
581812
582737
584447
586117
588675
588730
590478
592027
592123
593459
594239
594535
596217
599245
599725
600407
600607
601405
601640
601900
602580
604625
606632
610365
611629
612824
613162
616689
618337
618391
619193
621358
621707
621947
622027
624033
624190
624366
625091
631244
634638
651048
651586
653292
654138
658355
658850
664576
668785
673938
674245
680791
681522
684785
686238
687995
688336
690517
696493
705461
709087
711515
711978
714379
715147
715453
716228
719763
721306
721420
721553
725674
735292
738892
739860
747446
747609
751640
753583
755092
756209
757597
758350
768575
769479
771171
771232
772456
773493
779524
779698
779784
780709
781190
791569
794611
794690
795567
798831
802319
804528
805041
805158
805164
805674
806141
806597
813375
816699
818077
819320
819859
824247
825189
831848
833153
836821
838190
838620
838788
839435
841189
841409
843577
844497
845965
864534
868830
872506
873063
875601
875771
876693
879335
879803
880890
883667
885531
885724
887722
888764
889184
889768
889830
890276
894527
896389
897079
897112
899330
899949
901480
901985
905659
907465
907866
908239
911227
911241
911369
911614
912494
915275
919531
919805
922899
923982
932953
940576
944871
945174
946483
948892
949426
949782
950589
950781
953088
953733
954307
956341
957231
957469
959996
963258
963615
964386
964536
965265
965907
968004
969958
970052
970923
971470
971894
973651
975449
981371
982129
985590
988587
988692
994488
995068
995674
995860
996421
997029
997163
998202
998226
998545
1000572
1003366
1005484
1005793
1006932
1007975
1009010
1009439
1012481
1013519
1014586
1014685
1015344
1016473
1021126
1027704
1031383
1032078
1033683
1036736
1036863
1038016
1039029
1039714
1044710
1045120
1046200
1046906
1047587
1047955
1048334
1052000
1053125
1054006
1054186
1055018
1055722
1056623
1058591
1059708
1061637
1063606
1063946
1066548
1066859
1067883
1071508
1080003
1080244
1081436
1083206
1086295
1086750
1086766
1087105
1088642
1090057
1091993
1095891
1098840
1099695
1100266
1101214
1101895
1105518
1107968
1108055
1111176
1111244
1112194
1113856
1122033
1122775
1124305
1124356
1133574
1150728
1152114
1158336
1159082
1160121
1163691
1163796
1163823
1163901
1166148
1167207
1167617
1168652
1168767
1170752
1171502
1171591
1171716
1171944
1171966
1172049
1172598
1173103
1174277
1177294
1182176
1182559
1186493
1189329
1191106
1192300
1193469
1193925
1195073
1195732
1195916
1196500
1197029
1197795
1197850
1198352
1201835
1204097
1205188
1205586
1206265
1208302
1209111
1213768
1216244
1216276
1219183
1219843
1219925
1220085
1225176
1225767
1227732
1229386
1229524
1236675
1236866
1237221
1237545
1237605
1237802
1238217
1238385
1238732
1239028
1240460
1244706
