108294
116290
118606
120286
130464
131511
145215
146032
149886
166524
176750
179122
180587
185297
187314
196174
199835
200898
214303
215849
226924
228458
237190
250176
254903
261240
261750
262442
273864
274953
282068
286161
286228
288714
289781
292531
299397
299926
302709
338288
339675
344106
347942
353509
355592
375104
392200
393439
397295
401213
405239
406056
416657
416890
425600
426430
430340
432898
440924
453834
458921
460243
462236
464842
466370
474879
482999
487410
498303
498824
506019
506984
511074
514476
516402
519137
519327
520531
524222
527508
527677
537265
541099
543612
556243
565526
566531
574988
577541
590111
593807
594535
613217
618667
626547
655024
711978
717621
730825
756427
773493
805158
817595
833102
834878
834995
839250
864534
876693
878915
892868
897112
899949
907616
915947
921598
923982
936316
970408
981371
983125
985590
989745
996421
1031383
1039029
1047587
1052775
1067295
1087105
1107311
1121044
1163734
1170752
1192624
1194451
1198151
1199905
1216244
1225976
1237221
1240460
