109200
133955
149358
151984
152438
171642
182205
190081
196070
205440
211249
223124
223769
241363
244703
247593
255383
259005
296615
302336
319952
327617
330361
338862
343860
355952
357076
371266
382617
387220
400827
406180
411179
416480
422630
431759
433733
439351
443448
446165
449593
460608
462236
486113
487410
490250
492371
502591
516692
517522
529566
532667
535690
536648
537265
537653
548446
548681
556676
557623
573408
579243
586731
615811
620265
622569
625591
632424
734827
793305
829273
834995
837378
866455
880568
910707
930557
935817
936719
939722
975212
976697
977704
980970
985249
988747
1017612
1025779
1032905
1044697
1063450
1064451
1067863
1071032
1075952
1080641
1102578
1106512
1110165
1155422
1160628
1164896
1166927
1180476
1189196
1189881
1192624
1195378
1206752
1206774
1212744
1221526
1226895
