100194
100300
100942
101105
101185
102375
103585
105351
105431
105498
105649
106150
106203
106748
107030
107250
108543
108805
108875
108938
109054
109302
109498
109538
109551
109730
109765
110731
110899
111175
111287
111432
112041
112044
112161
112231
112387
112979
113046
113297
113487
113566
113725
114449
114666
114995
115334
115521
115687
116290
116388
116566
116969
117321
117667
118478
118554
118606
118750
120248
120286
120622
120992
121107
121128
121408
121729
121730
122221
123294
123358
124132
124464
124681
124955
125204
125407
125911
126035
126217
126277
127136
127319
127760
127790
127960
128265
129105
129151
129289
129345
129461
130752
131005
131034
131514
132046
132253
132483
132739
133035
133070
133633
133892
133917
134545
134585
135083
135531
135889
137461
137581
137685
137871
138325
138936
139363
140183
140387
140809
141330
141642
141845
142418
143238
143668
143814
144512
145467
145550
145566
145597
145826
146208
146263
146452
146540
147410
147896
148195
148440
149020
149083
149838
149886
149963
150269
150337
150432
150865
151702
151812
152370
152715
152797
152918
153490
153850
154004
154084
154248
154890
154897
155563
156096
156456
156490
156491
156634
156644
156705
157047
157246
157833
158085
158293
158639
158939
159035
159082
160791
160892
161415
161425
161742
161947
162055
162167
162402
162851
162884
163515
163810
163869
163934
164050
164198
164901
165109
165358
165377
165402
166603
166799
167097
167209
167298
168569
168832
168960
168983
170293
170729
170884
171103
171222
171396
171799
171803
172869
173095
173319
174525
174617
174793
174942
175168
175450
175673
176294
176750
176862
177933
180230
180397
181027
181275
181607
181642
182238
182297
182406
182887
183119
184336
184841
185183
185511
186145
186455
186652
186860
186974
187589
187833
188309
188482
188588
188804
189043
189419
189769
189906
190328
191307
191397
191426
191747
191954
192445
192624
192709
193388
193677
195197
195200
195808
195864
196293
196976
197219
197394
197421
197571
197892
197985
198355
198443
199285
199656
199673
199984
200573
200601
200898
201130
201253
201921
202040
202075
202124
202227
202350
203139
203373
203487
203707
203740
203819
204037
204288
205109
205515
206055
206079
206111
206686
206779
206984
206991
207177
207233
207309
207749
208423
208629
208708
208744
208815
209033
209276
209872
209988
211044
211672
211854
212552
212898
213511
214039
214303
214517
214589
215849
216241
216503
217273
217726
218299
218306
218465
219147
219384
219957
220046
221739
221900
223072
223109
223906
224093
224098
224471
224478
224522
224646
225255
225614
226924
227142
227234
228477
228538
228929
230440
231687
232159
232723
233042
234017
234220
235015
235297
236344
236598
236734
236773
237181
238316
238557
238828
238881
239186
239412
239598
239999
240151
240562
241388
241473
241974
242195
242618
243525
243592
243996
244198
244659
245072
245076
245092
247754
247851
248210
248633
249169
249418
249865
249926
250019
250022
250050
250116
250620
250700
250929
251002
251428
251637
252075
252832
252890
252901
252915
253050
253734
254873
255031
255198
255586
255972
257771
257910
258038
259132
259143
259381
259881
261004
261226
261240
261264
261715
261752
262086
262444
262806
263127
263293
263921
264417
264784
265487
265965
266265
267105
267391
268441
268731
269882
269975
269982
269991
270220
271036
271240
271668
271964
272472
272880
273267
273829
273864
273947
274901
274953
275978
276081
276667
277935
278415
278593
279540
279788
280156
280433
280575
280693
280786
280880
281256
282726
283016
283278
285219
285587
285626
286228
286306
287131
287766
287842
288466
288502
288685
288828
289065
289093
289116
289246
289284
289668
289747
290089
290794
291399
291564
291944
292035
292885
292888
293839
293851
293965
295041
295075
295124
295397
295906
296038
296174
296815
297008
297075
297113
297467
298035
298174
298450
298473
298742
299397
299445
299714
301402
302008
302247
302310
302471
302492
302619
302998
303230
303479
303808
304012
305242
305264
305412
305487
305507
305650
305678
306607
307039
308900
308992
309021
309153
309563
309886
310030
310155
310380
311714
312256
312821
313143
313327
313674
313731
313887
314126
314138
314234
314647
314666
314813
315397
315504
315575
315727
316368
316681
316705
316991
317586
317641
317884
318269
318322
318749
319122
319895
320107
320144
320316
320843
321030
321180
321330
322776
323051
323636
323804
325265
325435
325467
325831
327129
327351
327681
327874
328019
328141
328876
328952
329149
329769
330084
330205
331247
331847
331982
332078
332133
332432
332788
332850
333036
333147
333496
333674
333729
333793
333857
333899
334576
335156
335643
336514
336776
336831
337009
337309
337358
338085
338798
339428
339885
340253
340315
341101
341102
341164
341253
341341
341803
341824
341990
342442
342474
343169
343202
343449
343805
344106
344329
344425
344891
345301
345500
346950
347067
347476
347752
348255
348618
349537
349622
349972
350143
350327
351140
351200
352497
352821
353707
353744
353824
354407
355203
355387
355661
355812
355848
356791
356945
358509
359007
359077
359113
359596
360011
360297
360586
361002
361281
361488
362251
362482
363302
363733
364658
364676
364948
365690
366241
366803
366974
367523
367703
368517
369285
369474
369769
371055
371168
371336
371398
371435
371485
371498
371519
371575
371928
372225
372468
373743
373747
374383
374708
375104
375108
375519
375633
376082
376124
376513
376762
377414
378412
378563
378893
379043
379259
379448
379581
379896
380944
381138
381797
381830
382117
382706
383035
383294
383680
383912
384386
385318
386610
387373
387528
387572
387644
387660
387862
388000
388315
388739
388905
388999
389496
390199
390402
390982
391083
391203
391437
391499
391789
391792
392099
392200
392366
392506
392706
392990
393439
393462
393938
393980
394323
394741
394811
395270
395636
396004
397295
397384
398211
398534
398935
399352
400662
400788
401419
401551
402047
402066
403445
403667
404152
404535
405368
405626
406484
406534
406575
407141
407187
407237
407912
407914
408729
409185
409846
409935
410425
410921
411677
412790
412877
412949
413003
413192
413973
414193
414465
415088
415331
415742
416657
416890
416959
417954
418519
419062
419307
419473
420016
420953
421137
421796
422261
422379
422497
422871
424192
424597
426653
426722
426964
427096
427283
427327
427408
427464
427498
427572
427779
429092
429595
429826
429913
431088
431547
432256
432898
432921
432995
433003
433234
433266
433277
434088
434135
434913
434944
435281
435521
436854
436940
437011
437228
437676
437857
438182
438486
438718
439034
439081
439252
439310
439383
440622
440853
441047
442103
442250
442411
442697
442934
443775
443923
443971
444143
444598
445207
445522
445528
445663
446043
446169
446533
446878
446979
447204
447321
448040
448108
448779
448792
449016
449038
449584
449596
450524
450548
450575
450648
453036
453107
453193
453207
453834
454083
454161
454219
454299
454794
454796
455312
455334
455342
456538
457077
457818
458348
458746
458921
459155
459345
459771
460222
460228
460550
460756
460915
461107
461322
461699
462636
462727
463018
463550
463813
464331
464835
464842
465004
465127
465145
465370
466568
466822
466946
467072
468259
468686
468745
468749
468837
470752
470805
471775
473077
473266
473693
473727
474027
474238
474269
474414
474598
474673
474879
475440
476566
476652
476922
477520
477648
477692
477865
477918
478306
478456
478530
478556
478604
479256
479553
479921
480193
480373
480562
480899
482352
482426
482649
482740
482999
483161
483490
483533
483545
483791
484135
484507
484879
485052
485071
485384
486023
486268
486791
487798
489117
489263
490024
490190
491767
492313
492345
492488
493937
493984
494444
495387
495424
495425
495544
495617
496830
496860
497772
498199
498303
498326
498489
498529
498613
499402
499471
499519
499532
499566
499712
499952
500216
500694
502006
502484
502556
502695
503202
503765
504682
505071
505338
506019
506129
506382
506588
506632
506861
507875
508067
508075
508101
508618
508803
509386
509835
510635
510669
510699
510734
511024
511113
511792
512483
513054
513907
514513
515076
515368
515710
515778
515788
516711
517260
517452
517784
518398
518714
518759
518762
518800
518892
519068
519137
519327
519454
519469
519872
519903
520056
520059
520071
520093
521161
521340
522476
522862
523099
523147
523545
523915
524910
526088
526400
526488
526886
526887
526900
526976
527418
527669
527748
527882
527937
528097
528536
528700
528757
529602
530133
532233
532337
532387
532661
533108
533587
534268
535047
535449
535454
536334
537257
538091
538133
538471
538928
538955
539188
539695
539813
540144
540247
541016
541193
541453
541698
542084
542288
542397
542513
543375
543430
543558
543563
543676
543973
544206
545604
545865
546031
546403
547214
547482
547578
548105
548830
548950
549038
549049
549238
549263
549728
549845
550117
550149
550155
550893
551179
551892
552228
552846
552972
553151
553754
553790
554079
554132
554667
554673
555013
555395
555446
556062
556175
556301
556852
556943
557541
558182
559661
559927
560139
560724
560730
560845
561726
562434
562595
562758
563531
563799
563868
564071
564511
565022
565260
565802
566352
566531
567321
567455
567649
567971
568128
568132
568991
569472
570060
570223
570365
570490
571624
571960
572285
572850
573477
574409
574649
575187
575459
575667
575826
575900
576380
576831
576867
577134
577541
577702
578750
579001
579132
579539
580256
580346
580539
581130
581288
582952
583772
583933
584447
585291
586233
587512
587965
588320
589322
589952
590840
591109
591465
591916
592027
592510
593355
593447
594027
594142
594237
594535
594866
594927
595081
595248
596052
596160
596217
597464
598989
599279
599725
600173
600365
600388
600705
601072
602079
602247
602293
602580
602583
602649
602997
603786
604451
605068
605207
605261
605523
606450
607089
607593
608425
608527
608982
609257
610054
610441
610511
611332
611419
611456
611526
611537
611673
612113
612525
612733
612824
613804
615217
615358
615570
615774
616225
616689
616783
616924
619574
621707
622174
622371
622410
622758
622767
623192
623200
623370
623440
624190
624505
625753
626543
626547
631418
633860
634258
634638
641366
646625
649714
649715
651048
653447
653580
654871
655735
656513
657916
658494
661812
667914
668724
668785
669327
671464
672522
673843
673938
675581
679509
681566
684785
685600
685675
685764
685813
687176
690546
693691
697763
697825
698889
700783
703448
704970
705461
710572
710726
711019
711308
711515
714379
714679
715147
715341
715919
716095
716317
716605
716869
717341
717621
718506
719763
728085
728228
728393
731074
733681
733909
734911
736264
736844
738077
739388
739860
740325
741223
741484
742006
742980
743017
744146
745144
745446
746755
746862
747540
747961
748914
750974
751640
753246
753354
753443
754776
755093
755860
756209
757634
758197
758598
759650
760146
761277
761442
761668
761804
762864
764196
764204
768034
768575
770844
771232
772456
773124
773826
775182
776247
778695
778698
779524
779784
781956
784065
784859
786688
787614
789767
790704
794611
794639
794690
795129
798464
798831
798943
799990
801007
801016
804528
804991
805158
805164
805459
806299
806597
807738
810001
811153
813375
814206
815803
815942
818643
818839
819320
819522
820120
820248
821047
822185
824083
824841
825224
825683
826643
827754
828469
829955
830622
830899
831848
833102
833782
834134
834357
835212
836316
836821
837799
838190
838612
839184
840115
840312
841409
842177
842314
843188
844055
844497
845932
846676
846778
847294
847660
848426
849022
849063
849181
849508
849883
850013
859944
863109
863993
864534
865797
865927
866016
866215
867552
867567
867784
867960
868156
868475
868560
868830
869696
869865
870253
871314
871822
871984
873625
873816
873976
874972
875101
875583
875601
875750
876693
876768
876894
877676
878237
879040
879402
882335
883474
883606
884245
884486
886335
886366
887828
887891
888764
889469
889954
890147
890387
890399
890863
891498
891917
892083
892868
893080
893132
894091
894584
896576
897071
897154
897326
897469
898639
899503
899574
899638
899788
899949
900713
901144
901480
901879
904882
904975
905482
906604
907256
907465
907875
907965
908014
908364
908982
910238
910334
910386
910611
911071
911180
911227
911241
911475
911614
912398
912665
915181
915587
916116
917561
917946
918021
918855
919286
919805
920194
923982
923984
924231
924262
926371
926392
927343
928890
928931
929267
930120
930308
932988
936098
937249
941247
942111
944871
944889
948847
949127
949334
950781
950786
953668
954080
955120
955263
956341
957469
958301
958444
958606
958708
961599
963258
963303
963615
964059
964536
966445
967255
967612
968496
970923
971894
975080
975788
975853
976575
978488
979705
980613
980754
981371
982344
983244
984988
985590
987275
987792
988614
988673
988692
988803
990145
994453
994488
995674
995709
995860
997960
998202
998282
998545
999588
999728
1001002
1001550
1001802
1002551
1003499
1005767
1005938
1006485
1007975
1008413
1009417
1009673
1010274
1010715
1011336
1012008
1012178
1012296
1014384
1014685
1015959
1016110
1016216
1016887
1016894
1017547
1017993
1018514
1019257
1020231
1020512
1021380
1021696
1022785
1024698
1025269
1025791
1026225
1027971
1028131
1028364
1028470
1028559
1029030
1029318
1029987
1030310
1030880
1030971
1031532
1032078
1033466
1034094
1035275
1035449
1036065
1036212
1036452
1037190
1037872
1039101
1039536
1039954
1040845
1041984
1042374
1042524
1042827
1044118
1045030
1045120
1045302
1045493
1046200
1046906
1047587
1047905
1048433
1048927
1051361
1052397
1053208
1053328
1054006
1054887
1055143
1055221
1055722
1056600
1056623
1056766
1056892
1057904
1058591
1058749
1059892
1059922
1059954
1060821
1061200
1061637
1062335
1062496
1062941
1063037
1063483
1064162
1064750
1064854
1065235
1065517
1066192
1066859
1067295
1067318
1068195
1068315
1069182
1069295
1069812
1070005
1070101
1070412
1071138
1071706
1072489
1072620
1072676
1075341
1078269
1079981
1083206
1083753
1084345
1086750
1087105
1088496
1088505
1088642
1089618
1090057
1090194
1091502
1091666
1092742
1093004
1093208
1093278
1095891
1096242
1096478
1098390
1098547
1098840
1099079
1101767
1101768
1101837
1102113
1102269
1102306
1102873
1103089
1103450
1104744
1107101
1107311
1108055
1108114
1108138
1111244
1111303
1111436
1112419
1112698
1113061
1113732
1113819
1113856
1114322
1115520
1116420
1120037
1121072
1121384
1122556
1123126
1133552
1133574
1133620
1140446
1149491
1149541
1150188
1150208
1151882
1152325
1153190
1153824
1156107
1157582
1157924
1157947
1158336
1159082
1159966
1160093
1160121
1160216
1161081
1161487
1162167
1163442
1163691
1163746
1163901
1164080
1164676
1166138
1166148
1166747
1167088
1167207
1167617
1168767
1169656
1169666
1170775
1171218
1171265
1171502
1171591
1171944
1172049
1172059
1172498
1172511
1175352
1175608
1175856
1176152
1176485
1176702
1176955
1177294
1177442
1177510
1177989
1179354
1179708
1179987
1180366
1180587
1180860
1182349
1183011
1183190
1183600
1184263
1186111
1186493
1188409
1188682
1188909
1189520
1189700
1189972
1190088
1190153
1190388
1191389
1191484
1191682
1191759
1191955
1192197
1193813
1193899
1193992
1194491
1195597
1195917
1196346
1197029
1197957
1198602
1198815
1198934
1199229
1199522
1199933
1200229
1201800
1202496
1202537
1202592
1203191
1203562
1203970
1205340
1205586
1206265
1208003
1208988
1209111
1209302
1210145
1210851
1211584
1211596
1213402
1213495
1213730
1213768
1214496
1214938
1215389
1215590
1215757
1216000
1217691
1218394
1218664
1218794
1220195
1220283
1221408
1223695
1224008
1225176
1225265
1225976
1226994
1228925
1229161
1229524
1229789
1230451
1231035
1234161
1235206
1236516
1236675
1236845
1237005
1237165
1237221
1237538
1237605
1237802
1238124
1238217
1238615
1240460
1241233
1242285
1243288
1243464
1244683
1245205
1245402
1245706
1246442
1246482
