107030
108938
109525
110899
111175
111287
112044
113661
114666
116560
116969
118071
118478
121437
123035
127790
129289
130188
132641
133892
135825
138296
138886
139833
147333
147410
147772
148416
149963
153900
155563
156212
158972
160791
163689
167409
171039
172576
176862
179706
182855
184830
185215
185625
187833
187986
193696
197985
198623
198862
199278
199673
202119
202858
205071
206779
208869
211854
217089
220763
226086
228319
230341
234017
235297
238316
239145
241388
242171
242206
244198
251002
255913
260697
261223
261280
264263
269015
269223
270220
271497
272123
273842
274812
275298
275782
279979
283278
284461
288517
288685
289246
291564
291752
292347
293702
294943
296181
296343
301402
304012
305094
306257
307665
308334
309153
309662
312163
314647
320493
321120
322520
323046
326070
327976
329339
332083
332346
333036
335544
336148
336381
337414
337531
337743
346638
349765
350593
351040
351455
351763
355520
355952
356280
362675
363093
365174
369654
372970
374847
378183
378563
382961
388097
394026
397384
400808
400827
403445
403759
405626
408499
408547
409174
414378
420245
420571
421137
425954
427096
427250
431547
431837
434194
435091
436587
439114
445481
446141
446169
451685
453193
460608
460805
463457
464331
464482
464868
469497
471841
476362
480623
482398
483533
490190
499402
499519
501817
503202
504671
505081
507889
508803
515368
520041
526900
535711
540322
541193
541417
549705
550000
553841
554079
554565
556852
567520
567787
570365
577215
578301
583460
588437
596217
602580
608950
612410
612525
612824
616225
616689
617754
626070
626293
634774
648052
658355
666700
674245
680791
681522
691791
696493
718449
729490
739860
740276
742751
748401
751640
751921
756486
764099
767252
794828
795480
838190
839662
841583
845965
847586
869320
869371
875750
883831
889462
889954
890147
891917
906700
907399
907465
908239
911241
915181
915967
918128
922899
926660
949466
950091
950781
953088
953668
957469
958960
963258
963523
964437
964536
964541
970623
970813
971440
971992
972539
973209
977640
979705
988692
1000560
1001837
1013535
1018350
1021653
1023349
1027704
1038016
1039138
1042827
1044697
1047735
1052000
1054362
1054705
1061637
1063450
1067387
1069133
1073553
1076336
1078605
1085762
1088550
1089586
1095891
1096289
1098337
1099079
1107755
1107772
1124356
1155422
1157721
1158986
1163691
1166779
1167207
1167617
1168767
1170233
1171370
1171591
1171672
1173969
1181760
1184199
1191759
1197452
1198352
1204097
1213768
1217692
1218881
1227145
1232575
1235206
1236629
1236675
1237802
