101246
103814
107493
112935
117667
122130
132328
135500
142694
156096
156974
157861
162183
163810
168079
168201
173181
174204
176713
178786
179354
179727
180808
182361
184677
185156
188982
193807
205866
232475
234320
239844
240049
255496
261215
264205
266087
266648
267648
267775
275025
291659
303546
318498
322776
326056
332928
335481
336239
343583
346951
350143
354783
357076
359077
361274
363302
367674
372524
383035
384261
390693
399087
403765
408216
411832
421070
431384
437383
447204
451487
455008
470752
495424
499204
508618
516496
518843
518902
518911
519469
519472
519885
519887
521885
521894
532337
536334
537392
540247
547386
548999
556676
557034
564592
564710
565366
571013
576327
596427
617055
628994
639169
697228
715341
747609
748897
751056
754685
772456
776007
778855
798694
815334
825883
845961
847660
870977
879531
880447
890276
905059
905873
906704
911614
915568
916245
954307
956341
956708
963615
971894
973631
988022
995513
999694
1008376
1014587
1033353
1036452
1045120
1058940
1059343
1075341
1090134
1094910
1097861
1099219
1110165
1140726
1151439
1168051
1193606
1209111
1215775
1236101
1241233
1245952
