111539
111911
112771
129710
131739
133014
137637
138455
141519
143958
147422
149358
150303
155640
156003
173068
173559
179079
181186
182205
184525
188206
189203
207999
209038
211726
232528
241363
245375
252539
252625
261867
263990
269795
281388
282859
286698
289744
295911
299586
312694
319105
323823
326027
327617
336239
337232
339726
347042
350268
351599
355952
357076
367989
369132
369359
371266
371614
373276
376207
387220
388004
392865
400827
405080
406490
411179
416480
418954
419573
425791
429142
431083
439351
449227
449661
453499
455558
457331
462236
465434
470371
473380
474380
477469
480255
480763
483240
484956
485828
490931
493932
496844
508716
509781
513229
516054
516692
523187
531557
535690
541950
545781
546438
547684
548681
550777
550905
553494
557637
558271
563848
565214
572727
574194
581071
583577
584282
586140
589971
598761
606704
609552
613217
618576
642489
652084
658691
686267
705311
716465
717974
725938
735241
738677
742911
752805
769445
773804
774914
782942
793305
794349
796188
809543
821419
826217
832733
833255
837578
842519
859466
871644
872120
875804
880568
882245
896943
910707
911331
914853
919294
939722
945698
951512
958148
970623
972938
991985
997744
1003026
1003686
1009063
1010794
1014152
1021655
1025528
1031480
1033353
1034032
1036866
1056712
1061188
1063103
1063450
1064077
1064451
1071032
1075171
1089611
1102714
1102763
1110165
1121044
1123400
1153069
1155422
1158928
1160628
1165766
1165834
1166377
1170504
1170991
1174792
1175532
1177544
1178019
1188127
1195348
1195378
1196573
1197342
1201555
1207053
1207591
1210635
1214960
1216738
1220333
1225803
1226252
1228271
1233232
1244846
