107724
117987
122194
129710
130891
149358
151025
156003
156369
175030
179122
186567
187060
189203
192866
207999
215571
223769
226572
248818
257146
261750
275813
279261
283164
284718
285727
297198
297775
317806
319861
320493
327617
335124
335616
344568
355952
358124
363069
366154
371266
384082
385046
389914
397222
402518
403297
411179
412751
422146
429282
432571
433733
439351
442907
443466
447692
460608
468525
472067
490873
518888
521298
522003
529543
531887
532366
534228
535603
537265
538455
552096
552295
558271
567223
575027
592916
593807
604971
689705
690889
727718
754023
756427
766612
781095
819864
825190
827055
836786
837578
843216
866758
871644
876096
882421
883538
889372
895808
923737
928949
936719
956686
968137
969405
978181
1024519
1032905
1044697
1048291
1063103
1066878
1071032
1072252
1074510
1082849
1107167
1108657
1160852
1168627
1170504
1170848
1191310
1224499
1236011
1237795
1241990
