100194
100552
103218
103814
103904
106319
107030
107844
108543
109381
109538
109572
109678
109730
110487
110592
110731
110899
112041
113297
113487
113794
114601
114658
115514
116290
116517
116969
117912
118229
118302
118606
119438
119454
119521
120461
121672
122824
123035
123294
123777
124464
124732
126601
127263
129318
129525
130015
131005
131263
131348
132253
132286
132739
133707
133767
133831
133917
134314
134473
134527
136045
137060
137464
137871
139640
140063
140566
140911
141332
141642
141845
143234
143382
144171
144256
145215
146175
146667
147052
147391
147410
147734
147984
149020
149337
149428
149886
149963
150176
150337
151252
152370
153114
154084
154248
156491
156634
157047
158234
159205
160314
161425
161742
162567
163523
164174
164593
165076
165785
166799
167097
167283
168201
168983
169208
171152
171740
171848
172838
173968
174214
174447
175616
176162
176750
177755
178440
179416
180230
180990
181624
181642
181660
181931
183178
184791
184838
185126
185135
185339
186345
187314
187833
188629
189419
189769
190062
191995
192516
193677
193796
193959
194335
195260
195564
195571
196867
196976
197064
197297
197752
198355
201065
201118
201410
201887
202124
202222
203067
204288
204431
204764
204880
206040
206111
206673
207233
209010
209145
209458
209659
213545
214066
215849
216256
217877
219957
220306
220439
222356
222403
222847
222880
223349
223493
223831
224471
224478
224522
225811
227142
227159
227267
227723
228993
230410
233592
233668
234017
234116
234140
234320
234800
234803
234827
234859
235297
238222
238881
239281
240151
241604
241922
242201
242868
244544
245092
245493
246076
246255
247066
247304
247624
247822
249024
249457
249608
250022
250153
250397
250456
251114
251350
251477
252184
253255
253309
253842
254276
254316
255535
257161
258382
258896
259184
260837
262086
262442
262604
263293
266161
267528
267994
270856
272454
272549
273864
274871
274953
275978
278491
278677
280693
281031
281256
281822
281988
283533
285365
285626
286306
286476
286903
288685
288714
288739
288950
289241
289668
290341
291344
291752
291806
292278
292474
294115
294969
295084
295230
295240
295538
296795
297113
297467
298368
298450
299109
301402
302223
302709
303160
303422
303546
304157
305264
305499
305510
305645
306257
306709
307359
307461
307536
308900
308992
309153
309563
309886
309907
310155
310581
310944
312774
313887
314138
314228
314647
315187
315504
315727
316368
317586
318300
319668
319703
319870
320144
320437
321172
323051
325208
326169
326483
326750
326869
327610
328376
328946
329685
329769
329819
330312
331420
332056
332635
333899
333924
334185
334310
334634
334680
335643
337592
338288
338947
339524
339606
339675
339977
340468
341101
341341
342158
342266
342524
343312
344299
346125
347246
347476
347626
349049
349380
349536
349622
350965
351016
351640
352623
353824
354730
355661
355676
356698
359077
361488
363671
363786
365594
366008
366096
366241
368030
368115
369215
369285
369391
369660
371331
371444
371498
371575
371690
371882
372638
374708
375108
375121
375234
375663
375709
376300
376596
378650
379581
380131
380881
381915
382233
383170
383566
383964
387862
388979
389496
389967
391557
391758
391805
392200
392471
392599
393462
393980
394148
395636
396506
396653
396831
397622
398935
399087
400916
401190
403177
403759
404122
404263
405997
407955
408175
409630
409846
410425
410433
410463
410571
411153
413192
414193
415088
415230
415598
416219
416537
416959
417692
418485
419307
419668
420016
422035
423611
423953
425149
425455
425686
427096
427150
427779
428793
428892
429424
429537
429826
431384
432703
433003
433081
433296
433987
435091
436854
437795
437840
437957
438114
438169
439383
439825
440622
440757
442800
444055
444143
444598
445207
446043
446169
447047
447204
447576
447717
447743
448146
448779
449033
449488
449743
449925
449969
450235
452975
453547
453834
454219
454299
454538
455398
456059
457599
457636
458700
459070
459715
460228
460497
460756
461163
463488
463510
464086
464842
464868
465110
465127
465370
466214
466493
466609
466862
469163
470065
470752
470805
471927
472381
472493
473077
473942
474401
476137
476658
477097
478604
478639
478749
479246
479474
480136
480899
482649
482740
482764
482999
483402
483786
483858
484493
484887
485025
486237
486452
486791
487221
488635
491395
491744
492222
493984
494174
494509
494940
495047
495441
496630
496860
498245
498303
498626
498760
498824
499712
499952
500619
500915
502923
504538
504554
504875
504975
505859
506611
507869
507875
507889
508067
508397
508445
509424
510208
510875
511024
511360
512866
514324
515602
515778
516402
516505
516711
518075
518759
519068
519469
519885
520051
520056
520531
520830
521191
521549
522876
523545
523766
525118
526727
526900
527838
528008
528271
528367
528441
530240
531681
531947
532337
532807
532933
534026
534447
534553
535929
536451
536913
537182
537872
539030
539583
539813
540247
541099
541193
542084
542908
543323
544826
545944
546857
548669
548830
549016
549392
551892
552027
552824
552846
553832
554079
554157
554667
554673
554855
555125
555151
555704
555806
556062
557128
557170
557312
557602
558639
560139
560559
560845
562132
562434
562595
562656
563386
563600
563868
564110
565260
572265
572850
573223
573335
573530
574821
575459
575557
575625
575826
576327
577441
579001
579353
580256
581114
583889
583933
584082
584126
584174
584495
585130
586326
587513
588437
588946
592031
592250
592510
592647
593192
593355
593447
594027
594535
594666
594749
595081
596052
596217
596222
597247
597747
598262
598832
599033
599725
600505
600624
602580
602649
602997
603306
604451
604650
605261
606730
609478
610737
610976
611456
611629
611740
612525
612824
614286
616308
616635
616757
618550
619880
620486
621583
622174
623173
624033
624122
625091
625100
625131
625772
626711
632887
642259
645215
645318
648052
660004
660497
665107
665336
665575
667914
669009
670901
671210
673938
674245
677481
687466
690305
691791
696493
696497
697160
697228
698889
704970
705081
705461
716605
719356
719763
720496
726889
729030
730877
733146
733175
733680
736206
738892
739761
741709
744951
745144
745446
748312
749414
749878
751146
751456
751640
752577
754772
755092
756073
757634
758094
758160
758350
759670
761471
764487
764518
770100
776247
778698
781499
786253
787238
787610
788080
789767
790090
790858
791569
794248
796552
801580
803600
804391
804528
807093
808909
815181
817595
824083
827039
829156
833186
835212
836063
836821
838008
838190
838634
839184
839229
840055
840183
840593
841343
841703
842314
842634
844055
844356
845961
846796
847294
847693
849063
860385
863993
866385
869078
871586
871654
873063
873816
875487
876531
876693
877238
877676
879690
880018
880629
881989
887379
887828
889255
890216
891506
892846
893132
893757
894584
894647
897112
897373
898361
898384
899061
899574
899788
899949
901274
901836
903506
904975
905482
908239
910611
911614
912307
912462
915181
915275
915947
917561
919423
919805
922200
923537
923662
923982
928931
932324
933077
933731
939545
942090
945273
949029
949491
950274
952642
953511
954055
954080
954984
955102
955120
956341
958708
961422
963615
964915
967255
967612
971894
973631
975449
977640
978112
979867
983244
983313
987275
988692
992130
994488
995513
995739
996628
997283
998288
999010
1000560
1001300
1001355
1003223
1003498
1005938
1007975
1008413
1009525
1009827
1012481
1012882
1013519
1014685
1014763
1015669
1018051
1018350
1020524
1021708
1022767
1023310
1026225
1027704
1028364
1029318
1029981
1030310
1030971
1031275
1031383
1031685
1033300
1034684
1034783
1034893
1036212
1037190
1037370
1037526
1037646
1037841
1038540
1039954
1041694
1042128
1042856
1043039
1044943
1045120
1045748
1046162
1046200
1046545
1047905
1049900
1049907
1050603
1052000
1053469
1054435
1055722
1056332
1058591
1059922
1060821
1061637
1064323
1064465
1065303
1065480
1066628
1068315
1069932
1071331
1073949
1074474
1074873
1075926
1077899
1078906
1081772
1082564
1083739
1084846
1085097
1085922
1086500
1086519
1086766
1088505
1089040
1089618
1089919
1090134
1091502
1091846
1093208
1094458
1094705
1096278
1096379
1097861
1097881
1098547
1099079
1099219
1099487
1100545
1102697
1105448
1106362
1106971
1107772
1108055
1109086
1109653
1110967
1111244
1111303
1111461
1115939
1116404
1116420
1122610
1124305
1125421
1151439
1151882
1152580
1153605
1154091
1156576
1157537
1157721
1157970
1158603
1158853
1159102
1159958
1160216
1160717
1160764
1162398
1162775
1163690
1163691
1163746
1164616
1165070
1166138
1168259
1168767
1169349
1169972
1170642
1172049
1172744
1173969
1175856
1176580
1177294
1177385
1179139
1179385
1180366
1182349
1185071
1185954
1187211
1190400
1191051
1191484
1195040
1195732
1195917
1196398
1197029
1197766
1197856
1198352
1199204
1199496
1200229
1200516
1201800
1203960
1205188
1205586
1206265
1207885
1208302
1209542
1210145
1210851
1211463
1213495
1214411
1214423
1218188
1224139
1226038
1229703
1231303
1232187
1233005
1233360
1235206
1237605
1237802
1237940
1239214
1239591
1240056
1241233
1241765
1241815
1244371
1244683
1246482
