102647
103814
109200
110487
114601
119454
123290
123294
132286
132482
142062
143382
144417
149428
152438
156096
164593
171642
172406
173968
174547
181660
182205
190062
191995
196867
201410
202323
205866
225621
225686
227768
234320
238153
245072
246076
247593
255383
258061
259184
260837
263805
266161
267994
270843
276394
289668
290341
294115
295003
296615
303546
305499
305510
308900
310581
320437
324441
324985
334634
338947
342158
349114
349380
353824
354730
354783
357076
364954
371331
375709
386756
394148
396653
400916
404122
404263
409630
410463
411179
416219
417692
427779
431384
434944
437383
439351
442800
447204
447321
449969
451220
453547
460497
460756
466609
469163
469639
470752
471927
476137
477001
478639
482764
492222
492371
497696
499952
500619
505693
505859
515778
516496
517522
519469
520708
521191
529037
529911
531681
532337
536398
539677
540247
541799
542073
553832
556676
557623
560139
564110
564966
568670
573335
576327
584082
584174
584447
586731
600505
602649
610737
619322
622782
625591
705081
716325
722159
743771
749414
751456
758160
764801
776007
794248
827039
829273
840055
840593
845961
863993
889255
901274
910707
911614
912462
933731
954307
963615
967612
971894
973631
976697
980970
995513
995739
999694
1007975
1009827
1010670
1013519
1014685
1021708
1029838
1029981
1037646
1045120
1064451
1087572
1089618
1090134
1096278
1098455
1099219
1109086
1110165
1151020
1151439
1153605
1163180
1164616
1164896
1166927
1175856
1179385
1180476
1199204
1205188
1206774
1209542
1212744
1214465
1226895
