100139
100194
100942
102662
103566
105193
105351
105377
105649
105892
106319
106982
107030
108063
108294
108938
109054
109302
109572
109730
110168
110297
110899
111061
113036
113494
113566
113699
114202
114666
114817
115907
116290
117321
117667
117850
117912
117921
118364
118414
118478
120286
120331
121408
121437
121730
123294
123777
124681
125798
125815
126035
126432
127760
127790
128975
129151
129556
130555
131034
132014
133070
133113
133892
133917
134055
136654
138296
138696
138923
139568
140168
140387
140578
141207
141332
141964
145215
145478
145491
145614
146032
146175
146208
147287
147391
147410
147432
148440
149579
149838
149886
149963
150393
150923
151826
152797
152918
153534
153900
154004
154132
154248
156096
156366
156634
156644
156655
157047
158032
158639
159183
159205
159748
160378
161394
163661
164308
164904
165072
165402
165496
165609
170804
171002
172406
172938
173095
173174
173319
174131
174447
175222
175370
176003
176264
176750
176862
177693
178754
179416
179586
180475
180625
180808
181642
181686
183398
183417
184211
185126
187833
188588
189010
189906
192516
192624
192911
193406
193807
193986
194904
195197
195200
196012
198355
199673
199984
200082
200416
200726
200898
202507
202754
202856
203067
203556
203780
204301
204764
205472
206416
207309
207749
210653
211046
211671
212029
214303
214517
216503
216618
216710
217160
217297
218865
219957
221359
221900
222204
225166
225582
225621
226924
226985
227509
228477
232029
232696
234800
235297
236862
237303
237374
237920
238481
238743
238881
239503
241017
241593
242195
242569
244024
244827
245141
245440
248530
248881
249608
250456
251002
251114
252947
253367
254029
254813
255031
256229
256259
257484
258440
259132
259756
260525
260856
261727
263941
264151
265085
265108
265595
266265
266879
267775
267956
269991
270220
271346
271489
272549
273267
273864
273947
274400
274685
274742
274953
274971
275025
275156
275401
275462
276151
276600
276634
277935
278491
278677
281283
284050
285090
285285
285365
286315
286321
287490
287668
288517
288714
288795
289839
290089
290249
290411
291022
291564
291899
292347
293601
293992
294109
294115
296137
296181
296219
296343
296604
296684
297467
299397
299446
299714
300175
301301
301402
302709
302962
303808
304353
305419
305678
306257
307158
307299
307577
308992
309153
309886
310914
311409
312947
314138
314647
314813
315284
315575
317644
317710
317812
318300
320943
321135
322387
322413
323558
323690
323859
324352
326404
326935
327681
328019
329649
330312
330450
332348
332665
332924
334185
335335
335440
335544
335737
335918
336730
336831
337132
339428
340999
341270
341360
342546
343018
343805
344106
345301
345624
346245
346289
346333
346493
347067
347496
347542
347942
348255
348261
349380
349466
350143
350390
351013
351455
351686
351763
352108
352255
352366
355838
356945
357025
358331
358760
359007
361281
361488
362814
363692
364137
364641
365174
365989
366982
367291
368080
369391
369652
369654
369660
370411
370455
371498
373616
374383
374467
374468
375155
375387
378436
378965
379272
379349
380150
380551
380881
380944
381294
381685
381774
382675
383170
383294
383508
383984
387373
388427
389767
389821
390199
390781
391139
393661
393980
394026
394148
396469
396831
397272
397289
397295
397621
398410
399691
400662
400880
403177
403445
404157
404857
404903
405239
405901
407030
408382
408547
410741
411843
412209
412833
413530
413973
414465
416219
416581
416657
416959
419062
420839
421137
421909
423611
424567
424597
425522
425686
426430
426476
427096
427464
427779
428720
428875
429035
430319
432729
434444
435521
436127
436895
437840
437974
439261
440771
440924
441803
444052
444055
445147
445207
446169
446397
446878
447013
447321
447331
448040
449584
449743
449890
450548
451487
452425
453193
453834
454083
454794
457599
457930
458921
459345
460228
460754
460810
462014
462819
463507
463510
463969
464331
464482
464662
464687
464842
465004
465145
465285
465567
465877
466582
466609
467407
467469
468383
468396
468426
468493
469829
470042
470169
470752
471406
471785
472476
473446
473727
474174
474699
474850
475252
475803
476509
476652
477807
478744
479256
479735
479899
480373
480524
480562
481388
482649
482827
483402
483533
483545
484493
486268
487173
487176
487798
488635
489055
489631
490024
490190
491689
491767
492336
492488
492936
493372
495507
496123
498303
499230
499712
500586
500652
503202
503775
504878
505641
505859
506632
506821
507197
507704
507729
507889
508101
508618
508803
510060
510875
511024
513144
514324
514478
515060
516231
517196
517260
517741
518226
518398
518843
518911
519137
519261
519454
519469
519472
520059
520357
521191
521549
522905
523011
523212
524662
524775
524910
525202
525249
525815
526900
526985
527677
527983
529466
530327
531554
531587
532306
532364
532620
535454
536990
537237
538133
539695
539813
540458
541029
541193
542552
543323
543430
544881
545598
545865
545869
547968
548715
548830
549038
549759
550372
551892
552778
552824
552846
554673
556062
556301
557111
557131
557390
560139
560369
560373
560559
560724
560864
561915
561920
563600
563904
564071
565546
567321
568931
569119
569912
571913
574109
574409
574988
575459
575625
576327
576867
578301
578715
581869
584126
584447
585456
585712
588437
588965
589952
590250
592345
592421
592631
594535
597177
597545
597681
598439
599279
599725
600388
600607
601324
601640
601900
602580
602814
606450
608228
608653
608658
609958
612525
612824
612925
613642
614286
615119
615217
615572
615661
616591
616689
619745
620425
621707
621743
622063
622396
622610
625091
625100
625643
625753
634258
635336
644588
645421
645896
652546
653292
655024
660622
665704
668724
668785
673938
674374
680679
681522
684214
684785
685675
685984
688836
688849
696371
705142
705461
707139
711978
712533
714926
715313
717413
717621
717935
721420
723355
724236
725674
727526
735711
736012
736583
737017
739860
740249
740276
740547
741223
743771
750685
751640
753354
754357
756209
757634
758478
758594
758771
758846
759495
759580
759650
761277
764099
764703
767252
769443
773493
775561
777643
778017
784400
786504
791661
794248
794611
797671
800362
801580
805041
806515
810796
812773
815145
817595
819320
819455
823956
827637
830201
831848
833102
834878
835363
836821
836943
838190
838788
839992
840115
842170
844055
847660
863993
868477
868830
871654
871913
873063
873625
874128
874653
875023
875750
875771
875980
878293
879166
879335
879619
880018
881021
881847
883667
885724
888764
889531
891209
892868
894344
897112
899949
902666
903506
904707
904975
905098
905354
907616
908865
910386
910611
911614
913869
915275
915967
916245
917858
919805
923982
924214
926125
928252
928890
928984
929195
930957
934452
934931
937249
937357
937616
940354
940391
940576
945336
950583
950589
950781
950885
952954
953681
953733
954244
954307
955102
956307
956341
957469
958606
961053
963615
964386
964915
965265
965727
965732
967612
968004
969925
970923
971894
972883
973977
973987
975489
982129
983313
985590
986736
986779
987770
989745
990394
993289
994488
994504
995068
995513
995739
995860
996203
997960
998202
998827
999653
999694
999796
999810
1000572
1001366
1003141
1005793
1006506
1010411
1014685
1014769
1018051
1019250
1020231
1022678
1023595
1025362
1027704
1027971
1028864
1029318
1029987
1030140
1030693
1031512
1031992
1032078
1033300
1035211
1035438
1035440
1036452
1037482
1038880
1041694
1043083
1043423
1045120
1046472
1046906
1047587
1048509
1048927
1052000
1052083
1052397
1056623
1056892
1058036
1060427
1060821
1061637
1065428
1066192
1070544
1071138
1071778
1073589
1073949
1074747
1075341
1077034
1077899
1078414
1081376
1084345
1087070
1087105
1088642
1089409
1090057
1090134
1090258
1094565
1095891
1096278
1096487
1097486
1097861
1098325
1098455
1099079
1099359
1099695
1101214
1102876
1103089
1104772
1106260
1106530
1106966
1107101
1107772
1108363
1109049
1110685
1111244
1111590
1112423
1113352
1121072
1121384
1121597
1124305
1124356
1138368
1149541
1151012
1151020
1152207
1154091
1154661
1158518
1158986
1159082
1160216
1160717
1162167
1162193
1162691
1163145
1163683
1163691
1164616
1164639
1165951
1167207
1167617
1167880
1168550
1168767
1169656
1170775
1171502
1171591
1172823
1176297
1177744
1177828
1179385
1179555
1180278
1181201
1181655
1184199
1185189
1186493
1190400
1191051
1191484
1192334
1193422
1196398
1196711
1197029
1197850
1198341
1198352
1199905
1201735
1202978
1203695
1204480
1204918
1205586
1206265
1206635
1208918
1209542
1210893
1211308
1213074
1215775
1216244
1218083
1220033
1221464
1221561
1222254
1225265
1225976
1227145
1230877
1231467
1232316
1234881
1235378
1235578
1236675
1237802
1238124
1238217
1239422
1240460
1240703
1240791
1241312
1241616
1244683
1246576
