102233
109730
113699
116281
121408
126035
126718
129151
130366
130555
133998
146208
148673
149358
154982
156634
162055
172560
174212
179988
181421
188528
194283
195200
197718
197892
201193
204764
207999
211249
211979
213053
237374
238743
239186
253280
274894
287490
288039
295084
299907
302998
305678
308992
309563
312355
314228
314587
324614
330312
332432
332762
335335
336730
336921
338862
339428
339445
339606
339905
343869
353337
355387
358338
359239
366986
369567
371498
375338
383170
391437
391617
392932
393980
402629
404347
407141
408266
409431
421852
435267
439261
443070
444052
445207
446868
446878
447143
448792
454083
456683
459345
459432
461848
466214
472493
477648
477807
480106
480373
480445
496238
499712
504102
507197
509386
510060
510225
515406
523672
527081
541230
543430
547635
549038
549424
556062
558639
566408
567756
570060
571960
575459
577620
578507
578715
579243
584471
592027
598054
603391
604361
615217
616767
621627
624033
624828
650731
653292
703679
705599
734827
749020
750068
753354
786954
792356
794690
813375
819320
823956
829305
832438
835254
849095
867749
880018
883609
891055
917858
922413
930557
939722
940391
953767
953816
986779
995709
1007668
1049835
1052397
1052901
1056892
1063037
1066878
1067863
1073436
1090323
1110438
1113778
1121072
1158336
1158603
1159082
1161989
1166138
1170775
1176130
1178946
1182559
1191051
1191484
1197916
1205519
1210893
1220175
1224499
1238217
