101763
101998
102647
112570
113487
114621
116566
117667
119803
121672
123517
127760
131403
140234
141207
145004
146720
150221
153848
158554
162585
162754
162971
172406
178829
179727
181491
182205
182377
184920
188478
188513
188982
190168
191857
192765
196083
200047
201250
204328
204400
214517
225006
232475
233174
234320
234901
237023
238365
239129
241017
244452
245887
247885
248962
260118
267956
268854
274391
275025
276372
276396
278593
279756
286890
294115
296832
297442
303213
307210
308467
310702
313130
315508
316303
323540
328019
330069
332928
337538
341866
345369
348211
349038
350143
357076
368561
373747
380054
387836
391139
392706
393703
397673
406069
411041
411452
417976
420269
421381
425001
428202
428345
435178
440809
442113
444398
444743
446438
447204
447321
449358
450011
450658
452331
456892
465158
468837
469298
470752
474850
476652
477001
478639
480562
490873
498022
509527
515778
517711
518300
518888
519362
519498
521885
522140
523480
524087
525815
526399
529037
532337
532387
535929
545984
548624
550227
556301
556676
560139
563379
564738
565979
566339
573223
574634
584282
584447
591159
599727
600505
602247
602649
605982
616924
617055
621645
633283
647845
678109
685675
697228
697448
715341
717413
719763
731154
735292
735711
748232
761107
762847
767197
772088
772456
776007
801016
807713
811849
815145
837831
847660
847693
866663
875023
878063
890216
890276
896144
896406
906338
919345
943941
945336
954307
956341
963615
970654
971363
985584
993844
996264
1001746
1007975
1012477
1013519
1014685
1025962
1034094
1035211
1036197
1042374
1045120
1054006
1057085
1066548
1072779
1075341
1082751
1093004
1096704
1102756
1115067
1119605
1121384
1151020
1162191
1172011
1172856
1179385
1183011
1185071
1211165
1211308
1214477
1220142
1238124
1241616
1242580
